9.004505e-02 9.004505e-02 1.146274e-01 -1 -1 0 3.304489e-02 4 -1.000000e+00 -1.000000e+00 1.532243e-01 5.480235e-03 4.580969e-01 7.919624e-04 -1.000000e+00 -1.000000e+00 -1.000000e+00 -1.000000e+00 -1.000000e+00 -1.000000e+00 -1.000000e+00 -1.000000e+00 -1.000000e+00 -1.000000e+00 -1.000000e+00 -1.000000e+00 -999007. -999007. 3.000000 0.000000 0.000000 0.000000 0.000000 0.000000 0.000000 1600.000000 0.000000 0.000000
5.000000e-01 5.000000e-01 7.479246e-01 -1 -1 0 6.629668e-01 4 -1.000000e+00 -1.000000e+00 8.482658e-01 4.760427e-01 9.630211e-01 3.265486e-01 -1.000000e+00 -1.000000e+00 -1.000000e+00 -1.000000e+00 -1.000000e+00 -1.000000e+00 -1.000000e+00 -1.000000e+00 -1.000000e+00 -1.000000e+00 -1.000000e+00 -1.000000e+00 -999007. -999007. 3.000000 0.000000 0.000000 0.000000 1.000000 0.000000 0.000000 2000.000000 600.000000 0.000000
2.347159e-12 2.347159e-12 1.679907e-11 -1 -1 0 5.445745e-09 5 -1.000000e+00 -1.000000e+00 7.994809e-07 2.621682e-11 6.478290e-05 1.047405e-13 -1.000000e+00 -1.000000e+00 -1.000000e+00 -1.000000e+00 -1.000000e+00 -1.000000e+00 -1.000000e+00 -1.000000e+00 -1.000000e+00 -1.000000e+00 -1.000000e+00 -1.000000e+00 -999007. -999007. 3.000000 0.000000 0.000000 0.000000 0.000000 0.000000 0.000000 1150.000000 450.000000 0.000000
6.357789e-05 6.357789e-05 6.534700e-04 -1 -1 0 1.125211e-02 5 -1.000000e+00 -1.000000e+00 7.419090e-02 1.286216e-03 3.033046e-01 1.267382e-04 -1.000000e+00 -1.000000e+00 -1.000000e+00 -1.000000e+00 -1.000000e+00 -1.000000e+00 -1.000000e+00 -1.000000e+00 -1.000000e+00 -1.000000e+00 -1.000000e+00 -1.000000e+00 -999007. -999007. 3.000000 0.000000 0.000000 0.000000 0.000000 0.000000 0.000000 1300.000000 700.000000 0.000000
5.000000e-01 5.000000e-01 6.780321e-01 -1 -1 0 5.251435e-01 4 -1.000000e+00 -1.000000e+00 7.633984e-01 3.213178e-01 9.350780e-01 1.846782e-01 -1.000000e+00 -1.000000e+00 -1.000000e+00 -1.000000e+00 -1.000000e+00 -1.000000e+00 -1.000000e+00 -1.000000e+00 -1.000000e+00 -1.000000e+00 -1.000000e+00 -1.000000e+00 -999007. -999007. 3.000000 0.000000 0.000000 0.000000 1.000000 0.000000 0.000000 1900.000000 100.000000 0.000000
9.658019e-15 9.658019e-15 6.551184e-14 -1 -1 0 3.907177e-11 5 -1.000000e+00 -1.000000e+00 1.219501e-08 8.803005e-14 2.084577e-06 1.640321e-16 -1.000000e+00 -1.000000e+00 -1.000000e+00 -1.000000e+00 -1.000000e+00 -1.000000e+00 -1.000000e+00 -1.000000e+00 -1.000000e+00 -1.000000e+00 -1.000000e+00 -1.000000e+00 -999007. -999007. 3.000000 0.000000 0.000000 0.000000 0.000000 0.000000 0.000000 1150.000000 50.000000 0.000000
2.046492e-06 2.046492e-06 4.091737e-06 -1 -1 0 4.085474e-06 2 -1.000000e+00 -1.000000e+00 1.840948e-04 6.488290e-08 4.673476e-03 8.620236e-10 -1.000000e+00 -1.000000e+00 -1.000000e+00 -1.000000e+00 -1.000000e+00 -1.000000e+00 -1.000000e+00 -1.000000e+00 -1.000000e+00 -1.000000e+00 -1.000000e+00 -1.000000e+00 -999007. -999007. 3.000000 0.000000 0.000000 0.000000 0.000000 0.000000 0.000000 700.000000 500.000000 0.000000
4.661215e-03 4.661215e-03 5.782094e-02 -1 -1 0 2.305089e-01 5 -1.000000e+00 -1.000000e+00 5.005228e-01 8.784596e-02 8.067742e-01 3.030351e-02 -1.000000e+00 -1.000000e+00 -1.000000e+00 -1.000000e+00 -1.000000e+00 -1.000000e+00 -1.000000e+00 -1.000000e+00 -1.000000e+00 -1.000000e+00 -1.000000e+00 -1.000000e+00 -999007. -999007. 3.000000 0.000000 0.000000 0.000000 0.000000 0.000000 0.000000 1050.000000 750.000000 0.000000
1.757177e-09 1.757177e-09 1.378629e-08 -1 -1 0 1.869162e-06 5 -1.000000e+00 -1.000000e+00 9.815766e-05 2.541905e-08 2.893890e-03 2.888082e-10 -1.000000e+00 -1.000000e+00 -1.000000e+00 -1.000000e+00 -1.000000e+00 -1.000000e+00 -1.000000e+00 -1.000000e+00 -1.000000e+00 -1.000000e+00 -1.000000e+00 -1.000000e+00 -999007. -999007. 3.000000 0.000000 0.000000 0.000000 0.000000 0.000000 0.000000 900.000000 500.000000 0.000000
2.022738e-01 2.022738e-01 2.550276e-01 -1 -1 0 9.875739e-02 4 -1.000000e+00 -1.000000e+00 3.061206e-01 2.529879e-02 6.513072e-01 5.743152e-03 -1.000000e+00 -1.000000e+00 -1.000000e+00 -1.000000e+00 -1.000000e+00 -1.000000e+00 -1.000000e+00 -1.000000e+00 -1.000000e+00 -1.000000e+00 -1.000000e+00 -1.000000e+00 -999007. -999007. 3.000000 0.000000 0.000000 0.000000 0.000000 0.000000 0.000000 1600.000000 600.000000 0.000000
5.000000e-01 5.000000e-01 7.445006e-01 -1 -1 0 6.568177e-01 4 -1.000000e+00 -1.000000e+00 8.448240e-01 4.684733e-01 9.619945e-01 3.189632e-01 -1.000000e+00 -1.000000e+00 -1.000000e+00 -1.000000e+00 -1.000000e+00 -1.000000e+00 -1.000000e+00 -1.000000e+00 -1.000000e+00 -1.000000e+00 -1.000000e+00 -1.000000e+00 -999007. -999007. 3.000000 0.000000 0.000000 0.000000 1.000000 0.000000 0.000000 1950.000000 850.000000 0.000000
3.383398e-01 3.383398e-01 6.758235e-01 -1 -1 0 6.755187e-01 2 -1.000000e+00 -1.000000e+00 8.552015e-01 4.916942e-01 9.650636e-01 3.424367e-01 -1.000000e+00 -1.000000e+00 -1.000000e+00 -1.000000e+00 -1.000000e+00 -1.000000e+00 -1.000000e+00 -1.000000e+00 -1.000000e+00 -1.000000e+00 -1.000000e+00 -1.000000e+00 -999007. -999007. 3.000000 0.000000 0.000000 0.000000 0.000000 0.000000 0.000000 1100.000000 900.000000 0.000000
4.503086e-01 4.503086e-01 5.601404e-01 -1 -1 0 3.267941e-01 4 -1.000000e+00 -1.000000e+00 6.034890e-01 1.501276e-01 8.656900e-01 6.322865e-02 -1.000000e+00 -1.000000e+00 -1.000000e+00 -1.000000e+00 -1.000000e+00 -1.000000e+00 -1.000000e+00 -1.000000e+00 -1.000000e+00 -1.000000e+00 -1.000000e+00 -1.000000e+00 -999007. -999007. 3.000000 0.000000 0.000000 0.000000 0.000000 0.000000 0.000000 1800.000000 0.000000 0.000000
9.511850e-08 9.511850e-08 8.228598e-07 -1 -1 0 6.037662e-05 5 -1.000000e+00 -1.000000e+00 1.545755e-03 1.703505e-06 2.266063e-02 4.043995e-08 -1.000000e+00 -1.000000e+00 -1.000000e+00 -1.000000e+00 -1.000000e+00 -1.000000e+00 -1.000000e+00 -1.000000e+00 -1.000000e+00 -1.000000e+00 -1.000000e+00 -1.000000e+00 -999007. -999007. 3.000000 0.000000 0.000000 0.000000 0.000000 0.000000 0.000000 1250.000000 550.000000 0.000000
2.440995e-01 2.440995e-01 4.882438e-01 -1 -1 0 4.882711e-01 2 -1.000000e+00 -1.000000e+00 7.375752e-01 2.850325e-01 9.254371e-01 1.556019e-01 -1.000000e+00 -1.000000e+00 -1.000000e+00 -1.000000e+00 -1.000000e+00 -1.000000e+00 -1.000000e+00 -1.000000e+00 -1.000000e+00 -1.000000e+00 -1.000000e+00 -1.000000e+00 -999007. -999007. 3.000000 0.000000 0.000000 0.000000 0.000000 0.000000 0.000000 1000.000000 800.000000 0.000000
8.523042e-09 8.523042e-09 1.701593e-08 -1 -1 0 1.682763e-08 2 -1.000000e+00 -1.000000e+00 2.052537e-06 9.765327e-11 1.385177e-04 4.707597e-13 -1.000000e+00 -1.000000e+00 -1.000000e+00 -1.000000e+00 -1.000000e+00 -1.000000e+00 -1.000000e+00 -1.000000e+00 -1.000000e+00 -1.000000e+00 -1.000000e+00 -1.000000e+00 -999007. -999007. 3.000000 0.000000 0.000000 0.000000 0.000000 0.000000 0.000000 625.000000 575.000000 0.000000
1.041559e-01 1.041559e-01 1.323920e-01 -1 -1 0 4.004107e-02 4 -1.000000e+00 -1.000000e+00 1.736459e-01 7.132468e-03 4.898814e-01 1.109769e-03 -1.000000e+00 -1.000000e+00 -1.000000e+00 -1.000000e+00 -1.000000e+00 -1.000000e+00 -1.000000e+00 -1.000000e+00 -1.000000e+00 -1.000000e+00 -1.000000e+00 -1.000000e+00 -999007. -999007. 3.000000 0.000000 0.000000 0.000000 0.000000 0.000000 0.000000 1600.000000 400.000000 0.000000
5.000000e-01 5.000000e-01 6.640880e-01 -1 -1 0 4.941754e-01 4 -1.000000e+00 -1.000000e+00 7.418113e-01 2.907025e-01 9.270568e-01 1.600345e-01 -1.000000e+00 -1.000000e+00 -1.000000e+00 -1.000000e+00 -1.000000e+00 -1.000000e+00 -1.000000e+00 -1.000000e+00 -1.000000e+00 -1.000000e+00 -1.000000e+00 -1.000000e+00 -999007. -999007. 3.000000 0.000000 0.000000 0.000000 1.000000 0.000000 0.000000 1800.000000 800.000000 0.000000
5.000000e-01 5.000000e-01 7.509747e-01 -1 -1 0 6.683972e-01 4 -1.000000e+00 -1.000000e+00 8.512811e-01 4.827810e-01 9.639134e-01 3.333552e-01 -1.000000e+00 -1.000000e+00 -1.000000e+00 -1.000000e+00 -1.000000e+00 -1.000000e+00 -1.000000e+00 -1.000000e+00 -1.000000e+00 -1.000000e+00 -1.000000e+00 -1.000000e+00 -999007. -999007. 3.000000 0.000000 0.000000 0.000000 1.000000 0.000000 0.000000 2000.000000 400.000000 0.000000
9.749698e-03 9.749698e-03 1.944827e-02 -1 -1 0 1.932828e-02 2 -1.000000e+00 -1.000000e+00 1.072840e-01 2.648470e-03 3.758024e-01 3.143774e-04 -1.000000e+00 -1.000000e+00 -1.000000e+00 -1.000000e+00 -1.000000e+00 -1.000000e+00 -1.000000e+00 -1.000000e+00 -1.000000e+00 -1.000000e+00 -1.000000e+00 -1.000000e+00 -999007. -999007. 3.000000 0.000000 0.000000 0.000000 0.000000 0.000000 0.000000 800.000000 600.000000 0.000000
1.423362e-02 1.423362e-02 1.914088e-01 -1 -1 0 4.552228e-01 5 -1.000000e+00 -1.000000e+00 7.131058e-01 2.542718e-01 9.157792e-01 1.322883e-01 -1.000000e+00 -1.000000e+00 -1.000000e+00 -1.000000e+00 -1.000000e+00 -1.000000e+00 -1.000000e+00 -1.000000e+00 -1.000000e+00 -1.000000e+00 -1.000000e+00 -1.000000e+00 -999007. -999007. 3.000000 0.000000 0.000000 0.000000 0.000000 0.000000 0.000000 1300.000000 900.000000 0.000000
5.808861e-08 5.808861e-08 1.160231e-07 -1 -1 0 1.151229e-07 2 -1.000000e+00 -1.000000e+00 1.010119e-05 9.315442e-10 4.927870e-04 6.274206e-12 -1.000000e+00 -1.000000e+00 -1.000000e+00 -1.000000e+00 -1.000000e+00 -1.000000e+00 -1.000000e+00 -1.000000e+00 -1.000000e+00 -1.000000e+00 -1.000000e+00 -1.000000e+00 -999007. -999007. 3.000000 0.000000 0.000000 0.000000 0.000000 0.000000 0.000000 650.000000 550.000000 0.000000
2.097606e-01 2.097606e-01 4.197327e-01 -1 -1 0 4.198849e-01 2 -1.000000e+00 -1.000000e+00 6.854134e-01 2.231928e-01 9.042104e-01 1.100304e-01 -1.000000e+00 -1.000000e+00 -1.000000e+00 -1.000000e+00 -1.000000e+00 -1.000000e+00 -1.000000e+00 -1.000000e+00 -1.000000e+00 -1.000000e+00 -1.000000e+00 -1.000000e+00 -999007. -999007. 3.000000 0.000000 0.000000 0.000000 0.000000 0.000000 0.000000 950.000000 850.000000 0.000000
5.000000e-01 5.000000e-01 7.541585e-01 -1 -1 0 6.740188e-01 4 -1.000000e+00 -1.000000e+00 8.543789e-01 4.898097e-01 9.648232e-01 3.405092e-01 -1.000000e+00 -1.000000e+00 -1.000000e+00 -1.000000e+00 -1.000000e+00 -1.000000e+00 -1.000000e+00 -1.000000e+00 -1.000000e+00 -1.000000e+00 -1.000000e+00 -1.000000e+00 -999007. -999007. 3.000000 0.000000 0.000000 0.000000 1.000000 0.000000 0.000000 2000.000000 200.000000 0.000000
5.534712e-02 5.534712e-02 7.079515e-02 -1 -1 0 1.762794e-02 4 -1.000000e+00 -1.000000e+00 1.008184e-01 2.340347e-03 3.626984e-01 2.689190e-04 -1.000000e+00 -1.000000e+00 -1.000000e+00 -1.000000e+00 -1.000000e+00 -1.000000e+00 -1.000000e+00 -1.000000e+00 -1.000000e+00 -1.000000e+00 -1.000000e+00 -1.000000e+00 -999007. -999007. 3.000000 0.000000 0.000000 0.000000 0.000000 0.000000 0.000000 1500.000000 500.000000 0.000000
2.879388e-01 2.879388e-01 3.611263e-01 -1 -1 0 1.640564e-01 4 -1.000000e+00 -1.000000e+00 4.132581e-01 5.287265e-02 7.455135e-01 1.527388e-02 -1.000000e+00 -1.000000e+00 -1.000000e+00 -1.000000e+00 -1.000000e+00 -1.000000e+00 -1.000000e+00 -1.000000e+00 -1.000000e+00 -1.000000e+00 -1.000000e+00 -1.000000e+00 -999007. -999007. 3.000000 0.000000 0.000000 0.000000 0.000000 0.000000 0.000000 1700.000000 500.000000 0.000000
5.230539e-02 5.230539e-02 1.046139e-01 -1 -1 0 1.046189e-01 2 -1.000000e+00 -1.000000e+00 3.169778e-01 2.747926e-02 6.620256e-01 6.403507e-03 -1.000000e+00 -1.000000e+00 -1.000000e+00 -1.000000e+00 -1.000000e+00 -1.000000e+00 -1.000000e+00 -1.000000e+00 -1.000000e+00 -1.000000e+00 -1.000000e+00 -1.000000e+00 -999007. -999007. 3.000000 0.000000 0.000000 0.000000 0.000000 0.000000 0.000000 825.000000 775.000000 0.000000
1.118780e-02 1.118780e-02 1.450058e-02 -1 -1 0 2.462890e-03 4 -1.000000e+00 -1.000000e+00 2.530125e-02 1.773844e-04 1.555456e-01 1.090046e-05 -1.000000e+00 -1.000000e+00 -1.000000e+00 -1.000000e+00 -1.000000e+00 -1.000000e+00 -1.000000e+00 -1.000000e+00 -1.000000e+00 -1.000000e+00 -1.000000e+00 -1.000000e+00 -999007. -999007. 3.000000 0.000000 0.000000 0.000000 0.000000 0.000000 0.000000 1500.000000 100.000000 0.000000
2.432917e-18 2.432917e-18 1.532120e-17 -1 -1 0 1.902563e-14 5 -1.000000e+00 -1.000000e+00 1.660336e-11 1.525764e-17 7.879212e-09 1.008564e-20 -1.000000e+00 -1.000000e+00 -1.000000e+00 -1.000000e+00 -1.000000e+00 -1.000000e+00 -1.000000e+00 -1.000000e+00 -1.000000e+00 -1.000000e+00 -1.000000e+00 -1.000000e+00 -999007. -999007. 3.000000 0.000000 0.000000 0.000000 0.000000 0.000000 0.000000 1100.000000 100.000000 0.000000
4.152456e-13 4.152456e-13 2.825548e-12 -1 -1 0 1.018587e-09 5 -1.000000e+00 -1.000000e+00 1.950642e-07 3.751796e-12 2.055521e-05 1.145302e-14 -1.000000e+00 -1.000000e+00 -1.000000e+00 -1.000000e+00 -1.000000e+00 -1.000000e+00 -1.000000e+00 -1.000000e+00 -1.000000e+00 -1.000000e+00 -1.000000e+00 -1.000000e+00 -999007. -999007. 3.000000 0.000000 0.000000 0.000000 0.000000 0.000000 0.000000 950.000000 450.000000 0.000000
3.804911e-09 3.804911e-09 3.098804e-08 -1 -1 0 3.917522e-06 5 -1.000000e+00 -1.000000e+00 1.780035e-04 6.169221e-08 4.555741e-03 8.126781e-10 -1.000000e+00 -1.000000e+00 -1.000000e+00 -1.000000e+00 -1.000000e+00 -1.000000e+00 -1.000000e+00 -1.000000e+00 -1.000000e+00 -1.000000e+00 -1.000000e+00 -1.000000e+00 -999007. -999007. 3.000000 0.000000 0.000000 0.000000 0.000000 0.000000 0.000000 1050.000000 550.000000 0.000000
1.230169e-15 1.230169e-15 7.996424e-15 -1 -1 0 5.367099e-12 5 -1.000000e+00 -1.000000e+00 2.219782e-09 9.111735e-15 5.016624e-07 1.278022e-17 -1.000000e+00 -1.000000e+00 -1.000000e+00 -1.000000e+00 -1.000000e+00 -1.000000e+00 -1.000000e+00 -1.000000e+00 -1.000000e+00 -1.000000e+00 -1.000000e+00 -1.000000e+00 -999007. -999007. 3.000000 0.000000 0.000000 0.000000 0.000000 0.000000 0.000000 1150.000000 250.000000 0.000000
6.412978e-03 6.412978e-03 8.182839e-02 -1 -1 0 2.835172e-01 5 -1.000000e+00 -1.000000e+00 5.599622e-01 1.204604e-01 8.423424e-01 4.666087e-02 -1.000000e+00 -1.000000e+00 -1.000000e+00 -1.000000e+00 -1.000000e+00 -1.000000e+00 -1.000000e+00 -1.000000e+00 -1.000000e+00 -1.000000e+00 -1.000000e+00 -1.000000e+00 -999007. -999007. 3.000000 0.000000 0.000000 0.000000 0.000000 0.000000 0.000000 1550.000000 850.000000 0.000000
3.975243e-01 3.975243e-01 4.956098e-01 -1 -1 0 2.674841e-01 4 -1.000000e+00 -1.000000e+00 5.427630e-01 1.101614e-01 8.325086e-01 4.127473e-02 -1.000000e+00 -1.000000e+00 -1.000000e+00 -1.000000e+00 -1.000000e+00 -1.000000e+00 -1.000000e+00 -1.000000e+00 -1.000000e+00 -1.000000e+00 -1.000000e+00 -1.000000e+00 -999007. -999007. 3.000000 0.000000 0.000000 0.000000 0.000000 0.000000 0.000000 1700.000000 700.000000 0.000000
2.238199e-02 2.238199e-02 4.576376e-02 -1 -1 0 4.776184e-02 5 -1.000000e+00 -1.000000e+00 1.945351e-01 9.099503e-03 5.200156e-01 1.517920e-03 -1.000000e+00 -1.000000e+00 -1.000000e+00 -1.000000e+00 -1.000000e+00 -1.000000e+00 -1.000000e+00 -1.000000e+00 -1.000000e+00 -1.000000e+00 -1.000000e+00 -1.000000e+00 -999007. -999007. 3.000000 0.000000 0.000000 0.000000 0.000000 0.000000 0.000000 200.000000 0.000000 0.000000
2.243381e-01 2.243381e-01 2.824184e-01 -1 -1 0 1.142857e-01 4 -1.000000e+00 -1.000000e+00 3.342512e-01 3.120722e-02 6.784777e-01 7.574060e-03 -1.000000e+00 -1.000000e+00 -1.000000e+00 -1.000000e+00 -1.000000e+00 -1.000000e+00 -1.000000e+00 -1.000000e+00 -1.000000e+00 -1.000000e+00 -1.000000e+00 -1.000000e+00 -999007. -999007. 3.000000 0.000000 0.000000 0.000000 0.000000 0.000000 0.000000 1550.000000 650.000000 0.000000
4.138943e-02 4.138943e-02 5.309422e-02 -1 -1 0 1.222961e-02 4 -1.000000e+00 -1.000000e+00 7.856990e-02 1.436568e-03 3.137599e-01 1.455658e-04 -1.000000e+00 -1.000000e+00 -1.000000e+00 -1.000000e+00 -1.000000e+00 -1.000000e+00 -1.000000e+00 -1.000000e+00 -1.000000e+00 -1.000000e+00 -1.000000e+00 -1.000000e+00 -999007. -999007. 3.000000 0.000000 0.000000 0.000000 0.000000 0.000000 0.000000 1550.000000 50.000000 0.000000
3.105409e-02 3.105409e-02 6.195718e-02 -1 -1 0 6.168166e-02 2 -1.000000e+00 -1.000000e+00 2.288470e-01 1.299429e-02 5.651365e-01 2.405970e-03 -1.000000e+00 -1.000000e+00 -1.000000e+00 -1.000000e+00 -1.000000e+00 -1.000000e+00 -1.000000e+00 -1.000000e+00 -1.000000e+00 -1.000000e+00 -1.000000e+00 -1.000000e+00 -999007. -999007. 2.000000 1.000000 0.000000 1.000000 0.000000 1.000000 4000.000000 812.000000 787.000000 0.000000
5.418293e-05 5.418293e-05 7.219167e-05 -1 -1 0 5.435082e-06 4 -1.000000e+00 -1.000000e+00 2.313389e-04 9.145419e-08 5.555124e-03 1.288021e-09 -1.000000e+00 -1.000000e+00 -1.000000e+00 -1.000000e+00 -1.000000e+00 -1.000000e+00 -1.000000e+00 -1.000000e+00 -1.000000e+00 -1.000000e+00 -1.000000e+00 -1.000000e+00 -999007. -999007. 3.000000 0.000000 0.000000 0.000000 0.000000 0.000000 0.000000 1300.000000 300.000000 0.000000
6.999840e-10 6.999840e-10 2.034728e-09 -1 -1 0 1.567902e-08 1 -1.000000e+00 -1.000000e+00 1.935091e-06 8.991350e-11 1.321176e-04 4.283026e-13 -1.000000e+00 -1.000000e+00 -1.000000e+00 -1.000000e+00 -1.000000e+00 -1.000000e+00 -1.000000e+00 -1.000000e+00 -1.000000e+00 -1.000000e+00 -1.000000e+00 -1.000000e+00 -999007. -999007. 3.000000 0.000000 0.000000 0.000000 0.000000 0.000000 0.000000 400.000000 0.000000 0.000000
1.521555e-03 1.521555e-03 1.778177e-02 -1 -1 0 1.107596e-01 5 -1.000000e+00 -1.000000e+00 3.280374e-01 2.982859e-02 6.726418e-01 7.135247e-03 -1.000000e+00 -1.000000e+00 -1.000000e+00 -1.000000e+00 -1.000000e+00 -1.000000e+00 -1.000000e+00 -1.000000e+00 -1.000000e+00 -1.000000e+00 -1.000000e+00 -1.000000e+00 -999007. -999007. 3.000000 0.000000 0.000000 0.000000 0.000000 0.000000 0.000000 1400.000000 800.000000 0.000000
4.779633e-04 4.779633e-04 6.314661e-04 -1 -1 0 6.345342e-05 4 -1.000000e+00 -1.000000e+00 1.606636e-03 1.810642e-06 2.330264e-02 4.347697e-08 -1.000000e+00 -1.000000e+00 -1.000000e+00 -1.000000e+00 -1.000000e+00 -1.000000e+00 -1.000000e+00 -1.000000e+00 -1.000000e+00 -1.000000e+00 -1.000000e+00 -1.000000e+00 -999007. -999007. 3.000000 0.000000 0.000000 0.000000 0.000000 0.000000 0.000000 1400.000000 200.000000 0.000000
3.571452e-01 3.571452e-01 4.462333e-01 -1 -1 0 2.266660e-01 4 -1.000000e+00 -1.000000e+00 4.959054e-01 8.564236e-02 8.038174e-01 2.927485e-02 -1.000000e+00 -1.000000e+00 -1.000000e+00 -1.000000e+00 -1.000000e+00 -1.000000e+00 -1.000000e+00 -1.000000e+00 -1.000000e+00 -1.000000e+00 -1.000000e+00 -1.000000e+00 -999007. -999007. 3.000000 0.000000 0.000000 0.000000 0.000000 0.000000 0.000000 1750.000000 250.000000 0.000000
5.000000e-01 5.000000e-01 6.309023e-01 -1 -1 0 4.149686e-01 4 -1.000000e+00 -1.000000e+00 6.814262e-01 2.190159e-01 9.024871e-01 1.071416e-01 -1.000000e+00 -1.000000e+00 -1.000000e+00 -1.000000e+00 -1.000000e+00 -1.000000e+00 -1.000000e+00 -1.000000e+00 -1.000000e+00 -1.000000e+00 -1.000000e+00 -1.000000e+00 -999007. -999007. 3.000000 0.000000 0.000000 0.000000 1.000000 0.000000 0.000000 1850.000000 350.000000 0.000000
4.855316e-04 4.855316e-04 9.707600e-04 -1 -1 0 9.697098e-04 2 -1.000000e+00 -1.000000e+00 1.277435e-02 5.402863e-05 9.919951e-02 2.556687e-06 -1.000000e+00 -1.000000e+00 -1.000000e+00 -1.000000e+00 -1.000000e+00 -1.000000e+00 -1.000000e+00 -1.000000e+00 -1.000000e+00 -1.000000e+00 -1.000000e+00 -1.000000e+00 -999007. -999007. 3.000000 0.000000 0.000000 0.000000 0.000000 0.000000 0.000000 712.000000 687.000000 0.000000
1.615412e-02 1.615412e-02 2.088315e-02 -1 -1 0 3.838247e-03 4 -1.000000e+00 -1.000000e+00 3.482711e-02 3.144138e-04 1.907620e-01 2.203159e-05 -1.000000e+00 -1.000000e+00 -1.000000e+00 -1.000000e+00 -1.000000e+00 -1.000000e+00 -1.000000e+00 -1.000000e+00 -1.000000e+00 -1.000000e+00 -1.000000e+00 -1.000000e+00 -999007. -999007. 3.000000 0.000000 0.000000 0.000000 0.000000 0.000000 0.000000 1500.000000 300.000000 0.000000
7.949748e-03 7.949748e-03 1.029097e-01 -1 -1 0 3.234478e-01 5 -1.000000e+00 -1.000000e+00 6.002623e-01 1.477366e-01 8.640318e-01 6.183781e-02 -1.000000e+00 -1.000000e+00 -1.000000e+00 -1.000000e+00 -1.000000e+00 -1.000000e+00 -1.000000e+00 -1.000000e+00 -1.000000e+00 -1.000000e+00 -1.000000e+00 -1.000000e+00 -999007. -999007. 3.000000 0.000000 0.000000 0.000000 0.000000 0.000000 0.000000 1500.000000 900.000000 0.000000
1.842443e-02 1.842443e-02 2.532204e-01 -1 -1 0 5.274531e-01 5 -1.000000e+00 -1.000000e+00 7.649672e-01 3.236604e-01 9.356459e-01 1.866125e-01 -1.000000e+00 -1.000000e+00 -1.000000e+00 -1.000000e+00 -1.000000e+00 -1.000000e+00 -1.000000e+00 -1.000000e+00 -1.000000e+00 -1.000000e+00 -1.000000e+00 -1.000000e+00 -999007. -999007. 3.000000 0.000000 0.000000 0.000000 0.000000 0.000000 0.000000 1700.000000 900.000000 0.000000
7.932718e-28 7.932718e-28 2.218291e-27 -1 -1 0 8.104461e-26 1 -1.000000e+00 -1.000000e+00 1.177300e-21 3.877296e-30 9.210072e-18 1.521057e-34 -1.000000e+00 -1.000000e+00 -1.000000e+00 -1.000000e+00 -1.000000e+00 -1.000000e+00 -1.000000e+00 -1.000000e+00 -1.000000e+00 -1.000000e+00 -1.000000e+00 -1.000000e+00 -999007. -999007. 3.000000 0.000000 0.000000 0.000000 0.000000 0.000000 0.000000 412.000000 387.000000 0.000000
5.000000e-01 5.000000e-01 7.237645e-01 -1 -1 0 6.183352e-01 4 -1.000000e+00 -1.000000e+00 8.226021e-01 4.225463e-01 9.551540e-01 2.743320e-01 -1.000000e+00 -1.000000e+00 -1.000000e+00 -1.000000e+00 -1.000000e+00 -1.000000e+00 -1.000000e+00 -1.000000e+00 -1.000000e+00 -1.000000e+00 -1.000000e+00 -1.000000e+00 -999007. -999007. 3.000000 0.000000 0.000000 0.000000 1.000000 0.000000 0.000000 1950.000000 50.000000 0.000000
5.674361e-03 5.674361e-03 7.392815e-03 -1 -1 0 1.104036e-03 4 -1.000000e+00 -1.000000e+00 1.406182e-02 6.368571e-05 1.057768e-01 3.121937e-06 -1.000000e+00 -1.000000e+00 -1.000000e+00 -1.000000e+00 -1.000000e+00 -1.000000e+00 -1.000000e+00 -1.000000e+00 -1.000000e+00 -1.000000e+00 -1.000000e+00 -1.000000e+00 -999007. -999007. 3.000000 0.000000 0.000000 0.000000 0.000000 0.000000 0.000000 1450.000000 350.000000 0.000000
3.633375e-01 3.633375e-01 4.538000e-01 -1 -1 0 2.326670e-01 4 -1.000000e+00 -1.000000e+00 5.030959e-01 8.909304e-02 8.084092e-01 3.089017e-02 -1.000000e+00 -1.000000e+00 -1.000000e+00 -1.000000e+00 -1.000000e+00 -1.000000e+00 -1.000000e+00 -1.000000e+00 -1.000000e+00 -1.000000e+00 -1.000000e+00 -1.000000e+00 -999007. -999007. 3.000000 0.000000 0.000000 0.000000 0.000000 0.000000 0.000000 1750.000000 450.000000 0.000000
3.511692e-01 3.511692e-01 4.389395e-01 -1 -1 0 2.209786e-01 4 -1.000000e+00 -1.000000e+00 4.889861e-01 8.242134e-02 7.993311e-01 2.778980e-02 -1.000000e+00 -1.000000e+00 -1.000000e+00 -1.000000e+00 -1.000000e+00 -1.000000e+00 -1.000000e+00 -1.000000e+00 -1.000000e+00 -1.000000e+00 -1.000000e+00 -1.000000e+00 -999007. -999007. 3.000000 0.000000 0.000000 0.000000 0.000000 0.000000 0.000000 1750.000000 50.000000 0.000000
2.896402e-03 2.896402e-03 3.787307e-03 -1 -1 0 4.995439e-04 4 -1.000000e+00 -1.000000e+00 7.785992e-03 2.341360e-05 7.091654e-02 9.295034e-07 -1.000000e+00 -1.000000e+00 -1.000000e+00 -1.000000e+00 -1.000000e+00 -1.000000e+00 -1.000000e+00 -1.000000e+00 -1.000000e+00 -1.000000e+00 -1.000000e+00 -1.000000e+00 -999007. -999007. 3.000000 0.000000 0.000000 0.000000 0.000000 0.000000 0.000000 1450.000000 150.000000 0.000000
4.063947e-05 4.063947e-05 5.426287e-05 -1 -1 0 3.993005e-06 4 -1.000000e+00 -1.000000e+00 1.807477e-04 6.312275e-08 4.608909e-03 8.347489e-10 -1.000000e+00 -1.000000e+00 -1.000000e+00 -1.000000e+00 -1.000000e+00 -1.000000e+00 -1.000000e+00 -1.000000e+00 -1.000000e+00 -1.000000e+00 -1.000000e+00 -1.000000e+00 -999007. -999007. 3.000000 0.000000 0.000000 0.000000 0.000000 0.000000 0.000000 1350.000000 50.000000 0.000000
5.000000e-01 5.000000e-01 7.386385e-01 -1 -1 0 6.461577e-01 4 -1.000000e+00 -1.000000e+00 8.387876e-01 4.555028e-01 9.601727e-01 3.061154e-01 -1.000000e+00 -1.000000e+00 -1.000000e+00 -1.000000e+00 -1.000000e+00 -1.000000e+00 -1.000000e+00 -1.000000e+00 -1.000000e+00 -1.000000e+00 -1.000000e+00 -1.000000e+00 -999007. -999007. 3.000000 0.000000 0.000000 0.000000 1.000000 0.000000 0.000000 1900.000000 900.000000 0.000000
5.000000e-01 5.000000e-01 7.154240e-01 -1 -1 0 6.022274e-01 4 -1.000000e+00 -1.000000e+00 8.129361e-01 4.040510e-01 9.520627e-01 2.570432e-01 -1.000000e+00 -1.000000e+00 -1.000000e+00 -1.000000e+00 -1.000000e+00 -1.000000e+00 -1.000000e+00 -1.000000e+00 -1.000000e+00 -1.000000e+00 -1.000000e+00 -1.000000e+00 -999007. -999007. 3.000000 0.000000 0.000000 0.000000 1.000000 0.000000 0.000000 1950.000000 250.000000 0.000000
6.346725e-10 6.346725e-10 4.620411e-09 -1 -1 0 6.391863e-07 5 -1.000000e+00 -1.000000e+00 4.113066e-05 7.076109e-09 1.479688e-03 6.534477e-11 -1.000000e+00 -1.000000e+00 -1.000000e+00 -1.000000e+00 -1.000000e+00 -1.000000e+00 -1.000000e+00 -1.000000e+00 -1.000000e+00 -1.000000e+00 -1.000000e+00 -1.000000e+00 -999007. -999007. 3.000000 0.000000 0.000000 0.000000 0.000000 0.000000 0.000000 750.000000 450.000000 0.000000
1.227817e-26 1.227817e-26 6.594632e-26 -1 -1 0 2.335219e-22 5 -1.000000e+00 -1.000000e+00 1.567495e-18 2.421081e-26 5.676618e-15 2.060424e-30 -1.000000e+00 -1.000000e+00 -1.000000e+00 -1.000000e+00 -1.000000e+00 -1.000000e+00 -1.000000e+00 -1.000000e+00 -1.000000e+00 -1.000000e+00 -1.000000e+00 -1.000000e+00 -999007. -999007. 3.000000 0.000000 0.000000 0.000000 0.000000 0.000000 0.000000 1000.000000 0.000000 0.000000
1.846239e-01 1.846239e-01 3.689787e-01 -1 -1 0 3.687608e-01 2 -1.000000e+00 -1.000000e+00 6.421925e-01 1.814978e-01 8.847234e-01 8.232858e-02 -1.000000e+00 -1.000000e+00 -1.000000e+00 -1.000000e+00 -1.000000e+00 -1.000000e+00 -1.000000e+00 -1.000000e+00 -1.000000e+00 -1.000000e+00 -1.000000e+00 -1.000000e+00 -999007. -999007. 3.000000 0.000000 0.000000 0.000000 0.000000 0.000000 0.000000 925.000000 875.000000 0.000000
9.187878e-04 9.187878e-04 1.049621e-02 -1 -1 0 7.854183e-02 5 -1.000000e+00 -1.000000e+00 2.660781e-01 1.826012e-02 6.089958e-01 3.746147e-03 -1.000000e+00 -1.000000e+00 -1.000000e+00 -1.000000e+00 -1.000000e+00 -1.000000e+00 -1.000000e+00 -1.000000e+00 -1.000000e+00 -1.000000e+00 -1.000000e+00 -1.000000e+00 -999007. -999007. 3.000000 0.000000 0.000000 0.000000 0.000000 0.000000 0.000000 1450.000000 750.000000 0.000000
2.369339e-01 2.369339e-01 2.980067e-01 -1 -1 0 1.234840e-01 4 -1.000000e+00 -1.000000e+00 3.500235e-01 3.490371e-02 6.928928e-01 8.783509e-03 -1.000000e+00 -1.000000e+00 -1.000000e+00 -1.000000e+00 -1.000000e+00 -1.000000e+00 -1.000000e+00 -1.000000e+00 -1.000000e+00 -1.000000e+00 -1.000000e+00 -1.000000e+00 -999007. -999007. 3.000000 0.000000 0.000000 0.000000 0.000000 0.000000 0.000000 1650.000000 550.000000 0.000000
5.000000e-01 5.000000e-01 6.599172e-01 -1 -1 0 4.846583e-01 4 -1.000000e+00 -1.000000e+00 7.349634e-01 2.815892e-01 9.244308e-01 1.529304e-01 -1.000000e+00 -1.000000e+00 -1.000000e+00 -1.000000e+00 -1.000000e+00 -1.000000e+00 -1.000000e+00 -1.000000e+00 -1.000000e+00 -1.000000e+00 -1.000000e+00 -1.000000e+00 -999007. -999007. 3.000000 0.000000 0.000000 0.000000 1.000000 0.000000 0.000000 1750.000000 850.000000 0.000000
1.900131e-03 1.900131e-03 2.115261e-02 -1 -1 0 1.205480e-01 5 -1.000000e+00 -1.000000e+00 3.450555e-01 3.370824e-02 6.884125e-01 8.387238e-03 -1.000000e+00 -1.000000e+00 -1.000000e+00 -1.000000e+00 -1.000000e+00 -1.000000e+00 -1.000000e+00 -1.000000e+00 -1.000000e+00 -1.000000e+00 -1.000000e+00 -1.000000e+00 -999007. -999007. 3.000000 0.000000 0.000000 0.000000 0.000000 0.000000 0.000000 900.000000 700.000000 0.000000
2.694285e-07 2.694285e-07 2.379965e-06 -1 -1 0 1.433674e-04 5 -1.000000e+00 -1.000000e+00 3.015527e-03 4.943576e-06 3.658251e-02 1.437729e-07 -1.000000e+00 -1.000000e+00 -1.000000e+00 -1.000000e+00 -1.000000e+00 -1.000000e+00 -1.000000e+00 -1.000000e+00 -1.000000e+00 -1.000000e+00 -1.000000e+00 -1.000000e+00 -999007. -999007. 3.000000 0.000000 0.000000 0.000000 0.000000 0.000000 0.000000 1200.000000 600.000000 0.000000
1.045890e-12 1.045890e-12 3.557962e-12 -1 -1 0 8.793214e-11 1 -1.000000e+00 -1.000000e+00 2.438295e-08 2.231487e-13 3.706763e-06 4.685721e-16 -1.000000e+00 -1.000000e+00 -1.000000e+00 -1.000000e+00 -1.000000e+00 -1.000000e+00 -1.000000e+00 -1.000000e+00 -1.000000e+00 -1.000000e+00 -1.000000e+00 -1.000000e+00 -999007. -999007. 3.000000 0.000000 0.000000 0.000000 0.000000 0.000000 0.000000 612.000000 587.000000 0.000000
3.776683e-04 3.776683e-04 4.996108e-04 -1 -1 0 4.867125e-05 4 -1.000000e+00 -1.000000e+00 1.306979e-03 1.308057e-06 2.006425e-02 2.956204e-08 -1.000000e+00 -1.000000e+00 -1.000000e+00 -1.000000e+00 -1.000000e+00 -1.000000e+00 -1.000000e+00 -1.000000e+00 -1.000000e+00 -1.000000e+00 -1.000000e+00 -1.000000e+00 -999007. -999007. 3.000000 0.000000 0.000000 0.000000 0.000000 0.000000 0.000000 1400.000000 0.000000 0.000000
5.000000e-01 5.000000e-01 7.107673e-01 -1 -1 0 5.930697e-01 4 -1.000000e+00 -1.000000e+00 8.073404e-01 3.937248e-01 9.502404e-01 2.475641e-01 -1.000000e+00 -1.000000e+00 -1.000000e+00 -1.000000e+00 -1.000000e+00 -1.000000e+00 -1.000000e+00 -1.000000e+00 -1.000000e+00 -1.000000e+00 -1.000000e+00 -1.000000e+00 -999007. -999007. 3.000000 0.000000 0.000000 0.000000 1.000000 0.000000 0.000000 1950.000000 450.000000 0.000000
5.832656e-02 5.832656e-02 1.165247e-01 -1 -1 0 1.163316e-01 2 -1.000000e+00 -1.000000e+00 3.378129e-01 3.201697e-02 6.817823e-01 7.834953e-03 -1.000000e+00 -1.000000e+00 -1.000000e+00 -1.000000e+00 -1.000000e+00 -1.000000e+00 -1.000000e+00 -1.000000e+00 -1.000000e+00 -1.000000e+00 -1.000000e+00 -1.000000e+00 -999007. -999007. 3.000000 0.000000 0.000000 0.000000 0.000000 0.000000 0.000000 850.000000 750.000000 0.000000
1.275877e-03 1.275877e-03 1.478780e-02 -1 -1 0 9.830933e-02 5 -1.000000e+00 -1.000000e+00 3.052780e-01 2.513464e-02 6.504627e-01 5.694196e-03 -1.000000e+00 -1.000000e+00 -1.000000e+00 -1.000000e+00 -1.000000e+00 -1.000000e+00 -1.000000e+00 -1.000000e+00 -1.000000e+00 -1.000000e+00 -1.000000e+00 -1.000000e+00 -999007. -999007. 3.000000 0.000000 0.000000 0.000000 0.000000 0.000000 0.000000 1500.000000 700.000000 0.000000
1.089240e-36 1.089240e-36 3.154186e-36 -1 -1 0 3.124348e-34 1 -1.000000e+00 -1.000000e+00 2.434646e-29 2.780451e-39 1.018847e-24 2.025578e-44 -1.000000e+00 -1.000000e+00 -1.000000e+00 -1.000000e+00 -1.000000e+00 -1.000000e+00 -1.000000e+00 -1.000000e+00 -1.000000e+00 -1.000000e+00 -1.000000e+00 -1.000000e+00 -999007. -999007. 3.000000 0.000000 0.000000 0.000000 0.000000 0.000000 0.000000 600.000000 0.000000 0.000000
5.373081e-03 5.373081e-03 6.995842e-03 -1 -1 0 1.026171e-03 4 -1.000000e+00 -1.000000e+00 1.332127e-02 5.804465e-05 1.020230e-01 2.789236e-06 -1.000000e+00 -1.000000e+00 -1.000000e+00 -1.000000e+00 -1.000000e+00 -1.000000e+00 -1.000000e+00 -1.000000e+00 -1.000000e+00 -1.000000e+00 -1.000000e+00 -1.000000e+00 -999007. -999007. 3.000000 0.000000 0.000000 0.000000 0.000000 0.000000 0.000000 1350.000000 450.000000 0.000000
3.305804e-04 3.305804e-04 3.580433e-03 -1 -1 0 3.764919e-02 5 -1.000000e+00 -1.000000e+00 1.668413e-01 6.553148e-03 4.795642e-01 9.955383e-04 -1.000000e+00 -1.000000e+00 -1.000000e+00 -1.000000e+00 -1.000000e+00 -1.000000e+00 -1.000000e+00 -1.000000e+00 -1.000000e+00 -1.000000e+00 -1.000000e+00 -1.000000e+00 -999007. -999007. 3.000000 0.000000 0.000000 0.000000 0.000000 0.000000 0.000000 1250.000000 750.000000 0.000000
3.453434e-41 3.453434e-41 1.079382e-40 -1 -1 0 3.370514e-38 1 -1.000000e+00 -1.000000e+00 5.384614e-33 1.462088e-43 4.615660e-28 5.189082e-49 -1.000000e+00 -1.000000e+00 -1.000000e+00 -1.000000e+00 -1.000000e+00 -1.000000e+00 -1.000000e+00 -1.000000e+00 -1.000000e+00 -1.000000e+00 -1.000000e+00 -1.000000e+00 -999007. -999007. 3.000000 0.000000 0.000000 0.000000 0.000000 0.000000 0.000000 800.000000 0.000000 0.000000
8.829674e-02 8.829674e-02 1.124375e-01 -1 -1 0 3.223177e-02 4 -1.000000e+00 -1.000000e+00 1.507419e-01 5.296730e-03 4.540577e-01 7.582488e-04 -1.000000e+00 -1.000000e+00 -1.000000e+00 -1.000000e+00 -1.000000e+00 -1.000000e+00 -1.000000e+00 -1.000000e+00 -1.000000e+00 -1.000000e+00 -1.000000e+00 -1.000000e+00 -999007. -999007. 3.000000 0.000000 0.000000 0.000000 0.000000 0.000000 0.000000 1600.000000 200.000000 0.000000
2.517389e-01 2.517389e-01 3.163912e-01 -1 -1 0 1.348527e-01 4 -1.000000e+00 -1.000000e+00 3.687151e-01 3.966876e-02 7.092735e-01 1.040964e-02 -1.000000e+00 -1.000000e+00 -1.000000e+00 -1.000000e+00 -1.000000e+00 -1.000000e+00 -1.000000e+00 -1.000000e+00 -1.000000e+00 -1.000000e+00 -1.000000e+00 -1.000000e+00 -999007. -999007. 3.000000 0.000000 0.000000 0.000000 0.000000 0.000000 0.000000 1700.000000 100.000000 0.000000
2.916803e-14 2.916803e-14 5.840674e-14 -1 -1 0 5.901598e-14 2 -1.000000e+00 -1.000000e+00 4.458780e-11 5.469831e-17 1.833364e-08 4.180430e-20 -1.000000e+00 -1.000000e+00 -1.000000e+00 -1.000000e+00 -1.000000e+00 -1.000000e+00 -1.000000e+00 -1.000000e+00 -1.000000e+00 -1.000000e+00 -1.000000e+00 -1.000000e+00 -999007. -999007. 3.000000 0.000000 0.000000 0.000000 0.000000 0.000000 0.000000 425.000000 375.000000 0.000000
4.414840e-01 4.414840e-01 5.494141e-01 -1 -1 0 3.165402e-01 4 -1.000000e+00 -1.000000e+00 5.935313e-01 1.428523e-01 8.605363e-01 5.902625e-02 -1.000000e+00 -1.000000e+00 -1.000000e+00 -1.000000e+00 -1.000000e+00 -1.000000e+00 -1.000000e+00 -1.000000e+00 -1.000000e+00 -1.000000e+00 -1.000000e+00 -1.000000e+00 -999007. -999007. 3.000000 0.000000 0.000000 0.000000 0.000000 0.000000 0.000000 1800.000000 200.000000 0.000000
3.698942e-03 3.698942e-03 4.552076e-02 -1 -1 0 1.999392e-01 5 -1.000000e+00 -1.000000e+00 4.624469e-01 7.092611e-02 7.814851e-01 2.267554e-02 -1.000000e+00 -1.000000e+00 -1.000000e+00 -1.000000e+00 -1.000000e+00 -1.000000e+00 -1.000000e+00 -1.000000e+00 -1.000000e+00 -1.000000e+00 -1.000000e+00 -1.000000e+00 -999007. -999007. 3.000000 0.000000 0.000000 0.000000 0.000000 0.000000 0.000000 1350.000000 850.000000 0.000000
3.488906e-06 3.488906e-06 3.242325e-05 -1 -1 0 1.133929e-03 5 -1.000000e+00 -1.000000e+00 1.434217e-02 6.588194e-05 1.071779e-01 3.253291e-06 -1.000000e+00 -1.000000e+00 -1.000000e+00 -1.000000e+00 -1.000000e+00 -1.000000e+00 -1.000000e+00 -1.000000e+00 -1.000000e+00 -1.000000e+00 -1.000000e+00 -1.000000e+00 -999007. -999007. 3.000000 0.000000 0.000000 0.000000 0.000000 0.000000 0.000000 1000.000000 600.000000 0.000000
1.172481e-05 1.172481e-05 1.115389e-04 -1 -1 0 2.917372e-03 5 -1.000000e+00 -1.000000e+00 2.859670e-02 2.205791e-04 1.682832e-01 1.424319e-05 -1.000000e+00 -1.000000e+00 -1.000000e+00 -1.000000e+00 -1.000000e+00 -1.000000e+00 -1.000000e+00 -1.000000e+00 -1.000000e+00 -1.000000e+00 -1.000000e+00 -1.000000e+00 -999007. -999007. 3.000000 0.000000 0.000000 0.000000 0.000000 0.000000 0.000000 1150.000000 650.000000 0.000000
2.891525e-12 2.891525e-12 2.110298e-11 -1 -1 0 6.993242e-09 5 -1.000000e+00 -1.000000e+00 9.858048e-07 3.507351e-11 7.674062e-05 1.460107e-13 -1.000000e+00 -1.000000e+00 -1.000000e+00 -1.000000e+00 -1.000000e+00 -1.000000e+00 -1.000000e+00 -1.000000e+00 -1.000000e+00 -1.000000e+00 -1.000000e+00 -1.000000e+00 -999007. -999007. 3.000000 0.000000 0.000000 0.000000 0.000000 0.000000 0.000000 1200.000000 200.000000 0.000000
1.542971e-01 1.542971e-01 1.952086e-01 -1 -1 0 6.784086e-02 4 -1.000000e+00 -1.000000e+00 2.429258e-01 1.485109e-02 5.822899e-01 2.861726e-03 -1.000000e+00 -1.000000e+00 -1.000000e+00 -1.000000e+00 -1.000000e+00 -1.000000e+00 -1.000000e+00 -1.000000e+00 -1.000000e+00 -1.000000e+00 -1.000000e+00 -1.000000e+00 -999007. -999007. 3.000000 0.000000 0.000000 0.000000 0.000000 0.000000 0.000000 1650.000000 150.000000 0.000000
2.417137e-11 2.417137e-11 1.817556e-10 -1 -1 0 4.666360e-08 5 -1.000000e+00 -1.000000e+00 4.790117e-06 3.222610e-10 2.727271e-04 1.850647e-12 -1.000000e+00 -1.000000e+00 -1.000000e+00 -1.000000e+00 -1.000000e+00 -1.000000e+00 -1.000000e+00 -1.000000e+00 -1.000000e+00 -1.000000e+00 -1.000000e+00 -1.000000e+00 -999007. -999007. 3.000000 0.000000 0.000000 0.000000 0.000000 0.000000 0.000000 1200.000000 400.000000 0.000000
7.533057e-03 7.533057e-03 9.707009e-02 -1 -1 0 3.127762e-01 5 -1.000000e+00 -1.000000e+00 5.898230e-01 1.402200e-01 8.585892e-01 5.752765e-02 -1.000000e+00 -1.000000e+00 -1.000000e+00 -1.000000e+00 -1.000000e+00 -1.000000e+00 -1.000000e+00 -1.000000e+00 -1.000000e+00 -1.000000e+00 -1.000000e+00 -1.000000e+00 -999007. -999007. 3.000000 0.000000 0.000000 0.000000 0.000000 0.000000 0.000000 1600.000000 800.000000 0.000000
4.571820e-07 4.571820e-07 6.197763e-07 -1 -1 0 2.933444e-08 4 -1.000000e+00 -1.000000e+00 3.259102e-06 1.870437e-10 2.005998e-04 9.912653e-13 -1.000000e+00 -1.000000e+00 -1.000000e+00 -1.000000e+00 -1.000000e+00 -1.000000e+00 -1.000000e+00 -1.000000e+00 -1.000000e+00 -1.000000e+00 -1.000000e+00 -1.000000e+00 -999007. -999007. 3.000000 0.000000 0.000000 0.000000 0.000000 0.000000 0.000000 1250.000000 150.000000 0.000000
5.000000e-01 5.000000e-01 6.283782e-01 -1 -1 0 4.086017e-01 4 -1.000000e+00 -1.000000e+00 6.762116e-01 2.136599e-01 9.002109e-01 1.034737e-01 -1.000000e+00 -1.000000e+00 -1.000000e+00 -1.000000e+00 -1.000000e+00 -1.000000e+00 -1.000000e+00 -1.000000e+00 -1.000000e+00 -1.000000e+00 -1.000000e+00 -1.000000e+00 -999007. -999007. 3.000000 0.000000 0.000000 0.000000 1.000000 0.000000 0.000000 1850.000000 150.000000 0.000000
5.000000e-01 5.000000e-01 6.874606e-01 -1 -1 0 5.453712e-01 4 -1.000000e+00 -1.000000e+00 7.769529e-01 3.421175e-01 9.399190e-01 2.020908e-01 -1.000000e+00 -1.000000e+00 -1.000000e+00 -1.000000e+00 -1.000000e+00 -1.000000e+00 -1.000000e+00 -1.000000e+00 -1.000000e+00 -1.000000e+00 -1.000000e+00 -1.000000e+00 -999007. -999007. 3.000000 0.000000 0.000000 0.000000 1.000000 0.000000 0.000000 1900.000000 700.000000 0.000000
7.639016e-06 7.639016e-06 1.025835e-05 -1 -1 0 6.279053e-07 4 -1.000000e+00 -1.000000e+00 4.053871e-05 6.927985e-09 1.463134e-03 6.376148e-11 -1.000000e+00 -1.000000e+00 -1.000000e+00 -1.000000e+00 -1.000000e+00 -1.000000e+00 -1.000000e+00 -1.000000e+00 -1.000000e+00 -1.000000e+00 -1.000000e+00 -1.000000e+00 -999007. -999007. 3.000000 0.000000 0.000000 0.000000 0.000000 0.000000 0.000000 1300.000000 100.000000 0.000000
4.264737e-18 4.264737e-18 2.656700e-17 -1 -1 0 2.962641e-14 5 -1.000000e+00 -1.000000e+00 2.444417e-11 2.513518e-17 1.097078e-08 1.758004e-20 -1.000000e+00 -1.000000e+00 -1.000000e+00 -1.000000e+00 -1.000000e+00 -1.000000e+00 -1.000000e+00 -1.000000e+00 -1.000000e+00 -1.000000e+00 -1.000000e+00 -1.000000e+00 -999007. -999007. 3.000000 0.000000 0.000000 0.000000 0.000000 0.000000 0.000000 1100.000000 300.000000 0.000000
1.455969e-02 1.455969e-02 1.962990e-01 -1 -1 0 4.614545e-01 5 -1.000000e+00 -1.000000e+00 7.178213e-01 2.599460e-01 9.176809e-01 1.364944e-01 -1.000000e+00 -1.000000e+00 -1.000000e+00 -1.000000e+00 -1.000000e+00 -1.000000e+00 -1.000000e+00 -1.000000e+00 -1.000000e+00 -1.000000e+00 -1.000000e+00 -1.000000e+00 -999007. -999007. 3.000000 0.000000 0.000000 0.000000 0.000000 0.000000 0.000000 1150.000000 850.000000 0.000000
4.777467e-06 4.777467e-06 4.137109e-05 -1 -1 0 1.241762e-03 5 -1.000000e+00 -1.000000e+00 1.533652e-02 7.393950e-05 1.120648e-01 3.743455e-06 -1.000000e+00 -1.000000e+00 -1.000000e+00 -1.000000e+00 -1.000000e+00 -1.000000e+00 -1.000000e+00 -1.000000e+00 -1.000000e+00 -1.000000e+00 -1.000000e+00 -1.000000e+00 -999007. -999007. 3.000000 0.000000 0.000000 0.000000 0.000000 0.000000 0.000000 850.000000 550.000000 0.000000
6.904360e-02 6.904360e-02 8.811563e-02 -1 -1 0 2.337718e-02 4 -1.000000e+00 -1.000000e+00 1.218757e-01 3.422883e-03 4.038397e-01 4.350076e-04 -1.000000e+00 -1.000000e+00 -1.000000e+00 -1.000000e+00 -1.000000e+00 -1.000000e+00 -1.000000e+00 -1.000000e+00 -1.000000e+00 -1.000000e+00 -1.000000e+00 -1.000000e+00 -999007. -999007. 3.000000 0.000000 0.000000 0.000000 0.000000 0.000000 0.000000 1450.000000 550.000000 0.000000
5.000000e-01 5.000000e-01 6.592652e-01 -1 -1 0 4.831598e-01 4 -1.000000e+00 -1.000000e+00 7.338757e-01 2.801669e-01 9.240100e-01 1.518313e-01 -1.000000e+00 -1.000000e+00 -1.000000e+00 -1.000000e+00 -1.000000e+00 -1.000000e+00 -1.000000e+00 -1.000000e+00 -1.000000e+00 -1.000000e+00 -1.000000e+00 -1.000000e+00 -999007. -999007. 3.000000 0.000000 0.000000 0.000000 1.000000 0.000000 0.000000 1850.000000 750.000000 0.000000
3.522633e-03 3.522633e-03 4.310144e-02 -1 -1 0 1.932033e-01 5 -1.000000e+00 -1.000000e+00 4.536141e-01 6.738676e-02 7.753121e-01 2.116155e-02 -1.000000e+00 -1.000000e+00 -1.000000e+00 -1.000000e+00 -1.000000e+00 -1.000000e+00 -1.000000e+00 -1.000000e+00 -1.000000e+00 -1.000000e+00 -1.000000e+00 -1.000000e+00 -999007. -999007. 3.000000 0.000000 0.000000 0.000000 0.000000 0.000000 0.000000 1200.000000 800.000000 0.000000
1.998052e-01 1.998052e-01 3.997009e-01 -1 -1 0 3.997693e-01 2 -1.000000e+00 -1.000000e+00 6.688797e-01 2.063287e-01 8.969673e-01 9.851987e-02 -1.000000e+00 -1.000000e+00 -1.000000e+00 -1.000000e+00 -1.000000e+00 -1.000000e+00 -1.000000e+00 -1.000000e+00 -1.000000e+00 -1.000000e+00 -1.000000e+00 -1.000000e+00 -999007. -999007. 3.000000 0.000000 0.000000 0.000000 0.000000 0.000000 0.000000 912.000000 887.000000 0.000000
5.000000e-01 5.000000e-01 7.642766e-01 -1 -1 0 6.915732e-01 4 -1.000000e+00 -1.000000e+00 8.639009e-01 5.121088e-01 9.675760e-01 3.635697e-01 -1.000000e+00 -1.000000e+00 -1.000000e+00 -1.000000e+00 -1.000000e+00 -1.000000e+00 -1.000000e+00 -1.000000e+00 -1.000000e+00 -1.000000e+00 -1.000000e+00 -1.000000e+00 -999007. -999007. 3.000000 0.000000 0.000000 0.000000 1.000000 0.000000 0.000000 2000.000000 0.000000 0.000000
7.103722e-02 7.103722e-02 9.065572e-02 -1 -1 0 2.429093e-02 4 -1.000000e+00 -1.000000e+00 1.250315e-01 3.605179e-03 4.096483e-01 4.646145e-04 -1.000000e+00 -1.000000e+00 -1.000000e+00 -1.000000e+00 -1.000000e+00 -1.000000e+00 -1.000000e+00 -1.000000e+00 -1.000000e+00 -1.000000e+00 -1.000000e+00 -1.000000e+00 -999007. -999007. 3.000000 0.000000 0.000000 0.000000 0.000000 0.000000 0.000000 1550.000000 450.000000 0.000000
3.231609e-04 3.231609e-04 3.495742e-03 -1 -1 0 3.702045e-02 5 -1.000000e+00 -1.000000e+00 1.650235e-01 6.403316e-03 4.767631e-01 9.664717e-04 -1.000000e+00 -1.000000e+00 -1.000000e+00 -1.000000e+00 -1.000000e+00 -1.000000e+00 -1.000000e+00 -1.000000e+00 -1.000000e+00 -1.000000e+00 -1.000000e+00 -1.000000e+00 -999007. -999007. 3.000000 0.000000 0.000000 0.000000 0.000000 0.000000 0.000000 1100.000000 700.000000 0.000000
4.690580e-04 4.690580e-04 9.365688e-04 -1 -1 0 9.312033e-04 2 -1.000000e+00 -1.000000e+00 1.239621e-02 5.132690e-05 9.722052e-02 2.402370e-06 -1.000000e+00 -1.000000e+00 -1.000000e+00 -1.000000e+00 -1.000000e+00 -1.000000e+00 -1.000000e+00 -1.000000e+00 -1.000000e+00 -1.000000e+00 -1.000000e+00 -1.000000e+00 -999007. -999007. 3.000000 0.000000 0.000000 0.000000 0.000000 0.000000 0.000000 750.000000 650.000000 0.000000
1.927913e-08 1.927913e-08 2.644126e-08 -1 -1 0 1.011934e-09 4 -1.000000e+00 -1.000000e+00 1.939875e-07 3.723472e-12 2.046234e-05 1.135485e-14 -1.000000e+00 -1.000000e+00 -1.000000e+00 -1.000000e+00 -1.000000e+00 -1.000000e+00 -1.000000e+00 -1.000000e+00 -1.000000e+00 -1.000000e+00 -1.000000e+00 -1.000000e+00 -999007. -999007. 3.000000 0.000000 0.000000 0.000000 0.000000 0.000000 0.000000 1200.000000 0.000000 0.000000
4.161581e-01 4.161581e-01 5.185024e-01 -1 -1 0 2.879031e-01 4 -1.000000e+00 -1.000000e+00 5.645600e-01 1.233429e-01 8.449112e-01 4.820316e-02 -1.000000e+00 -1.000000e+00 -1.000000e+00 -1.000000e+00 -1.000000e+00 -1.000000e+00 -1.000000e+00 -1.000000e+00 -1.000000e+00 -1.000000e+00 -1.000000e+00 -1.000000e+00 -999007. -999007. 3.000000 0.000000 0.000000 0.000000 0.000000 0.000000 0.000000 1650.000000 750.000000 0.000000
3.569824e-02 3.569824e-02 4.584510e-02 -1 -1 0 1.015053e-02 4 -1.000000e+00 -1.000000e+00 6.909291e-02 1.122196e-03 2.907296e-01 1.068550e-04 -1.000000e+00 -1.000000e+00 -1.000000e+00 -1.000000e+00 -1.000000e+00 -1.000000e+00 -1.000000e+00 -1.000000e+00 -1.000000e+00 -1.000000e+00 -1.000000e+00 -1.000000e+00 -999007. -999007. 3.000000 0.000000 0.000000 0.000000 0.000000 0.000000 0.000000 1550.000000 250.000000 0.000000
1.210501e-04 1.210501e-04 1.607902e-04 -1 -1 0 1.337090e-05 4 -1.000000e+00 -1.000000e+00 4.734568e-04 2.712070e-07 9.503884e-03 4.612310e-09 -1.000000e+00 -1.000000e+00 -1.000000e+00 -1.000000e+00 -1.000000e+00 -1.000000e+00 -1.000000e+00 -1.000000e+00 -1.000000e+00 -1.000000e+00 -1.000000e+00 -1.000000e+00 -999007. -999007. 3.000000 0.000000 0.000000 0.000000 0.000000 0.000000 0.000000 1350.000000 250.000000 0.000000
1.471948e-04 1.471948e-04 1.546839e-03 -1 -1 0 2.085798e-02 5 -1.000000e+00 -1.000000e+00 1.129213e-01 2.934487e-03 3.868746e-01 3.579153e-04 -1.000000e+00 -1.000000e+00 -1.000000e+00 -1.000000e+00 -1.000000e+00 -1.000000e+00 -1.000000e+00 -1.000000e+00 -1.000000e+00 -1.000000e+00 -1.000000e+00 -1.000000e+00 -999007. -999007. 3.000000 0.000000 0.000000 0.000000 0.000000 0.000000 0.000000 950.000000 650.000000 0.000000
5.000000e-01 5.000000e-01 7.114743e-01 -1 -1 0 5.944678e-01 4 -1.000000e+00 -1.000000e+00 8.081995e-01 3.952925e-01 9.505217e-01 2.489952e-01 -1.000000e+00 -1.000000e+00 -1.000000e+00 -1.000000e+00 -1.000000e+00 -1.000000e+00 -1.000000e+00 -1.000000e+00 -1.000000e+00 -1.000000e+00 -1.000000e+00 -1.000000e+00 -999007. -999007. 3.000000 0.000000 0.000000 0.000000 1.000000 0.000000 0.000000 1950.000000 650.000000 0.000000
5.091636e-03 5.091636e-03 6.635225e-03 -1 -1 0 9.677513e-04 4 -1.000000e+00 -1.000000e+00 1.275522e-02 5.389048e-05 9.909993e-02 2.548754e-06 -1.000000e+00 -1.000000e+00 -1.000000e+00 -1.000000e+00 -1.000000e+00 -1.000000e+00 -1.000000e+00 -1.000000e+00 -1.000000e+00 -1.000000e+00 -1.000000e+00 -1.000000e+00 -999007. -999007. 3.000000 0.000000 0.000000 0.000000 0.000000 0.000000 0.000000 1400.000000 400.000000 0.000000
5.000000e-01 5.000000e-01 6.717242e-01 -1 -1 0 5.112939e-01 4 -1.000000e+00 -1.000000e+00 7.538727e-01 3.074433e-01 9.315862e-01 1.733628e-01 -1.000000e+00 -1.000000e+00 -1.000000e+00 -1.000000e+00 -1.000000e+00 -1.000000e+00 -1.000000e+00 -1.000000e+00 -1.000000e+00 -1.000000e+00 -1.000000e+00 -1.000000e+00 -999007. -999007. 3.000000 0.000000 0.000000 0.000000 1.000000 0.000000 0.000000 1900.000000 500.000000 0.000000
7.432714e-10 7.432714e-10 5.853969e-09 -1 -1 0 9.343681e-07 5 -1.000000e+00 -1.000000e+00 5.600150e-05 1.111496e-08 1.879133e-03 1.103520e-10 -1.000000e+00 -1.000000e+00 -1.000000e+00 -1.000000e+00 -1.000000e+00 -1.000000e+00 -1.000000e+00 -1.000000e+00 -1.000000e+00 -1.000000e+00 -1.000000e+00 -1.000000e+00 -999007. -999007. 3.000000 0.000000 0.000000 0.000000 0.000000 0.000000 0.000000 1250.000000 350.000000 0.000000
1.582825e-03 1.582825e-03 3.164824e-03 -1 -1 0 3.162298e-03 2 -1.000000e+00 -1.000000e+00 3.030687e-02 2.447488e-04 1.746474e-01 1.618493e-05 -1.000000e+00 -1.000000e+00 -1.000000e+00 -1.000000e+00 -1.000000e+00 -1.000000e+00 -1.000000e+00 -1.000000e+00 -1.000000e+00 -1.000000e+00 -1.000000e+00 -1.000000e+00 -999007. -999007. 3.000000 0.000000 0.000000 0.000000 0.000000 0.000000 0.000000 725.000000 675.000000 0.000000
2.478654e-01 2.478654e-01 3.116583e-01 -1 -1 0 1.320126e-01 4 -1.000000e+00 -1.000000e+00 3.641239e-01 3.845830e-02 7.053179e-01 9.989657e-03 -1.000000e+00 -1.000000e+00 -1.000000e+00 -1.000000e+00 -1.000000e+00 -1.000000e+00 -1.000000e+00 -1.000000e+00 -1.000000e+00 -1.000000e+00 -1.000000e+00 -1.000000e+00 -999007. -999007. 3.000000 0.000000 0.000000 0.000000 0.000000 0.000000 0.000000 1700.000000 300.000000 0.000000
2.762570e-11 2.762570e-11 2.019830e-10 -1 -1 0 4.731527e-08 5 -1.000000e+00 -1.000000e+00 4.845470e-06 3.275470e-10 2.752328e-04 1.885553e-12 -1.000000e+00 -1.000000e+00 -1.000000e+00 -1.000000e+00 -1.000000e+00 -1.000000e+00 -1.000000e+00 -1.000000e+00 -1.000000e+00 -1.000000e+00 -1.000000e+00 -1.000000e+00 -999007. -999007. 3.000000 0.000000 0.000000 0.000000 0.000000 0.000000 0.000000 1100.000000 500.000000 0.000000
5.000000e-01 5.000000e-01 6.332688e-01 -1 -1 0 4.208917e-01 4 -1.000000e+00 -1.000000e+00 6.862257e-01 2.240525e-01 9.045597e-01 1.106281e-01 -1.000000e+00 -1.000000e+00 -1.000000e+00 -1.000000e+00 -1.000000e+00 -1.000000e+00 -1.000000e+00 -1.000000e+00 -1.000000e+00 -1.000000e+00 -1.000000e+00 -1.000000e+00 -999007. -999007. 3.000000 0.000000 0.000000 0.000000 1.000000 0.000000 0.000000 1850.000000 550.000000 0.000000
1.654239e-01 1.654239e-01 2.090701e-01 -1 -1 0 7.456564e-02 4 -1.000000e+00 -1.000000e+00 2.576545e-01 1.696689e-02 5.994847e-01 3.403724e-03 -1.000000e+00 -1.000000e+00 -1.000000e+00 -1.000000e+00 -1.000000e+00 -1.000000e+00 -1.000000e+00 -1.000000e+00 -1.000000e+00 -1.000000e+00 -1.000000e+00 -1.000000e+00 -999007. -999007. 3.000000 0.000000 0.000000 0.000000 0.000000 0.000000 0.000000 1650.000000 350.000000 0.000000
4.755384e-01 4.755384e-01 5.902783e-01 -1 -1 0 3.558960e-01 4 -1.000000e+00 -1.000000e+00 6.306611e-01 1.716088e-01 8.792145e-01 7.614001e-02 -1.000000e+00 -1.000000e+00 -1.000000e+00 -1.000000e+00 -1.000000e+00 -1.000000e+00 -1.000000e+00 -1.000000e+00 -1.000000e+00 -1.000000e+00 -1.000000e+00 -1.000000e+00 -999007. -999007. 3.000000 0.000000 0.000000 0.000000 0.000000 0.000000 0.000000 1800.000000 600.000000 0.000000
5.477093e-12 5.477093e-12 1.092991e-11 -1 -1 0 1.074468e-11 2 -1.000000e+00 -1.000000e+00 4.032342e-09 2.011312e-14 8.275193e-07 3.111666e-17 -1.000000e+00 -1.000000e+00 -1.000000e+00 -1.000000e+00 -1.000000e+00 -1.000000e+00 -1.000000e+00 -1.000000e+00 -1.000000e+00 -1.000000e+00 -1.000000e+00 -1.000000e+00 -999007. -999007. 3.000000 0.000000 0.000000 0.000000 0.000000 0.000000 0.000000 550.000000 450.000000 0.000000
4.899474e-05 4.899474e-05 4.971152e-04 -1 -1 0 9.168515e-03 5 -1.000000e+00 -1.000000e+00 6.438416e-02 9.810755e-04 2.786954e-01 9.034432e-05 -1.000000e+00 -1.000000e+00 -1.000000e+00 -1.000000e+00 -1.000000e+00 -1.000000e+00 -1.000000e+00 -1.000000e+00 -1.000000e+00 -1.000000e+00 -1.000000e+00 -1.000000e+00 -999007. -999007. 3.000000 0.000000 0.000000 0.000000 0.000000 0.000000 0.000000 1350.000000 650.000000 0.000000
4.377093e-01 4.377093e-01 5.448071e-01 -1 -1 0 3.121683e-01 4 -1.000000e+00 -1.000000e+00 5.892213e-01 1.397967e-01 8.582718e-01 5.728779e-02 -1.000000e+00 -1.000000e+00 -1.000000e+00 -1.000000e+00 -1.000000e+00 -1.000000e+00 -1.000000e+00 -1.000000e+00 -1.000000e+00 -1.000000e+00 -1.000000e+00 -1.000000e+00 -999007. -999007. 3.000000 0.000000 0.000000 0.000000 0.000000 0.000000 0.000000 1800.000000 400.000000 0.000000
5.000000e-01 5.000000e-01 6.713042e-01 -1 -1 0 5.103624e-01 4 -1.000000e+00 -1.000000e+00 7.532247e-01 3.065208e-01 9.313459e-01 1.726191e-01 -1.000000e+00 -1.000000e+00 -1.000000e+00 -1.000000e+00 -1.000000e+00 -1.000000e+00 -1.000000e+00 -1.000000e+00 -1.000000e+00 -1.000000e+00 -1.000000e+00 -1.000000e+00 -999007. -999007. 3.000000 0.000000 0.000000 0.000000 1.000000 0.000000 0.000000 1900.000000 300.000000 0.000000
8.701737e-05 8.701737e-05 9.012505e-04 -1 -1 0 1.418486e-02 5 -1.000000e+00 -1.000000e+00 8.697348e-02 1.750081e-03 3.330133e-01 1.864986e-04 -1.000000e+00 -1.000000e+00 -1.000000e+00 -1.000000e+00 -1.000000e+00 -1.000000e+00 -1.000000e+00 -1.000000e+00 -1.000000e+00 -1.000000e+00 -1.000000e+00 -1.000000e+00 -999007. -999007. 3.000000 0.000000 0.000000 0.000000 0.000000 0.000000 0.000000 1400.000000 600.000000 0.000000
4.171132e-01 4.171132e-01 5.197161e-01 -1 -1 0 2.890749e-01 4 -1.000000e+00 -1.000000e+00 5.657809e-01 1.241178e-01 8.455892e-01 4.862032e-02 -1.000000e+00 -1.000000e+00 -1.000000e+00 -1.000000e+00 -1.000000e+00 -1.000000e+00 -1.000000e+00 -1.000000e+00 -1.000000e+00 -1.000000e+00 -1.000000e+00 -1.000000e+00 -999007. -999007. 3.000000 0.000000 0.000000 0.000000 0.000000 0.000000 0.000000 1750.000000 650.000000 0.000000
5.000000e-01 5.000000e-01 7.675093e-01 -1 -1 0 6.970841e-01 4 -1.000000e+00 -1.000000e+00 8.668436e-01 5.192196e-01 9.684134e-01 3.710389e-01 -1.000000e+00 -1.000000e+00 -1.000000e+00 -1.000000e+00 -1.000000e+00 -1.000000e+00 -1.000000e+00 -1.000000e+00 -1.000000e+00 -1.000000e+00 -1.000000e+00 -1.000000e+00 -999007. -999007. 3.000000 0.000000 0.000000 0.000000 1.000000 0.000000 0.000000 2000.000000 800.000000 0.000000
