5.000000e-01 5.000000e-01 7.589366e-01 -1 -1 0 6.823668e-01 4 -1.000000e+00 -1.000000e+00 8.589355e-01 5.003476e-01 9.661487e-01 3.513381e-01 -1.000000e+00 -1.000000e+00 -1.000000e+00 -1.000000e+00 -1.000000e+00 12.6250797469 0.0 9.15274826896 13.9179982535 20.791098875 6.20440968419 4.45942015652 1.59087509383 -999007. 3.000000 0.000000 0.000000 0.000000 1.000000 0.000000 0.000000 1025.000000 1905.000000 145.000000 0.000000
8.811753e-02 8.811753e-02 5.336736e-01 -1 -1 0 7.048453e-01 6 -1.000000e+00 -1.000000e+00 8.709509e-01 5.293242e-01 9.695718e-01 3.817486e-01 -1.000000e+00 -1.000000e+00 -1.000000e+00 -1.000000e+00 -1.000000e+00 47.0321269157 0.0 66.7029360006 101.185970772 152.70285683 45.395030314 32.8672910784 10.9896594658 -999007. 3.000000 0.000000 0.000000 0.000000 0.000000 0.000000 0.000000 1265.000000 1545.000000 985.000000 0.000000
1.100984e-50 1.100984e-50 2.948492e-50 -1 -1 0 2.645432e-48 1 -1.000000e+00 -1.000000e+00 2.250699e-42 2.152179e-54 1.025878e-36 1.431085e-60 -1.000000e+00 -1.000000e+00 -1.000000e+00 -1.000000e+00 -1.000000e+00 17140.1745646 0.0 20604.9944304 30420.7586912 42547.3069102 14339.1525956 10483.0205719 345495.941162 -999007. 3.000000 0.000000 0.000000 0.000000 0.000000 0.000000 0.000000 306.000000 317.000000 295.000000 0.000000
5.364332e-02 5.364332e-02 3.166108e-01 -1 -1 0 5.130546e-01 6 -1.000000e+00 -1.000000e+00 7.550951e-01 3.091907e-01 9.320384e-01 1.747746e-01 -1.000000e+00 -1.000000e+00 -1.000000e+00 -1.000000e+00 -1.000000e+00 294.471574831 0.0 416.563368044 637.728072363 985.498028442 284.468913014 205.629494447 121.75501883 -999007. 3.000000 0.000000 0.000000 0.000000 0.000000 0.000000 0.000000 945.000000 1145.000000 745.000000 0.000000
5.000000e-01 5.000000e-01 7.291983e-01 -1 -1 0 6.286309e-01 4 -1.000000e+00 -1.000000e+00 8.286655e-01 4.345917e-01 9.570571e-01 2.858045e-01 -1.000000e+00 -1.000000e+00 -1.000000e+00 -1.000000e+00 -1.000000e+00 13.0107032134 0.0 9.44292334786 14.3556192334 21.420295493 6.39835478717 4.60163177594 1.95805286057 -999007. 3.000000 0.000000 0.000000 0.000000 1.000000 0.000000 0.000000 945.000000 1865.000000 25.000000 0.000000
2.357170e-03 2.357170e-03 1.205910e-02 -1 -1 0 4.906680e-02 6 -1.000000e+00 -1.000000e+00 1.979206e-01 9.446074e-03 5.246966e-01 1.592849e-03 -1.000000e+00 -1.000000e+00 -1.000000e+00 -1.000000e+00 -1.000000e+00 460.28766211 0.0 650.020197938 984.630811804 1473.42402956 442.035688994 320.310445181 652.317464352 -999007. 3.000000 0.000000 0.000000 0.000000 0.000000 0.000000 0.000000 705.000000 905.000000 505.000000 0.000000
4.810584e-05 4.810584e-05 2.246374e-04 -1 -1 0 1.884573e-03 6 -1.000000e+00 -1.000000e+00 2.082646e-02 1.258607e-04 1.370832e-01 7.161606e-06 -1.000000e+00 -1.000000e+00 -1.000000e+00 -1.000000e+00 -1.000000e+00 80.3833702516 0.0 113.993945361 172.938364657 262.173044152 77.6673418067 56.246774707 207.025408745 -999007. 3.000000 0.000000 0.000000 0.000000 0.000000 0.000000 0.000000 785.000000 1065.000000 505.000000 0.000000
3.992788e-01 3.992788e-01 7.982195e-01 -1 -1 0 7.981476e-01 2 -1.000000e+00 -1.000000e+00 9.171494e-01 6.593176e-01 9.817783e-01 5.293727e-01 -1.000000e+00 -1.000000e+00 -1.000000e+00 -1.000000e+00 -1.000000e+00 2040.18339236 0.0 2040.99599892 2774.11441898 3666.80323595 1502.28749334 1134.3706657 272.778302431 -999007. 3.000000 0.000000 0.000000 0.000000 0.000000 0.000000 0.000000 945.000000 1025.000000 865.000000 0.000000
1.032538e-01 1.032538e-01 6.281990e-01 -1 -1 0 7.744561e-01 6 -1.000000e+00 -1.000000e+00 9.059497e-01 6.247849e-01 9.789564e-01 4.883937e-01 -1.000000e+00 -1.000000e+00 -1.000000e+00 -1.000000e+00 -1.000000e+00 544.477307344 0.0 771.215750809 1197.16104444 1885.06038794 521.334263865 374.751198162 94.2072346807 -999007. 3.000000 0.000000 0.000000 0.000000 0.000000 0.000000 0.000000 1025.000000 1185.000000 865.000000 0.000000
6.967357e-03 6.967357e-03 1.388779e-02 -1 -1 0 1.377120e-02 2 -1.000000e+00 -1.000000e+00 8.523201e-02 1.682382e-03 3.291060e-01 1.774789e-04 -1.000000e+00 -1.000000e+00 -1.000000e+00 -1.000000e+00 -1.000000e+00 2460.69546159 0.0 2460.51024114 3339.64590233 4407.1795559 1813.08141729 1372.08547946 3031.43119812 -999007. 3.000000 0.000000 0.000000 0.000000 0.000000 0.000000 0.000000 706.000000 717.000000 695.000000 0.000000
9.880612e-05 9.880612e-05 1.975151e-04 -1 -1 0 1.971304e-04 2 -1.000000e+00 -1.000000e+00 3.848454e-03 7.335816e-06 4.346328e-02 2.304721e-07 -1.000000e+00 -1.000000e+00 -1.000000e+00 -1.000000e+00 -1.000000e+00 5704.11916326 0.0 5703.62055548 7860.46991824 10550.6555183 4153.65637531 3127.80848694 10745.8572388 -999007. 2.000000 1.000000 0.000000 1.000000 0.000000 1.000000 4000.000000 545.000000 585.000000 505.000000 0.000000
4.962216e-02 4.962216e-02 2.923702e-01 -1 -1 0 4.881397e-01 6 -1.000000e+00 -1.000000e+00 7.374804e-01 2.849069e-01 9.254007e-01 1.555042e-01 -1.000000e+00 -1.000000e+00 -1.000000e+00 -1.000000e+00 -1.000000e+00 31.1663022602 0.0 43.9340349357 66.2086945295 98.2637911322 29.9053009632 21.705691496 13.7518271804 -999007. 3.000000 0.000000 0.000000 0.000000 0.000000 0.000000 0.000000 1185.000000 1505.000000 865.000000 0.000000
5.000000e-01 5.000000e-01 6.589764e-01 -1 -1 0 4.824951e-01 4 -1.000000e+00 -1.000000e+00 7.333923e-01 2.795370e-01 9.238227e-01 1.513455e-01 -1.000000e+00 -1.000000e+00 -1.000000e+00 -1.000000e+00 -1.000000e+00 13.3105156192 0.0 9.66995577256 14.6942285153 21.900172311 6.54049114297 4.70857934188 2.98482878134 -999007. 3.000000 0.000000 0.000000 0.000000 1.000000 0.000000 0.000000 1025.000000 1785.000000 265.000000 0.000000
1.085244e-03 1.085244e-03 5.518580e-03 -1 -1 0 2.695170e-02 6 -1.000000e+00 -1.000000e+00 1.339697e-01 4.150982e-03 4.256527e-01 5.557701e-04 -1.000000e+00 -1.000000e+00 -1.000000e+00 -1.000000e+00 -1.000000e+00 35.0642619482 0.0 49.3106266213 74.0680667326 109.305795504 33.7177914665 24.4260540164 57.0971406996 -999007. 3.000000 0.000000 0.000000 0.000000 0.000000 0.000000 0.000000 945.000000 1265.000000 625.000000 0.000000
2.211250e-01 2.211250e-01 2.783799e-01 -1 -1 0 1.118504e-01 4 -1.000000e+00 -1.000000e+00 3.299700e-01 3.025276e-02 6.744666e-01 7.269532e-03 -1.000000e+00 -1.000000e+00 -1.000000e+00 -1.000000e+00 -1.000000e+00 15.6332478429 0.0 11.3402451308 17.2153670548 25.620810974 7.68207905732 5.52894639015 8.78901407123 -999007. 3.000000 0.000000 0.000000 0.000000 0.000000 0.000000 0.000000 865.000000 1585.000000 145.000000 0.000000
5.326852e-15 5.326852e-15 3.566882e-14 -1 -1 0 2.202300e-11 5 -1.000000e+00 -1.000000e+00 7.464446e-09 4.567127e-14 1.384628e-06 7.830721e-17 -1.000000e+00 -1.000000e+00 -1.000000e+00 -1.000000e+00 -1.000000e+00 19.6843052926 0.0 32.1607175442 47.1269298501 67.6262265881 22.4163131671 16.4780226256 158.450752497 -999007. 3.000000 0.000000 0.000000 0.000000 0.000000 0.000000 0.000000 625.000000 1105.000000 145.000000 0.000000
1.929674e-01 1.929674e-01 6.191886e-01 -1 -1 0 7.070493e-01 7 -1.000000e+00 -1.000000e+00 8.721094e-01 5.322129e-01 9.698964e-01 3.848309e-01 -1.000000e+00 -1.000000e+00 -1.000000e+00 -1.000000e+00 -1.000000e+00 12.9089943768 0.0 15.4715766599 23.7616493034 35.96528568 10.4279716159 7.46453855373 2.41293222643 -999007. 3.000000 0.000000 0.000000 0.000000 0.000000 0.000000 0.000000 1345.000000 1825.000000 865.000000 0.000000
1.188097e-01 1.188097e-01 3.770693e-01 -1 -1 0 4.842542e-01 7 -1.000000e+00 -1.000000e+00 7.346703e-01 2.812054e-01 9.243175e-01 1.526335e-01 -1.000000e+00 -1.000000e+00 -1.000000e+00 -1.000000e+00 -1.000000e+00 10.1456420042 0.0 12.1554947009 18.5976949313 27.9831008568 8.1984758164 5.88018006811 3.69592057541 -999007. 3.000000 0.000000 0.000000 0.000000 0.000000 0.000000 0.000000 1185.000000 1745.000000 625.000000 0.000000
7.612756e-07 7.612756e-07 1.998443e-06 -1 -1 0 6.630259e-06 1 -1.000000e+00 -1.000000e+00 2.711262e-04 1.161943e-07 6.261113e-03 1.704981e-09 -1.000000e+00 -1.000000e+00 -1.000000e+00 -1.000000e+00 -1.000000e+00 116980.899437 0.0 138542.693464 250499.852032 390117.261684 86240.416594 59300.3739711 1561089.11133 -999007. 3.000000 0.000000 0.000000 0.000000 0.000000 0.000000 0.000000 226.000000 237.000000 215.000000 0.000000
4.004866e-01 4.004866e-01 8.005878e-01 -1 -1 0 8.005069e-01 2 -1.000000e+00 -1.000000e+00 9.182460e-01 6.628148e-01 9.820499e-01 5.335931e-01 -1.000000e+00 -1.000000e+00 -1.000000e+00 -1.000000e+00 -1.000000e+00 1552.57421731 0.0 1552.44896694 2107.24952799 2780.62244273 1144.1484872 865.976519459 207.025408745 -999007. 3.000000 0.000000 0.000000 0.000000 0.000000 0.000000 0.000000 1025.000000 1065.000000 985.000000 0.000000
2.539608e-02 2.539608e-02 7.795492e-02 -1 -1 0 1.331919e-01 7 -1.000000e+00 -1.000000e+00 3.660365e-01 3.895932e-02 7.069710e-01 1.016294e-02 -1.000000e+00 -1.000000e+00 -1.000000e+00 -1.000000e+00 -1.000000e+00 12.712969946 0.0 15.2298107671 23.2748239481 34.9622828313 10.2774515058 7.37571104944 10.9896594658 -999007. 3.000000 0.000000 0.000000 0.000000 0.000000 0.000000 0.000000 1025.000000 1545.000000 505.000000 0.000000
2.929798e-01 2.929798e-01 5.859263e-01 -1 -1 0 5.859106e-01 2 -1.000000e+00 -1.000000e+00 8.029141e-01 3.857468e-01 9.487819e-01 2.403266e-01 -1.000000e+00 -1.000000e+00 -1.000000e+00 -1.000000e+00 -1.000000e+00 1528.06473346 0.0 1527.98452216 2073.98683951 2723.52377762 1125.56353649 852.276098809 443.15636158 -999007. 3.000000 0.000000 0.000000 0.000000 0.000000 0.000000 0.000000 946.000000 957.000000 935.000000 0.000000
3.520765e-06 3.520765e-06 1.582382e-05 -1 -1 0 1.925122e-04 6 -1.000000e+00 -1.000000e+00 3.779375e-03 7.123096e-06 4.291260e-02 2.224956e-07 -1.000000e+00 -1.000000e+00 -1.000000e+00 -1.000000e+00 -1.000000e+00 14.1209359894 0.0 19.8115215921 29.6451330408 43.5195632239 13.6387396371 9.83665561198 44.6358248591 -999007. 3.000000 0.000000 0.000000 0.000000 0.000000 0.000000 0.000000 785.000000 1305.000000 265.000000 0.000000
2.134519e-01 2.134519e-01 6.876507e-01 -1 -1 0 7.643257e-01 7 -1.000000e+00 -1.000000e+00 9.010541e-01 6.103413e-01 9.776956e-01 4.716292e-01 -1.000000e+00 -1.000000e+00 -1.000000e+00 -1.000000e+00 -1.000000e+00 8.76210403247 0.0 10.4979180053 16.0891565923 24.2620542867 7.0783640506 5.07160829198 1.29779416602 -999007. 3.000000 0.000000 0.000000 0.000000 0.000000 0.000000 0.000000 1345.000000 1945.000000 745.000000 0.000000
1.714235e-07 1.714235e-07 4.697323e-07 -1 -1 0 2.004799e-06 7 -1.000000e+00 -1.000000e+00 1.038651e-04 2.764001e-08 3.021885e-03 3.184134e-10 -1.000000e+00 -1.000000e+00 -1.000000e+00 -1.000000e+00 -1.000000e+00 17.829469645 0.0 21.357314129 32.6455333781 49.0940868663 14.4161498751 10.3466928284 73.2255205512 -999007. 3.000000 0.000000 0.000000 0.000000 0.000000 0.000000 0.000000 625.000000 1225.000000 25.000000 0.000000
3.788346e-02 3.788346e-02 2.207666e-01 -1 -1 0 4.077097e-01 6 -1.000000e+00 -1.000000e+00 6.754763e-01 2.129143e-01 8.998879e-01 1.029663e-01 -1.000000e+00 -1.000000e+00 -1.000000e+00 -1.000000e+00 -1.000000e+00 13.1573190783 0.0 18.480348545 27.7165396222 40.8379887927 12.682931087 9.1628156839 7.04990327358 -999007. 3.000000 0.000000 0.000000 0.000000 0.000000 0.000000 0.000000 1185.000000 1625.000000 745.000000 0.000000
4.606817e-01 4.606817e-01 9.220385e-01 -1 -1 0 9.220921e-01 2 -1.000000e+00 -1.000000e+00 9.704999e-01 8.581259e-01 9.940422e-01 7.895103e-01 -1.000000e+00 -1.000000e+00 -1.000000e+00 -1.000000e+00 -1.000000e+00 1478.90947739 0.0 1478.95268044 2006.22182823 2641.38145801 1090.76588962 824.742699244 73.2255205512 -999007. 3.000000 0.000000 0.000000 0.000000 0.000000 0.000000 0.000000 1105.000000 1225.000000 985.000000 0.000000
1.210967e-36 1.210967e-36 3.574147e-36 -1 -1 0 4.303913e-34 1 -1.000000e+00 -1.000000e+00 3.267988e-29 3.930887e-39 1.332628e-24 2.939034e-44 -1.000000e+00 -1.000000e+00 -1.000000e+00 -1.000000e+00 -1.000000e+00 7475.22191641 0.0 9055.31596047 12846.7694368 17825.248286 6473.79113216 4844.3624773 102173.782349 -999007. 3.000000 0.000000 0.000000 0.000000 0.000000 0.000000 0.000000 386.000000 397.000000 375.000000 0.000000
8.882786e-07 8.882786e-07 3.841828e-06 -1 -1 0 5.289549e-05 6 -1.000000e+00 -1.000000e+00 1.394556e-03 1.448448e-06 2.103191e-02 3.336046e-08 -1.000000e+00 -1.000000e+00 -1.000000e+00 -1.000000e+00 -1.000000e+00 0.0 0.0 0.0 0.0 0.0 0.0 0.0 0 -999007. 3.000000 0.000000 0.000000 0.000000 0.000000 0.000000 0.000000 625.000000 865.000000 385.000000 0.000000
1.788987e-01 1.788987e-01 3.574453e-01 -1 -1 0 3.571524e-01 2 -1.000000e+00 -1.000000e+00 6.317997e-01 1.725639e-01 8.797644e-01 7.673111e-02 -1.000000e+00 -1.000000e+00 -1.000000e+00 -1.000000e+00 -1.000000e+00 1652.23967476 0.0 1651.65859134 2243.45169848 2958.42399822 1216.45616623 922.126116702 807.060301304 -999007. 3.000000 0.000000 0.000000 0.000000 0.000000 0.000000 0.000000 866.000000 877.000000 855.000000 0.000000
6.118859e-02 6.118859e-02 1.912647e-01 -1 -1 0 2.815082e-01 7 -1.000000e+00 -1.000000e+00 5.578410e-01 1.191493e-01 8.411489e-01 4.596437e-02 -1.000000e+00 -1.000000e+00 -1.000000e+00 -1.000000e+00 -1.000000e+00 9.63340399541 0.0 11.539305006 17.6217177705 26.4407920397 7.7879967956 5.59091388019 5.67164923996 -999007. 3.000000 0.000000 0.000000 0.000000 0.000000 0.000000 0.000000 1025.000000 1665.000000 385.000000 0.000000
5.944269e-02 5.944269e-02 1.856012e-01 -1 -1 0 2.746011e-01 7 -1.000000e+00 -1.000000e+00 5.504750e-01 1.146867e-01 8.369624e-01 4.361721e-02 -1.000000e+00 -1.000000e+00 -1.000000e+00 -1.000000e+00 -1.000000e+00 14.7081250107 0.0 17.6186949106 26.9565125984 40.551465032 11.8864208322 8.52399277763 8.78901407123 -999007. 3.000000 0.000000 0.000000 0.000000 0.000000 0.000000 0.000000 1105.000000 1585.000000 625.000000 0.000000
1.555566e-01 1.555566e-01 1.967871e-01 -1 -1 0 6.860941e-02 4 -1.000000e+00 -1.000000e+00 2.446416e-01 1.508828e-02 5.843314e-01 2.921317e-03 -1.000000e+00 -1.000000e+00 -1.000000e+00 -1.000000e+00 -1.000000e+00 16.6074854674 0.0 12.0599863598 18.2993325525 27.2151553599 8.17057553514 5.88197675346 10.9896594658 -999007. 3.000000 0.000000 0.000000 0.000000 0.000000 0.000000 0.000000 785.000000 1545.000000 25.000000 0.000000
6.045064e-02 6.045064e-02 3.609486e-01 -1 -1 0 5.573254e-01 6 -1.000000e+00 -1.000000e+00 7.847711e-01 3.547115e-01 9.426440e-01 2.128922e-01 -1.000000e+00 -1.000000e+00 -1.000000e+00 -1.000000e+00 -1.000000e+00 15.2723618491 0.0 21.4739926807 32.2310921818 47.5477552831 14.705361403 10.639951586 5.67164923996 -999007. 3.000000 0.000000 0.000000 0.000000 0.000000 0.000000 0.000000 1265.000000 1665.000000 865.000000 0.000000
1.076290e-05 1.076290e-05 4.942630e-05 -1 -1 0 5.230720e-04 6 -1.000000e+00 -1.000000e+00 8.059844e-03 2.480637e-05 7.261529e-02 9.966208e-07 -1.000000e+00 -1.000000e+00 -1.000000e+00 -1.000000e+00 -1.000000e+00 25.0048237587 0.0 35.2245288893 53.0149620093 78.6650051198 24.010611576 17.4460168841 73.2255205512 -999007. 3.000000 0.000000 0.000000 0.000000 0.000000 0.000000 0.000000 865.000000 1225.000000 505.000000 0.000000
7.913980e-02 7.913980e-02 4.737145e-01 -1 -1 0 6.562895e-01 6 -1.000000e+00 -1.000000e+00 8.445270e-01 4.678261e-01 9.619055e-01 3.183176e-01 -1.000000e+00 -1.000000e+00 -1.000000e+00 -1.000000e+00 -1.000000e+00 127.391024152 0.0 181.020725819 275.814330006 417.071205077 122.938442945 88.8517767599 35.0056700408 -999007. 3.000000 0.000000 0.000000 0.000000 0.000000 0.000000 0.000000 1105.000000 1345.000000 865.000000 0.000000
8.125049e-02 8.125049e-02 2.556170e-01 -1 -1 0 3.559975e-01 7 -1.000000e+00 -1.000000e+00 6.307531e-01 1.716858e-01 8.792590e-01 7.618763e-02 -1.000000e+00 -1.000000e+00 -1.000000e+00 -1.000000e+00 -1.000000e+00 9.24660285275 0.0 11.0768287557 16.9301706409 25.434169536 7.47297102645 5.36234595057 4.57510724664 -999007. 3.000000 0.000000 0.000000 0.000000 0.000000 0.000000 0.000000 1105.000000 1705.000000 505.000000 0.000000
1.679918e-01 1.679918e-01 3.358363e-01 -1 -1 0 3.357075e-01 2 -1.000000e+00 -1.000000e+00 6.119781e-01 1.565761e-01 8.699989e-01 6.702648e-02 -1.000000e+00 -1.000000e+00 -1.000000e+00 -1.000000e+00 -1.000000e+00 2386.64737948 0.0 2386.39673964 3241.66141815 4270.98208709 1759.80198764 1325.82882525 1216.69828892 -999007. 3.000000 0.000000 0.000000 0.000000 0.000000 0.000000 0.000000 785.000000 825.000000 745.000000 0.000000
1.538354e-06 1.538354e-06 3.087156e-06 -1 -1 0 3.140810e-06 2 -1.000000e+00 -1.000000e+00 1.490772e-04 4.732014e-08 3.981519e-03 5.961501e-10 -1.000000e+00 -1.000000e+00 -1.000000e+00 -1.000000e+00 -1.000000e+00 18825.6388534 0.0 18831.1799953 28568.417928 44114.1823013 12999.0583396 9479.1421499 69787.6815796 -999007. 3.000000 0.000000 0.000000 0.000000 0.000000 0.000000 0.000000 385.000000 425.000000 345.000000 0.000000
2.874616e-26 2.874616e-26 9.027021e-26 -1 -1 0 7.784323e-24 1 -1.000000e+00 -1.000000e+00 7.316543e-20 5.759988e-28 3.707041e-16 3.496865e-32 -1.000000e+00 -1.000000e+00 -1.000000e+00 -1.000000e+00 -1.000000e+00 4590.84858239 0.0 5600.03166397 7772.91479451 10469.1197244 4063.01781379 3056.47698822 36071.7544556 -999007. 3.000000 0.000000 0.000000 0.000000 0.000000 0.000000 0.000000 466.000000 477.000000 455.000000 0.000000
1.541794e-01 1.541794e-01 4.931634e-01 -1 -1 0 5.959231e-01 7 -1.000000e+00 -1.000000e+00 8.090919e-01 3.969277e-01 9.508134e-01 2.504909e-01 -1.000000e+00 -1.000000e+00 -1.000000e+00 -1.000000e+00 -1.000000e+00 11.0499794203 0.0 13.2394319218 20.2837442541 30.5744966559 8.92714829721 6.39804615904 2.98482878134 -999007. 3.000000 0.000000 0.000000 0.000000 0.000000 0.000000 0.000000 1265.000000 1785.000000 745.000000 0.000000
3.394522e-07 3.394522e-07 6.787350e-07 -1 -1 0 6.778111e-07 2 -1.000000e+00 -1.000000e+00 4.314240e-05 7.587064e-09 1.535530e-03 7.084733e-11 -1.000000e+00 -1.000000e+00 -1.000000e+00 -1.000000e+00 -1.000000e+00 2608.66959324 0.0 2608.05589129 3551.25538549 4664.72569316 1919.21773407 1450.88237263 6359.60578918 -999007. 3.000000 0.000000 0.000000 0.000000 0.000000 0.000000 0.000000 626.000000 637.000000 615.000000 0.000000
2.004027e-02 2.004027e-02 9.895630e-02 -1 -1 0 2.223697e-01 6 -1.000000e+00 -1.000000e+00 4.906880e-01 8.320469e-02 8.004408e-01 2.814892e-02 -1.000000e+00 -1.000000e+00 -1.000000e+00 -1.000000e+00 -1.000000e+00 3199.87470027 0.0 4811.74782899 8957.23810745 17401.2980711 2921.43471842 2005.32626831 2366.09745026 -999007. 3.000000 0.000000 0.000000 0.000000 0.000000 0.000000 0.000000 625.000000 745.000000 505.000000 0.000000
1.331820e-01 1.331820e-01 2.662295e-01 -1 -1 0 2.660919e-01 2 -1.000000e+00 -1.000000e+00 5.412395e-01 1.092848e-01 8.316201e-01 4.082542e-02 -1.000000e+00 -1.000000e+00 -1.000000e+00 -1.000000e+00 -1.000000e+00 2867.81012156 0.0 2867.36471364 3905.06262661 5107.59340286 2115.10100015 1599.97111571 1680.78458309 -999007. 3.000000 0.000000 0.000000 0.000000 0.000000 0.000000 0.000000 705.000000 785.000000 625.000000 0.000000
6.096806e-05 6.096806e-05 2.883794e-04 -1 -1 0 2.360420e-03 6 -1.000000e+00 -1.000000e+00 2.453354e-02 1.679607e-04 1.524802e-01 1.019495e-05 -1.000000e+00 -1.000000e+00 -1.000000e+00 -1.000000e+00 -1.000000e+00 14.5158011958 0.0 20.3591296685 30.4697333328 44.7396617034 14.0118875744 10.1076946931 35.0056700408 -999007. 3.000000 0.000000 0.000000 0.000000 0.000000 0.000000 0.000000 865.000000 1345.000000 385.000000 0.000000
5.000000e-01 5.000000e-01 8.417064e-01 -1 -1 0 8.119373e-01 4 -1.000000e+00 -1.000000e+00 9.235116e-01 6.799111e-01 9.833426e-01 5.544095e-01 -1.000000e+00 -1.000000e+00 -1.000000e+00 -1.000000e+00 -1.000000e+00 12.0622317335 0.0 8.75271237701 13.3234461224 19.9010994446 5.92132245334 4.2580509352 0.863094697706 -999007. 3.000000 0.000000 0.000000 0.000000 1.000000 0.000000 0.000000 1265.000000 2025.000000 505.000000 0.000000
5.864479e-07 5.864479e-07 1.172058e-06 -1 -1 0 1.167597e-06 2 -1.000000e+00 -1.000000e+00 6.709309e-05 1.449450e-08 2.160292e-03 1.502236e-10 -1.000000e+00 -1.000000e+00 -1.000000e+00 -1.000000e+00 -1.000000e+00 8993.6474711 0.0 8993.13992629 12707.1767792 17647.4393103 6458.16592666 4797.71753458 25895.1435089 -999007. 3.000000 0.000000 0.000000 0.000000 0.000000 0.000000 0.000000 465.000000 505.000000 425.000000 0.000000
9.347189e-02 9.347189e-02 5.643827e-01 -1 -1 0 7.278051e-01 6 -1.000000e+00 -1.000000e+00 8.828537e-01 5.598407e-01 9.728607e-01 4.147702e-01 -1.000000e+00 -1.000000e+00 -1.000000e+00 -1.000000e+00 -1.000000e+00 1704.27230429 0.0 2416.29267506 3685.2209305 5679.82101566 1644.24677056 1186.83063186 361.81974411 -999007. 3.000000 0.000000 0.000000 0.000000 0.000000 0.000000 0.000000 865.000000 985.000000 745.000000 0.000000
3.634540e-01 3.634540e-01 7.269856e-01 -1 -1 0 7.270084e-01 2 -1.000000e+00 -1.000000e+00 8.824468e-01 5.587661e-01 9.727499e-01 4.135902e-01 -1.000000e+00 -1.000000e+00 -1.000000e+00 -1.000000e+00 -1.000000e+00 1354.7373678 0.0 1354.57946377 1836.87426193 2421.70692382 998.404869493 756.320698493 250.641316175 -999007. 3.000000 0.000000 0.000000 0.000000 0.000000 0.000000 0.000000 1026.000000 1037.000000 1015.000000 0.000000
5.000000e-01 5.000000e-01 6.955815e-01 -1 -1 0 5.623540e-01 4 -1.000000e+00 -1.000000e+00 7.880184e-01 3.600767e-01 9.437616e-01 2.175522e-01 -1.000000e+00 -1.000000e+00 -1.000000e+00 -1.000000e+00 -1.000000e+00 13.2474081216 0.0 9.60523652758 14.6018497165 21.7859741774 6.50687229532 4.67991342128 2.41293222643 -999007. 3.000000 0.000000 0.000000 0.000000 1.000000 0.000000 0.000000 1105.000000 1825.000000 385.000000 0.000000
1.357345e-12 1.357345e-12 9.721777e-12 -1 -1 0 3.426853e-09 5 -1.000000e+00 -1.000000e+00 5.420224e-07 1.530375e-11 4.727673e-05 5.669507e-14 -1.000000e+00 -1.000000e+00 -1.000000e+00 -1.000000e+00 -1.000000e+00 18.2311582015 0.0 29.8032909132 43.6898526023 62.723400729 20.7651114779 15.2677749737 121.75501883 -999007. 3.000000 0.000000 0.000000 0.000000 0.000000 0.000000 0.000000 705.000000 1145.000000 265.000000 0.000000
1.276746e-02 1.276746e-02 7.066916e-02 -1 -1 0 1.867082e-01 6 -1.000000e+00 -1.000000e+00 4.449308e-01 6.403929e-02 7.691252e-01 1.975704e-02 -1.000000e+00 -1.000000e+00 -1.000000e+00 -1.000000e+00 -1.000000e+00 19.4541330595 0.0 27.3786965188 41.1470925765 60.869422904 18.7130534478 13.5608414032 17.3388458788 -999007. 3.000000 0.000000 0.000000 0.000000 0.000000 0.000000 0.000000 1105.000000 1465.000000 745.000000 0.000000
5.000000e-01 5.000000e-01 7.860142e-01 -1 -1 0 7.277583e-01 4 -1.000000e+00 -1.000000e+00 8.828298e-01 5.597776e-01 9.728542e-01 4.147009e-01 -1.000000e+00 -1.000000e+00 -1.000000e+00 -1.000000e+00 -1.000000e+00 12.2209084739 0.0 8.85607860583 13.4723623036 20.1376125153 6.00306112081 4.31350312769 1.29779416602 -999007. 3.000000 0.000000 0.000000 0.000000 1.000000 0.000000 0.000000 1105.000000 1945.000000 265.000000 0.000000
5.412282e-18 5.412282e-18 3.376797e-17 -1 -1 0 3.689234e-14 5 -1.000000e+00 -1.000000e+00 2.960085e-11 3.218955e-17 1.292133e-08 2.315593e-20 -1.000000e+00 -1.000000e+00 -1.000000e+00 -1.000000e+00 -1.000000e+00 21.0439257735 0.0 34.3884730831 50.3224942053 72.3003115977 24.0033746941 17.4917072109 207.025408745 -999007. 3.000000 0.000000 0.000000 0.000000 0.000000 0.000000 0.000000 545.000000 1065.000000 25.000000 0.000000
2.540508e-10 2.540508e-10 1.851680e-09 -1 -1 0 2.997621e-07 5 -1.000000e+00 -1.000000e+00 2.216702e-05 2.883182e-09 9.140716e-04 2.310900e-11 -1.000000e+00 -1.000000e+00 -1.000000e+00 -1.000000e+00 -1.000000e+00 0.0 0.0 0.0 0.0 0.0 0.0 0.0 0 -999007. 3.000000 0.000000 0.000000 0.000000 0.000000 0.000000 0.000000 705.000000 1025.000000 385.000000 0.000000
2.397624e-08 2.397624e-08 1.018083e-07 -1 -1 0 2.159446e-06 6 -1.000000e+00 -1.000000e+00 1.102782e-04 3.020947e-08 3.163619e-03 3.531680e-10 -1.000000e+00 -1.000000e+00 -1.000000e+00 -1.000000e+00 -1.000000e+00 21.0006013892 0.0 29.4812308624 44.1905789124 65.0456395448 20.2408577244 14.6206990422 94.2072346807 -999007. 3.000000 0.000000 0.000000 0.000000 0.000000 0.000000 0.000000 785.000000 1185.000000 385.000000 0.000000
5.000000e-01 5.000000e-01 6.251642e-01 -1 -1 0 4.004203e-01 4 -1.000000e+00 -1.000000e+00 6.694241e-01 2.068652e-01 8.972099e-01 9.887971e-02 -1.000000e+00 -1.000000e+00 -1.000000e+00 -1.000000e+00 -1.000000e+00 13.5243565003 0.0 9.82780022655 14.9304842669 22.2527644966 6.64463319217 4.78637237382 3.69592057541 -999007. 3.000000 0.000000 0.000000 0.000000 1.000000 0.000000 0.000000 945.000000 1745.000000 145.000000 0.000000
8.939084e-02 8.939084e-02 1.788740e-01 -1 -1 0 1.789909e-01 2 -1.000000e+00 -1.000000e+00 4.343910e-01 6.014581e-02 7.614534e-01 1.815789e-02 -1.000000e+00 -1.000000e+00 -1.000000e+00 -1.000000e+00 -1.000000e+00 3371.39783663 0.0 3371.00979665 4590.30713472 6011.39472774 2484.2816518 1878.04489529 2366.09745026 -999007. 3.000000 0.000000 0.000000 0.000000 0.000000 0.000000 0.000000 705.000000 745.000000 665.000000 0.000000
8.426723e-02 8.426723e-02 5.101314e-01 -1 -1 0 6.865301e-01 6 -1.000000e+00 -1.000000e+00 8.611886e-01 5.056479e-01 9.667986e-01 3.568315e-01 -1.000000e+00 -1.000000e+00 -1.000000e+00 -1.000000e+00 -1.000000e+00 18.2631555878 0.0 25.7407611979 38.7641150828 57.5549864159 17.5417069261 12.7328254245 4.57510724664 -999007. 3.000000 0.000000 0.000000 0.000000 0.000000 0.000000 0.000000 1345.000000 1705.000000 985.000000 0.000000
6.229820e-03 6.229820e-03 3.325328e-02 -1 -1 0 1.071519e-01 6 -1.000000e+00 -1.000000e+00 3.215775e-01 2.844035e-02 6.664772e-01 6.700372e-03 -1.000000e+00 -1.000000e+00 -1.000000e+00 -1.000000e+00 -1.000000e+00 141.099301788 0.0 200.330237086 303.942927103 460.404330402 136.334402449 98.6463047003 158.450752497 -999007. 3.000000 0.000000 0.000000 0.000000 0.000000 0.000000 0.000000 865.000000 1105.000000 625.000000 0.000000
2.833272e-01 2.833272e-01 5.666287e-01 -1 -1 0 5.666159e-01 2 -1.000000e+00 -1.000000e+00 7.907518e-01 3.646553e-01 9.446959e-01 2.215565e-01 -1.000000e+00 -1.000000e+00 -1.000000e+00 -1.000000e+00 -1.000000e+00 2143.71544932 0.0 2143.6697871 2914.62879492 3843.07093729 1580.55543136 1195.00580333 652.317464352 -999007. 3.000000 0.000000 0.000000 0.000000 0.000000 0.000000 0.000000 865.000000 905.000000 825.000000 0.000000
6.740517e-04 6.740517e-04 1.967913e-03 -1 -1 0 5.111126e-03 7 -1.000000e+00 -1.000000e+00 4.271095e-02 4.561085e-04 2.168035e-01 3.488088e-05 -1.000000e+00 -1.000000e+00 -1.000000e+00 -1.000000e+00 -1.000000e+00 11.5773402761 0.0 13.8627034887 21.1325417665 31.6312268474 9.3609085695 6.72710542706 21.8635834754 -999007. 3.000000 0.000000 0.000000 0.000000 0.000000 0.000000 0.000000 785.000000 1425.000000 145.000000 0.000000
4.588881e-01 4.588881e-01 5.705731e-01 -1 -1 0 3.369720e-01 4 -1.000000e+00 -1.000000e+00 6.131702e-01 1.575002e-01 8.705979e-01 6.757632e-02 -1.000000e+00 -1.000000e+00 -1.000000e+00 -1.000000e+00 -1.000000e+00 14.473745234 0.0 10.5182264613 15.972468016 23.7739088673 7.1185694938 5.12568022781 4.57510724664 -999007. 3.000000 0.000000 0.000000 0.000000 0.000000 0.000000 0.000000 865.000000 1705.000000 25.000000 0.000000
3.536627e-01 3.536627e-01 7.070689e-01 -1 -1 0 7.069873e-01 2 -1.000000e+00 -1.000000e+00 8.720769e-01 5.321316e-01 9.698873e-01 3.847440e-01 -1.000000e+00 -1.000000e+00 -1.000000e+00 -1.000000e+00 -1.000000e+00 1821.21606378 0.0 1821.11294515 2474.61693236 3264.69918928 1340.54034283 1015.82774622 361.81974411 -999007. 3.000000 0.000000 0.000000 0.000000 0.000000 0.000000 0.000000 945.000000 985.000000 905.000000 0.000000
1.911859e-02 1.911859e-02 1.078162e-01 -1 -1 0 2.515061e-01 6 -1.000000e+00 -1.000000e+00 5.249749e-01 1.002717e-01 8.219534e-01 3.629099e-02 -1.000000e+00 -1.000000e+00 -1.000000e+00 -1.000000e+00 -1.000000e+00 58.5151560557 0.0 82.6591647161 124.709771871 186.397329907 56.3569246522 40.8979048323 44.6358248591 -999007. 3.000000 0.000000 0.000000 0.000000 0.000000 0.000000 0.000000 1025.000000 1305.000000 745.000000 0.000000
2.437523e-03 2.437523e-03 7.223496e-03 -1 -1 0 1.658746e-02 7 -1.000000e+00 -1.000000e+00 9.674803e-02 2.157090e-03 3.542118e-01 2.426423e-04 -1.000000e+00 -1.000000e+00 -1.000000e+00 -1.000000e+00 -1.000000e+00 11.2663572503 0.0 13.4898596359 20.5713962714 30.7934781815 9.11307719055 6.54436011742 17.3388458788 -999007. 3.000000 0.000000 0.000000 0.000000 0.000000 0.000000 0.000000 865.000000 1465.000000 265.000000 0.000000
2.806249e-05 2.806249e-05 2.481846e-04 -1 -1 0 4.829663e-03 5 -1.000000e+00 -1.000000e+00 4.102749e-02 4.236843e-04 2.114373e-01 3.184008e-05 -1.000000e+00 -1.000000e+00 -1.000000e+00 -1.000000e+00 -1.000000e+00 0.0 0.0 0.0 0.0 0.0 0.0 0.0 0 -999007. 3.000000 0.000000 0.000000 0.000000 0.000000 0.000000 0.000000 545.000000 705.000000 385.000000 0.000000
2.573505e-04 2.573505e-04 7.439792e-04 -1 -1 0 2.093742e-03 7 -1.000000e+00 -1.000000e+00 2.248677e-02 1.440182e-04 1.441074e-01 8.444859e-06 -1.000000e+00 -1.000000e+00 -1.000000e+00 -1.000000e+00 -1.000000e+00 12.8738800433 0.0 15.416850856 23.5045332025 35.1926926888 10.4079178851 7.48012757357 27.6264231652 -999007. 3.000000 0.000000 0.000000 0.000000 0.000000 0.000000 0.000000 705.000000 1385.000000 25.000000 0.000000
1.710223e-03 1.710223e-03 3.419765e-03 -1 -1 0 3.417704e-03 2 -1.000000e+00 -1.000000e+00 3.204717e-02 2.705760e-04 1.809674e-01 1.831113e-05 -1.000000e+00 -1.000000e+00 -1.000000e+00 -1.000000e+00 -1.000000e+00 0.0 0.0 0.0 0.0 0.0 0.0 0.0 0 -999007. 3.000000 0.000000 0.000000 0.000000 0.000000 0.000000 0.000000 465.000000 545.000000 385.000000 0.000000
3.533577e-02 3.533577e-02 1.092319e-01 -1 -1 0 1.771350e-01 7 -1.000000e+00 -1.000000e+00 4.318189e-01 5.922315e-02 7.595536e-01 1.778448e-02 -1.000000e+00 -1.000000e+00 -1.000000e+00 -1.000000e+00 -1.000000e+00 9.23660702146 0.0 11.0599023554 16.8763545522 25.2842806934 7.47015505762 5.36337465317 7.04990327358 -999007. 3.000000 0.000000 0.000000 0.000000 0.000000 0.000000 0.000000 945.000000 1625.000000 265.000000 0.000000
4.836944e-04 4.836944e-04 2.409893e-03 -1 -1 0 1.386422e-02 6 -1.000000e+00 -1.000000e+00 8.562523e-02 1.697543e-03 3.299919e-01 1.794904e-04 -1.000000e+00 -1.000000e+00 -1.000000e+00 -1.000000e+00 -1.000000e+00 14.945071665 0.0 20.9724858775 31.4044746652 46.1473706401 14.4229792321 10.4063542296 27.6264231652 -999007. 3.000000 0.000000 0.000000 0.000000 0.000000 0.000000 0.000000 945.000000 1385.000000 505.000000 0.000000
5.000000e-01 5.000000e-01 7.760469e-01 -1 -1 0 7.114181e-01 4 -1.000000e+00 -1.000000e+00 8.743958e-01 5.379646e-01 9.705341e-01 3.909952e-01 -1.000000e+00 -1.000000e+00 -1.000000e+00 -1.000000e+00 -1.000000e+00 14.053878077 0.0 10.1744718892 15.4859090654 23.1647322413 6.89620490049 4.95454184847 1.59087509383 -999007. 3.000000 0.000000 0.000000 0.000000 1.000000 0.000000 0.000000 1265.000000 1905.000000 625.000000 0.000000
5.000000e-01 5.000000e-01 8.422266e-01 -1 -1 0 8.126710e-01 4 -1.000000e+00 -1.000000e+00 9.238469e-01 6.810171e-01 9.834243e-01 5.557669e-01 -1.000000e+00 -1.000000e+00 -1.000000e+00 -1.000000e+00 -1.000000e+00 12.1097105728 0.0 8.78726205776 13.3735746624 19.9714589243 5.94561597979 4.27563131109 0.863094697706 -999007. 3.000000 0.000000 0.000000 0.000000 1.000000 0.000000 0.000000 1025.000000 2025.000000 25.000000 0.000000
2.805237e-12 2.805237e-12 5.609043e-12 -1 -1 0 5.597881e-12 2 -1.000000e+00 -1.000000e+00 2.301709e-09 9.559651e-15 5.171623e-07 1.348793e-17 -1.000000e+00 -1.000000e+00 -1.000000e+00 -1.000000e+00 -1.000000e+00 4037.04387435 0.0 4036.73510252 5524.10352594 7351.19924756 2959.81722374 2233.67864536 14496.3302612 -999007. 3.000000 0.000000 0.000000 0.000000 0.000000 0.000000 0.000000 546.000000 557.000000 535.000000 0.000000
9.350150e-03 9.350150e-03 2.821763e-02 -1 -1 0 5.545592e-02 7 -1.000000e+00 -1.000000e+00 2.139676e-01 1.119918e-02 5.461809e-01 1.984533e-03 -1.000000e+00 -1.000000e+00 -1.000000e+00 -1.000000e+00 -1.000000e+00 11.8503991661 0.0 14.1910742924 21.661685649 32.4809356832 9.58095162871 6.87877121989 13.7518271804 -999007. 3.000000 0.000000 0.000000 0.000000 0.000000 0.000000 0.000000 945.000000 1505.000000 385.000000 0.000000
5.000000e-01 5.000000e-01 8.126951e-01 -1 -1 0 7.695262e-01 4 -1.000000e+00 -1.000000e+00 9.035754e-01 6.177321e-01 9.783470e-01 4.801798e-01 -1.000000e+00 -1.000000e+00 -1.000000e+00 -1.000000e+00 -1.000000e+00 11.9102632172 0.0 8.63461945234 13.1387916406 19.6351844832 5.84889221632 4.20374624977 1.05717149563 -999007. 3.000000 0.000000 0.000000 0.000000 1.000000 0.000000 0.000000 1185.000000 1985.000000 385.000000 0.000000
3.309389e-02 3.309389e-02 1.895648e-01 -1 -1 0 3.676292e-01 6 -1.000000e+00 -1.000000e+00 6.411894e-01 1.806183e-01 8.842495e-01 8.177207e-02 -1.000000e+00 -1.000000e+00 -1.000000e+00 -1.000000e+00 -1.000000e+00 829.544671118 0.0 1178.98903287 1794.9163262 2707.96738334 800.753400696 578.871261999 483.545571566 -999007. 3.000000 0.000000 0.000000 0.000000 0.000000 0.000000 0.000000 785.000000 945.000000 625.000000 0.000000
5.000000e-01 5.000000e-01 7.353148e-01 -1 -1 0 6.400382e-01 4 -1.000000e+00 -1.000000e+00 8.352816e-01 4.481433e-01 9.591022e-01 2.989103e-01 -1.000000e+00 -1.000000e+00 -1.000000e+00 -1.000000e+00 -1.000000e+00 13.5031770045 0.0 9.79353229307 14.8937136981 22.235589543 6.6344940041 4.77012418265 1.95805286057 -999007. 3.000000 0.000000 0.000000 0.000000 1.000000 0.000000 0.000000 1185.000000 1865.000000 505.000000 0.000000
2.795569e-03 2.795569e-03 1.467592e-02 -1 -1 0 5.812699e-02 6 -1.000000e+00 -1.000000e+00 2.204368e-01 1.195907e-02 5.545313e-01 2.160527e-03 -1.000000e+00 -1.000000e+00 -1.000000e+00 -1.000000e+00 -1.000000e+00 16.1952133327 0.0 22.7537155494 34.1139023418 50.2302712197 15.6041094899 11.285426455 21.8635834754 -999007. 3.000000 0.000000 0.000000 0.000000 0.000000 0.000000 0.000000 1025.000000 1425.000000 625.000000 0.000000
1.310903e-02 1.310903e-02 2.631578e-02 -1 -1 0 2.653353e-02 2 -1.000000e+00 -1.000000e+00 1.325885e-01 4.063756e-03 4.232212e-01 5.409585e-04 -1.000000e+00 -1.000000e+00 -1.000000e+00 -1.000000e+00 -1.000000e+00 529106.466631 0.0 534789.548935 13573507.7467 76385475.7933 261399.025662 254133.525839 885615.356445 -999007. 2.000000 1.000000 0.000000 1.000000 0.000000 1.000000 4000.000000 225.000000 265.000000 185.000000 0.000000
1.121208e-01 1.121208e-01 6.870312e-01 -1 -1 0 8.150474e-01 6 -1.000000e+00 -1.000000e+00 9.249309e-01 6.846066e-01 9.836878e-01 5.601806e-01 -1.000000e+00 -1.000000e+00 -1.000000e+00 -1.000000e+00 -1.000000e+00 193.642468047 0.0 273.049924943 411.709677825 612.953804844 185.953813468 135.044863037 27.6264231652 -999007. 3.000000 0.000000 0.000000 0.000000 0.000000 0.000000 0.000000 1185.000000 1385.000000 985.000000 0.000000
1.200422e-06 1.200422e-06 3.337744e-06 -1 -1 0 1.318681e-05 7 -1.000000e+00 -1.000000e+00 4.682874e-04 2.666899e-07 9.426523e-03 4.522084e-09 -1.000000e+00 -1.000000e+00 -1.000000e+00 -1.000000e+00 -1.000000e+00 16.0940795336 0.0 19.2755436328 29.4199469432 44.1066219265 13.0098347358 9.3439527852 57.0971406996 -999007. 3.000000 0.000000 0.000000 0.000000 0.000000 0.000000 0.000000 705.000000 1265.000000 145.000000 0.000000
6.263208e-02 6.263208e-02 1.252574e-01 -1 -1 0 1.252476e-01 2 -1.000000e+00 -1.000000e+00 3.529791e-01 3.562881e-02 6.955325e-01 9.026196e-03 -1.000000e+00 -1.000000e+00 -1.000000e+00 -1.000000e+00 -1.000000e+00 1922.30786454 0.0 1922.10901133 2612.70785471 3408.81515215 1420.17046854 1075.3510479 1529.64007854 -999007. 3.000000 0.000000 0.000000 0.000000 0.000000 0.000000 0.000000 786.000000 797.000000 775.000000 0.000000
2.508509e-05 2.508509e-05 5.021514e-05 -1 -1 0 5.041151e-05 2 -1.000000e+00 -1.000000e+00 1.343265e-03 1.365562e-06 2.046748e-02 3.110895e-08 -1.000000e+00 -1.000000e+00 -1.000000e+00 -1.000000e+00 -1.000000e+00 42446.0777619 0.0 42452.8378309 74378.580264 118553.852931 27034.0204738 18783.6811754 219482.757568 -999007. 3.000000 0.000000 0.000000 0.000000 0.000000 0.000000 0.000000 305.000000 345.000000 265.000000 0.000000
7.757587e-03 7.757587e-03 1.551168e-02 -1 -1 0 1.550315e-02 2 -1.000000e+00 -1.000000e+00 9.240519e-02 1.970547e-03 3.449416e-01 2.165157e-04 -1.000000e+00 -1.000000e+00 -1.000000e+00 -1.000000e+00 -1.000000e+00 3971.26611563 0.0 3971.15472794 5477.97810626 7403.1804281 2897.0608206 2178.35052888 4864.09091949 -999007. 3.000000 0.000000 0.000000 0.000000 0.000000 0.000000 0.000000 625.000000 665.000000 585.000000 0.000000
