-1.000000e+00 -1.000000e+00 1.000000e+03 0.000000e+00 -1.000000e+00 -1.000000e+00 0.000000e+00 7.352031e-04 -1.000000e+00 0.000000e+00 6.000000e+01 -1.000000e+00 0.000000e+00 -1.000000e+00 -1.000000e+00 1.672850e-06 -1.000000e+00 0.000000e+00 -9.990070e+05 3.000000e+00 -1.000000e+00 -1.000000e+00 1.100000e+02 3.807620e-05 0.000000e+00 0.000000e+00 -1.000000e+00 2.878438e-06 -1.000000e+00 -9.990070e+05 2.878438e-06 1.039798e-02 8.635952e-02 -1.000000e+00 -1.000000e+00 -1.000000e+00 -1.0 0.000000e+00 2.335954e-05
-1.000000e+00 -1.000000e+00 1.000000e+03 0.000000e+00 -1.000000e+00 -1.000000e+00 0.000000e+00 7.943541e-02 -1.000000e+00 0.000000e+00 6.000000e+01 -1.000000e+00 0.000000e+00 -1.000000e+00 -1.000000e+00 3.825357e-03 -1.000000e+00 0.000000e+00 -9.990070e+05 3.000000e+00 -1.000000e+00 -1.000000e+00 1.600000e+02 1.855498e-02 0.000000e+00 0.000000e+00 -1.000000e+00 1.390329e-03 -1.000000e+00 -9.990070e+05 1.390329e-03 2.679439e-01 6.110719e-01 -1.000000e+00 -1.000000e+00 -1.000000e+00 -1.0 0.000000e+00 1.286886e-02
-1.000000e+00 -1.000000e+00 1.000000e+03 0.000000e+00 -1.000000e+00 -1.000000e+00 0.000000e+00 6.848955e-06 -1.000000e+00 0.000000e+00 6.000000e+01 -1.000000e+00 0.000000e+00 -1.000000e+00 -1.000000e+00 1.784976e-09 -1.000000e+00 0.000000e+00 -9.990070e+05 3.000000e+00 -1.000000e+00 -1.000000e+00 2.600000e+02 1.208300e-07 0.000000e+00 0.000000e+00 -1.000000e+00 9.394233e-09 -1.000000e+00 -9.990070e+05 9.394233e-09 2.782347e-04 6.384254e-03 -1.000000e+00 -1.000000e+00 -1.000000e+00 -1.0 0.000000e+00 7.203820e-08
-1.000000e+00 -1.000000e+00 1.000000e+03 0.000000e+00 -1.000000e+00 -1.000000e+00 0.000000e+00 8.763320e-15 -1.000000e+00 0.000000e+00 6.000000e+01 -1.000000e+00 0.000000e+00 -1.000000e+00 -1.000000e+00 3.820565e-21 -1.000000e+00 0.000000e+00 -9.990070e+05 3.000000e+00 -1.000000e+00 -1.000000e+00 4.600000e+02 6.374135e-18 0.000000e+00 0.000000e+00 -1.000000e+00 1.286882e-18 -1.000000e+00 -9.990070e+05 1.286882e-18 8.428743e-12 4.406138e-09 -1.000000e+00 -1.000000e+00 -1.000000e+00 -1.0 0.000000e+00 7.783668e-18
-1.000000e+00 -1.000000e+00 1.000000e+03 0.000000e+00 -1.000000e+00 -1.000000e+00 0.000000e+00 1.129822e-19 -1.000000e+00 0.000000e+00 6.000000e+01 -1.000000e+00 0.000000e+00 -1.000000e+00 -1.000000e+00 3.618603e-27 -1.000000e+00 0.000000e+00 -9.990070e+05 3.000000e+00 -1.000000e+00 -1.000000e+00 6.600000e+02 2.230562e-23 0.000000e+00 0.000000e+00 -1.000000e+00 8.737307e-24 -1.000000e+00 -9.990070e+05 8.737307e-24 3.988149e-16 7.609640e-13 -1.000000e+00 -1.000000e+00 -1.000000e+00 -1.0 0.000000e+00 4.821702e-23
-1.000000e+00 -1.000000e+00 1.000000e+03 0.000000e+00 -1.000000e+00 -1.000000e+00 0.000000e+00 5.953130e-10 -1.000000e+00 0.000000e+00 6.000000e+01 -1.000000e+00 0.000000e+00 -1.000000e+00 -1.000000e+00 5.662233e-15 -1.000000e+00 0.000000e+00 -9.990070e+05 3.000000e+00 -1.000000e+00 -1.000000e+00 7.000000e+01 2.017112e-12 0.000000e+00 0.000000e+00 -1.000000e+00 2.114427e-13 -1.000000e+00 -9.990070e+05 2.114427e-13 1.238611e-07 1.416795e-05 -1.000000e+00 -1.000000e+00 -1.000000e+00 -1.0 0.000000e+00 1.454196e-12
-1.000000e+00 -1.000000e+00 1.000000e+03 0.000000e+00 -1.000000e+00 -1.000000e+00 0.000000e+00 5.011671e-13 -1.000000e+00 0.000000e+00 6.000000e+01 -1.000000e+00 0.000000e+00 -1.000000e+00 -1.000000e+00 6.233101e-19 -1.000000e+00 0.000000e+00 -9.990070e+05 3.000000e+00 -1.000000e+00 -1.000000e+00 8.000000e+02 6.152324e-16 0.000000e+00 0.000000e+00 -1.000000e+00 1.039566e-16 -1.000000e+00 -9.990070e+05 1.039566e-16 2.862147e-10 8.911323e-08 -1.000000e+00 -1.000000e+00 -1.000000e+00 -1.0 0.000000e+00 6.477450e-16
-1.000000e+00 -1.000000e+00 1.000000e+03 0.000000e+00 -1.000000e+00 -1.000000e+00 0.000000e+00 2.030909e-07 -1.000000e+00 0.000000e+00 6.000000e+01 -1.000000e+00 0.000000e+00 -1.000000e+00 -1.000000e+00 1.357885e-11 -1.000000e+00 0.000000e+00 -9.990070e+05 3.000000e+00 -1.000000e+00 -1.000000e+00 8.600000e+02 1.819595e-09 0.000000e+00 0.000000e+00 -1.000000e+00 1.435149e-10 -1.000000e+00 -9.990070e+05 1.435149e-10 1.611041e-05 7.117555e-04 -1.000000e+00 -1.000000e+00 -1.000000e+00 -1.0 0.000000e+00 1.073533e-09
-1.000000e+00 -1.000000e+00 1.000000e+03 0.000000e+00 -1.000000e+00 -1.000000e+00 0.000000e+00 6.378844e-05 -1.000000e+00 0.000000e+00 6.000000e+01 -1.000000e+00 0.000000e+00 -1.000000e+00 -1.000000e+00 4.381196e-08 -1.000000e+00 0.000000e+00 -9.990070e+05 3.000000e+00 -1.000000e+00 -1.000000e+00 9.000000e+02 1.822383e-06 0.000000e+00 0.000000e+00 -1.000000e+00 1.018372e-07 -1.000000e+00 -9.990070e+05 1.018372e-07 1.613222e-03 2.337165e-02 -1.000000e+00 -1.000000e+00 -1.000000e+00 -1.0 0.000000e+00 8.814488e-07
-1.000000e+00 -1.000000e+00 1.000000e+03 0.000000e+00 -1.000000e+00 -1.000000e+00 0.000000e+00 9.929153e-03 -1.000000e+00 0.000000e+00 6.000000e+01 -1.000000e+00 0.000000e+00 -1.000000e+00 -1.000000e+00 1.030323e-04 -1.000000e+00 0.000000e+00 -9.990070e+05 3.000000e+00 -1.000000e+00 -1.000000e+00 9.500000e+02 1.089954e-03 0.000000e+00 0.000000e+00 -1.000000e+00 5.580572e-05 -1.000000e+00 -9.990070e+05 5.580572e-05 6.804566e-02 2.880893e-01 -1.000000e+00 -1.000000e+00 -1.000000e+00 -1.0 0.000000e+00 5.620087e-04
-1.000000e+00 -1.000000e+00 1.000000e+03 0.000000e+00 -1.000000e+00 -1.000000e+00 0.000000e+00 1.962989e-02 -1.000000e+00 0.000000e+00 6.000000e+01 -1.000000e+00 0.000000e+00 -1.000000e+00 -1.000000e+00 3.227647e-04 -1.000000e+00 0.000000e+00 -9.990070e+05 3.000000e+00 -1.000000e+00 -1.000000e+00 9.900000e+02 2.704215e-03 0.000000e+00 0.000000e+00 -1.000000e+00 1.345686e-04 -1.000000e+00 -9.990070e+05 1.345686e-04 1.084084e-01 3.780362e-01 -1.000000e+00 -1.000000e+00 -1.000000e+00 -1.0 0.000000e+00 1.414999e-03
-1.000000e+00 -1.000000e+00 1.025000e+03 0.000000e+00 -1.000000e+00 -1.000000e+00 0.000000e+00 9.177110e-01 -1.000000e+00 0.000000e+00 8.650000e+02 -1.000000e+00 0.000000e+00 -1.000000e+00 -1.000000e+00 7.788533e-01 -1.000000e+00 0.000000e+00 -9.990070e+05 3.000000e+00 -1.000000e+00 -1.000000e+00 9.450000e+02 8.505528e-01 0.000000e+00 0.000000e+00 -1.000000e+00 5.695739e-02 -1.000000e+00 -9.990070e+05 5.695739e-02 9.687537e-01 9.936712e-01 -1.000000e+00 -1.000000e+00 -1.000000e+00 -1.0 0.000000e+00 8.163839e-01
-1.000000e+00 -1.000000e+00 1.037000e+03 0.000000e+00 -1.000000e+00 -1.000000e+00 0.000000e+00 9.675649e-01 -1.000000e+00 0.000000e+00 1.015000e+03 -1.000000e+00 0.000000e+00 -1.000000e+00 -1.000000e+00 9.073436e-01 -1.000000e+00 0.000000e+00 -9.990070e+05 3.000000e+00 -1.000000e+00 -1.000000e+00 1.026000e+03 9.392445e-01 0.000000e+00 0.000000e+00 -1.000000e+00 6.629749e-02 -1.000000e+00 -9.990070e+05 6.629749e-02 9.880677e-01 9.976603e-01 -1.000000e+00 -1.000000e+00 -1.000000e+00 -1.0 0.000000e+00 9.247186e-01
-1.000000e+00 -1.000000e+00 1.065000e+03 0.000000e+00 -1.000000e+00 -1.000000e+00 0.000000e+00 9.684563e-01 -1.000000e+00 0.000000e+00 9.850000e+02 -1.000000e+00 0.000000e+00 -1.000000e+00 -1.000000e+00 9.097908e-01 -1.000000e+00 0.000000e+00 -9.990070e+05 3.000000e+00 -1.000000e+00 -1.000000e+00 1.025000e+03 9.408815e-01 0.000000e+00 0.000000e+00 -1.000000e+00 6.989078e-02 -1.000000e+00 -9.990070e+05 6.989078e-02 9.884022e-01 9.977271e-01 -1.000000e+00 -1.000000e+00 -1.000000e+00 -1.0 0.000000e+00 9.275436e-01
-1.000000e+00 -1.000000e+00 1.065000e+03 0.000000e+00 -1.000000e+00 -1.000000e+00 0.000000e+00 3.689234e-14 -1.000000e+00 0.000000e+00 2.500000e+01 -1.000000e+00 0.000000e+00 -1.000000e+00 -1.000000e+00 2.315593e-20 -1.000000e+00 0.000000e+00 -9.990070e+05 3.000000e+00 -1.000000e+00 -1.000000e+00 5.450000e+02 3.218955e-17 0.000000e+00 0.000000e+00 -1.000000e+00 5.412282e-18 -1.000000e+00 -9.990070e+05 5.412282e-18 2.960085e-11 1.292133e-08 -1.000000e+00 -1.000000e+00 -1.000000e+00 -1.0 0.000000e+00 3.376797e-17
-1.000000e+00 -1.000000e+00 1.065000e+03 0.000000e+00 -1.000000e+00 -1.000000e+00 0.000000e+00 2.777700e-03 -1.000000e+00 0.000000e+00 5.050000e+02 -1.000000e+00 0.000000e+00 -1.000000e+00 -1.000000e+00 1.317939e-05 -1.000000e+00 0.000000e+00 -9.990070e+05 3.000000e+00 -1.000000e+00 -1.000000e+00 7.850000e+02 2.070692e-04 0.000000e+00 0.000000e+00 -1.000000e+00 1.060340e-05 -1.000000e+00 -9.990070e+05 1.060340e-05 2.760176e-02 1.645061e-01 -1.000000e+00 -1.000000e+00 -1.000000e+00 -1.0 0.000000e+00 1.022008e-04
-1.000000e+00 -1.000000e+00 1.105000e+03 0.000000e+00 -1.000000e+00 -1.000000e+00 0.000000e+00 2.202300e-11 -1.000000e+00 0.000000e+00 1.450000e+02 -1.000000e+00 0.000000e+00 -1.000000e+00 -1.000000e+00 7.830721e-17 -1.000000e+00 0.000000e+00 -9.990070e+05 3.000000e+00 -1.000000e+00 -1.000000e+00 6.250000e+02 4.567127e-14 0.000000e+00 0.000000e+00 -1.000000e+00 5.326852e-15 -1.000000e+00 -9.990070e+05 5.326852e-15 7.464446e-09 1.384628e-06 -1.000000e+00 -1.000000e+00 -1.000000e+00 -1.0 0.000000e+00 3.566882e-14
-1.000000e+00 -1.000000e+00 1.105000e+03 0.000000e+00 -1.000000e+00 -1.000000e+00 0.000000e+00 1.440846e-01 -1.000000e+00 0.000000e+00 6.250000e+02 -1.000000e+00 0.000000e+00 -1.000000e+00 -1.000000e+00 1.183899e-02 -1.000000e+00 0.000000e+00 -9.990070e+05 3.000000e+00 -1.000000e+00 -1.000000e+00 8.650000e+02 4.369466e-02 0.000000e+00 0.000000e+00 -1.000000e+00 2.310373e-03 -1.000000e+00 -9.990070e+05 2.310373e-03 3.833027e-01 7.215591e-01 -1.000000e+00 -1.000000e+00 -1.000000e+00 -1.0 0.000000e+00 2.715086e-02
-1.000000e+00 -1.000000e+00 1.145000e+03 0.000000e+00 -1.000000e+00 -1.000000e+00 0.000000e+00 3.426853e-09 -1.000000e+00 0.000000e+00 2.650000e+02 -1.000000e+00 0.000000e+00 -1.000000e+00 -1.000000e+00 5.669507e-14 -1.000000e+00 0.000000e+00 -9.990070e+05 3.000000e+00 -1.000000e+00 -1.000000e+00 7.050000e+02 1.530375e-11 0.000000e+00 0.000000e+00 -1.000000e+00 1.357345e-12 -1.000000e+00 -9.990070e+05 1.357345e-12 5.420224e-07 4.727673e-05 -1.000000e+00 -1.000000e+00 -1.000000e+00 -1.0 0.000000e+00 9.721777e-12
-1.000000e+00 -1.000000e+00 1.145000e+03 0.000000e+00 -1.000000e+00 -1.000000e+00 0.000000e+00 5.675130e-01 -1.000000e+00 0.000000e+00 7.450000e+02 -1.000000e+00 0.000000e+00 -1.000000e+00 -1.000000e+00 2.224059e-01 -1.000000e+00 0.000000e+00 -9.990070e+05 3.000000e+00 -1.000000e+00 -1.000000e+00 9.450000e+02 3.656227e-01 0.000000e+00 0.000000e+00 -1.000000e+00 2.122509e-02 -1.000000e+00 -9.990070e+05 2.122509e-02 7.913249e-01 9.448910e-01 -1.000000e+00 -1.000000e+00 -1.000000e+00 -1.0 0.000000e+00 2.927263e-01
-1.000000e+00 -1.000000e+00 1.185000e+03 0.000000e+00 -1.000000e+00 -1.000000e+00 0.000000e+00 8.112394e-01 -1.000000e+00 0.000000e+00 8.650000e+02 -1.000000e+00 0.000000e+00 -1.000000e+00 -1.000000e+00 5.531210e-01 -1.000000e+00 0.000000e+00 -9.990070e+05 3.000000e+00 -1.000000e+00 -1.000000e+00 1.025000e+03 6.788601e-01 0.000000e+00 0.000000e+00 -1.000000e+00 4.268976e-02 -1.000000e+00 -9.990070e+05 4.268976e-02 9.231923e-01 9.832648e-01 -1.000000e+00 -1.000000e+00 -1.000000e+00 -1.0 0.000000e+00 6.165342e-01
-1.000000e+00 -1.000000e+00 1.185000e+03 0.000000e+00 -1.000000e+00 -1.000000e+00 0.000000e+00 2.714754e-06 -1.000000e+00 0.000000e+00 3.850000e+02 -1.000000e+00 0.000000e+00 -1.000000e+00 -1.000000e+00 4.861457e-10 -1.000000e+00 0.000000e+00 -9.990070e+05 3.000000e+00 -1.000000e+00 -1.000000e+00 7.850000e+02 3.973276e-08 0.000000e+00 0.000000e+00 -1.000000e+00 2.584312e-09 -1.000000e+00 -9.990070e+05 2.584312e-09 1.325921e-04 3.641560e-03 -1.000000e+00 -1.000000e+00 -1.000000e+00 -1.0 0.000000e+00 2.067454e-08
-1.000000e+00 -1.000000e+00 1.200000e+03 0.000000e+00 -1.000000e+00 -1.000000e+00 0.000000e+00 4.521816e-04 -1.000000e+00 0.000000e+00 6.000000e+01 -1.000000e+00 0.000000e+00 -1.000000e+00 -1.000000e+00 7.995005e-07 -1.000000e+00 0.000000e+00 -9.990070e+05 3.000000e+00 -1.000000e+00 -1.000000e+00 1.000000e+03 2.066349e-05 0.000000e+00 0.000000e+00 -1.000000e+00 1.109763e-06 -1.000000e+00 -9.990070e+05 1.109763e-06 7.223962e-03 6.736195e-02 -1.000000e+00 -1.000000e+00 -1.000000e+00 -1.0 0.000000e+00 1.005801e-05
-1.000000e+00 -1.000000e+00 1.200000e+03 0.000000e+00 -1.000000e+00 -1.000000e+00 0.000000e+00 4.037475e-02 -1.000000e+00 0.000000e+00 6.000000e+01 -1.000000e+00 0.000000e+00 -1.000000e+00 -1.000000e+00 1.126165e-03 -1.000000e+00 0.000000e+00 -9.990070e+05 3.000000e+00 -1.000000e+00 -1.000000e+00 1.060000e+03 7.214446e-03 0.000000e+00 0.000000e+00 -1.000000e+00 3.620261e-04 -1.000000e+00 -9.990070e+05 3.620261e-04 1.745817e-01 4.912800e-01 -1.000000e+00 -1.000000e+00 -1.000000e+00 -1.0 0.000000e+00 3.948312e-03
-1.000000e+00 -1.000000e+00 1.200000e+03 0.000000e+00 -1.000000e+00 -1.000000e+00 0.000000e+00 1.698330e-01 -1.000000e+00 0.000000e+00 6.000000e+01 -1.000000e+00 0.000000e+00 -1.000000e+00 -1.000000e+00 1.635683e-02 -1.000000e+00 0.000000e+00 -9.990070e+05 3.000000e+00 -1.000000e+00 -1.000000e+00 1.100000e+03 5.564471e-02 0.000000e+00 0.000000e+00 -1.000000e+00 2.899972e-03 -1.000000e+00 -9.990070e+05 2.899972e-03 4.215522e-01 7.518603e-01 -1.000000e+00 -1.000000e+00 -1.000000e+00 -1.0 0.000000e+00 3.500189e-02
-1.000000e+00 -1.000000e+00 1.200000e+03 0.000000e+00 -1.000000e+00 -1.000000e+00 0.000000e+00 1.560877e-01 -1.000000e+00 0.000000e+00 6.000000e+01 -1.000000e+00 0.000000e+00 -1.000000e+00 -1.000000e+00 1.384636e-02 -1.000000e+00 0.000000e+00 -9.990070e+05 3.000000e+00 -1.000000e+00 -1.000000e+00 1.100000e+02 4.913464e-02 0.000000e+00 0.000000e+00 -1.000000e+00 2.757331e-03 -1.000000e+00 -9.990070e+05 2.757331e-03 4.015530e-01 7.363498e-01 -1.000000e+00 -1.000000e+00 -1.000000e+00 -1.0 0.000000e+00 3.155017e-02
-1.000000e+00 -1.000000e+00 1.200000e+03 0.000000e+00 -1.000000e+00 -1.000000e+00 0.000000e+00 4.009781e-01 -1.000000e+00 0.000000e+00 6.000000e+01 -1.000000e+00 0.000000e+00 -1.000000e+00 -1.000000e+00 9.918869e-02 -1.000000e+00 0.000000e+00 -9.990070e+05 3.000000e+00 -1.000000e+00 -1.000000e+00 1.150000e+03 2.073253e-01 0.000000e+00 0.000000e+00 -1.000000e+00 1.138437e-02 -1.000000e+00 -9.990070e+05 1.138437e-02 6.698900e-01 8.974173e-01 -1.000000e+00 -1.000000e+00 -1.000000e+00 -1.0 0.000000e+00 1.511874e-01
-1.000000e+00 -1.000000e+00 1.200000e+03 0.000000e+00 -1.000000e+00 -1.000000e+00 0.000000e+00 4.687695e-01 -1.000000e+00 0.000000e+00 6.000000e+01 -1.000000e+00 0.000000e+00 -1.000000e+00 -1.000000e+00 1.415427e-01 -1.000000e+00 0.000000e+00 -9.990070e+05 3.000000e+00 -1.000000e+00 -1.000000e+00 1.190000e+03 2.666812e-01 0.000000e+00 0.000000e+00 -1.000000e+00 1.494788e-02 -1.000000e+00 -9.990070e+05 1.494788e-02 7.232952e-01 9.198639e-01 -1.000000e+00 -1.000000e+00 -1.000000e+00 -1.0 0.000000e+00 2.021338e-01
-1.000000e+00 -1.000000e+00 1.200000e+03 0.000000e+00 -1.000000e+00 -1.000000e+00 0.000000e+00 4.884884e-01 -1.000000e+00 0.000000e+00 6.000000e+01 -1.000000e+00 0.000000e+00 -1.000000e+00 -1.000000e+00 1.557635e-01 -1.000000e+00 0.000000e+00 -9.990070e+05 3.000000e+00 -1.000000e+00 -1.000000e+00 1.600000e+02 2.852402e-01 0.000000e+00 0.000000e+00 -1.000000e+00 1.779469e-02 -1.000000e+00 -9.990070e+05 1.779469e-02 7.377318e-01 9.254972e-01 -1.000000e+00 -1.000000e+00 -1.000000e+00 -1.0 0.000000e+00 2.240119e-01
-1.000000e+00 -1.000000e+00 1.200000e+03 0.000000e+00 -1.000000e+00 -1.000000e+00 0.000000e+00 7.325785e-02 -1.000000e+00 0.000000e+00 6.000000e+01 -1.000000e+00 0.000000e+00 -1.000000e+00 -1.000000e+00 3.294674e-03 -1.000000e+00 0.000000e+00 -9.990070e+05 3.000000e+00 -1.000000e+00 -1.000000e+00 2.600000e+02 1.654834e-02 0.000000e+00 0.000000e+00 -1.000000e+00 8.839797e-04 -1.000000e+00 -9.990070e+05 8.839797e-04 2.548391e-01 5.962545e-01 -1.000000e+00 -1.000000e+00 -1.000000e+00 -1.0 0.000000e+00 9.728595e-03
-1.000000e+00 -1.000000e+00 1.200000e+03 0.000000e+00 -1.000000e+00 -1.000000e+00 0.000000e+00 1.365193e-04 -1.000000e+00 0.000000e+00 6.000000e+01 -1.000000e+00 0.000000e+00 -1.000000e+00 -1.000000e+00 1.337467e-07 -1.000000e+00 0.000000e+00 -9.990070e+05 3.000000e+00 -1.000000e+00 -1.000000e+00 4.600000e+02 4.653159e-06 0.000000e+00 0.000000e+00 -1.000000e+00 2.729007e-07 -1.000000e+00 -9.990070e+05 2.729007e-07 2.904266e-03 3.561913e-02 -1.000000e+00 -1.000000e+00 -1.000000e+00 -1.0 0.000000e+00 2.352024e-06
-1.000000e+00 -1.000000e+00 1.200000e+03 0.000000e+00 -1.000000e+00 -1.000000e+00 0.000000e+00 1.000049e-07 -1.000000e+00 0.000000e+00 6.000000e+01 -1.000000e+00 0.000000e+00 -1.000000e+00 -1.000000e+00 5.183766e-12 -1.000000e+00 0.000000e+00 -9.990070e+05 3.000000e+00 -1.000000e+00 -1.000000e+00 6.600000e+02 7.892438e-10 0.000000e+00 0.000000e+00 -1.000000e+00 6.092082e-11 -1.000000e+00 -9.990070e+05 6.092082e-11 8.994506e-06 4.496097e-04 -1.000000e+00 -1.000000e+00 -1.000000e+00 -1.0 0.000000e+00 4.565624e-10
-1.000000e+00 -1.000000e+00 1.200000e+03 0.000000e+00 -1.000000e+00 -1.000000e+00 0.000000e+00 1.484868e-03 -1.000000e+00 0.000000e+00 6.000000e+01 -1.000000e+00 0.000000e+00 -1.000000e+00 -1.000000e+00 4.939062e-06 -1.000000e+00 0.000000e+00 -9.990070e+05 3.000000e+00 -1.000000e+00 -1.000000e+00 7.000000e+01 9.283306e-05 0.000000e+00 0.000000e+00 -1.000000e+00 5.098457e-06 -1.000000e+00 -9.990070e+05 5.098457e-06 1.749222e-02 1.222544e-01 -1.000000e+00 -1.000000e+00 -1.000000e+00 -1.0 0.000000e+00 4.705379e-05
-1.000000e+00 -1.000000e+00 1.200000e+03 0.000000e+00 -1.000000e+00 -1.000000e+00 0.000000e+00 5.348864e-08 -1.000000e+00 0.000000e+00 6.000000e+01 -1.000000e+00 0.000000e+00 -1.000000e+00 -1.000000e+00 2.224513e-12 -1.000000e+00 0.000000e+00 -9.990070e+05 3.000000e+00 -1.000000e+00 -1.000000e+00 8.600000e+02 3.782457e-10 0.000000e+00 0.000000e+00 -1.000000e+00 2.865748e-11 -1.000000e+00 -9.990070e+05 2.865748e-11 5.363414e-06 2.983927e-04 -1.000000e+00 -1.000000e+00 -1.000000e+00 -1.0 0.000000e+00 2.151049e-10
-1.000000e+00 -1.000000e+00 1.225000e+03 0.000000e+00 -1.000000e+00 -1.000000e+00 0.000000e+00 9.470768e-01 -1.000000e+00 0.000000e+00 9.850000e+02 -1.000000e+00 0.000000e+00 -1.000000e+00 -1.000000e+00 8.525839e-01 -1.000000e+00 0.000000e+00 -9.990070e+05 3.000000e+00 -1.000000e+00 -1.000000e+00 1.105000e+03 9.021219e-01 0.000000e+00 0.000000e+00 -1.000000e+00 6.271260e-02 -1.000000e+00 -9.990070e+05 6.271260e-02 9.802765e-01 9.960812e-01 -1.000000e+00 -1.000000e+00 -1.000000e+00 -1.0 0.000000e+00 8.792888e-01
-1.000000e+00 -1.000000e+00 1.225000e+03 0.000000e+00 -1.000000e+00 -1.000000e+00 0.000000e+00 5.637387e-06 -1.000000e+00 0.000000e+00 2.500000e+01 -1.000000e+00 0.000000e+00 -1.000000e+00 -1.000000e+00 1.356110e-09 -1.000000e+00 0.000000e+00 -9.990070e+05 3.000000e+00 -1.000000e+00 -1.000000e+00 6.250000e+02 9.556770e-08 0.000000e+00 0.000000e+00 -1.000000e+00 6.248326e-09 -1.000000e+00 -9.990070e+05 6.248326e-09 2.381941e-04 5.678923e-03 -1.000000e+00 -1.000000e+00 -1.000000e+00 -1.0 0.000000e+00 5.022666e-08
-1.000000e+00 -1.000000e+00 1.225000e+03 0.000000e+00 -1.000000e+00 -1.000000e+00 0.000000e+00 8.060117e-04 -1.000000e+00 0.000000e+00 5.050000e+02 -1.000000e+00 0.000000e+00 -1.000000e+00 -1.000000e+00 1.925351e-06 -1.000000e+00 0.000000e+00 -9.990070e+05 3.000000e+00 -1.000000e+00 -1.000000e+00 8.650000e+02 4.276252e-05 0.000000e+00 0.000000e+00 -1.000000e+00 2.260984e-06 -1.000000e+00 -9.990070e+05 2.260984e-06 1.113517e-02 9.045000e-02 -1.000000e+00 -1.000000e+00 -1.000000e+00 -1.0 0.000000e+00 2.085855e-05
-1.000000e+00 -1.000000e+00 1.265000e+03 0.000000e+00 -1.000000e+00 -1.000000e+00 0.000000e+00 4.019249e-05 -1.000000e+00 0.000000e+00 1.450000e+02 -1.000000e+00 0.000000e+00 -1.000000e+00 -1.000000e+00 2.240039e-08 -1.000000e+00 0.000000e+00 -9.990070e+05 3.000000e+00 -1.000000e+00 -1.000000e+00 7.050000e+02 1.034966e-06 0.000000e+00 0.000000e+00 -1.000000e+00 6.260809e-08 -1.000000e+00 -9.990070e+05 6.260809e-08 1.125575e-03 1.799550e-02 -1.000000e+00 -1.000000e+00 -1.000000e+00 -1.0 0.000000e+00 5.255403e-07
-1.000000e+00 -1.000000e+00 1.265000e+03 0.000000e+00 -1.000000e+00 -1.000000e+00 0.000000e+00 3.994520e-02 -1.000000e+00 0.000000e+00 6.250000e+02 -1.000000e+00 0.000000e+00 -1.000000e+00 -1.000000e+00 1.105079e-03 -1.000000e+00 0.000000e+00 -9.990070e+05 3.000000e+00 -1.000000e+00 -1.000000e+00 9.450000e+02 7.108966e-03 0.000000e+00 0.000000e+00 -1.000000e+00 3.556880e-04 -1.000000e+00 -9.990070e+05 3.556880e-04 1.733764e-01 4.894777e-01 -1.000000e+00 -1.000000e+00 -1.000000e+00 -1.0 0.000000e+00 3.882185e-03
-1.000000e+00 -1.000000e+00 1.305000e+03 0.000000e+00 -1.000000e+00 -1.000000e+00 0.000000e+00 3.139231e-01 -1.000000e+00 0.000000e+00 7.450000e+02 -1.000000e+00 0.000000e+00 -1.000000e+00 -1.000000e+00 5.798178e-02 -1.000000e+00 0.000000e+00 -9.990070e+05 3.000000e+00 -1.000000e+00 -1.000000e+00 1.025000e+03 1.410198e-01 0.000000e+00 0.000000e+00 -1.000000e+00 7.612827e-03 -1.000000e+00 -9.990070e+05 7.612827e-03 5.909560e-01 8.591857e-01 -1.000000e+00 -1.000000e+00 -1.000000e+00 -1.0 0.000000e+00 9.783586e-02
-1.000000e+00 -1.000000e+00 1.305000e+03 0.000000e+00 -1.000000e+00 -1.000000e+00 0.000000e+00 2.352800e-04 -1.000000e+00 0.000000e+00 2.650000e+02 -1.000000e+00 0.000000e+00 -1.000000e+00 -1.000000e+00 2.999111e-07 -1.000000e+00 0.000000e+00 -9.990070e+05 3.000000e+00 -1.000000e+00 -1.000000e+00 7.850000e+02 9.139582e-06 0.000000e+00 0.000000e+00 -1.000000e+00 5.112642e-07 -1.000000e+00 -9.990070e+05 5.112642e-07 4.404474e-03 4.778286e-02 -1.000000e+00 -1.000000e+00 -1.000000e+00 -1.0 0.000000e+00 4.514907e-06
-1.000000e+00 -1.000000e+00 1.345000e+03 0.000000e+00 -1.000000e+00 -1.000000e+00 0.000000e+00 6.919785e-01 -1.000000e+00 0.000000e+00 8.650000e+02 -1.000000e+00 0.000000e+00 -1.000000e+00 -1.000000e+00 3.641151e-01 -1.000000e+00 0.000000e+00 -9.990070e+05 3.000000e+00 -1.000000e+00 -1.000000e+00 1.105000e+03 5.126298e-01 0.000000e+00 0.000000e+00 -1.000000e+00 3.071331e-02 -1.000000e+00 -9.990070e+05 3.071331e-02 8.641180e-01 9.676380e-01 -1.000000e+00 -1.000000e+00 -1.000000e+00 -1.0 0.000000e+00 4.374590e-01
-1.000000e+00 -1.000000e+00 1.345000e+03 0.000000e+00 -1.000000e+00 -1.000000e+00 0.000000e+00 2.825762e-03 -1.000000e+00 0.000000e+00 3.850000e+02 -1.000000e+00 0.000000e+00 -1.000000e+00 -1.000000e+00 1.354185e-05 -1.000000e+00 0.000000e+00 -9.990070e+05 3.000000e+00 -1.000000e+00 -1.000000e+00 8.650000e+02 2.116952e-04 0.000000e+00 0.000000e+00 -1.000000e+00 1.093502e-05 -1.000000e+00 -9.990070e+05 1.093502e-05 2.794582e-02 1.658187e-01 -1.000000e+00 -1.000000e+00 -1.000000e+00 -1.0 0.000000e+00 1.050940e-04
-1.000000e+00 -1.000000e+00 1.385000e+03 0.000000e+00 -1.000000e+00 -1.000000e+00 0.000000e+00 8.442515e-01 -1.000000e+00 0.000000e+00 9.850000e+02 -1.000000e+00 0.000000e+00 -1.000000e+00 -1.000000e+00 6.166812e-01 -1.000000e+00 0.000000e+00 -9.990070e+05 3.000000e+00 -1.000000e+00 -1.000000e+00 1.185000e+03 7.296253e-01 0.000000e+00 0.000000e+00 -1.000000e+00 4.598761e-02 -1.000000e+00 -9.990070e+05 4.598761e-02 9.379855e-01 9.867982e-01 -1.000000e+00 -1.000000e+00 -1.000000e+00 -1.0 0.000000e+00 6.733679e-01
-1.000000e+00 -1.000000e+00 1.385000e+03 0.000000e+00 -1.000000e+00 -1.000000e+00 0.000000e+00 2.012662e-02 -1.000000e+00 0.000000e+00 2.500000e+01 -1.000000e+00 0.000000e+00 -1.000000e+00 -1.000000e+00 3.367891e-04 -1.000000e+00 0.000000e+00 -9.990070e+05 3.000000e+00 -1.000000e+00 -1.000000e+00 7.050000e+02 2.796721e-03 0.000000e+00 0.000000e+00 -1.000000e+00 1.408754e-04 -1.000000e+00 -9.990070e+05 1.408754e-04 1.102462e-01 3.816598e-01 -1.000000e+00 -1.000000e+00 -1.000000e+00 -1.0 0.000000e+00 1.474925e-03
-1.000000e+00 -1.000000e+00 1.385000e+03 0.000000e+00 -1.000000e+00 -1.000000e+00 0.000000e+00 1.860954e-02 -1.000000e+00 0.000000e+00 5.050000e+02 -1.000000e+00 0.000000e+00 -1.000000e+00 -1.000000e+00 2.947830e-04 -1.000000e+00 0.000000e+00 -9.990070e+05 3.000000e+00 -1.000000e+00 -1.000000e+00 9.450000e+02 2.516942e-03 0.000000e+00 0.000000e+00 -1.000000e+00 1.247890e-04 -1.000000e+00 -9.990070e+05 1.247890e-04 1.045779e-01 3.703722e-01 -1.000000e+00 -1.000000e+00 -1.000000e+00 -1.0 0.000000e+00 1.310889e-03
-1.000000e+00 -1.000000e+00 1.400000e+03 0.000000e+00 -1.000000e+00 -1.000000e+00 0.000000e+00 2.085804e-02 -1.000000e+00 0.000000e+00 6.000000e+01 -1.000000e+00 0.000000e+00 -1.000000e+00 -1.000000e+00 3.579172e-04 -1.000000e+00 0.000000e+00 -9.990070e+05 3.000000e+00 -1.000000e+00 -1.000000e+00 1.060000e+03 2.934499e-03 0.000000e+00 0.000000e+00 -1.000000e+00 1.456647e-04 -1.000000e+00 -9.990070e+05 1.456647e-04 1.129215e-01 3.868750e-01 -1.000000e+00 -1.000000e+00 -1.000000e+00 -1.0 0.000000e+00 1.538143e-03
-1.000000e+00 -1.000000e+00 1.400000e+03 0.000000e+00 -1.000000e+00 -1.000000e+00 0.000000e+00 6.384346e-01 -1.000000e+00 0.000000e+00 6.000000e+01 -1.000000e+00 0.000000e+00 -1.000000e+00 -1.000000e+00 2.970426e-01 -1.000000e+00 0.000000e+00 -9.990070e+05 3.000000e+00 -1.000000e+00 -1.000000e+00 1.100000e+02 4.462252e-01 0.000000e+00 0.000000e+00 -1.000000e+00 2.676652e-02 -1.000000e+00 -9.990070e+05 2.676652e-02 8.343579e-01 9.588187e-01 -1.000000e+00 -1.000000e+00 -1.000000e+00 -1.0 0.000000e+00 3.715102e-01
-1.000000e+00 -1.000000e+00 1.400000e+03 0.000000e+00 -1.000000e+00 -1.000000e+00 0.000000e+00 2.504056e-01 -1.000000e+00 0.000000e+00 6.000000e+01 -1.000000e+00 0.000000e+00 -1.000000e+00 -1.000000e+00 3.596151e-02 -1.000000e+00 0.000000e+00 -9.990070e+05 3.000000e+00 -1.000000e+00 -1.000000e+00 1.200000e+03 9.960431e-02 0.000000e+00 0.000000e+00 -1.000000e+00 5.258211e-03 -1.000000e+00 -9.990070e+05 5.258211e-03 5.237246e-01 8.211963e-01 -1.000000e+00 -1.000000e+00 -1.000000e+00 -1.0 0.000000e+00 6.621027e-02
-1.000000e+00 -1.000000e+00 1.400000e+03 0.000000e+00 -1.000000e+00 -1.000000e+00 0.000000e+00 5.117417e-01 -1.000000e+00 0.000000e+00 6.000000e+01 -1.000000e+00 0.000000e+00 -1.000000e+00 -1.000000e+00 1.737212e-01 -1.000000e+00 0.000000e+00 -9.990070e+05 3.000000e+00 -1.000000e+00 -1.000000e+00 1.260000e+03 3.078873e-01 0.000000e+00 0.000000e+00 -1.000000e+00 1.740536e-02 -1.000000e+00 -9.990070e+05 1.740536e-02 7.541839e-01 9.317014e-01 -1.000000e+00 -1.000000e+00 -1.000000e+00 -1.0 0.000000e+00 2.387101e-01
-1.000000e+00 -1.000000e+00 1.400000e+03 0.000000e+00 -1.000000e+00 -1.000000e+00 0.000000e+00 6.841300e-01 -1.000000e+00 0.000000e+00 6.000000e+01 -1.000000e+00 0.000000e+00 -1.000000e+00 -1.000000e+00 3.536571e-01 -1.000000e+00 0.000000e+00 -9.990070e+05 3.000000e+00 -1.000000e+00 -1.000000e+00 1.300000e+03 5.025887e-01 0.000000e+00 0.000000e+00 -1.000000e+00 3.009011e-02 -1.000000e+00 -9.990070e+05 3.009011e-02 8.598913e-01 9.664248e-01 -1.000000e+00 -1.000000e+00 -1.000000e+00 -1.0 0.000000e+00 4.272679e-01
-1.000000e+00 -1.000000e+00 1.400000e+03 0.000000e+00 -1.000000e+00 -1.000000e+00 0.000000e+00 8.004140e-01 -1.000000e+00 0.000000e+00 6.000000e+01 -1.000000e+00 0.000000e+00 -1.000000e+00 -1.000000e+00 5.334265e-01 -1.000000e+00 0.000000e+00 -9.990070e+05 3.000000e+00 -1.000000e+00 -1.000000e+00 1.350000e+03 6.626770e-01 0.000000e+00 0.000000e+00 -1.000000e+00 4.115404e-02 -1.000000e+00 -9.990070e+05 4.115404e-02 9.182029e-01 9.820392e-01 -1.000000e+00 -1.000000e+00 -1.000000e+00 -1.0 0.000000e+00 5.979952e-01
-1.000000e+00 -1.000000e+00 1.400000e+03 0.000000e+00 -1.000000e+00 -1.000000e+00 0.000000e+00 8.196349e-01 -1.000000e+00 0.000000e+00 6.000000e+01 -1.000000e+00 0.000000e+00 -1.000000e+00 -1.000000e+00 5.687779e-01 -1.000000e+00 0.000000e+00 -9.990070e+05 3.000000e+00 -1.000000e+00 -1.000000e+00 1.390000e+03 6.915671e-01 0.000000e+00 0.000000e+00 -1.000000e+00 4.327488e-02 -1.000000e+00 -9.990070e+05 4.327488e-02 9.270141e-01 9.841920e-01 -1.000000e+00 -1.000000e+00 -1.000000e+00 -1.0 0.000000e+00 6.303088e-01
-1.000000e+00 -1.000000e+00 1.400000e+03 0.000000e+00 -1.000000e+00 -1.000000e+00 0.000000e+00 8.329589e-01 -1.000000e+00 0.000000e+00 6.000000e+01 -1.000000e+00 0.000000e+00 -1.000000e+00 -1.000000e+00 5.943306e-01 -1.000000e+00 0.000000e+00 -9.990070e+05 3.000000e+00 -1.000000e+00 -1.000000e+00 1.600000e+02 7.120174e-01 0.000000e+00 0.000000e+00 -1.000000e+00 4.908061e-02 -1.000000e+00 -9.990070e+05 4.908061e-02 9.329955e-01 9.856230e-01 -1.000000e+00 -1.000000e+00 -1.000000e+00 -1.0 0.000000e+00 6.586175e-01
-1.000000e+00 -1.000000e+00 1.400000e+03 0.000000e+00 -1.000000e+00 -1.000000e+00 0.000000e+00 5.688609e-01 -1.000000e+00 0.000000e+00 6.000000e+01 -1.000000e+00 0.000000e+00 -1.000000e+00 -1.000000e+00 2.236862e-01 -1.000000e+00 0.000000e+00 -9.990070e+05 3.000000e+00 -1.000000e+00 -1.000000e+00 2.600000e+02 3.670788e-01 0.000000e+00 0.000000e+00 -1.000000e+00 2.143624e-02 -1.000000e+00 -9.990070e+05 2.143624e-02 7.921847e-01 9.451833e-01 -1.000000e+00 -1.000000e+00 -1.000000e+00 -1.0 0.000000e+00 2.944370e-01
-1.000000e+00 -1.000000e+00 1.400000e+03 0.000000e+00 -1.000000e+00 -1.000000e+00 0.000000e+00 1.951379e-01 -1.000000e+00 0.000000e+00 6.000000e+01 -1.000000e+00 0.000000e+00 -1.000000e+00 -1.000000e+00 2.159035e-02 -1.000000e+00 0.000000e+00 -9.990070e+05 3.000000e+00 -1.000000e+00 -1.000000e+00 4.600000e+02 6.839623e-02 0.000000e+00 0.000000e+00 -1.000000e+00 3.597694e-03 -1.000000e+00 -9.990070e+05 3.597694e-03 4.561685e-01 7.771097e-01 -1.000000e+00 -1.000000e+00 -1.000000e+00 -1.0 0.000000e+00 4.390601e-02
-1.000000e+00 -1.000000e+00 1.400000e+03 0.000000e+00 -1.000000e+00 -1.000000e+00 0.000000e+00 4.821995e-02 -1.000000e+00 0.000000e+00 6.000000e+01 -1.000000e+00 0.000000e+00 -1.000000e+00 -1.000000e+00 1.544029e-03 -1.000000e+00 0.000000e+00 -9.990070e+05 3.000000e+00 -1.000000e+00 -1.000000e+00 6.600000e+02 9.220716e-03 0.000000e+00 0.000000e+00 -1.000000e+00 4.641524e-04 -1.000000e+00 -9.990070e+05 4.641524e-04 1.957281e-01 5.216712e-01 -1.000000e+00 -1.000000e+00 -1.000000e+00 -1.0 0.000000e+00 5.113008e-03
-1.000000e+00 -1.000000e+00 1.400000e+03 0.000000e+00 -1.000000e+00 -1.000000e+00 0.000000e+00 2.167990e-01 -1.000000e+00 0.000000e+00 6.000000e+01 -1.000000e+00 0.000000e+00 -1.000000e+00 -1.000000e+00 2.672659e-02 -1.000000e+00 0.000000e+00 -9.990070e+05 3.000000e+00 -1.000000e+00 -1.000000e+00 7.000000e+01 8.008494e-02 0.000000e+00 0.000000e+00 -1.000000e+00 4.242921e-03 -1.000000e+00 -9.990070e+05 4.242921e-03 4.838344e-01 7.959469e-01 -1.000000e+00 -1.000000e+00 -1.000000e+00 -1.0 0.000000e+00 5.225002e-02
-1.000000e+00 -1.000000e+00 1.400000e+03 0.000000e+00 -1.000000e+00 -1.000000e+00 0.000000e+00 1.179686e-02 -1.000000e+00 0.000000e+00 6.000000e+01 -1.000000e+00 0.000000e+00 -1.000000e+00 -1.000000e+00 1.370944e-04 -1.000000e+00 0.000000e+00 -9.990070e+05 3.000000e+00 -1.000000e+00 -1.000000e+00 8.600000e+02 1.369462e-03 0.000000e+00 0.000000e+00 -1.000000e+00 6.898896e-05 -1.000000e+00 -9.990070e+05 6.898896e-05 7.664706e-02 3.092066e-01 -1.000000e+00 -1.000000e+00 -1.000000e+00 -1.0 0.000000e+00 7.046772e-04
-1.000000e+00 -1.000000e+00 1.425000e+03 0.000000e+00 -1.000000e+00 -1.000000e+00 0.000000e+00 7.842815e-02 -1.000000e+00 0.000000e+00 6.250000e+02 -1.000000e+00 0.000000e+00 -1.000000e+00 -1.000000e+00 3.736129e-03 -1.000000e+00 0.000000e+00 -9.990070e+05 3.000000e+00 -1.000000e+00 -1.000000e+00 1.025000e+03 1.822272e-02 0.000000e+00 0.000000e+00 -1.000000e+00 9.192024e-04 -1.000000e+00 -9.990070e+05 9.192024e-04 2.658401e-01 6.087301e-01 -1.000000e+00 -1.000000e+00 -1.000000e+00 -1.0 0.000000e+00 1.048564e-02
-1.000000e+00 -1.000000e+00 1.425000e+03 0.000000e+00 -1.000000e+00 -1.000000e+00 0.000000e+00 3.648000e-02 -1.000000e+00 0.000000e+00 1.450000e+02 -1.000000e+00 0.000000e+00 -1.000000e+00 -1.000000e+00 9.418065e-04 -1.000000e+00 0.000000e+00 -9.990070e+05 3.000000e+00 -1.000000e+00 -1.000000e+00 7.850000e+02 6.275351e-03 0.000000e+00 0.000000e+00 -1.000000e+00 3.150309e-04 -1.000000e+00 -9.990070e+05 3.150309e-04 1.634508e-01 4.743241e-01 -1.000000e+00 -1.000000e+00 -1.000000e+00 -1.0 0.000000e+00 3.413557e-03
-1.000000e+00 -1.000000e+00 1.465000e+03 0.000000e+00 -1.000000e+00 -1.000000e+00 0.000000e+00 2.359695e-01 -1.000000e+00 0.000000e+00 7.450000e+02 -1.000000e+00 0.000000e+00 -1.000000e+00 -1.000000e+00 3.180055e-02 -1.000000e+00 0.000000e+00 -9.990070e+05 3.000000e+00 -1.000000e+00 -1.000000e+00 1.105000e+03 9.101480e-02 0.000000e+00 0.000000e+00 -1.000000e+00 4.792074e-03 -1.000000e+00 -9.990070e+05 4.792074e-03 5.070061e-01 8.108767e-01 -1.000000e+00 -1.000000e+00 -1.000000e+00 -1.0 0.000000e+00 5.993318e-02
-1.000000e+00 -1.000000e+00 1.465000e+03 0.000000e+00 -1.000000e+00 -1.000000e+00 0.000000e+00 7.086486e-02 -1.000000e+00 0.000000e+00 2.650000e+02 -1.000000e+00 0.000000e+00 -1.000000e+00 -1.000000e+00 3.099698e-03 -1.000000e+00 0.000000e+00 -9.990070e+05 3.000000e+00 -1.000000e+00 -1.000000e+00 8.650000e+02 1.579129e-02 0.000000e+00 0.000000e+00 -1.000000e+00 7.968586e-04 -1.000000e+00 -9.990070e+05 7.968586e-04 2.496274e-01 5.902052e-01 -1.000000e+00 -1.000000e+00 -1.000000e+00 -1.0 0.000000e+00 9.014860e-03
-1.000000e+00 -1.000000e+00 1.505000e+03 0.000000e+00 -1.000000e+00 -1.000000e+00 0.000000e+00 5.405482e-01 -1.000000e+00 0.000000e+00 8.650000e+02 -1.000000e+00 0.000000e+00 -1.000000e+00 -1.000000e+00 1.978415e-01 -1.000000e+00 0.000000e+00 -9.990070e+05 3.000000e+00 -1.000000e+00 -1.000000e+00 1.185000e+03 3.371000e-01 0.000000e+00 0.000000e+00 -1.000000e+00 1.926268e-02 -1.000000e+00 -9.990070e+05 1.926268e-02 7.737587e-01 9.387915e-01 -1.000000e+00 -1.000000e+00 -1.000000e+00 -1.0 0.000000e+00 2.655986e-01
-1.000000e+00 -1.000000e+00 1.505000e+03 0.000000e+00 -1.000000e+00 -1.000000e+00 0.000000e+00 1.337788e-01 -1.000000e+00 0.000000e+00 3.850000e+02 -1.000000e+00 0.000000e+00 -1.000000e+00 -1.000000e+00 1.024975e-02 -1.000000e+00 0.000000e+00 -9.990070e+05 3.000000e+00 -1.000000e+00 -1.000000e+00 9.450000e+02 3.920950e-02 0.000000e+00 0.000000e+00 -1.000000e+00 2.014011e-03 -1.000000e+00 -9.990070e+05 2.014011e-03 3.669850e-01 7.077880e-01 -1.000000e+00 -1.000000e+00 -1.000000e+00 -1.0 0.000000e+00 2.388561e-02
-1.000000e+00 -1.000000e+00 1.545000e+03 0.000000e+00 -1.000000e+00 -1.000000e+00 0.000000e+00 2.269277e-01 -1.000000e+00 0.000000e+00 5.050000e+02 -1.000000e+00 0.000000e+00 -1.000000e+00 -1.000000e+00 2.934424e-02 -1.000000e+00 0.000000e+00 -9.990070e+05 3.000000e+00 -1.000000e+00 -1.000000e+00 1.025000e+03 8.579169e-02 0.000000e+00 0.000000e+00 -1.000000e+00 4.488560e-03 -1.000000e+00 -9.990070e+05 4.488560e-03 4.962212e-01 8.040206e-01 -1.000000e+00 -1.000000e+00 -1.000000e+00 -1.0 0.000000e+00 5.605925e-02
-1.000000e+00 -1.000000e+00 1.545000e+03 0.000000e+00 -1.000000e+00 -1.000000e+00 0.000000e+00 7.480496e-01 -1.000000e+00 0.000000e+00 9.850000e+02 -1.000000e+00 0.000000e+00 -1.000000e+00 -1.000000e+00 4.456106e-01 -1.000000e+00 0.000000e+00 -9.990070e+05 3.000000e+00 -1.000000e+00 -1.000000e+00 1.265000e+03 5.875338e-01 0.000000e+00 0.000000e+00 -1.000000e+00 3.595069e-02 -1.000000e+00 -9.990070e+05 3.595069e-02 8.930511e-01 9.755983e-01 -1.000000e+00 -1.000000e+00 -1.000000e+00 -1.0 0.000000e+00 5.162881e-01
-1.000000e+00 -1.000000e+00 1.545000e+03 0.000000e+00 -1.000000e+00 -1.000000e+00 0.000000e+00 2.850523e-01 -1.000000e+00 0.000000e+00 2.500000e+01 -1.000000e+00 0.000000e+00 -1.000000e+00 -1.000000e+00 4.719727e-02 -1.000000e+00 0.000000e+00 -9.990070e+05 3.000000e+00 -1.000000e+00 -1.000000e+00 7.850000e+02 1.214661e-01 0.000000e+00 0.000000e+00 -1.000000e+00 6.464115e-03 -1.000000e+00 -9.990070e+05 6.464115e-03 5.615765e-01 8.432472e-01 -1.000000e+00 -1.000000e+00 -1.000000e+00 -1.0 0.000000e+00 8.257146e-02
-1.000000e+00 -1.000000e+00 1.585000e+03 0.000000e+00 -1.000000e+00 -1.000000e+00 0.000000e+00 3.336883e-01 -1.000000e+00 0.000000e+00 6.250000e+02 -1.000000e+00 0.000000e+00 -1.000000e+00 -1.000000e+00 6.615419e-02 -1.000000e+00 0.000000e+00 -9.990070e+05 3.000000e+00 -1.000000e+00 -1.000000e+00 1.105000e+03 1.551051e-01 0.000000e+00 0.000000e+00 -1.000000e+00 8.352148e-03 -1.000000e+00 -9.990070e+05 8.352148e-03 6.100683e-01 8.690362e-01 -1.000000e+00 -1.000000e+00 -1.000000e+00 -1.0 0.000000e+00 1.086521e-01
-1.000000e+00 -1.000000e+00 1.585000e+03 0.000000e+00 -1.000000e+00 -1.000000e+00 0.000000e+00 3.358082e-01 -1.000000e+00 0.000000e+00 1.450000e+02 -1.000000e+00 0.000000e+00 -1.000000e+00 -1.000000e+00 6.707016e-02 -1.000000e+00 0.000000e+00 -9.990070e+05 3.000000e+00 -1.000000e+00 -1.000000e+00 8.650000e+02 1.566496e-01 0.000000e+00 0.000000e+00 -1.000000e+00 8.476862e-03 -1.000000e+00 -9.990070e+05 8.476862e-03 6.120732e-01 8.700467e-01 -1.000000e+00 -1.000000e+00 -1.000000e+00 -1.0 0.000000e+00 1.100241e-01
-1.000000e+00 -1.000000e+00 1.600000e+03 0.000000e+00 -1.000000e+00 -1.000000e+00 0.000000e+00 3.165779e-01 -1.000000e+00 0.000000e+00 6.000000e+01 -1.000000e+00 0.000000e+00 -1.000000e+00 -1.000000e+00 5.904137e-02 -1.000000e+00 0.000000e+00 -9.990070e+05 3.000000e+00 -1.000000e+00 -1.000000e+00 1.060000e+03 1.428787e-01 0.000000e+00 0.000000e+00 -1.000000e+00 7.664458e-03 -1.000000e+00 -9.990070e+05 7.664458e-03 5.935683e-01 8.605556e-01 -1.000000e+00 -1.000000e+00 -1.000000e+00 -1.0 0.000000e+00 9.906458e-02
-1.000000e+00 -1.000000e+00 1.600000e+03 0.000000e+00 -1.000000e+00 -1.000000e+00 0.000000e+00 8.734907e-01 -1.000000e+00 0.000000e+00 6.000000e+01 -1.000000e+00 0.000000e+00 -1.000000e+00 -1.000000e+00 6.776363e-01 -1.000000e+00 0.000000e+00 -9.990070e+05 3.000000e+00 -1.000000e+00 -1.000000e+00 1.100000e+02 7.764131e-01 0.000000e+00 0.000000e+00 -1.000000e+00 5.086838e-02 -1.000000e+00 -9.990070e+05 5.086838e-02 9.505767e-01 9.896882e-01 -1.000000e+00 -1.000000e+00 -1.000000e+00 -1.0 0.000000e+00 7.287498e-01
-1.000000e+00 -1.000000e+00 1.600000e+03 0.000000e+00 -1.000000e+00 -1.000000e+00 0.000000e+00 4.243536e-01 -1.000000e+00 0.000000e+00 6.000000e+01 -1.000000e+00 0.000000e+00 -1.000000e+00 -1.000000e+00 1.126992e-01 -1.000000e+00 0.000000e+00 -9.990070e+05 3.000000e+00 -1.000000e+00 -1.000000e+00 1.260000e+03 2.270203e-01 0.000000e+00 0.000000e+00 -1.000000e+00 1.257535e-02 -1.000000e+00 -9.990070e+05 1.257535e-02 6.890080e-01 9.057515e-01 -1.000000e+00 -1.000000e+00 -1.000000e+00 -1.0 0.000000e+00 1.678796e-01
-1.000000e+00 -1.000000e+00 1.600000e+03 0.000000e+00 -1.000000e+00 -1.000000e+00 0.000000e+00 7.149564e-01 -1.000000e+00 0.000000e+00 6.000000e+01 -1.000000e+00 0.000000e+00 -1.000000e+00 -1.000000e+00 3.960409e-01 -1.000000e+00 0.000000e+00 -9.990070e+05 3.000000e+00 -1.000000e+00 -1.000000e+00 1.400000e+03 5.426477e-01 0.000000e+00 0.000000e+00 -1.000000e+00 3.282886e-02 -1.000000e+00 -9.990070e+05 3.282886e-02 8.762378e-01 9.710451e-01 -1.000000e+00 -1.000000e+00 -1.000000e+00 -1.0 0.000000e+00 4.687631e-01
-1.000000e+00 -1.000000e+00 1.600000e+03 0.000000e+00 -1.000000e+00 -1.000000e+00 0.000000e+00 8.434539e-01 -1.000000e+00 0.000000e+00 6.000000e+01 -1.000000e+00 0.000000e+00 -1.000000e+00 -1.000000e+00 6.150814e-01 -1.000000e+00 0.000000e+00 -9.990070e+05 3.000000e+00 -1.000000e+00 -1.000000e+00 1.460000e+03 7.283733e-01 0.000000e+00 0.000000e+00 -1.000000e+00 4.599816e-02 -1.000000e+00 -9.990070e+05 4.599816e-02 9.376354e-01 9.867163e-01 -1.000000e+00 -1.000000e+00 -1.000000e+00 -1.0 0.000000e+00 6.720581e-01
-1.000000e+00 -1.000000e+00 1.600000e+03 0.000000e+00 -1.000000e+00 -1.000000e+00 0.000000e+00 8.960654e-01 -1.000000e+00 0.000000e+00 6.000000e+01 -1.000000e+00 0.000000e+00 -1.000000e+00 -1.000000e+00 7.278939e-01 -1.000000e+00 0.000000e+00 -9.990070e+05 3.000000e+00 -1.000000e+00 -1.000000e+00 1.500000e+03 8.137439e-01 0.000000e+00 0.000000e+00 -1.000000e+00 5.230332e-02 -1.000000e+00 -9.990070e+05 5.230332e-02 9.599831e-01 9.917772e-01 -1.000000e+00 -1.000000e+00 -1.000000e+00 -1.0 0.000000e+00 7.712980e-01
-1.000000e+00 -1.000000e+00 1.600000e+03 0.000000e+00 -1.000000e+00 -1.000000e+00 0.000000e+00 9.410061e-01 -1.000000e+00 0.000000e+00 6.000000e+01 -1.000000e+00 0.000000e+00 -1.000000e+00 -1.000000e+00 8.368921e-01 -1.000000e+00 0.000000e+00 -9.990070e+05 3.000000e+00 -1.000000e+00 -1.000000e+00 1.550000e+03 8.913045e-01 0.000000e+00 0.000000e+00 -1.000000e+00 6.145773e-02 -1.000000e+00 -9.990070e+05 6.145773e-02 9.779292e-01 9.955975e-01 -1.000000e+00 -1.000000e+00 -1.000000e+00 -1.0 0.000000e+00 8.660354e-01
-1.000000e+00 -1.000000e+00 1.600000e+03 0.000000e+00 -1.000000e+00 -1.000000e+00 0.000000e+00 9.443299e-01 -1.000000e+00 0.000000e+00 6.000000e+01 -1.000000e+00 0.000000e+00 -1.000000e+00 -1.000000e+00 8.454538e-01 -1.000000e+00 0.000000e+00 -9.990070e+05 3.000000e+00 -1.000000e+00 -1.000000e+00 1.590000e+03 8.972169e-01 0.000000e+00 0.000000e+00 -1.000000e+00 6.182101e-02 -1.000000e+00 -9.990070e+05 6.182101e-02 9.792166e-01 9.958632e-01 -1.000000e+00 -1.000000e+00 -1.000000e+00 -1.0 0.000000e+00 8.731403e-01
-1.000000e+00 -1.000000e+00 1.600000e+03 0.000000e+00 -1.000000e+00 -1.000000e+00 0.000000e+00 9.446555e-01 -1.000000e+00 0.000000e+00 6.000000e+01 -1.000000e+00 0.000000e+00 -1.000000e+00 -1.000000e+00 8.462966e-01 -1.000000e+00 0.000000e+00 -9.990070e+05 3.000000e+00 -1.000000e+00 -1.000000e+00 1.600000e+02 8.977975e-01 0.000000e+00 0.000000e+00 -1.000000e+00 7.209379e-02 -1.000000e+00 -9.990070e+05 7.209379e-02 9.793425e-01 9.958891e-01 -1.000000e+00 -1.000000e+00 -1.000000e+00 -1.0 0.000000e+00 8.779101e-01
-1.000000e+00 -1.000000e+00 1.600000e+03 0.000000e+00 -1.000000e+00 -1.000000e+00 0.000000e+00 8.533635e-01 -1.000000e+00 0.000000e+00 6.000000e+01 -1.000000e+00 0.000000e+00 -1.000000e+00 -1.000000e+00 6.351924e-01 -1.000000e+00 0.000000e+00 -9.990070e+05 3.000000e+00 -1.000000e+00 -1.000000e+00 2.600000e+02 7.440196e-01 0.000000e+00 0.000000e+00 -1.000000e+00 4.791582e-02 -1.000000e+00 -9.990070e+05 4.791582e-02 9.419598e-01 9.877220e-01 -1.000000e+00 -1.000000e+00 -1.000000e+00 -1.0 0.000000e+00 6.908328e-01
-1.000000e+00 -1.000000e+00 1.600000e+03 0.000000e+00 -1.000000e+00 -1.000000e+00 0.000000e+00 7.009538e-01 -1.000000e+00 0.000000e+00 6.000000e+01 -1.000000e+00 0.000000e+00 -1.000000e+00 -1.000000e+00 3.763506e-01 -1.000000e+00 0.000000e+00 -9.990070e+05 3.000000e+00 -1.000000e+00 -1.000000e+00 4.600000e+02 5.242444e-01 0.000000e+00 0.000000e+00 -1.000000e+00 3.149012e-02 -1.000000e+00 -9.990070e+05 3.149012e-02 8.688968e-01 9.689940e-01 -1.000000e+00 -1.000000e+00 -1.000000e+00 -1.0 0.000000e+00 4.494334e-01
-1.000000e+00 -1.000000e+00 1.600000e+03 0.000000e+00 -1.000000e+00 -1.000000e+00 0.000000e+00 5.190012e-01 -1.000000e+00 0.000000e+00 6.000000e+01 -1.000000e+00 0.000000e+00 -1.000000e+00 -1.000000e+00 1.796000e-01 -1.000000e+00 0.000000e+00 -9.990070e+05 3.000000e+00 -1.000000e+00 -1.000000e+00 6.600000e+02 3.151278e-01 0.000000e+00 0.000000e+00 -1.000000e+00 1.792790e-02 -1.000000e+00 -9.990070e+05 1.792790e-02 7.591989e-01 9.335477e-01 -1.000000e+00 -1.000000e+00 -1.000000e+00 -1.0 0.000000e+00 2.455255e-01
-1.000000e+00 -1.000000e+00 1.600000e+03 0.000000e+00 -1.000000e+00 -1.000000e+00 0.000000e+00 6.569359e-01 -1.000000e+00 0.000000e+00 6.000000e+01 -1.000000e+00 0.000000e+00 -1.000000e+00 -1.000000e+00 3.191077e-01 -1.000000e+00 0.000000e+00 -9.990070e+05 3.000000e+00 -1.000000e+00 -1.000000e+00 7.000000e+01 4.686182e-01 0.000000e+00 0.000000e+00 -1.000000e+00 2.776034e-02 -1.000000e+00 -9.990070e+05 2.776034e-02 8.448904e-01 9.620144e-01 -1.000000e+00 -1.000000e+00 -1.000000e+00 -1.0 0.000000e+00 3.926754e-01
-1.000000e+00 -1.000000e+00 1.600000e+03 0.000000e+00 -1.000000e+00 -1.000000e+00 0.000000e+00 3.844151e-01 -1.000000e+00 0.000000e+00 6.000000e+01 -1.000000e+00 0.000000e+00 -1.000000e+00 -1.000000e+00 9.027293e-02 -1.000000e+00 0.000000e+00 -9.990070e+05 3.000000e+00 -1.000000e+00 -1.000000e+00 8.600000e+02 1.938573e-01 0.000000e+00 0.000000e+00 -1.000000e+00 1.064727e-02 -1.000000e+00 -9.990070e+05 1.064727e-02 6.558545e-01 8.910782e-01 -1.000000e+00 -1.000000e+00 -1.000000e+00 -1.0 0.000000e+00 1.402086e-01
-1.000000e+00 -1.000000e+00 1.625000e+03 0.000000e+00 -1.000000e+00 -1.000000e+00 0.000000e+00 4.520678e-01 -1.000000e+00 0.000000e+00 7.450000e+02 -1.000000e+00 0.000000e+00 -1.000000e+00 -1.000000e+00 1.301917e-01 -1.000000e+00 0.000000e+00 -9.990070e+05 3.000000e+00 -1.000000e+00 -1.000000e+00 1.185000e+03 2.514212e-01 0.000000e+00 0.000000e+00 -1.000000e+00 1.403088e-02 -1.000000e+00 -9.990070e+05 1.403088e-02 7.106998e-01 9.148014e-01 -1.000000e+00 -1.000000e+00 -1.000000e+00 -1.0 0.000000e+00 1.888250e-01
-1.000000e+00 -1.000000e+00 1.625000e+03 0.000000e+00 -1.000000e+00 -1.000000e+00 0.000000e+00 4.057134e-01 -1.000000e+00 0.000000e+00 2.650000e+02 -1.000000e+00 0.000000e+00 -1.000000e+00 -1.000000e+00 1.018366e-01 -1.000000e+00 0.000000e+00 -9.990070e+05 3.000000e+00 -1.000000e+00 -1.000000e+00 9.450000e+02 2.112499e-01 0.000000e+00 0.000000e+00 -1.000000e+00 1.165353e-02 -1.000000e+00 -9.990070e+05 1.165353e-02 6.738266e-01 8.991614e-01 -1.000000e+00 -1.000000e+00 -1.000000e+00 -1.0 0.000000e+00 1.546119e-01
-1.000000e+00 -1.000000e+00 1.665000e+03 0.000000e+00 -1.000000e+00 -1.000000e+00 0.000000e+00 4.947992e-01 -1.000000e+00 0.000000e+00 3.850000e+02 -1.000000e+00 0.000000e+00 -1.000000e+00 -1.000000e+00 1.605077e-01 -1.000000e+00 0.000000e+00 -9.990070e+05 3.000000e+00 -1.000000e+00 -1.000000e+00 1.025000e+03 2.913047e-01 0.000000e+00 0.000000e+00 -1.000000e+00 1.645697e-02 -1.000000e+00 -9.990070e+05 1.645697e-02 7.422566e-01 9.272262e-01 -1.000000e+00 -1.000000e+00 -1.000000e+00 -1.0 0.000000e+00 2.240004e-01
-1.000000e+00 -1.000000e+00 1.665000e+03 0.000000e+00 -1.000000e+00 -1.000000e+00 0.000000e+00 6.032401e-01 -1.000000e+00 0.000000e+00 8.650000e+02 -1.000000e+00 0.000000e+00 -1.000000e+00 -1.000000e+00 2.581069e-01 -1.000000e+00 0.000000e+00 -9.990070e+05 3.000000e+00 -1.000000e+00 -1.000000e+00 1.265000e+03 4.052013e-01 0.000000e+00 0.000000e+00 -1.000000e+00 2.353815e-02 -1.000000e+00 -9.990070e+05 2.353815e-02 8.135504e-01 9.522612e-01 -1.000000e+00 -1.000000e+00 -1.000000e+00 -1.0 0.000000e+00 3.299324e-01
-1.000000e+00 -1.000000e+00 1.705000e+03 0.000000e+00 -1.000000e+00 -1.000000e+00 0.000000e+00 5.518840e-01 -1.000000e+00 0.000000e+00 5.050000e+02 -1.000000e+00 0.000000e+00 -1.000000e+00 -1.000000e+00 2.079276e-01 -1.000000e+00 0.000000e+00 -9.990070e+05 3.000000e+00 -1.000000e+00 -1.000000e+00 1.105000e+03 3.489509e-01 0.000000e+00 0.000000e+00 -1.000000e+00 2.001723e-02 -1.000000e+00 -9.990070e+05 2.001723e-02 7.812297e-01 9.414157e-01 -1.000000e+00 -1.000000e+00 -1.000000e+00 -1.0 0.000000e+00 2.766425e-01
-1.000000e+00 -1.000000e+00 1.705000e+03 0.000000e+00 -1.000000e+00 -1.000000e+00 0.000000e+00 7.270913e-01 -1.000000e+00 0.000000e+00 9.850000e+02 -1.000000e+00 0.000000e+00 -1.000000e+00 -1.000000e+00 4.137128e-01 -1.000000e+00 0.000000e+00 -9.990070e+05 3.000000e+00 -1.000000e+00 -1.000000e+00 1.345000e+03 5.588779e-01 0.000000e+00 0.000000e+00 -1.000000e+00 3.391082e-02 -1.000000e+00 -9.990070e+05 3.391082e-02 8.824892e-01 9.727614e-01 -1.000000e+00 -1.000000e+00 -1.000000e+00 -1.0 0.000000e+00 4.857449e-01
-1.000000e+00 -1.000000e+00 1.705000e+03 0.000000e+00 -1.000000e+00 -1.000000e+00 0.000000e+00 6.354578e-01 -1.000000e+00 0.000000e+00 2.500000e+01 -1.000000e+00 0.000000e+00 -1.000000e+00 -1.000000e+00 2.935975e-01 -1.000000e+00 0.000000e+00 -9.990070e+05 3.000000e+00 -1.000000e+00 -1.000000e+00 8.650000e+02 4.426759e-01 0.000000e+00 0.000000e+00 -1.000000e+00 2.626064e-02 -1.000000e+00 -9.990070e+05 2.626064e-02 8.326378e-01 9.582889e-01 -1.000000e+00 -1.000000e+00 -1.000000e+00 -1.0 0.000000e+00 3.673287e-01
-1.000000e+00 -1.000000e+00 1.745000e+03 0.000000e+00 -1.000000e+00 -1.000000e+00 0.000000e+00 6.350277e-01 -1.000000e+00 0.000000e+00 6.250000e+02 -1.000000e+00 0.000000e+00 -1.000000e+00 -1.000000e+00 2.931021e-01 -1.000000e+00 0.000000e+00 -9.990070e+05 3.000000e+00 -1.000000e+00 -1.000000e+00 1.185000e+03 4.421642e-01 0.000000e+00 0.000000e+00 -1.000000e+00 2.616039e-02 -1.000000e+00 -9.990070e+05 2.616039e-02 8.323886e-01 9.582120e-01 -1.000000e+00 -1.000000e+00 -1.000000e+00 -1.0 0.000000e+00 3.666575e-01
-1.000000e+00 -1.000000e+00 1.745000e+03 0.000000e+00 -1.000000e+00 -1.000000e+00 0.000000e+00 6.759741e-01 -1.000000e+00 0.000000e+00 1.450000e+02 -1.000000e+00 0.000000e+00 -1.000000e+00 -1.000000e+00 3.430235e-01 -1.000000e+00 0.000000e+00 -9.990070e+05 3.000000e+00 -1.000000e+00 -1.000000e+00 9.450000e+02 4.922672e-01 0.000000e+00 0.000000e+00 -1.000000e+00 2.949915e-02 -1.000000e+00 -9.990070e+05 2.949915e-02 8.554509e-01 9.651364e-01 -1.000000e+00 -1.000000e+00 -1.000000e+00 -1.0 0.000000e+00 4.169610e-01
-1.000000e+00 -1.000000e+00 1.785000e+03 0.000000e+00 -1.000000e+00 -1.000000e+00 0.000000e+00 7.187096e-01 -1.000000e+00 0.000000e+00 2.650000e+02 -1.000000e+00 0.000000e+00 -1.000000e+00 -1.000000e+00 4.014455e-01 -1.000000e+00 0.000000e+00 -9.990070e+05 3.000000e+00 -1.000000e+00 -1.000000e+00 1.025000e+03 5.476393e-01 0.000000e+00 0.000000e+00 -1.000000e+00 3.325388e-02 -1.000000e+00 -9.990070e+05 3.325388e-02 8.781821e-01 9.715819e-01 -1.000000e+00 -1.000000e+00 -1.000000e+00 -1.0 0.000000e+00 4.741553e-01
-1.000000e+00 -1.000000e+00 1.785000e+03 0.000000e+00 -1.000000e+00 -1.000000e+00 0.000000e+00 6.974805e-01 -1.000000e+00 0.000000e+00 7.450000e+02 -1.000000e+00 0.000000e+00 -1.000000e+00 -1.000000e+00 3.715804e-01 -1.000000e+00 0.000000e+00 -9.990070e+05 3.000000e+00 -1.000000e+00 -1.000000e+00 1.265000e+03 5.197330e-01 0.000000e+00 0.000000e+00 -1.000000e+00 3.129278e-02 -1.000000e+00 -9.990070e+05 3.129278e-02 8.670543e-01 9.684731e-01 -1.000000e+00 -1.000000e+00 -1.000000e+00 -1.0 0.000000e+00 4.449957e-01
-1.000000e+00 -1.000000e+00 1.825000e+03 0.000000e+00 -1.000000e+00 -1.000000e+00 0.000000e+00 7.585196e-01 -1.000000e+00 0.000000e+00 3.850000e+02 -1.000000e+00 0.000000e+00 -1.000000e+00 -1.000000e+00 4.622196e-01 -1.000000e+00 0.000000e+00 -9.990070e+05 3.000000e+00 -1.000000e+00 -1.000000e+00 1.105000e+03 6.021492e-01 0.000000e+00 0.000000e+00 -1.000000e+00 3.698020e-02 -1.000000e+00 -9.990070e+05 3.698020e-02 8.982189e-01 9.769577e-01 -1.000000e+00 -1.000000e+00 -1.000000e+00 -1.0 0.000000e+00 5.319948e-01
-1.000000e+00 -1.000000e+00 1.825000e+03 0.000000e+00 -1.000000e+00 -1.000000e+00 0.000000e+00 7.644652e-01 -1.000000e+00 0.000000e+00 8.650000e+02 -1.000000e+00 0.000000e+00 -1.000000e+00 -1.000000e+00 4.718570e-01 -1.000000e+00 0.000000e+00 -9.990070e+05 3.000000e+00 -1.000000e+00 -1.000000e+00 1.345000e+03 6.105389e-01 0.000000e+00 0.000000e+00 -1.000000e+00 3.753422e-02 -1.000000e+00 -9.990070e+05 3.753422e-02 9.011220e-01 9.777131e-01 -1.000000e+00 -1.000000e+00 -1.000000e+00 -1.0 0.000000e+00 5.409938e-01
-1.000000e+00 -1.000000e+00 1.865000e+03 0.000000e+00 -1.000000e+00 -1.000000e+00 0.000000e+00 7.948016e-01 -1.000000e+00 0.000000e+00 5.050000e+02 -1.000000e+00 0.000000e+00 -1.000000e+00 -1.000000e+00 5.234310e-01 -1.000000e+00 0.000000e+00 -9.990070e+05 3.000000e+00 -1.000000e+00 -1.000000e+00 1.185000e+03 6.543757e-01 0.000000e+00 0.000000e+00 -1.000000e+00 4.062383e-02 -1.000000e+00 -9.990070e+05 4.062383e-02 9.155885e-01 9.813902e-01 -1.000000e+00 -1.000000e+00 -1.000000e+00 -1.0 0.000000e+00 5.889003e-01
-1.000000e+00 -1.000000e+00 1.865000e+03 0.000000e+00 -1.000000e+00 -1.000000e+00 0.000000e+00 8.309742e-01 -1.000000e+00 0.000000e+00 2.500000e+01 -1.000000e+00 0.000000e+00 -1.000000e+00 -1.000000e+00 5.904687e-01 -1.000000e+00 0.000000e+00 -9.990070e+05 3.000000e+00 -1.000000e+00 -1.000000e+00 9.450000e+02 7.089490e-01 0.000000e+00 0.000000e+00 -1.000000e+00 4.460125e-02 -1.000000e+00 -9.990070e+05 4.460125e-02 9.321110e-01 9.854130e-01 -1.000000e+00 -1.000000e+00 -1.000000e+00 -1.0 0.000000e+00 6.499988e-01
-1.000000e+00 -1.000000e+00 1.905000e+03 0.000000e+00 -1.000000e+00 -1.000000e+00 0.000000e+00 8.537885e-01 -1.000000e+00 0.000000e+00 1.450000e+02 -1.000000e+00 0.000000e+00 -1.000000e+00 -1.000000e+00 6.360663e-01 -1.000000e+00 0.000000e+00 -9.990070e+05 3.000000e+00 -1.000000e+00 -1.000000e+00 1.025000e+03 7.446951e-01 0.000000e+00 0.000000e+00 -1.000000e+00 4.725592e-02 -1.000000e+00 -9.990070e+05 4.725592e-02 9.421440e-01 9.877646e-01 -1.000000e+00 -1.000000e+00 -1.000000e+00 -1.0 0.000000e+00 6.908264e-01
-1.000000e+00 -1.000000e+00 1.905000e+03 0.000000e+00 -1.000000e+00 -1.000000e+00 0.000000e+00 8.319070e-01 -1.000000e+00 0.000000e+00 6.250000e+02 -1.000000e+00 0.000000e+00 -1.000000e+00 -1.000000e+00 5.922812e-01 -1.000000e+00 0.000000e+00 -9.990070e+05 3.000000e+00 -1.000000e+00 -1.000000e+00 1.265000e+03 7.103901e-01 0.000000e+00 0.000000e+00 -1.000000e+00 4.468506e-02 -1.000000e+00 -9.990070e+05 4.468506e-02 9.325269e-01 9.855118e-01 -1.000000e+00 -1.000000e+00 -1.000000e+00 -1.0 0.000000e+00 6.516043e-01
-1.000000e+00 -1.000000e+00 1.945000e+03 0.000000e+00 -1.000000e+00 -1.000000e+00 0.000000e+00 8.719645e-01 -1.000000e+00 0.000000e+00 2.650000e+02 -1.000000e+00 0.000000e+00 -1.000000e+00 -1.000000e+00 6.743412e-01 -1.000000e+00 0.000000e+00 -9.990070e+05 3.000000e+00 -1.000000e+00 -1.000000e+00 1.105000e+03 7.739276e-01 0.000000e+00 0.000000e+00 -1.000000e+00 5.007555e-02 -1.000000e+00 -9.990070e+05 5.007555e-02 9.499310e-01 9.895426e-01 -1.000000e+00 -1.000000e+00 -1.000000e+00 -1.0 0.000000e+00 7.252828e-01
-1.000000e+00 -1.000000e+00 1.945000e+03 0.000000e+00 -1.000000e+00 -1.000000e+00 0.000000e+00 8.547086e-01 -1.000000e+00 0.000000e+00 7.450000e+02 -1.000000e+00 0.000000e+00 -1.000000e+00 -1.000000e+00 6.379616e-01 -1.000000e+00 0.000000e+00 -9.990070e+05 3.000000e+00 -1.000000e+00 -1.000000e+00 1.345000e+03 7.461587e-01 0.000000e+00 0.000000e+00 -1.000000e+00 4.736398e-02 -1.000000e+00 -9.990070e+05 4.736398e-02 9.425426e-01 9.878566e-01 -1.000000e+00 -1.000000e+00 -1.000000e+00 -1.0 0.000000e+00 6.925099e-01
-1.000000e+00 -1.000000e+00 1.985000e+03 0.000000e+00 -1.000000e+00 -1.000000e+00 0.000000e+00 8.911317e-01 -1.000000e+00 0.000000e+00 3.850000e+02 -1.000000e+00 0.000000e+00 -1.000000e+00 -1.000000e+00 7.166634e-01 -1.000000e+00 0.000000e+00 -9.990070e+05 3.000000e+00 -1.000000e+00 -1.000000e+00 1.185000e+03 8.054938e-01 0.000000e+00 0.000000e+00 -1.000000e+00 5.160577e-02 -1.000000e+00 -9.990070e+05 5.160577e-02 9.579502e-01 9.913307e-01 -1.000000e+00 -1.000000e+00 -1.000000e+00 -1.0 0.000000e+00 7.614837e-01
-1.000000e+00 -1.000000e+00 2.025000e+03 0.000000e+00 -1.000000e+00 -1.000000e+00 0.000000e+00 9.201109e-01 -1.000000e+00 0.000000e+00 2.500000e+01 -1.000000e+00 0.000000e+00 -1.000000e+00 -1.000000e+00 7.846763e-01 -1.000000e+00 0.000000e+00 -9.990070e+05 3.000000e+00 -1.000000e+00 -1.000000e+00 1.025000e+03 8.546960e-01 0.000000e+00 0.000000e+00 -1.000000e+00 5.557650e-02 -1.000000e+00 -9.990070e+05 5.557650e-02 9.697114e-01 9.938749e-01 -1.000000e+00 -1.000000e+00 -1.000000e+00 -1.0 0.000000e+00 8.202823e-01
-1.000000e+00 -1.000000e+00 2.025000e+03 0.000000e+00 -1.000000e+00 -1.000000e+00 0.000000e+00 9.070201e-01 -1.000000e+00 0.000000e+00 5.050000e+02 -1.000000e+00 0.000000e+00 -1.000000e+00 -1.000000e+00 7.533362e-01 -1.000000e+00 0.000000e+00 -9.990070e+05 3.000000e+00 -1.000000e+00 -1.000000e+00 1.265000e+03 8.322469e-01 0.000000e+00 0.000000e+00 -1.000000e+00 5.352748e-02 -1.000000e+00 -9.990070e+05 5.352748e-02 9.644518e-01 9.927487e-01 -1.000000e+00 -1.000000e+00 -1.000000e+00 -1.0 0.000000e+00 7.931568e-01
-1.000000e+00 -1.000000e+00 2.650000e+02 0.000000e+00 -1.000000e+00 -1.000000e+00 0.000000e+00 5.756671e-01 -1.000000e+00 0.000000e+00 1.850000e+02 -1.000000e+00 0.000000e+00 -1.000000e+00 -1.000000e+00 2.302295e-01 -1.000000e+00 0.000000e+00 -9.990070e+05 3.000000e+00 -1.000000e+00 -1.000000e+00 2.250000e+02 3.744751e-01 0.000000e+00 0.000000e+00 -1.000000e+00 1.517561e-01 -1.000000e+00 -9.990070e+05 1.517561e-01 7.964999e-01 9.466414e-01 -1.000000e+00 -1.000000e+00 -1.000000e+00 -1.0 0.000000e+00 4.750376e-01
-1.000000e+00 -1.000000e+00 3.170000e+02 0.000000e+00 -1.000000e+00 -1.000000e+00 0.000000e+00 1.924025e-01 -1.000000e+00 0.000000e+00 2.950000e+02 -1.000000e+00 0.000000e+00 -1.000000e+00 -1.000000e+00 2.098545e-02 -1.000000e+00 0.000000e+00 -9.990070e+05 3.000000e+00 -1.000000e+00 -1.000000e+00 3.060000e+02 6.697056e-02 0.000000e+00 0.000000e+00 -1.000000e+00 1.859935e-02 -1.000000e+00 -9.990070e+05 1.859935e-02 4.525524e-01 7.745620e-01 -1.000000e+00 -1.000000e+00 -1.000000e+00 -1.0 0.000000e+00 8.544578e-02
-1.000000e+00 -1.000000e+00 3.450000e+02 0.000000e+00 -1.000000e+00 -1.000000e+00 0.000000e+00 3.977558e-01 -1.000000e+00 0.000000e+00 2.650000e+02 -1.000000e+00 0.000000e+00 -1.000000e+00 -1.000000e+00 9.741221e-02 -1.000000e+00 0.000000e+00 -9.990070e+05 3.000000e+00 -1.000000e+00 -1.000000e+00 3.050000e+02 2.046735e-01 0.000000e+00 0.000000e+00 -1.000000e+00 6.571265e-02 -1.000000e+00 -9.990070e+05 6.571265e-02 6.671921e-01 8.962135e-01 -1.000000e+00 -1.000000e+00 -1.000000e+00 -1.0 0.000000e+00 2.590098e-01
-1.000000e+00 -1.000000e+00 3.970000e+02 0.000000e+00 -1.000000e+00 -1.000000e+00 0.000000e+00 3.558049e-01 -1.000000e+00 0.000000e+00 3.750000e+02 -1.000000e+00 0.000000e+00 -1.000000e+00 -1.000000e+00 7.609725e-02 -1.000000e+00 0.000000e+00 -9.990070e+05 3.000000e+00 -1.000000e+00 -1.000000e+00 3.860000e+02 1.715396e-01 0.000000e+00 0.000000e+00 -1.000000e+00 3.163222e-02 -1.000000e+00 -9.990070e+05 3.163222e-02 6.305784e-01 8.791745e-01 -1.000000e+00 -1.000000e+00 -1.000000e+00 -1.0 0.000000e+00 1.805828e-01
-1.000000e+00 -1.000000e+00 4.250000e+02 0.000000e+00 -1.000000e+00 -1.000000e+00 0.000000e+00 9.445764e-01 -1.000000e+00 0.000000e+00 3.450000e+02 -1.000000e+00 0.000000e+00 -1.000000e+00 -1.000000e+00 8.460918e-01 -1.000000e+00 0.000000e+00 -9.990070e+05 3.000000e+00 -1.000000e+00 -1.000000e+00 3.850000e+02 8.976565e-01 1.000000e+00 0.000000e+00 -1.000000e+00 5.000000e-01 -1.000000e+00 -9.990070e+05 5.000000e-01 9.793119e-01 9.958828e-01 -1.000000e+00 -1.000000e+00 -1.000000e+00 -1.0 0.000000e+00 9.474869e-01
-1.000000e+00 -1.000000e+00 4.770000e+02 0.000000e+00 -1.000000e+00 -1.000000e+00 0.000000e+00 1.023470e-01 -1.000000e+00 0.000000e+00 4.550000e+02 -1.000000e+00 0.000000e+00 -1.000000e+00 -1.000000e+00 6.143155e-03 -1.000000e+00 0.000000e+00 -9.990070e+05 3.000000e+00 -1.000000e+00 -1.000000e+00 4.660000e+02 2.662685e-02 0.000000e+00 0.000000e+00 -1.000000e+00 3.907569e-03 -1.000000e+00 -9.990070e+05 3.907569e-03 3.128056e-01 6.579422e-01 -1.000000e+00 -1.000000e+00 -1.000000e+00 -1.0 0.000000e+00 2.564731e-02
-1.000000e+00 -1.000000e+00 5.050000e+02 0.000000e+00 -1.000000e+00 -1.000000e+00 0.000000e+00 2.711184e-01 -1.000000e+00 0.000000e+00 4.250000e+02 -1.000000e+00 0.000000e+00 -1.000000e+00 -1.000000e+00 4.246135e-02 -1.000000e+00 0.000000e+00 -9.990070e+05 3.000000e+00 -1.000000e+00 -1.000000e+00 4.650000e+02 1.124630e-01 0.000000e+00 0.000000e+00 -1.000000e+00 2.352590e-02 -1.000000e+00 -9.990070e+05 2.352590e-02 5.467169e-01 8.348011e-01 -1.000000e+00 -1.000000e+00 -1.000000e+00 -1.0 0.000000e+00 1.251472e-01
-1.000000e+00 -1.000000e+00 5.570000e+02 0.000000e+00 -1.000000e+00 -1.000000e+00 0.000000e+00 5.299947e-01 -1.000000e+00 0.000000e+00 5.350000e+02 -1.000000e+00 0.000000e+00 -1.000000e+00 -1.000000e+00 1.887570e-01 -1.000000e+00 0.000000e+00 -9.990070e+05 3.000000e+00 -1.000000e+00 -1.000000e+00 5.460000e+02 3.262479e-01 0.000000e+00 0.000000e+00 -1.000000e+00 2.249347e-02 -1.000000e+00 -9.990070e+05 2.249347e-02 7.666873e-01 9.362663e-01 -1.000000e+00 -1.000000e+00 -1.000000e+00 -1.0 0.000000e+00 2.668491e-01
-1.000000e+00 -1.000000e+00 5.850000e+02 0.000000e+00 -1.000000e+00 -1.000000e+00 0.000000e+00 2.436062e-01 -1.000000e+00 0.000000e+00 5.050000e+02 -1.000000e+00 0.000000e+00 -1.000000e+00 -1.000000e+00 3.396462e-02 -1.000000e+00 0.000000e+00 -9.990070e+05 3.000000e+00 -1.000000e+00 -1.000000e+00 5.450000e+02 9.552039e-02 0.000000e+00 0.000000e+00 -1.000000e+00 9.427455e-03 -1.000000e+00 -9.990070e+05 9.427455e-03 5.159246e-01 8.164276e-01 -1.000000e+00 -1.000000e+00 -1.000000e+00 -1.0 0.000000e+00 7.953637e-02
-1.000000e+00 -1.000000e+00 6.370000e+02 0.000000e+00 -1.000000e+00 -1.000000e+00 0.000000e+00 5.419825e-01 -1.000000e+00 0.000000e+00 6.150000e+02 -1.000000e+00 0.000000e+00 -1.000000e+00 -1.000000e+00 1.990988e-01 -1.000000e+00 0.000000e+00 -9.990070e+05 3.000000e+00 -1.000000e+00 -1.000000e+00 6.260000e+02 3.385883e-01 0.000000e+00 0.000000e+00 -1.000000e+00 2.297738e-02 -1.000000e+00 -9.990070e+05 2.297738e-02 7.747111e-01 9.391285e-01 -1.000000e+00 -1.000000e+00 -1.000000e+00 -1.0 0.000000e+00 2.772539e-01
-1.000000e+00 -1.000000e+00 6.650000e+02 0.000000e+00 -1.000000e+00 -1.000000e+00 0.000000e+00 2.952027e-01 -1.000000e+00 0.000000e+00 5.850000e+02 -1.000000e+00 0.000000e+00 -1.000000e+00 -1.000000e+00 5.083700e-02 -1.000000e+00 0.000000e+00 -9.990070e+05 3.000000e+00 -1.000000e+00 -1.000000e+00 6.250000e+02 1.282026e-01 0.000000e+00 0.000000e+00 -1.000000e+00 9.739837e-03 -1.000000e+00 -9.990070e+05 9.739837e-03 5.721147e-01 8.490782e-01 -1.000000e+00 -1.000000e+00 -1.000000e+00 -1.0 0.000000e+00 9.875966e-02
-1.000000e+00 -1.000000e+00 7.170000e+02 0.000000e+00 -1.000000e+00 -1.000000e+00 0.000000e+00 8.302335e-01 -1.000000e+00 0.000000e+00 6.950000e+02 -1.000000e+00 0.000000e+00 -1.000000e+00 -1.000000e+00 5.890325e-01 -1.000000e+00 0.000000e+00 -9.990070e+05 3.000000e+00 -1.000000e+00 -1.000000e+00 7.060000e+02 7.078058e-01 0.000000e+00 0.000000e+00 -1.000000e+00 4.527371e-02 -1.000000e+00 -9.990070e+05 4.527371e-02 9.317803e-01 9.853343e-01 -1.000000e+00 -1.000000e+00 -1.000000e+00 -1.0 0.000000e+00 6.496583e-01
-1.000000e+00 -1.000000e+00 7.450000e+02 0.000000e+00 -1.000000e+00 -1.000000e+00 0.000000e+00 2.658864e-01 -1.000000e+00 0.000000e+00 5.050000e+02 -1.000000e+00 0.000000e+00 -1.000000e+00 -1.000000e+00 4.075936e-02 -1.000000e+00 0.000000e+00 -9.990070e+05 3.000000e+00 -1.000000e+00 -1.000000e+00 6.250000e+02 1.091557e-01 0.000000e+00 0.000000e+00 -1.000000e+00 6.837896e-03 -1.000000e+00 -9.990070e+05 6.837896e-03 5.410143e-01 8.314885e-01 -1.000000e+00 -1.000000e+00 -1.000000e+00 -1.0 0.000000e+00 7.769045e-02
-1.000000e+00 -1.000000e+00 7.450000e+02 0.000000e+00 -1.000000e+00 -1.000000e+00 0.000000e+00 7.744378e-01 -1.000000e+00 0.000000e+00 6.650000e+02 -1.000000e+00 0.000000e+00 -1.000000e+00 -1.000000e+00 4.883630e-01 -1.000000e+00 0.000000e+00 -9.990070e+05 3.000000e+00 -1.000000e+00 -1.000000e+00 7.050000e+02 6.247587e-01 0.000000e+00 0.000000e+00 -1.000000e+00 4.414658e-02 -1.000000e+00 -9.990070e+05 4.414658e-02 9.059409e-01 9.789542e-01 -1.000000e+00 -1.000000e+00 -1.000000e+00 -1.0 0.000000e+00 5.651806e-01
-1.000000e+00 -1.000000e+00 7.850000e+02 0.000000e+00 -1.000000e+00 -1.000000e+00 0.000000e+00 8.544306e-01 -1.000000e+00 0.000000e+00 6.250000e+02 -1.000000e+00 0.000000e+00 -1.000000e+00 -1.000000e+00 6.373885e-01 -1.000000e+00 0.000000e+00 -9.990070e+05 3.000000e+00 -1.000000e+00 -1.000000e+00 7.050000e+02 7.457163e-01 0.000000e+00 0.000000e+00 -1.000000e+00 8.590394e-02 -1.000000e+00 -9.990070e+05 8.590394e-02 9.424222e-01 9.878288e-01 -1.000000e+00 -1.000000e+00 -1.000000e+00 -1.0 0.000000e+00 7.254507e-01
-1.000000e+00 -1.000000e+00 7.970000e+02 0.000000e+00 -1.000000e+00 -1.000000e+00 0.000000e+00 7.539006e-01 -1.000000e+00 0.000000e+00 7.750000e+02 -1.000000e+00 0.000000e+00 -1.000000e+00 -1.000000e+00 4.548359e-01 -1.000000e+00 0.000000e+00 -9.990070e+05 3.000000e+00 -1.000000e+00 -1.000000e+00 7.860000e+02 5.956766e-01 0.000000e+00 0.000000e+00 -1.000000e+00 3.830496e-02 -1.000000e+00 -9.990070e+05 3.830496e-02 8.959478e-01 9.763626e-01 -1.000000e+00 -1.000000e+00 -1.000000e+00 -1.0 0.000000e+00 5.281253e-01
-1.000000e+00 -1.000000e+00 8.250000e+02 0.000000e+00 -1.000000e+00 -1.000000e+00 0.000000e+00 7.918938e-01 -1.000000e+00 0.000000e+00 7.450000e+02 -1.000000e+00 0.000000e+00 -1.000000e+00 -1.000000e+00 5.183092e-01 -1.000000e+00 0.000000e+00 -9.990070e+05 3.000000e+00 -1.000000e+00 -1.000000e+00 7.850000e+02 6.500985e-01 0.000000e+00 0.000000e+00 -1.000000e+00 4.070168e-02 -1.000000e+00 -9.990070e+05 4.070168e-02 9.142264e-01 9.810502e-01 -1.000000e+00 -1.000000e+00 -1.000000e+00 -1.0 0.000000e+00 5.847627e-01
-1.000000e+00 -1.000000e+00 8.770000e+02 0.000000e+00 -1.000000e+00 -1.000000e+00 0.000000e+00 9.120656e-01 -1.000000e+00 0.000000e+00 8.550000e+02 -1.000000e+00 0.000000e+00 -1.000000e+00 -1.000000e+00 7.652931e-01 -1.000000e+00 0.000000e+00 -9.990070e+05 3.000000e+00 -1.000000e+00 -1.000000e+00 8.660000e+02 8.408555e-01 0.000000e+00 0.000000e+00 -1.000000e+00 5.517653e-02 -1.000000e+00 -9.990070e+05 5.517653e-02 9.664893e-01 9.931872e-01 -1.000000e+00 -1.000000e+00 -1.000000e+00 -1.0 0.000000e+00 8.041298e-01
-1.000000e+00 -1.000000e+00 9.050000e+02 0.000000e+00 -1.000000e+00 -1.000000e+00 0.000000e+00 7.693492e-02 -1.000000e+00 0.000000e+00 5.050000e+02 -1.000000e+00 0.000000e+00 -1.000000e+00 -1.000000e+00 3.605790e-03 -1.000000e+00 0.000000e+00 -9.990070e+05 3.000000e+00 -1.000000e+00 -1.000000e+00 7.050000e+02 1.773376e-02 0.000000e+00 0.000000e+00 -1.000000e+00 9.285468e-04 -1.000000e+00 -9.990070e+05 9.285468e-04 2.626981e-01 6.052066e-01 -1.000000e+00 -1.000000e+00 -1.000000e+00 -1.0 0.000000e+00 1.036711e-02
-1.000000e+00 -1.000000e+00 9.050000e+02 0.000000e+00 -1.000000e+00 -1.000000e+00 0.000000e+00 9.149479e-01 -1.000000e+00 0.000000e+00 8.250000e+02 -1.000000e+00 0.000000e+00 -1.000000e+00 -1.000000e+00 7.721921e-01 -1.000000e+00 0.000000e+00 -9.990070e+05 3.000000e+00 -1.000000e+00 -1.000000e+00 8.650000e+02 8.457978e-01 0.000000e+00 0.000000e+00 -1.000000e+00 5.508223e-02 -1.000000e+00 -9.990070e+05 5.508223e-02 9.676474e-01 9.934352e-01 -1.000000e+00 -1.000000e+00 -1.000000e+00 -1.0 0.000000e+00 8.097221e-01
-1.000000e+00 -1.000000e+00 9.450000e+02 0.000000e+00 -1.000000e+00 -1.000000e+00 0.000000e+00 3.970641e-01 -1.000000e+00 0.000000e+00 6.250000e+02 -1.000000e+00 0.000000e+00 -1.000000e+00 -1.000000e+00 9.703353e-02 -1.000000e+00 0.000000e+00 -9.990070e+05 3.000000e+00 -1.000000e+00 -1.000000e+00 7.850000e+02 2.041063e-01 0.000000e+00 0.000000e+00 -1.000000e+00 1.141405e-02 -1.000000e+00 -9.990070e+05 1.141405e-02 6.666110e-01 8.959532e-01 -1.000000e+00 -1.000000e+00 -1.000000e+00 -1.0 0.000000e+00 1.493178e-01
-1.000000e+00 -1.000000e+00 9.570000e+02 0.000000e+00 -1.000000e+00 -1.000000e+00 0.000000e+00 9.580830e-01 -1.000000e+00 0.000000e+00 9.350000e+02 -1.000000e+00 0.000000e+00 -1.000000e+00 -1.000000e+00 8.816505e-01 -1.000000e+00 0.000000e+00 -9.990070e+05 3.000000e+00 -1.000000e+00 -1.000000e+00 9.460000e+02 9.219455e-01 0.000000e+00 0.000000e+00 -1.000000e+00 6.332693e-02 -1.000000e+00 -9.990070e+05 6.332693e-02 9.844869e-01 9.969395e-01 -1.000000e+00 -1.000000e+00 -1.000000e+00 -1.0 0.000000e+00 9.030768e-01
-1.000000e+00 -1.000000e+00 9.850000e+02 0.000000e+00 -1.000000e+00 -1.000000e+00 0.000000e+00 7.805641e-01 -1.000000e+00 0.000000e+00 7.450000e+02 -1.000000e+00 0.000000e+00 -1.000000e+00 -1.000000e+00 4.987182e-01 -1.000000e+00 0.000000e+00 -9.990070e+05 3.000000e+00 -1.000000e+00 -1.000000e+00 8.650000e+02 6.335864e-01 0.000000e+00 0.000000e+00 -1.000000e+00 3.936658e-02 -1.000000e+00 -9.990070e+05 3.936658e-02 9.088703e-01 9.797006e-01 -1.000000e+00 -1.000000e+00 -1.000000e+00 -1.0 0.000000e+00 5.663986e-01
-1.000000e+00 -1.000000e+00 9.850000e+02 0.000000e+00 -1.000000e+00 -1.000000e+00 0.000000e+00 9.409367e-01 -1.000000e+00 0.000000e+00 9.050000e+02 -1.000000e+00 0.000000e+00 -1.000000e+00 -1.000000e+00 8.367140e-01 -1.000000e+00 0.000000e+00 -9.990070e+05 3.000000e+00 -1.000000e+00 -1.000000e+00 9.450000e+02 8.911812e-01 0.000000e+00 0.000000e+00 -1.000000e+00 6.034596e-02 -1.000000e+00 -9.990070e+05 6.034596e-02 9.779023e-01 9.955919e-01 -1.000000e+00 -1.000000e+00 -1.000000e+00 -1.0 0.000000e+00 8.653872e-01
