-1.000000e+00 -1.000000e+00 1.000000e+03 0.000000e+00 -1.000000e+00 -1.000000e+00 0.000000e+00 3.634374e-03 -1.000000e+00 0.000000e+00 6.000000e+01 -1.000000e+00 0.000000e+00 -1.000000e+00 -1.000000e+00 2.019428e-05 -1.000000e+00 0.000000e+00 -9.990070e+05 3.000000e+00 -1.000000e+00 -1.000000e+00 1.100000e+02 2.929635e-04 0.000000e+00 0.000000e+00 -1.000000e+00 1.954786e-05 -1.000000e+00 -9.990070e+05 1.954786e-05 3.349202e-02 1.861023e-01 -1.000000e+00 -1.000000e+00 -1.000000e+00 -1.0 0.000000e+00 1.711726e-04
-1.000000e+00 -1.000000e+00 1.000000e+03 0.000000e+00 -1.000000e+00 -1.000000e+00 0.000000e+00 1.374628e-01 -1.000000e+00 0.000000e+00 6.000000e+01 -1.000000e+00 0.000000e+00 -1.000000e+00 -1.000000e+00 1.080377e-02 -1.000000e+00 0.000000e+00 -9.990070e+05 3.000000e+00 -1.000000e+00 -1.000000e+00 1.600000e+02 4.079288e-02 0.000000e+00 0.000000e+00 -1.000000e+00 2.808838e-03 -1.000000e+00 -9.990070e+05 2.808838e-03 3.728907e-01 7.128336e-01 -1.000000e+00 -1.000000e+00 -1.000000e+00 -1.0 0.000000e+00 2.820914e-02
-1.000000e+00 -1.000000e+00 1.000000e+03 0.000000e+00 -1.000000e+00 -1.000000e+00 0.000000e+00 9.102744e-05 -1.000000e+00 0.000000e+00 6.000000e+01 -1.000000e+00 0.000000e+00 -1.000000e+00 -1.000000e+00 7.367758e-08 -1.000000e+00 0.000000e+00 -9.990070e+05 3.000000e+00 -1.000000e+00 -1.000000e+00 2.600000e+02 2.821742e-06 0.000000e+00 0.000000e+00 -1.000000e+00 1.890365e-07 -1.000000e+00 -9.990070e+05 1.890365e-07 2.125066e-03 2.850053e-02 -1.000000e+00 -1.000000e+00 -1.000000e+00 -1.0 0.000000e+00 1.552800e-06
-1.000000e+00 -1.000000e+00 1.000000e+03 0.000000e+00 -1.000000e+00 -1.000000e+00 0.000000e+00 3.467705e-12 -1.000000e+00 0.000000e+00 6.000000e+01 -1.000000e+00 0.000000e+00 -1.000000e+00 -1.000000e+00 7.310308e-18 -1.000000e+00 0.000000e+00 -9.990070e+05 3.000000e+00 -1.000000e+00 -1.000000e+00 4.600000e+02 5.539834e-15 0.000000e+00 0.000000e+00 -1.000000e+00 8.107283e-16 -1.000000e+00 -9.990070e+05 8.107283e-16 1.523661e-09 3.656527e-07 -1.000000e+00 -1.000000e+00 -1.000000e+00 -1.0 0.000000e+00 5.188664e-15
-1.000000e+00 -1.000000e+00 1.000000e+03 0.000000e+00 -1.000000e+00 -1.000000e+00 0.000000e+00 2.326590e-16 -1.000000e+00 0.000000e+00 6.000000e+01 -1.000000e+00 0.000000e+00 -1.000000e+00 -1.000000e+00 4.184893e-23 -1.000000e+00 0.000000e+00 -9.990070e+05 3.000000e+00 -1.000000e+00 -1.000000e+00 6.600000e+02 1.087582e-19 0.000000e+00 0.000000e+00 -1.000000e+00 2.665614e-20 -1.000000e+00 -9.990070e+05 2.665614e-20 3.476732e-13 2.817665e-10 -1.000000e+00 -1.000000e+00 -1.000000e+00 -1.0 0.000000e+00 1.565686e-19
-1.000000e+00 -1.000000e+00 1.000000e+03 0.000000e+00 -1.000000e+00 -1.000000e+00 0.000000e+00 3.933430e-08 -1.000000e+00 0.000000e+00 6.000000e+01 -1.000000e+00 0.000000e+00 -1.000000e+00 -1.000000e+00 1.470324e-12 -1.000000e+00 0.000000e+00 -9.990070e+05 3.000000e+00 -1.000000e+00 -1.000000e+00 7.000000e+01 2.637468e-10 0.000000e+00 0.000000e+00 -1.000000e+00 1.645383e-11 -1.000000e+00 -9.990070e+05 1.645383e-11 4.157539e-06 2.436282e-04 -1.000000e+00 -1.000000e+00 -1.000000e+00 -1.0 0.000000e+00 1.292255e-10
-1.000000e+00 -1.000000e+00 1.000000e+03 0.000000e+00 -1.000000e+00 -1.000000e+00 0.000000e+00 1.014477e-10 -1.000000e+00 0.000000e+00 6.000000e+01 -1.000000e+00 0.000000e+00 -1.000000e+00 -1.000000e+00 5.640438e-16 -1.000000e+00 0.000000e+00 -9.990070e+05 3.000000e+00 -1.000000e+00 -1.000000e+00 8.000000e+02 2.629610e-13 0.000000e+00 0.000000e+00 -1.000000e+00 3.225212e-14 -1.000000e+00 -9.990070e+05 3.225212e-14 2.754441e-08 4.100890e-06 -1.000000e+00 -1.000000e+00 -1.000000e+00 -1.0 0.000000e+00 2.141430e-13
-1.000000e+00 -1.000000e+00 1.000000e+03 0.000000e+00 -1.000000e+00 -1.000000e+00 0.000000e+00 4.453666e-06 -1.000000e+00 0.000000e+00 6.000000e+01 -1.000000e+00 0.000000e+00 -1.000000e+00 -1.000000e+00 9.731544e-10 -1.000000e+00 0.000000e+00 -9.990070e+05 3.000000e+00 -1.000000e+00 -1.000000e+00 8.600000e+02 7.197244e-08 0.000000e+00 0.000000e+00 -1.000000e+00 4.969045e-09 -1.000000e+00 -9.990070e+05 4.969045e-09 1.972700e-04 4.924742e-03 -1.000000e+00 -1.000000e+00 -1.000000e+00 -1.0 0.000000e+00 3.926072e-08
-1.000000e+00 -1.000000e+00 1.000000e+03 0.000000e+00 -1.000000e+00 -1.000000e+00 0.000000e+00 5.115958e-04 -1.000000e+00 0.000000e+00 6.000000e+01 -1.000000e+00 0.000000e+00 -1.000000e+00 -1.000000e+00 9.636761e-07 -1.000000e+00 0.000000e+00 -9.990070e+05 3.000000e+00 -1.000000e+00 -1.000000e+00 9.000000e+02 2.412487e-05 0.000000e+00 0.000000e+00 -1.000000e+00 1.271335e-06 -1.000000e+00 -9.990070e+05 1.271335e-06 7.926690e-03 7.179193e-02 -1.000000e+00 -1.000000e+00 -1.000000e+00 -1.0 0.000000e+00 1.162779e-05
-1.000000e+00 -1.000000e+00 1.000000e+03 0.000000e+00 -1.000000e+00 -1.000000e+00 0.000000e+00 2.709179e-02 -1.000000e+00 0.000000e+00 6.000000e+01 -1.000000e+00 0.000000e+00 -1.000000e+00 -1.000000e+00 5.607725e-04 -1.000000e+00 0.000000e+00 -9.990070e+05 3.000000e+00 -1.000000e+00 -1.000000e+00 9.500000e+02 4.180322e-03 0.000000e+00 0.000000e+00 -1.000000e+00 2.124069e-04 -1.000000e+00 -9.990070e+05 2.124069e-04 1.344306e-01 4.264607e-01 -1.000000e+00 -1.000000e+00 -1.000000e+00 -1.0 0.000000e+00 2.249426e-03
-1.000000e+00 -1.000000e+00 1.000000e+03 0.000000e+00 -1.000000e+00 -1.000000e+00 0.000000e+00 4.654108e-02 -1.000000e+00 0.000000e+00 6.000000e+01 -1.000000e+00 0.000000e+00 -1.000000e+00 -1.000000e+00 1.449382e-03 -1.000000e+00 0.000000e+00 -9.990070e+05 3.000000e+00 -1.000000e+00 -1.000000e+00 9.900000e+02 8.778914e-03 0.000000e+00 0.000000e+00 -1.000000e+00 4.409257e-04 -1.000000e+00 -9.990070e+05 4.409257e-04 1.913323e-01 5.155373e-01 -1.000000e+00 -1.000000e+00 -1.000000e+00 -1.0 0.000000e+00 4.851111e-03
-1.000000e+00 -1.000000e+00 1.025000e+03 0.000000e+00 -1.000000e+00 -1.000000e+00 0.000000e+00 9.312145e-01 -1.000000e+00 0.000000e+00 8.650000e+02 -1.000000e+00 0.000000e+00 -1.000000e+00 -1.000000e+00 8.120817e-01 -1.000000e+00 0.000000e+00 -9.990070e+05 3.000000e+00 -1.000000e+00 -1.000000e+00 9.450000e+02 8.740298e-01 0.000000e+00 0.000000e+00 -1.000000e+00 5.991161e-02 -1.000000e+00 -9.990070e+05 5.991161e-02 9.741052e-01 9.948015e-01 -1.000000e+00 -1.000000e+00 -1.000000e+00 -1.0 0.000000e+00 8.451422e-01
-1.000000e+00 -1.000000e+00 1.037000e+03 0.000000e+00 -1.000000e+00 -1.000000e+00 0.000000e+00 9.728785e-01 -1.000000e+00 0.000000e+00 1.015000e+03 -1.000000e+00 0.000000e+00 -1.000000e+00 -1.000000e+00 9.220115e-01 -1.000000e+00 0.000000e+00 -9.990070e+05 3.000000e+00 -1.000000e+00 -1.000000e+00 1.026000e+03 9.490293e-01 0.000000e+00 0.000000e+00 -1.000000e+00 6.841850e-02 -1.000000e+00 -9.990070e+05 6.841850e-02 9.900559e-01 9.980567e-01 -1.000000e+00 -1.000000e+00 -1.000000e+00 -1.0 0.000000e+00 9.370064e-01
-1.000000e+00 -1.000000e+00 1.065000e+03 0.000000e+00 -1.000000e+00 -1.000000e+00 0.000000e+00 9.725269e-01 -1.000000e+00 0.000000e+00 9.850000e+02 -1.000000e+00 0.000000e+00 -1.000000e+00 -1.000000e+00 9.210349e-01 -1.000000e+00 0.000000e+00 -9.990070e+05 3.000000e+00 -1.000000e+00 -1.000000e+00 1.025000e+03 9.483798e-01 0.000000e+00 0.000000e+00 -1.000000e+00 8.319486e-02 -1.000000e+00 -9.990070e+05 8.319486e-02 9.899248e-01 9.980306e-01 -1.000000e+00 -1.000000e+00 -1.000000e+00 -1.0 0.000000e+00 9.390486e-01
-1.000000e+00 -1.000000e+00 1.065000e+03 0.000000e+00 -1.000000e+00 -1.000000e+00 0.000000e+00 1.726652e-11 -1.000000e+00 0.000000e+00 2.500000e+01 -1.000000e+00 0.000000e+00 -1.000000e+00 -1.000000e+00 5.724910e-17 -1.000000e+00 0.000000e+00 -9.990070e+05 3.000000e+00 -1.000000e+00 -1.000000e+00 5.450000e+02 3.457952e-14 0.000000e+00 0.000000e+00 -1.000000e+00 4.096398e-15 -1.000000e+00 -9.990070e+05 4.096398e-15 6.058933e-09 1.163264e-06 -1.000000e+00 -1.000000e+00 -1.000000e+00 -1.0 0.000000e+00 2.733825e-14
-1.000000e+00 -1.000000e+00 1.065000e+03 0.000000e+00 -1.000000e+00 -1.000000e+00 0.000000e+00 1.023504e-02 -1.000000e+00 0.000000e+00 5.050000e+02 -1.000000e+00 0.000000e+00 -1.000000e+00 -1.000000e+00 1.083298e-04 -1.000000e+00 0.000000e+00 -9.990070e+05 3.000000e+00 -1.000000e+00 -1.000000e+00 7.850000e+02 1.134569e-03 0.000000e+00 0.000000e+00 -1.000000e+00 5.718954e-05 -1.000000e+00 -9.990070e+05 5.718954e-05 6.949062e-02 2.917270e-01 -1.000000e+00 -1.000000e+00 -1.000000e+00 -1.0 0.000000e+00 5.805422e-04
-1.000000e+00 -1.000000e+00 1.105000e+03 0.000000e+00 -1.000000e+00 -1.000000e+00 0.000000e+00 3.507090e-09 -1.000000e+00 0.000000e+00 1.450000e+02 -1.000000e+00 0.000000e+00 -1.000000e+00 -1.000000e+00 5.845832e-14 -1.000000e+00 0.000000e+00 -9.990070e+05 3.000000e+00 -1.000000e+00 -1.000000e+00 6.250000e+02 1.572063e-11 0.000000e+00 0.000000e+00 -1.000000e+00 1.343517e-12 -1.000000e+00 -9.990070e+05 1.343517e-12 5.526626e-07 4.802871e-05 -1.000000e+00 -1.000000e+00 -1.000000e+00 -1.0 0.000000e+00 9.703569e-12
-1.000000e+00 -1.000000e+00 1.105000e+03 0.000000e+00 -1.000000e+00 -1.000000e+00 0.000000e+00 2.221278e-01 -1.000000e+00 0.000000e+00 6.250000e+02 -1.000000e+00 0.000000e+00 -1.000000e+00 -1.000000e+00 2.808629e-02 -1.000000e+00 0.000000e+00 -9.990070e+05 3.000000e+00 -1.000000e+00 -1.000000e+00 8.650000e+02 8.306828e-02 0.000000e+00 0.000000e+00 -1.000000e+00 4.440048e-03 -1.000000e+00 -9.990070e+05 4.440048e-03 4.903926e-01 8.002484e-01 -1.000000e+00 -1.000000e+00 -1.000000e+00 -1.0 0.000000e+00 5.454911e-02
-1.000000e+00 -1.000000e+00 1.145000e+03 0.000000e+00 -1.000000e+00 -1.000000e+00 0.000000e+00 2.412245e-07 -1.000000e+00 0.000000e+00 2.650000e+02 -1.000000e+00 0.000000e+00 -1.000000e+00 -1.000000e+00 1.717216e-11 -1.000000e+00 0.000000e+00 -9.990070e+05 3.000000e+00 -1.000000e+00 -1.000000e+00 7.050000e+02 2.229849e-09 0.000000e+00 0.000000e+00 -1.000000e+00 1.572860e-10 -1.000000e+00 -9.990070e+05 1.572860e-10 1.855282e-05 7.951318e-04 -1.000000e+00 -1.000000e+00 -1.000000e+00 -1.0 0.000000e+00 1.211154e-09
-1.000000e+00 -1.000000e+00 1.145000e+03 0.000000e+00 -1.000000e+00 -1.000000e+00 0.000000e+00 6.372535e-01 -1.000000e+00 0.000000e+00 7.450000e+02 -1.000000e+00 0.000000e+00 -1.000000e+00 -1.000000e+00 2.956722e-01 -1.000000e+00 0.000000e+00 -9.990070e+05 3.000000e+00 -1.000000e+00 -1.000000e+00 9.450000e+02 4.448151e-01 0.000000e+00 0.000000e+00 -1.000000e+00 2.637683e-02 -1.000000e+00 -9.990070e+05 2.637683e-02 8.336763e-01 9.586090e-01 -1.000000e+00 -1.000000e+00 -1.000000e+00 -1.0 0.000000e+00 3.693855e-01
-1.000000e+00 -1.000000e+00 1.185000e+03 0.000000e+00 -1.000000e+00 -1.000000e+00 0.000000e+00 8.451059e-01 -1.000000e+00 0.000000e+00 8.650000e+02 -1.000000e+00 0.000000e+00 -1.000000e+00 -1.000000e+00 6.183987e-01 -1.000000e+00 0.000000e+00 -9.990070e+05 3.000000e+00 -1.000000e+00 -1.000000e+00 1.025000e+03 7.309679e-01 0.000000e+00 0.000000e+00 -1.000000e+00 4.650947e-02 -1.000000e+00 -9.990070e+05 4.650947e-02 9.383601e-01 9.868857e-01 -1.000000e+00 -1.000000e+00 -1.000000e+00 -1.0 0.000000e+00 6.753965e-01
-1.000000e+00 -1.000000e+00 1.185000e+03 0.000000e+00 -1.000000e+00 -1.000000e+00 0.000000e+00 5.543527e-05 -1.000000e+00 0.000000e+00 3.850000e+02 -1.000000e+00 0.000000e+00 -1.000000e+00 -1.000000e+00 3.571437e-08 -1.000000e+00 0.000000e+00 -9.990070e+05 3.000000e+00 -1.000000e+00 -1.000000e+00 7.850000e+02 1.534144e-06 0.000000e+00 0.000000e+00 -1.000000e+00 8.855360e-08 -1.000000e+00 -9.990070e+05 8.855360e-08 1.446418e-03 2.159632e-02 -1.000000e+00 -1.000000e+00 -1.000000e+00 -1.0 0.000000e+00 7.572844e-07
-1.000000e+00 -1.000000e+00 1.200000e+03 0.000000e+00 -1.000000e+00 -1.000000e+00 0.000000e+00 2.933963e-03 -1.000000e+00 0.000000e+00 6.000000e+01 -1.000000e+00 0.000000e+00 -1.000000e+00 -1.000000e+00 1.437168e-05 -1.000000e+00 0.000000e+00 -9.990070e+05 3.000000e+00 -1.000000e+00 -1.000000e+00 1.000000e+03 2.221973e-04 0.000000e+00 0.000000e+00 -1.000000e+00 1.132873e-05 -1.000000e+00 -9.990070e+05 1.132873e-05 2.871391e-02 1.687245e-01 -1.000000e+00 -1.000000e+00 -1.000000e+00 -1.0 0.000000e+00 1.095555e-04
-1.000000e+00 -1.000000e+00 1.200000e+03 0.000000e+00 -1.000000e+00 -1.000000e+00 0.000000e+00 8.731085e-02 -1.000000e+00 0.000000e+00 6.000000e+01 -1.000000e+00 0.000000e+00 -1.000000e+00 -1.000000e+00 4.559499e-03 -1.000000e+00 0.000000e+00 -9.990070e+05 3.000000e+00 -1.000000e+00 -1.000000e+00 1.060000e+03 2.121977e-02 0.000000e+00 0.000000e+00 -1.000000e+00 1.073377e-03 -1.000000e+00 -9.990070e+05 1.073377e-03 2.839828e-01 6.284830e-01 -1.000000e+00 -1.000000e+00 -1.000000e+00 -1.0 0.000000e+00 1.233590e-02
-1.000000e+00 -1.000000e+00 1.200000e+03 0.000000e+00 -1.000000e+00 -1.000000e+00 0.000000e+00 2.566904e-01 -1.000000e+00 0.000000e+00 6.000000e+01 -1.000000e+00 0.000000e+00 -1.000000e+00 -1.000000e+00 3.786681e-02 -1.000000e+00 0.000000e+00 -9.990070e+05 3.000000e+00 -1.000000e+00 -1.000000e+00 1.100000e+03 1.034396e-01 0.000000e+00 0.000000e+00 -1.000000e+00 5.494161e-03 -1.000000e+00 -9.990070e+05 5.494161e-03 5.308206e-01 8.254663e-01 -1.000000e+00 -1.000000e+00 -1.000000e+00 -1.0 0.000000e+00 6.915770e-02
-1.000000e+00 -1.000000e+00 1.200000e+03 0.000000e+00 -1.000000e+00 -1.000000e+00 0.000000e+00 2.420406e-01 -1.000000e+00 0.000000e+00 6.000000e+01 -1.000000e+00 0.000000e+00 -1.000000e+00 -1.000000e+00 3.351422e-02 -1.000000e+00 0.000000e+00 -9.990070e+05 3.000000e+00 -1.000000e+00 -1.000000e+00 1.100000e+02 9.458970e-02 0.000000e+00 0.000000e+00 -1.000000e+00 5.301576e-03 -1.000000e+00 -9.990070e+05 5.301576e-03 5.141100e-01 8.153068e-01 -1.000000e+00 -1.000000e+00 -1.000000e+00 -1.0 0.000000e+00 6.392613e-02
-1.000000e+00 -1.000000e+00 1.200000e+03 0.000000e+00 -1.000000e+00 -1.000000e+00 0.000000e+00 4.899410e-01 -1.000000e+00 0.000000e+00 6.000000e+01 -1.000000e+00 0.000000e+00 -1.000000e+00 -1.000000e+00 1.568471e-01 -1.000000e+00 0.000000e+00 -9.990070e+05 3.000000e+00 -1.000000e+00 -1.000000e+00 1.150000e+03 2.866307e-01 0.000000e+00 0.000000e+00 -1.000000e+00 1.616301e-02 -1.000000e+00 -9.990070e+05 1.616301e-02 7.387773e-01 9.258983e-01 -1.000000e+00 -1.000000e+00 -1.000000e+00 -1.0 0.000000e+00 2.197978e-01
-1.000000e+00 -1.000000e+00 1.200000e+03 0.000000e+00 -1.000000e+00 -1.000000e+00 0.000000e+00 5.526041e-01 -1.000000e+00 0.000000e+00 6.000000e+01 -1.000000e+00 0.000000e+00 -1.000000e+00 -1.000000e+00 2.085800e-01 -1.000000e+00 0.000000e+00 -9.990070e+05 3.000000e+00 -1.000000e+00 -1.000000e+00 1.190000e+03 3.497105e-01 0.000000e+00 0.000000e+00 -1.000000e+00 1.999917e-02 -1.000000e+00 -9.990070e+05 1.999917e-02 7.817000e-01 9.415794e-01 -1.000000e+00 -1.000000e+00 -1.000000e+00 -1.0 0.000000e+00 2.771569e-01
-1.000000e+00 -1.000000e+00 1.200000e+03 0.000000e+00 -1.000000e+00 -1.000000e+00 0.000000e+00 5.711548e-01 -1.000000e+00 0.000000e+00 6.000000e+01 -1.000000e+00 0.000000e+00 -1.000000e+00 -1.000000e+00 2.258769e-01 -1.000000e+00 0.000000e+00 -9.990070e+05 3.000000e+00 -1.000000e+00 -1.000000e+00 1.600000e+02 3.695633e-01 0.000000e+00 0.000000e+00 -1.000000e+00 2.305683e-02 -1.000000e+00 -9.990070e+05 2.305683e-02 7.936439e-01 9.456780e-01 -1.000000e+00 -1.000000e+00 -1.000000e+00 -1.0 0.000000e+00 3.008225e-01
-1.000000e+00 -1.000000e+00 1.200000e+03 0.000000e+00 -1.000000e+00 -1.000000e+00 0.000000e+00 1.374497e-01 -1.000000e+00 0.000000e+00 6.000000e+01 -1.000000e+00 0.000000e+00 -1.000000e+00 -1.000000e+00 1.080177e-02 -1.000000e+00 0.000000e+00 -9.990070e+05 3.000000e+00 -1.000000e+00 -1.000000e+00 2.600000e+02 4.078721e-02 0.000000e+00 0.000000e+00 -1.000000e+00 2.177405e-03 -1.000000e+00 -9.990070e+05 2.177405e-03 3.728698e-01 7.128159e-01 -1.000000e+00 -1.000000e+00 -1.000000e+00 -1.0 0.000000e+00 2.532264e-02
-1.000000e+00 -1.000000e+00 1.200000e+03 0.000000e+00 -1.000000e+00 -1.000000e+00 0.000000e+00 1.183533e-03 -1.000000e+00 0.000000e+00 6.000000e+01 -1.000000e+00 0.000000e+00 -1.000000e+00 -1.000000e+00 3.475619e-06 -1.000000e+00 0.000000e+00 -9.990070e+05 3.000000e+00 -1.000000e+00 -1.000000e+00 4.600000e+02 6.956257e-05 0.000000e+00 0.000000e+00 -1.000000e+00 3.777619e-06 -1.000000e+00 -9.990070e+05 3.777619e-06 1.480278e-02 1.094574e-01 -1.000000e+00 -1.000000e+00 -1.000000e+00 -1.0 0.000000e+00 3.481981e-05
-1.000000e+00 -1.000000e+00 1.200000e+03 0.000000e+00 -1.000000e+00 -1.000000e+00 0.000000e+00 4.394255e-06 -1.000000e+00 0.000000e+00 6.000000e+01 -1.000000e+00 0.000000e+00 -1.000000e+00 -1.000000e+00 9.549534e-10 -1.000000e+00 0.000000e+00 -9.990070e+05 3.000000e+00 -1.000000e+00 -1.000000e+00 6.600000e+02 7.081991e-08 0.000000e+00 0.000000e+00 -1.000000e+00 4.605146e-09 -1.000000e+00 -9.990070e+05 4.605146e-09 1.951599e-04 4.884801e-03 -1.000000e+00 -1.000000e+00 -1.000000e+00 -1.0 0.000000e+00 3.699383e-08
-1.000000e+00 -1.000000e+00 1.200000e+03 0.000000e+00 -1.000000e+00 -1.000000e+00 0.000000e+00 7.304624e-03 -1.000000e+00 0.000000e+00 6.000000e+01 -1.000000e+00 0.000000e+00 -1.000000e+00 -1.000000e+00 6.224590e-05 -1.000000e+00 0.000000e+00 -9.990070e+05 3.000000e+00 -1.000000e+00 -1.000000e+00 7.000000e+01 7.274958e-04 0.000000e+00 0.000000e+00 -1.000000e+00 3.818971e-05 -1.000000e+00 -9.990070e+05 3.818971e-05 5.494012e-02 2.531809e-01 -1.000000e+00 -1.000000e+00 -1.000000e+00 -1.0 0.000000e+00 3.761262e-04
-1.000000e+00 -1.000000e+00 1.200000e+03 0.000000e+00 -1.000000e+00 -1.000000e+00 0.000000e+00 2.613312e-06 -1.000000e+00 0.000000e+00 6.000000e+01 -1.000000e+00 0.000000e+00 -1.000000e+00 -1.000000e+00 4.609431e-10 -1.000000e+00 0.000000e+00 -9.990070e+05 3.000000e+00 -1.000000e+00 -1.000000e+00 8.600000e+02 3.796062e-08 0.000000e+00 0.000000e+00 -1.000000e+00 2.455767e-09 -1.000000e+00 -9.990070e+05 2.455767e-09 1.285913e-04 3.557466e-03 -1.000000e+00 -1.000000e+00 -1.000000e+00 -1.0 0.000000e+00 1.966909e-08
-1.000000e+00 -1.000000e+00 1.225000e+03 0.000000e+00 -1.000000e+00 -1.000000e+00 0.000000e+00 9.565605e-01 -1.000000e+00 0.000000e+00 9.850000e+02 -1.000000e+00 0.000000e+00 -1.000000e+00 -1.000000e+00 8.775817e-01 -1.000000e+00 0.000000e+00 -9.990070e+05 3.000000e+00 -1.000000e+00 -1.000000e+00 1.105000e+03 9.191869e-01 0.000000e+00 0.000000e+00 -1.000000e+00 6.597138e-02 -1.000000e+00 -9.990070e+05 6.597138e-02 9.839079e-01 9.968222e-01 -1.000000e+00 -1.000000e+00 -1.000000e+00 -1.0 0.000000e+00 9.006482e-01
-1.000000e+00 -1.000000e+00 1.225000e+03 0.000000e+00 -1.000000e+00 -1.000000e+00 0.000000e+00 1.055011e-04 -1.000000e+00 0.000000e+00 2.500000e+01 -1.000000e+00 0.000000e+00 -1.000000e+00 -1.000000e+00 9.149626e-08 -1.000000e+00 0.000000e+00 -9.990070e+05 3.000000e+00 -1.000000e+00 -1.000000e+00 6.250000e+02 3.384568e-06 0.000000e+00 0.000000e+00 -1.000000e+00 1.959169e-07 -1.000000e+00 -9.990070e+05 1.959169e-07 2.381543e-03 3.092290e-02 -1.000000e+00 -1.000000e+00 -1.000000e+00 -1.0 0.000000e+00 1.689170e-06
-1.000000e+00 -1.000000e+00 1.225000e+03 0.000000e+00 -1.000000e+00 -1.000000e+00 0.000000e+00 4.492026e-03 -1.000000e+00 0.000000e+00 5.050000e+02 -1.000000e+00 0.000000e+00 -1.000000e+00 -1.000000e+00 2.833993e-05 -1.000000e+00 0.000000e+00 -9.990070e+05 3.000000e+00 -1.000000e+00 -1.000000e+00 8.650000e+02 3.855840e-04 0.000000e+00 0.000000e+00 -1.000000e+00 1.951869e-05 -1.000000e+00 -9.990070e+05 1.951869e-05 3.896587e-02 2.047281e-01 -1.000000e+00 -1.000000e+00 -1.000000e+00 -1.0 0.000000e+00 1.918607e-04
-1.000000e+00 -1.000000e+00 1.265000e+03 0.000000e+00 -1.000000e+00 -1.000000e+00 0.000000e+00 5.105228e-04 -1.000000e+00 0.000000e+00 1.450000e+02 -1.000000e+00 0.000000e+00 -1.000000e+00 -1.000000e+00 9.606162e-07 -1.000000e+00 0.000000e+00 -9.990070e+05 3.000000e+00 -1.000000e+00 -1.000000e+00 7.050000e+02 2.406137e-05 0.000000e+00 0.000000e+00 -1.000000e+00 1.311590e-06 -1.000000e+00 -9.990070e+05 1.311590e-06 7.914201e-03 7.171445e-02 -1.000000e+00 -1.000000e+00 -1.000000e+00 -1.0 0.000000e+00 1.185475e-05
-1.000000e+00 -1.000000e+00 1.265000e+03 0.000000e+00 -1.000000e+00 -1.000000e+00 0.000000e+00 8.931913e-02 -1.000000e+00 0.000000e+00 6.250000e+02 -1.000000e+00 0.000000e+00 -1.000000e+00 -1.000000e+00 4.757123e-03 -1.000000e+00 0.000000e+00 -9.990070e+05 3.000000e+00 -1.000000e+00 -1.000000e+00 9.450000e+02 2.191800e-02 0.000000e+00 0.000000e+00 -1.000000e+00 1.105422e-03 -1.000000e+00 -9.990070e+05 1.105422e-03 2.879627e-01 6.326863e-01 -1.000000e+00 -1.000000e+00 -1.000000e+00 -1.0 0.000000e+00 1.274954e-02
-1.000000e+00 -1.000000e+00 1.305000e+03 0.000000e+00 -1.000000e+00 -1.000000e+00 0.000000e+00 4.158412e-01 -1.000000e+00 0.000000e+00 7.450000e+02 -1.000000e+00 0.000000e+00 -1.000000e+00 -1.000000e+00 1.076508e-01 -1.000000e+00 0.000000e+00 -9.990070e+05 3.000000e+00 -1.000000e+00 -1.000000e+00 1.025000e+03 2.197547e-01 0.000000e+00 0.000000e+00 -1.000000e+00 1.213567e-02 -1.000000e+00 -9.990070e+05 1.213567e-02 6.821364e-01 9.027952e-01 -1.000000e+00 -1.000000e+00 -1.000000e+00 -1.0 0.000000e+00 1.616922e-01
-1.000000e+00 -1.000000e+00 1.305000e+03 0.000000e+00 -1.000000e+00 -1.000000e+00 0.000000e+00 2.101266e-03 -1.000000e+00 0.000000e+00 2.650000e+02 -1.000000e+00 0.000000e+00 -1.000000e+00 -1.000000e+00 8.492504e-06 -1.000000e+00 0.000000e+00 -9.990070e+05 3.000000e+00 -1.000000e+00 -1.000000e+00 7.850000e+02 1.446818e-04 0.000000e+00 0.000000e+00 -1.000000e+00 7.501408e-06 -1.000000e+00 -9.990070e+05 7.501408e-06 2.254555e-02 1.443521e-01 -1.000000e+00 -1.000000e+00 -1.000000e+00 -1.0 0.000000e+00 7.138615e-05
-1.000000e+00 -1.000000e+00 1.345000e+03 0.000000e+00 -1.000000e+00 -1.000000e+00 0.000000e+00 7.510511e-01 -1.000000e+00 0.000000e+00 8.650000e+02 -1.000000e+00 0.000000e+00 -1.000000e+00 -1.000000e+00 4.503251e-01 -1.000000e+00 0.000000e+00 -9.990070e+05 3.000000e+00 -1.000000e+00 -1.000000e+00 1.105000e+03 5.917030e-01 0.000000e+00 0.000000e+00 -1.000000e+00 3.614768e-02 -1.000000e+00 -9.990070e+05 3.614768e-02 8.945398e-01 9.759918e-01 -1.000000e+00 -1.000000e+00 -1.000000e+00 -1.0 0.000000e+00 5.205851e-01
-1.000000e+00 -1.000000e+00 1.345000e+03 0.000000e+00 -1.000000e+00 -1.000000e+00 0.000000e+00 1.367837e-02 -1.000000e+00 0.000000e+00 3.850000e+02 -1.000000e+00 0.000000e+00 -1.000000e+00 -1.000000e+00 1.754812e-04 -1.000000e+00 0.000000e+00 -9.990070e+05 3.000000e+00 -1.000000e+00 -1.000000e+00 8.650000e+02 1.667289e-03 0.000000e+00 0.000000e+00 -1.000000e+00 8.315003e-05 -1.000000e+00 -9.990070e+05 8.315003e-05 8.483864e-02 3.282177e-01 -1.000000e+00 -1.000000e+00 -1.000000e+00 -1.0 0.000000e+00 8.586387e-04
-1.000000e+00 -1.000000e+00 1.385000e+03 0.000000e+00 -1.000000e+00 -1.000000e+00 0.000000e+00 8.763575e-01 -1.000000e+00 0.000000e+00 9.850000e+02 -1.000000e+00 0.000000e+00 -1.000000e+00 -1.000000e+00 6.838603e-01 -1.000000e+00 0.000000e+00 -9.990070e+05 3.000000e+00 -1.000000e+00 -1.000000e+00 1.185000e+03 7.810948e-01 0.000000e+00 0.000000e+00 -1.000000e+00 4.962982e-02 -1.000000e+00 -9.990070e+05 4.962982e-02 9.517862e-01 9.899601e-01 -1.000000e+00 -1.000000e+00 -1.000000e+00 -1.0 0.000000e+00 7.326923e-01
-1.000000e+00 -1.000000e+00 1.385000e+03 0.000000e+00 -1.000000e+00 -1.000000e+00 0.000000e+00 5.860615e-02 -1.000000e+00 0.000000e+00 2.500000e+01 -1.000000e+00 0.000000e+00 -1.000000e+00 -1.000000e+00 2.192863e-03 -1.000000e+00 0.000000e+00 -9.990070e+05 3.000000e+00 -1.000000e+00 -1.000000e+00 7.050000e+02 1.209703e-02 0.000000e+00 0.000000e+00 -1.000000e+00 6.070440e-04 -1.000000e+00 -9.990070e+05 6.070440e-04 2.215834e-01 5.559936e-01 -1.000000e+00 -1.000000e+00 -1.000000e+00 -1.0 0.000000e+00 6.789640e-03
-1.000000e+00 -1.000000e+00 1.385000e+03 0.000000e+00 -1.000000e+00 -1.000000e+00 0.000000e+00 5.507190e-02 -1.000000e+00 0.000000e+00 5.050000e+02 -1.000000e+00 0.000000e+00 -1.000000e+00 -1.000000e+00 1.959824e-03 -1.000000e+00 0.000000e+00 -9.990070e+05 3.000000e+00 -1.000000e+00 -1.000000e+00 9.450000e+02 1.109121e-02 0.000000e+00 0.000000e+00 -1.000000e+00 5.558258e-04 -1.000000e+00 -9.990070e+05 5.558258e-04 2.130264e-01 5.449517e-01 -1.000000e+00 -1.000000e+00 -1.000000e+00 -1.0 0.000000e+00 6.193323e-03
-1.000000e+00 -1.000000e+00 1.400000e+03 0.000000e+00 -1.000000e+00 -1.000000e+00 0.000000e+00 6.052165e-02 -1.000000e+00 0.000000e+00 6.000000e+01 -1.000000e+00 0.000000e+00 -1.000000e+00 -1.000000e+00 2.324462e-03 -1.000000e+00 0.000000e+00 -9.990070e+05 3.000000e+00 -1.000000e+00 -1.000000e+00 1.060000e+03 1.265349e-02 0.000000e+00 0.000000e+00 -1.000000e+00 6.359773e-04 -1.000000e+00 -9.990070e+05 6.359773e-04 2.261265e-01 5.617363e-01 -1.000000e+00 -1.000000e+00 -1.000000e+00 -1.0 0.000000e+00 7.124141e-03
-1.000000e+00 -1.000000e+00 1.400000e+03 0.000000e+00 -1.000000e+00 -1.000000e+00 0.000000e+00 7.100224e-01 -1.000000e+00 0.000000e+00 6.000000e+01 -1.000000e+00 0.000000e+00 -1.000000e+00 -1.000000e+00 3.890180e-01 -1.000000e+00 0.000000e+00 -9.990070e+05 3.000000e+00 -1.000000e+00 -1.000000e+00 1.100000e+02 5.361234e-01 0.000000e+00 0.000000e+00 -1.000000e+00 3.277106e-02 -1.000000e+00 -9.990070e+05 3.277106e-02 8.736668e-01 9.703312e-01 -1.000000e+00 -1.000000e+00 -1.000000e+00 -1.0 0.000000e+00 4.627419e-01
-1.000000e+00 -1.000000e+00 1.400000e+03 0.000000e+00 -1.000000e+00 -1.000000e+00 0.000000e+00 3.584655e-01 -1.000000e+00 0.000000e+00 6.000000e+01 -1.000000e+00 0.000000e+00 -1.000000e+00 -1.000000e+00 7.735198e-02 -1.000000e+00 0.000000e+00 -9.990070e+05 3.000000e+00 -1.000000e+00 -1.000000e+00 1.200000e+03 1.735646e-01 0.000000e+00 0.000000e+00 -1.000000e+00 9.427671e-03 -1.000000e+00 -9.990070e+05 9.427671e-03 6.329869e-01 8.803364e-01 -1.000000e+00 -1.000000e+00 -1.000000e+00 -1.0 0.000000e+00 1.234858e-01
-1.000000e+00 -1.000000e+00 1.400000e+03 0.000000e+00 -1.000000e+00 -1.000000e+00 0.000000e+00 6.025213e-01 -1.000000e+00 0.000000e+00 6.000000e+01 -1.000000e+00 0.000000e+00 -1.000000e+00 -1.000000e+00 2.573515e-01 -1.000000e+00 0.000000e+00 -9.990070e+05 3.000000e+00 -1.000000e+00 -1.000000e+00 1.260000e+03 4.043846e-01 0.000000e+00 0.000000e+00 -1.000000e+00 2.343851e-02 -1.000000e+00 -9.990070e+05 2.343851e-02 8.131144e-01 9.521203e-01 -1.000000e+00 -1.000000e+00 -1.000000e+00 -1.0 0.000000e+00 3.290161e-01
-1.000000e+00 -1.000000e+00 1.400000e+03 0.000000e+00 -1.000000e+00 -1.000000e+00 0.000000e+00 7.473382e-01 -1.000000e+00 0.000000e+00 6.000000e+01 -1.000000e+00 0.000000e+00 -1.000000e+00 -1.000000e+00 4.444985e-01 -1.000000e+00 0.000000e+00 -9.990070e+05 3.000000e+00 -1.000000e+00 -1.000000e+00 1.300000e+03 5.865480e-01 0.000000e+00 0.000000e+00 -1.000000e+00 3.577728e-02 -1.000000e+00 -9.990070e+05 3.577728e-02 8.926974e-01 9.755046e-01 -1.000000e+00 -1.000000e+00 -1.000000e+00 -1.0 0.000000e+00 5.150437e-01
-1.000000e+00 -1.000000e+00 1.400000e+03 0.000000e+00 -1.000000e+00 -1.000000e+00 0.000000e+00 8.415188e-01 -1.000000e+00 0.000000e+00 6.000000e+01 -1.000000e+00 0.000000e+00 -1.000000e+00 -1.000000e+00 6.112132e-01 -1.000000e+00 0.000000e+00 -9.990070e+05 3.000000e+00 -1.000000e+00 -1.000000e+00 1.350000e+03 7.253410e-01 0.000000e+00 0.000000e+00 -1.000000e+00 4.568085e-02 -1.000000e+00 -9.990070e+05 4.568085e-02 9.367846e-01 9.865169e-01 -1.000000e+00 -1.000000e+00 -1.000000e+00 -1.0 0.000000e+00 6.684841e-01
-1.000000e+00 -1.000000e+00 1.400000e+03 0.000000e+00 -1.000000e+00 -1.000000e+00 0.000000e+00 8.569259e-01 -1.000000e+00 0.000000e+00 6.000000e+01 -1.000000e+00 0.000000e+00 -1.000000e+00 -1.000000e+00 6.425472e-01 -1.000000e+00 0.000000e+00 -9.990070e+05 3.000000e+00 -1.000000e+00 -1.000000e+00 1.390000e+03 7.496928e-01 0.000000e+00 0.000000e+00 -1.000000e+00 4.749281e-02 -1.000000e+00 -9.990070e+05 4.749281e-02 9.435010e-01 9.880774e-01 -1.000000e+00 -1.000000e+00 -1.000000e+00 -1.0 0.000000e+00 6.964355e-01
-1.000000e+00 -1.000000e+00 1.400000e+03 0.000000e+00 -1.000000e+00 -1.000000e+00 0.000000e+00 8.671388e-01 -1.000000e+00 0.000000e+00 6.000000e+01 -1.000000e+00 0.000000e+00 -1.000000e+00 -1.000000e+00 6.640061e-01 -1.000000e+00 0.000000e+00 -9.990070e+05 3.000000e+00 -1.000000e+00 -1.000000e+00 1.600000e+02 7.661004e-01 0.000000e+00 0.000000e+00 -1.000000e+00 5.392521e-02 -1.000000e+00 -9.990070e+05 5.392521e-02 9.478811e-01 9.890785e-01 -1.000000e+00 -1.000000e+00 -1.000000e+00 -1.0 0.000000e+00 7.205044e-01
-1.000000e+00 -1.000000e+00 1.400000e+03 0.000000e+00 -1.000000e+00 -1.000000e+00 0.000000e+00 6.514171e-01 -1.000000e+00 0.000000e+00 6.000000e+01 -1.000000e+00 0.000000e+00 -1.000000e+00 -1.000000e+00 3.124066e-01 -1.000000e+00 0.000000e+00 -9.990070e+05 3.000000e+00 -1.000000e+00 -1.000000e+00 2.600000e+02 4.618781e-01 0.000000e+00 0.000000e+00 -1.000000e+00 2.768828e-02 -1.000000e+00 -9.990070e+05 2.768828e-02 8.417770e-01 9.610783e-01 -1.000000e+00 -1.000000e+00 -1.000000e+00 -1.0 0.000000e+00 3.868094e-01
-1.000000e+00 -1.000000e+00 1.400000e+03 0.000000e+00 -1.000000e+00 -1.000000e+00 0.000000e+00 3.001897e-01 -1.000000e+00 0.000000e+00 6.000000e+01 -1.000000e+00 0.000000e+00 -1.000000e+00 -1.000000e+00 5.268502e-02 -1.000000e+00 0.000000e+00 -9.990070e+05 3.000000e+00 -1.000000e+00 -1.000000e+00 4.600000e+02 1.315673e-01 0.000000e+00 0.000000e+00 -1.000000e+00 7.092392e-03 -1.000000e+00 -9.990070e+05 7.092392e-03 5.772076e-01 8.518501e-01 -1.000000e+00 -1.000000e+00 -1.000000e+00 -1.0 0.000000e+00 9.056674e-02
-1.000000e+00 -1.000000e+00 1.400000e+03 0.000000e+00 -1.000000e+00 -1.000000e+00 0.000000e+00 1.106647e-01 -1.000000e+00 0.000000e+00 6.000000e+01 -1.000000e+00 0.000000e+00 -1.000000e+00 -1.000000e+00 7.123628e-03 -1.000000e+00 0.000000e+00 -9.990070e+05 3.000000e+00 -1.000000e+00 -1.000000e+00 6.600000e+02 2.979179e-02 0.000000e+00 0.000000e+00 -1.000000e+00 1.517998e-03 -1.000000e+00 -9.990070e+05 1.517998e-03 3.278689e-01 6.724822e-01 -1.000000e+00 -1.000000e+00 -1.000000e+00 -1.0 0.000000e+00 1.774980e-02
-1.000000e+00 -1.000000e+00 1.400000e+03 0.000000e+00 -1.000000e+00 -1.000000e+00 0.000000e+00 3.239276e-01 -1.000000e+00 0.000000e+00 6.000000e+01 -1.000000e+00 0.000000e+00 -1.000000e+00 -1.000000e+00 6.203604e-02 -1.000000e+00 0.000000e+00 -9.990070e+05 3.000000e+00 -1.000000e+00 -1.000000e+00 7.000000e+01 1.480784e-01 0.000000e+00 0.000000e+00 -1.000000e+00 8.034934e-03 -1.000000e+00 -9.990070e+05 8.034934e-03 6.007263e-01 8.642709e-01 -1.000000e+00 -1.000000e+00 -1.000000e+00 -1.0 0.000000e+00 1.034469e-01
-1.000000e+00 -1.000000e+00 1.400000e+03 0.000000e+00 -1.000000e+00 -1.000000e+00 0.000000e+00 4.037481e-02 -1.000000e+00 0.000000e+00 6.000000e+01 -1.000000e+00 0.000000e+00 -1.000000e+00 -1.000000e+00 1.126167e-03 -1.000000e+00 0.000000e+00 -9.990070e+05 3.000000e+00 -1.000000e+00 -1.000000e+00 8.600000e+02 7.214460e-03 0.000000e+00 0.000000e+00 -1.000000e+00 3.610616e-04 -1.000000e+00 -9.990070e+05 3.610616e-04 1.745818e-01 4.912803e-01 -1.000000e+00 -1.000000e+00 -1.000000e+00 -1.0 0.000000e+00 3.942986e-03
-1.000000e+00 -1.000000e+00 1.425000e+03 0.000000e+00 -1.000000e+00 -1.000000e+00 0.000000e+00 1.587106e-01 -1.000000e+00 0.000000e+00 6.250000e+02 -1.000000e+00 0.000000e+00 -1.000000e+00 -1.000000e+00 1.430779e-02 -1.000000e+00 0.000000e+00 -9.990070e+05 3.000000e+00 -1.000000e+00 -1.000000e+00 1.025000e+03 5.035393e-02 0.000000e+00 0.000000e+00 -1.000000e+00 2.583771e-03 -1.000000e+00 -9.990070e+05 2.583771e-03 4.054404e-01 7.394205e-01 -1.000000e+00 -1.000000e+00 -1.000000e+00 -1.0 0.000000e+00 3.123356e-02
-1.000000e+00 -1.000000e+00 1.425000e+03 0.000000e+00 -1.000000e+00 -1.000000e+00 0.000000e+00 9.236095e-02 -1.000000e+00 0.000000e+00 1.450000e+02 -1.000000e+00 0.000000e+00 -1.000000e+00 -1.000000e+00 5.064566e-03 -1.000000e+00 0.000000e+00 -9.990070e+05 3.000000e+00 -1.000000e+00 -1.000000e+00 7.850000e+02 2.298980e-02 0.000000e+00 0.000000e+00 -1.000000e+00 1.170255e-03 -1.000000e+00 -9.990070e+05 1.170255e-03 2.939108e-01 6.388852e-01 -1.000000e+00 -1.000000e+00 -1.000000e+00 -1.0 0.000000e+00 1.346829e-02
-1.000000e+00 -1.000000e+00 1.465000e+03 0.000000e+00 -1.000000e+00 -1.000000e+00 0.000000e+00 3.509542e-01 -1.000000e+00 0.000000e+00 7.450000e+02 -1.000000e+00 0.000000e+00 -1.000000e+00 -1.000000e+00 7.384243e-02 -1.000000e+00 0.000000e+00 -9.990070e+05 3.000000e+00 -1.000000e+00 -1.000000e+00 1.105000e+03 1.678741e-01 0.000000e+00 0.000000e+00 -1.000000e+00 9.101002e-03 -1.000000e+00 -9.990070e+05 9.101002e-03 6.261554e-01 8.770252e-01 -1.000000e+00 -1.000000e+00 -1.000000e+00 -1.0 0.000000e+00 1.189066e-01
-1.000000e+00 -1.000000e+00 1.465000e+03 0.000000e+00 -1.000000e+00 -1.000000e+00 0.000000e+00 1.516771e-01 -1.000000e+00 0.000000e+00 2.650000e+02 -1.000000e+00 0.000000e+00 -1.000000e+00 -1.000000e+00 1.308894e-02 -1.000000e+00 0.000000e+00 -9.990070e+05 3.000000e+00 -1.000000e+00 -1.000000e+00 8.650000e+02 4.710891e-02 0.000000e+00 0.000000e+00 -1.000000e+00 2.416853e-03 -1.000000e+00 -9.990070e+05 2.416853e-03 3.949363e-01 7.310596e-01 -1.000000e+00 -1.000000e+00 -1.000000e+00 -1.0 0.000000e+00 2.907090e-02
-1.000000e+00 -1.000000e+00 1.505000e+03 0.000000e+00 -1.000000e+00 -1.000000e+00 0.000000e+00 6.358432e-01 -1.000000e+00 0.000000e+00 8.650000e+02 -1.000000e+00 0.000000e+00 -1.000000e+00 -1.000000e+00 2.940419e-01 -1.000000e+00 0.000000e+00 -9.990070e+05 3.000000e+00 -1.000000e+00 -1.000000e+00 1.185000e+03 4.431345e-01 0.000000e+00 0.000000e+00 -1.000000e+00 2.590818e-02 -1.000000e+00 -9.990070e+05 2.590818e-02 8.328608e-01 9.583577e-01 -1.000000e+00 -1.000000e+00 -1.000000e+00 -1.0 0.000000e+00 3.668313e-01
-1.000000e+00 -1.000000e+00 1.505000e+03 0.000000e+00 -1.000000e+00 -1.000000e+00 0.000000e+00 2.406295e-01 -1.000000e+00 0.000000e+00 3.850000e+02 -1.000000e+00 0.000000e+00 -1.000000e+00 -1.000000e+00 3.311126e-02 -1.000000e+00 0.000000e+00 -9.990070e+05 3.000000e+00 -1.000000e+00 -1.000000e+00 9.450000e+02 9.375395e-02 0.000000e+00 0.000000e+00 -1.000000e+00 4.926364e-03 -1.000000e+00 -9.990070e+05 4.926364e-03 5.124685e-01 8.142891e-01 -1.000000e+00 -1.000000e+00 -1.000000e+00 -1.0 0.000000e+00 6.186292e-02
-1.000000e+00 -1.000000e+00 1.545000e+03 0.000000e+00 -1.000000e+00 -1.000000e+00 0.000000e+00 3.490475e-01 -1.000000e+00 0.000000e+00 5.050000e+02 -1.000000e+00 0.000000e+00 -1.000000e+00 -1.000000e+00 7.296766e-02 -1.000000e+00 0.000000e+00 -9.990070e+05 3.000000e+00 -1.000000e+00 -1.000000e+00 1.025000e+03 1.664427e-01 0.000000e+00 0.000000e+00 -1.000000e+00 9.023222e-03 -1.000000e+00 -9.990070e+05 9.023222e-03 6.244056e-01 8.761693e-01 -1.000000e+00 -1.000000e+00 -1.000000e+00 -1.0 0.000000e+00 1.177759e-01
-1.000000e+00 -1.000000e+00 1.545000e+03 0.000000e+00 -1.000000e+00 -1.000000e+00 0.000000e+00 8.055477e-01 -1.000000e+00 0.000000e+00 9.850000e+02 -1.000000e+00 0.000000e+00 -1.000000e+00 -1.000000e+00 5.426975e-01 -1.000000e+00 0.000000e+00 -9.990070e+05 3.000000e+00 -1.000000e+00 -1.000000e+00 1.265000e+03 6.703233e-01 0.000000e+00 0.000000e+00 -1.000000e+00 4.175466e-02 -1.000000e+00 -9.990070e+05 4.175466e-02 9.205777e-01 9.826247e-01 -1.000000e+00 -1.000000e+00 -1.000000e+00 -1.0 0.000000e+00 6.065669e-01
-1.000000e+00 -1.000000e+00 1.545000e+03 0.000000e+00 -1.000000e+00 -1.000000e+00 0.000000e+00 4.084210e-01 -1.000000e+00 0.000000e+00 2.500000e+01 -1.000000e+00 0.000000e+00 -1.000000e+00 -1.000000e+00 1.033708e-01 -1.000000e+00 0.000000e+00 -9.990070e+05 3.000000e+00 -1.000000e+00 -1.000000e+00 7.850000e+02 2.135088e-01 0.000000e+00 0.000000e+00 -1.000000e+00 1.178453e-02 -1.000000e+00 -9.990070e+05 1.178453e-02 6.760627e-01 9.001456e-01 -1.000000e+00 -1.000000e+00 -1.000000e+00 -1.0 0.000000e+00 1.564985e-01
-1.000000e+00 -1.000000e+00 1.585000e+03 0.000000e+00 -1.000000e+00 -1.000000e+00 0.000000e+00 4.589886e-01 -1.000000e+00 0.000000e+00 6.250000e+02 -1.000000e+00 0.000000e+00 -1.000000e+00 -1.000000e+00 1.348197e-01 -1.000000e+00 0.000000e+00 -9.990070e+05 3.000000e+00 -1.000000e+00 -1.000000e+00 1.105000e+03 2.576937e-01 0.000000e+00 0.000000e+00 -1.000000e+00 1.440467e-02 -1.000000e+00 -9.990070e+05 1.440467e-02 7.159611e-01 9.169331e-01 -1.000000e+00 -1.000000e+00 -1.000000e+00 -1.0 0.000000e+00 1.942676e-01
-1.000000e+00 -1.000000e+00 1.585000e+03 0.000000e+00 -1.000000e+00 -1.000000e+00 0.000000e+00 4.614904e-01 -1.000000e+00 0.000000e+00 1.450000e+02 -1.000000e+00 0.000000e+00 -1.000000e+00 -1.000000e+00 1.365189e-01 -1.000000e+00 0.000000e+00 -9.990070e+05 3.000000e+00 -1.000000e+00 -1.000000e+00 8.650000e+02 2.599789e-01 0.000000e+00 0.000000e+00 -1.000000e+00 1.451238e-02 -1.000000e+00 -9.990070e+05 1.451238e-02 7.178483e-01 9.176917e-01 -1.000000e+00 -1.000000e+00 -1.000000e+00 -1.0 0.000000e+00 1.961590e-01
-1.000000e+00 -1.000000e+00 1.600000e+03 0.000000e+00 -1.000000e+00 -1.000000e+00 0.000000e+00 4.438217e-01 -1.000000e+00 0.000000e+00 6.000000e+01 -1.000000e+00 0.000000e+00 -1.000000e+00 -1.000000e+00 1.248148e-01 -1.000000e+00 0.000000e+00 -9.990070e+05 3.000000e+00 -1.000000e+00 -1.000000e+00 1.060000e+03 2.440412e-01 0.000000e+00 0.000000e+00 -1.000000e+00 1.358029e-02 -1.000000e+00 -9.990070e+05 1.358029e-02 7.043514e-01 9.121967e-01 -1.000000e+00 -1.000000e+00 -1.000000e+00 -1.0 0.000000e+00 1.824146e-01
-1.000000e+00 -1.000000e+00 1.600000e+03 0.000000e+00 -1.000000e+00 -1.000000e+00 0.000000e+00 9.042820e-01 -1.000000e+00 0.000000e+00 6.000000e+01 -1.000000e+00 0.000000e+00 -1.000000e+00 -1.000000e+00 7.469107e-01 -1.000000e+00 0.000000e+00 -9.990070e+05 3.000000e+00 -1.000000e+00 -1.000000e+00 1.100000e+02 8.275980e-01 0.000000e+00 0.000000e+00 -1.000000e+00 5.470115e-02 -1.000000e+00 -9.990070e+05 5.470115e-02 9.633406e-01 9.925083e-01 -1.000000e+00 -1.000000e+00 -1.000000e+00 -1.0 0.000000e+00 7.887419e-01
-1.000000e+00 -1.000000e+00 1.600000e+03 0.000000e+00 -1.000000e+00 -1.000000e+00 0.000000e+00 5.423945e-01 -1.000000e+00 0.000000e+00 6.000000e+01 -1.000000e+00 0.000000e+00 -1.000000e+00 -1.000000e+00 1.994609e-01 -1.000000e+00 0.000000e+00 -9.990070e+05 3.000000e+00 -1.000000e+00 -1.000000e+00 1.260000e+03 3.390165e-01 0.000000e+00 0.000000e+00 -1.000000e+00 1.936906e-02 -1.000000e+00 -9.990070e+05 1.936906e-02 7.749843e-01 9.392251e-01 -1.000000e+00 -1.000000e+00 -1.000000e+00 -1.0 0.000000e+00 2.673324e-01
-1.000000e+00 -1.000000e+00 1.600000e+03 0.000000e+00 -1.000000e+00 -1.000000e+00 0.000000e+00 7.818446e-01 -1.000000e+00 0.000000e+00 6.000000e+01 -1.000000e+00 0.000000e+00 -1.000000e+00 -1.000000e+00 5.009036e-01 -1.000000e+00 0.000000e+00 -9.990070e+05 3.000000e+00 -1.000000e+00 -1.000000e+00 1.400000e+03 6.354404e-01 0.000000e+00 0.000000e+00 -1.000000e+00 3.922389e-02 -1.000000e+00 -9.990070e+05 3.922389e-02 9.094796e-01 9.798552e-01 -1.000000e+00 -1.000000e+00 -1.000000e+00 -1.0 0.000000e+00 5.679900e-01
-1.000000e+00 -1.000000e+00 1.600000e+03 0.000000e+00 -1.000000e+00 -1.000000e+00 0.000000e+00 8.810222e-01 -1.000000e+00 0.000000e+00 6.000000e+01 -1.000000e+00 0.000000e+00 -1.000000e+00 -1.000000e+00 6.940850e-01 -1.000000e+00 0.000000e+00 -9.990070e+05 3.000000e+00 -1.000000e+00 -1.000000e+00 1.460000e+03 7.887491e-01 0.000000e+00 0.000000e+00 -1.000000e+00 5.042882e-02 -1.000000e+00 -9.990070e+05 5.042882e-02 9.537448e-01 9.903984e-01 -1.000000e+00 -1.000000e+00 -1.000000e+00 -1.0 0.000000e+00 7.418625e-01
-1.000000e+00 -1.000000e+00 1.600000e+03 0.000000e+00 -1.000000e+00 -1.000000e+00 0.000000e+00 9.208180e-01 -1.000000e+00 0.000000e+00 6.000000e+01 -1.000000e+00 0.000000e+00 -1.000000e+00 -1.000000e+00 7.863988e-01 -1.000000e+00 0.000000e+00 -9.990070e+05 3.000000e+00 -1.000000e+00 -1.000000e+00 1.500000e+03 8.559191e-01 0.000000e+00 0.000000e+00 -1.000000e+00 5.597628e-02 -1.000000e+00 -9.990070e+05 5.597628e-02 9.699931e-01 9.939347e-01 -1.000000e+00 -1.000000e+00 -1.000000e+00 -1.0 0.000000e+00 8.219436e-01
-1.000000e+00 -1.000000e+00 1.600000e+03 0.000000e+00 -1.000000e+00 -1.000000e+00 0.000000e+00 9.553169e-01 -1.000000e+00 0.000000e+00 6.000000e+01 -1.000000e+00 0.000000e+00 -1.000000e+00 -1.000000e+00 8.742696e-01 -1.000000e+00 0.000000e+00 -9.990070e+05 3.000000e+00 -1.000000e+00 -1.000000e+00 1.550000e+03 9.169375e-01 0.000000e+00 0.000000e+00 -1.000000e+00 6.396507e-02 -1.000000e+00 -9.990070e+05 6.396507e-02 9.834342e-01 9.967260e-01 -1.000000e+00 -1.000000e+00 -1.000000e+00 -1.0 0.000000e+00 8.973084e-01
-1.000000e+00 -1.000000e+00 1.600000e+03 0.000000e+00 -1.000000e+00 -1.000000e+00 0.000000e+00 9.577118e-01 -1.000000e+00 0.000000e+00 6.000000e+01 -1.000000e+00 0.000000e+00 -1.000000e+00 -1.000000e+00 8.806570e-01 -1.000000e+00 0.000000e+00 -9.990070e+05 3.000000e+00 -1.000000e+00 -1.000000e+00 1.590000e+03 9.212724e-01 0.000000e+00 0.000000e+00 -1.000000e+00 6.475910e-02 -1.000000e+00 -9.990070e+05 6.475910e-02 9.843458e-01 9.969110e-01 -1.000000e+00 -1.000000e+00 -1.000000e+00 -1.0 0.000000e+00 9.027354e-01
-1.000000e+00 -1.000000e+00 1.600000e+03 0.000000e+00 -1.000000e+00 -1.000000e+00 0.000000e+00 9.570650e-01 -1.000000e+00 0.000000e+00 6.000000e+01 -1.000000e+00 0.000000e+00 -1.000000e+00 -1.000000e+00 8.789283e-01 -1.000000e+00 0.000000e+00 -9.990070e+05 3.000000e+00 -1.000000e+00 -1.000000e+00 1.600000e+02 9.201005e-01 0.000000e+00 0.000000e+00 -1.000000e+00 7.764656e-02 -1.000000e+00 -9.990070e+05 7.764656e-02 9.840999e-01 9.968611e-01 -1.000000e+00 -1.000000e+00 -1.000000e+00 -1.0 0.000000e+00 9.052420e-01
-1.000000e+00 -1.000000e+00 1.600000e+03 0.000000e+00 -1.000000e+00 -1.000000e+00 0.000000e+00 8.888797e-01 -1.000000e+00 0.000000e+00 6.000000e+01 -1.000000e+00 0.000000e+00 -1.000000e+00 -1.000000e+00 7.115837e-01 -1.000000e+00 0.000000e+00 -9.990070e+05 3.000000e+00 -1.000000e+00 -1.000000e+00 2.600000e+02 8.017452e-01 0.000000e+00 0.000000e+00 -1.000000e+00 5.233404e-02 -1.000000e+00 -9.990070e+05 5.233404e-02 9.570181e-01 9.911251e-01 -1.000000e+00 -1.000000e+00 -1.000000e+00 -1.0 0.000000e+00 7.579246e-01
-1.000000e+00 -1.000000e+00 1.600000e+03 0.000000e+00 -1.000000e+00 -1.000000e+00 0.000000e+00 7.703371e-01 -1.000000e+00 0.000000e+00 6.000000e+01 -1.000000e+00 0.000000e+00 -1.000000e+00 -1.000000e+00 4.815237e-01 -1.000000e+00 0.000000e+00 -9.990070e+05 3.000000e+00 -1.000000e+00 -1.000000e+00 4.600000e+02 6.188891e-01 0.000000e+00 0.000000e+00 -1.000000e+00 3.836828e-02 -1.000000e+00 -9.990070e+05 3.836828e-02 9.039670e-01 9.784478e-01 -1.000000e+00 -1.000000e+00 -1.000000e+00 -1.0 0.000000e+00 5.504568e-01
-1.000000e+00 -1.000000e+00 1.600000e+03 0.000000e+00 -1.000000e+00 -1.000000e+00 0.000000e+00 6.240383e-01 -1.000000e+00 0.000000e+00 6.000000e+01 -1.000000e+00 0.000000e+00 -1.000000e+00 -1.000000e+00 2.806457e-01 -1.000000e+00 0.000000e+00 -9.990070e+05 3.000000e+00 -1.000000e+00 -1.000000e+00 6.600000e+02 4.291970e-01 0.000000e+00 0.000000e+00 -1.000000e+00 2.512245e-02 -1.000000e+00 -9.990070e+05 2.512245e-02 8.259717e-01 9.562151e-01 -1.000000e+00 -1.000000e+00 -1.000000e+00 -1.0 0.000000e+00 3.534008e-01
-1.000000e+00 -1.000000e+00 1.600000e+03 0.000000e+00 -1.000000e+00 -1.000000e+00 0.000000e+00 7.355188e-01 -1.000000e+00 0.000000e+00 6.000000e+01 -1.000000e+00 0.000000e+00 -1.000000e+00 -1.000000e+00 4.263264e-01 -1.000000e+00 0.000000e+00 -9.990070e+05 3.000000e+00 -1.000000e+00 -1.000000e+00 7.000000e+01 5.703050e-01 0.000000e+00 0.000000e+00 -1.000000e+00 3.492622e-02 -1.000000e+00 -9.990070e+05 3.492622e-02 8.867715e-01 9.739211e-01 -1.000000e+00 -1.000000e+00 -1.000000e+00 -1.0 0.000000e+00 4.982592e-01
-1.000000e+00 -1.000000e+00 1.600000e+03 0.000000e+00 -1.000000e+00 -1.000000e+00 0.000000e+00 5.072434e-01 -1.000000e+00 0.000000e+00 6.000000e+01 -1.000000e+00 0.000000e+00 -1.000000e+00 -1.000000e+00 1.701443e-01 -1.000000e+00 0.000000e+00 -9.990070e+05 3.000000e+00 -1.000000e+00 -1.000000e+00 8.600000e+02 3.034416e-01 0.000000e+00 0.000000e+00 -1.000000e+00 1.718537e-02 -1.000000e+00 -9.990070e+05 1.718537e-02 7.510480e-01 9.305363e-01 -1.000000e+00 -1.000000e+00 -1.000000e+00 -1.0 0.000000e+00 2.348591e-01
-1.000000e+00 -1.000000e+00 1.625000e+03 0.000000e+00 -1.000000e+00 -1.000000e+00 0.000000e+00 5.691229e-01 -1.000000e+00 0.000000e+00 7.450000e+02 -1.000000e+00 0.000000e+00 -1.000000e+00 -1.000000e+00 2.239357e-01 -1.000000e+00 0.000000e+00 -9.990070e+05 3.000000e+00 -1.000000e+00 -1.000000e+00 1.185000e+03 3.673621e-01 0.000000e+00 0.000000e+00 -1.000000e+00 2.112339e-02 -1.000000e+00 -9.990070e+05 2.112339e-02 7.923516e-01 9.452400e-01 -1.000000e+00 -1.000000e+00 -1.000000e+00 -1.0 0.000000e+00 2.937614e-01
-1.000000e+00 -1.000000e+00 1.625000e+03 0.000000e+00 -1.000000e+00 -1.000000e+00 0.000000e+00 5.285231e-01 -1.000000e+00 0.000000e+00 2.650000e+02 -1.000000e+00 0.000000e+00 -1.000000e+00 -1.000000e+00 1.875133e-01 -1.000000e+00 0.000000e+00 -9.990070e+05 3.000000e+00 -1.000000e+00 -1.000000e+00 9.450000e+02 3.247485e-01 0.000000e+00 0.000000e+00 -1.000000e+00 1.849540e-02 -1.000000e+00 -9.990070e+05 1.849540e-02 7.656922e-01 9.359076e-01 -1.000000e+00 -1.000000e+00 -1.000000e+00 -1.0 0.000000e+00 2.542283e-01
-1.000000e+00 -1.000000e+00 1.665000e+03 0.000000e+00 -1.000000e+00 -1.000000e+00 0.000000e+00 6.092312e-01 -1.000000e+00 0.000000e+00 3.850000e+02 -1.000000e+00 0.000000e+00 -1.000000e+00 -1.000000e+00 2.644630e-01 -1.000000e+00 0.000000e+00 -9.990070e+05 3.000000e+00 -1.000000e+00 -1.000000e+00 1.025000e+03 4.120408e-01 0.000000e+00 0.000000e+00 -1.000000e+00 2.400298e-02 -1.000000e+00 -9.990070e+05 2.400298e-02 8.171663e-01 9.534243e-01 -1.000000e+00 -1.000000e+00 -1.000000e+00 -1.0 0.000000e+00 3.366267e-01
-1.000000e+00 -1.000000e+00 1.665000e+03 0.000000e+00 -1.000000e+00 -1.000000e+00 0.000000e+00 6.970117e-01 -1.000000e+00 0.000000e+00 8.650000e+02 -1.000000e+00 0.000000e+00 -1.000000e+00 -1.000000e+00 3.709400e-01 -1.000000e+00 0.000000e+00 -9.990070e+05 3.000000e+00 -1.000000e+00 -1.000000e+00 1.265000e+03 5.191257e-01 0.000000e+00 0.000000e+00 -1.000000e+00 3.122010e-02 -1.000000e+00 -9.990070e+05 3.122010e-02 8.668050e-01 9.684024e-01 -1.000000e+00 -1.000000e+00 -1.000000e+00 -1.0 0.000000e+00 4.443015e-01
-1.000000e+00 -1.000000e+00 1.705000e+03 0.000000e+00 -1.000000e+00 -1.000000e+00 0.000000e+00 6.586062e-01 -1.000000e+00 0.000000e+00 5.050000e+02 -1.000000e+00 0.000000e+00 -1.000000e+00 -1.000000e+00 3.211561e-01 -1.000000e+00 0.000000e+00 -9.990070e+05 3.000000e+00 -1.000000e+00 -1.000000e+00 1.105000e+03 4.706683e-01 0.000000e+00 0.000000e+00 -1.000000e+00 2.802913e-02 -1.000000e+00 -9.990070e+05 2.802913e-02 8.458281e-01 9.622949e-01 -1.000000e+00 -1.000000e+00 -1.000000e+00 -1.0 0.000000e+00 3.950486e-01
-1.000000e+00 -1.000000e+00 1.705000e+03 0.000000e+00 -1.000000e+00 -1.000000e+00 0.000000e+00 7.964070e-01 -1.000000e+00 0.000000e+00 9.850000e+02 -1.000000e+00 0.000000e+00 -1.000000e+00 -1.000000e+00 5.262754e-01 -1.000000e+00 0.000000e+00 -9.990070e+05 3.000000e+00 -1.000000e+00 -1.000000e+00 1.345000e+03 6.567441e-01 0.000000e+00 0.000000e+00 -1.000000e+00 4.070947e-02 -1.000000e+00 -9.990070e+05 4.070947e-02 9.163383e-01 9.815768e-01 -1.000000e+00 -1.000000e+00 -1.000000e+00 -1.0 0.000000e+00 5.913929e-01
-1.000000e+00 -1.000000e+00 1.705000e+03 0.000000e+00 -1.000000e+00 -1.000000e+00 0.000000e+00 7.256801e-01 -1.000000e+00 0.000000e+00 2.500000e+01 -1.000000e+00 0.000000e+00 -1.000000e+00 -1.000000e+00 4.116282e-01 -1.000000e+00 0.000000e+00 -9.990070e+05 3.000000e+00 -1.000000e+00 -1.000000e+00 8.650000e+02 5.569769e-01 0.000000e+00 0.000000e+00 -1.000000e+00 3.387559e-02 -1.000000e+00 -9.990070e+05 3.387559e-02 8.817674e-01 9.725647e-01 -1.000000e+00 -1.000000e+00 -1.000000e+00 -1.0 0.000000e+00 4.839272e-01
-1.000000e+00 -1.000000e+00 1.745000e+03 0.000000e+00 -1.000000e+00 -1.000000e+00 0.000000e+00 7.282905e-01 -1.000000e+00 0.000000e+00 6.250000e+02 -1.000000e+00 0.000000e+00 -1.000000e+00 -1.000000e+00 4.154905e-01 -1.000000e+00 0.000000e+00 -9.990070e+05 3.000000e+00 -1.000000e+00 -1.000000e+00 1.185000e+03 5.604961e-01 0.000000e+00 0.000000e+00 -1.000000e+00 3.407190e-02 -1.000000e+00 -9.990070e+05 3.407190e-02 8.831015e-01 9.729280e-01 -1.000000e+00 -1.000000e+00 -1.000000e+00 -1.0 0.000000e+00 4.875482e-01
-1.000000e+00 -1.000000e+00 1.745000e+03 0.000000e+00 -1.000000e+00 -1.000000e+00 0.000000e+00 7.598528e-01 -1.000000e+00 0.000000e+00 1.450000e+02 -1.000000e+00 0.000000e+00 -1.000000e+00 -1.000000e+00 4.643677e-01 -1.000000e+00 0.000000e+00 -9.990070e+05 3.000000e+00 -1.000000e+00 -1.000000e+00 9.450000e+02 6.040248e-01 0.000000e+00 0.000000e+00 -1.000000e+00 3.709365e-02 -1.000000e+00 -9.990070e+05 3.709365e-02 8.988718e-01 9.771281e-01 -1.000000e+00 -1.000000e+00 -1.000000e+00 -1.0 0.000000e+00 5.339855e-01
-1.000000e+00 -1.000000e+00 1.785000e+03 0.000000e+00 -1.000000e+00 -1.000000e+00 0.000000e+00 7.942139e-01 -1.000000e+00 0.000000e+00 2.650000e+02 -1.000000e+00 0.000000e+00 -1.000000e+00 -1.000000e+00 5.223928e-01 -1.000000e+00 0.000000e+00 -9.990070e+05 3.000000e+00 -1.000000e+00 -1.000000e+00 1.025000e+03 6.535100e-01 0.000000e+00 0.000000e+00 -1.000000e+00 4.059073e-02 -1.000000e+00 -9.990070e+05 4.059073e-02 9.153136e-01 9.813217e-01 -1.000000e+00 -1.000000e+00 -1.000000e+00 -1.0 0.000000e+00 5.879874e-01
-1.000000e+00 -1.000000e+00 1.785000e+03 0.000000e+00 -1.000000e+00 -1.000000e+00 0.000000e+00 7.782034e-01 -1.000000e+00 0.000000e+00 7.450000e+02 -1.000000e+00 0.000000e+00 -1.000000e+00 -1.000000e+00 4.947082e-01 -1.000000e+00 0.000000e+00 -9.990070e+05 3.000000e+00 -1.000000e+00 -1.000000e+00 1.265000e+03 6.301762e-01 0.000000e+00 0.000000e+00 -1.000000e+00 3.887536e-02 -1.000000e+00 -9.990070e+05 3.887536e-02 9.077442e-01 9.794144e-01 -1.000000e+00 -1.000000e+00 -1.000000e+00 -1.0 0.000000e+00 5.622712e-01
-1.000000e+00 -1.000000e+00 1.825000e+03 0.000000e+00 -1.000000e+00 -1.000000e+00 0.000000e+00 8.259748e-01 -1.000000e+00 0.000000e+00 3.850000e+02 -1.000000e+00 0.000000e+00 -1.000000e+00 -1.000000e+00 5.808274e-01 -1.000000e+00 0.000000e+00 -9.990070e+05 3.000000e+00 -1.000000e+00 -1.000000e+00 1.105000e+03 7.012541e-01 0.000000e+00 0.000000e+00 -1.000000e+00 4.397832e-02 -1.000000e+00 -9.990070e+05 4.397832e-02 9.298729e-01 9.848790e-01 -1.000000e+00 -1.000000e+00 -1.000000e+00 -1.0 0.000000e+00 6.412195e-01
-1.000000e+00 -1.000000e+00 1.825000e+03 0.000000e+00 -1.000000e+00 -1.000000e+00 0.000000e+00 8.303281e-01 -1.000000e+00 0.000000e+00 8.650000e+02 -1.000000e+00 0.000000e+00 -1.000000e+00 -1.000000e+00 5.892156e-01 -1.000000e+00 0.000000e+00 -9.990070e+05 3.000000e+00 -1.000000e+00 -1.000000e+00 1.345000e+03 7.079517e-01 0.000000e+00 0.000000e+00 -1.000000e+00 4.443568e-02 -1.000000e+00 -9.990070e+05 4.443568e-02 9.318225e-01 9.853443e-01 -1.000000e+00 -1.000000e+00 -1.000000e+00 -1.0 0.000000e+00 6.487519e-01
-1.000000e+00 -1.000000e+00 1.865000e+03 0.000000e+00 -1.000000e+00 -1.000000e+00 0.000000e+00 8.537028e-01 -1.000000e+00 0.000000e+00 5.050000e+02 -1.000000e+00 0.000000e+00 -1.000000e+00 -1.000000e+00 6.358899e-01 -1.000000e+00 0.000000e+00 -9.990070e+05 3.000000e+00 -1.000000e+00 -1.000000e+00 1.185000e+03 7.445588e-01 0.000000e+00 0.000000e+00 -1.000000e+00 4.710023e-02 -1.000000e+00 -9.990070e+05 4.710023e-02 9.421069e-01 9.877560e-01 -1.000000e+00 -1.000000e+00 -1.000000e+00 -1.0 0.000000e+00 6.905083e-01
-1.000000e+00 -1.000000e+00 1.865000e+03 0.000000e+00 -1.000000e+00 -1.000000e+00 0.000000e+00 8.797776e-01 -1.000000e+00 0.000000e+00 2.500000e+01 -1.000000e+00 0.000000e+00 -1.000000e+00 -1.000000e+00 6.913451e-01 -1.000000e+00 0.000000e+00 -9.990070e+05 3.000000e+00 -1.000000e+00 -1.000000e+00 9.450000e+02 7.867024e-01 0.000000e+00 0.000000e+00 -1.000000e+00 5.028448e-02 -1.000000e+00 -9.990070e+05 5.028448e-02 9.532234e-01 9.902820e-01 -1.000000e+00 -1.000000e+00 -1.000000e+00 -1.0 0.000000e+00 7.394734e-01
-1.000000e+00 -1.000000e+00 1.905000e+03 0.000000e+00 -1.000000e+00 -1.000000e+00 0.000000e+00 8.976135e-01 -1.000000e+00 0.000000e+00 1.450000e+02 -1.000000e+00 0.000000e+00 -1.000000e+00 -1.000000e+00 7.314468e-01 -1.000000e+00 0.000000e+00 -9.990070e+05 3.000000e+00 -1.000000e+00 -1.000000e+00 1.025000e+03 8.163432e-01 0.000000e+00 0.000000e+00 -1.000000e+00 5.235010e-02 -1.000000e+00 -9.990070e+05 5.235010e-02 9.606183e-01 9.919161e-01 -1.000000e+00 -1.000000e+00 -1.000000e+00 -1.0 0.000000e+00 7.742579e-01
-1.000000e+00 -1.000000e+00 1.905000e+03 0.000000e+00 -1.000000e+00 -1.000000e+00 0.000000e+00 8.816479e-01 -1.000000e+00 0.000000e+00 6.250000e+02 -1.000000e+00 0.000000e+00 -1.000000e+00 -1.000000e+00 6.954657e-01 -1.000000e+00 0.000000e+00 -9.990070e+05 3.000000e+00 -1.000000e+00 -1.000000e+00 1.265000e+03 7.897792e-01 0.000000e+00 0.000000e+00 -1.000000e+00 5.117209e-02 -1.000000e+00 -9.990070e+05 5.117209e-02 9.540067e-01 9.904568e-01 -1.000000e+00 -1.000000e+00 -1.000000e+00 -1.0 0.000000e+00 7.436733e-01
-1.000000e+00 -1.000000e+00 1.945000e+03 0.000000e+00 -1.000000e+00 -1.000000e+00 0.000000e+00 9.118476e-01 -1.000000e+00 0.000000e+00 2.650000e+02 -1.000000e+00 0.000000e+00 -1.000000e+00 -1.000000e+00 7.647733e-01 -1.000000e+00 0.000000e+00 -9.990070e+05 3.000000e+00 -1.000000e+00 -1.000000e+00 1.105000e+03 8.404824e-01 0.000000e+00 0.000000e+00 -1.000000e+00 5.415060e-02 -1.000000e+00 -9.990070e+05 5.415060e-02 9.664015e-01 9.931683e-01 -1.000000e+00 -1.000000e+00 -1.000000e+00 -1.0 0.000000e+00 8.030000e-01
-1.000000e+00 -1.000000e+00 1.945000e+03 0.000000e+00 -1.000000e+00 -1.000000e+00 0.000000e+00 8.994652e-01 -1.000000e+00 0.000000e+00 7.450000e+02 -1.000000e+00 0.000000e+00 -1.000000e+00 -1.000000e+00 7.357148e-01 -1.000000e+00 0.000000e+00 -9.990070e+05 3.000000e+00 -1.000000e+00 -1.000000e+00 1.345000e+03 8.194590e-01 0.000000e+00 0.000000e+00 -1.000000e+00 5.253163e-02 -1.000000e+00 -9.990070e+05 5.253163e-02 9.613766e-01 9.920815e-01 -1.000000e+00 -1.000000e+00 -1.000000e+00 -1.0 0.000000e+00 7.779125e-01
-1.000000e+00 -1.000000e+00 1.985000e+03 0.000000e+00 -1.000000e+00 -1.000000e+00 0.000000e+00 9.247751e-01 -1.000000e+00 0.000000e+00 3.850000e+02 -1.000000e+00 0.000000e+00 -1.000000e+00 -1.000000e+00 7.960951e-01 -1.000000e+00 0.000000e+00 -9.990070e+05 3.000000e+00 -1.000000e+00 -1.000000e+00 1.185000e+03 8.627845e-01 0.000000e+00 0.000000e+00 -1.000000e+00 5.737933e-02 -1.000000e+00 -9.990070e+05 5.737933e-02 9.715646e-01 9.942673e-01 -1.000000e+00 -1.000000e+00 -1.000000e+00 -1.0 0.000000e+00 8.307202e-01
-1.000000e+00 -1.000000e+00 2.025000e+03 0.000000e+00 -1.000000e+00 -1.000000e+00 0.000000e+00 9.449993e-01 -1.000000e+00 0.000000e+00 2.500000e+01 -1.000000e+00 0.000000e+00 -1.000000e+00 -1.000000e+00 8.471869e-01 -1.000000e+00 0.000000e+00 -9.990070e+05 3.000000e+00 -1.000000e+00 -1.000000e+00 1.025000e+03 8.984107e-01 0.000000e+00 0.000000e+00 -1.000000e+00 6.255755e-02 -1.000000e+00 -9.990070e+05 6.255755e-02 9.794753e-01 9.959165e-01 -1.000000e+00 -1.000000e+00 -1.000000e+00 -1.0 0.000000e+00 8.748551e-01
-1.000000e+00 -1.000000e+00 2.025000e+03 0.000000e+00 -1.000000e+00 -1.000000e+00 0.000000e+00 9.361138e-01 -1.000000e+00 0.000000e+00 5.050000e+02 -1.000000e+00 0.000000e+00 -1.000000e+00 -1.000000e+00 8.244193e-01 -1.000000e+00 0.000000e+00 -9.990070e+05 3.000000e+00 -1.000000e+00 -1.000000e+00 1.265000e+03 8.826466e-01 0.000000e+00 0.000000e+00 -1.000000e+00 6.048912e-02 -1.000000e+00 -9.990070e+05 6.048912e-02 9.760245e-01 9.952022e-01 -1.000000e+00 -1.000000e+00 -1.000000e+00 -1.0 0.000000e+00 8.554565e-01
-1.000000e+00 -1.000000e+00 2.650000e+02 0.000000e+00 -1.000000e+00 -1.000000e+00 0.000000e+00 5.813291e-01 -1.000000e+00 0.000000e+00 1.850000e+02 -1.000000e+00 0.000000e+00 -1.000000e+00 -1.000000e+00 2.357733e-01 -1.000000e+00 0.000000e+00 -9.990070e+05 3.000000e+00 -1.000000e+00 -1.000000e+00 2.250000e+02 3.806846e-01 0.000000e+00 0.000000e+00 -1.000000e+00 1.535013e-01 -1.000000e+00 -9.990070e+05 1.535013e-01 8.000572e-01 9.478325e-01 -1.000000e+00 -1.000000e+00 -1.000000e+00 -1.0 0.000000e+00 4.809747e-01
-1.000000e+00 -1.000000e+00 3.170000e+02 0.000000e+00 -1.000000e+00 -1.000000e+00 0.000000e+00 2.044433e-01 -1.000000e+00 0.000000e+00 2.950000e+02 -1.000000e+00 0.000000e+00 -1.000000e+00 -1.000000e+00 2.372089e-02 -1.000000e+00 0.000000e+00 -9.990070e+05 3.000000e+00 -1.000000e+00 -1.000000e+00 3.060000e+02 7.333102e-02 0.000000e+00 0.000000e+00 -1.000000e+00 1.994099e-02 -1.000000e+00 -9.990070e+05 1.994099e-02 4.682590e-01 7.854821e-01 -1.000000e+00 -1.000000e+00 -1.000000e+00 -1.0 0.000000e+00 9.234465e-02
-1.000000e+00 -1.000000e+00 3.450000e+02 0.000000e+00 -1.000000e+00 -1.000000e+00 0.000000e+00 4.098836e-01 -1.000000e+00 0.000000e+00 2.650000e+02 -1.000000e+00 0.000000e+00 -1.000000e+00 -1.000000e+00 1.042056e-01 -1.000000e+00 0.000000e+00 -9.990070e+05 3.000000e+00 -1.000000e+00 -1.000000e+00 3.050000e+02 2.147335e-01 0.000000e+00 0.000000e+00 -1.000000e+00 6.814062e-02 -1.000000e+00 -9.990070e+05 6.814062e-02 6.772662e-01 9.006733e-01 -1.000000e+00 -1.000000e+00 -1.000000e+00 -1.0 0.000000e+00 2.695369e-01
-1.000000e+00 -1.000000e+00 3.970000e+02 0.000000e+00 -1.000000e+00 -1.000000e+00 0.000000e+00 3.980089e-01 -1.000000e+00 0.000000e+00 3.750000e+02 -1.000000e+00 0.000000e+00 -1.000000e+00 -1.000000e+00 9.755101e-02 -1.000000e+00 0.000000e+00 -9.990070e+05 3.000000e+00 -1.000000e+00 -1.000000e+00 3.860000e+02 2.048813e-01 0.000000e+00 0.000000e+00 -1.000000e+00 3.635561e-02 -1.000000e+00 -9.990070e+05 3.635561e-02 6.674046e-01 8.963085e-01 -1.000000e+00 -1.000000e+00 -1.000000e+00 -1.0 0.000000e+00 2.123647e-01
-1.000000e+00 -1.000000e+00 4.250000e+02 0.000000e+00 -1.000000e+00 -1.000000e+00 0.000000e+00 9.542223e-01 -1.000000e+00 0.000000e+00 3.450000e+02 -1.000000e+00 0.000000e+00 -1.000000e+00 -1.000000e+00 8.713632e-01 -1.000000e+00 0.000000e+00 -9.990070e+05 3.000000e+00 -1.000000e+00 -1.000000e+00 3.850000e+02 9.149607e-01 1.000000e+00 0.000000e+00 -1.000000e+00 5.000000e-01 -1.000000e+00 -9.990070e+05 5.000000e-01 9.830166e-01 9.966411e-01 -1.000000e+00 -1.000000e+00 -1.000000e+00 -1.0 0.000000e+00 9.562262e-01
-1.000000e+00 -1.000000e+00 4.770000e+02 0.000000e+00 -1.000000e+00 -1.000000e+00 0.000000e+00 1.356246e-01 -1.000000e+00 0.000000e+00 4.550000e+02 -1.000000e+00 0.000000e+00 -1.000000e+00 -1.000000e+00 1.052539e-02 -1.000000e+00 0.000000e+00 -9.990070e+05 3.000000e+00 -1.000000e+00 -1.000000e+00 4.660000e+02 4.000005e-02 0.000000e+00 0.000000e+00 -1.000000e+00 5.241886e-03 -1.000000e+00 -9.990070e+05 5.241886e-03 3.699544e-01 7.103338e-01 -1.000000e+00 -1.000000e+00 -1.000000e+00 -1.0 0.000000e+00 3.666979e-02
-1.000000e+00 -1.000000e+00 5.050000e+02 0.000000e+00 -1.000000e+00 -1.000000e+00 0.000000e+00 3.100920e-01 -1.000000e+00 0.000000e+00 4.250000e+02 -1.000000e+00 0.000000e+00 -1.000000e+00 -1.000000e+00 5.647324e-02 -1.000000e+00 0.000000e+00 -9.990070e+05 3.000000e+00 -1.000000e+00 -1.000000e+00 4.650000e+02 1.383554e-01 0.000000e+00 0.000000e+00 -1.000000e+00 2.599613e-02 -1.000000e+00 -9.990070e+05 2.599613e-02 5.871607e-01 8.571819e-01 -1.000000e+00 -1.000000e+00 -1.000000e+00 -1.0 0.000000e+00 1.471535e-01
-1.000000e+00 -1.000000e+00 5.570000e+02 0.000000e+00 -1.000000e+00 -1.000000e+00 0.000000e+00 5.841785e-01 -1.000000e+00 0.000000e+00 5.350000e+02 -1.000000e+00 0.000000e+00 -1.000000e+00 -1.000000e+00 2.385980e-01 -1.000000e+00 0.000000e+00 -9.990070e+05 3.000000e+00 -1.000000e+00 -1.000000e+00 5.460000e+02 3.838290e-01 0.000000e+00 0.000000e+00 -1.000000e+00 2.659088e-02 -1.000000e+00 -9.990070e+05 2.659088e-02 8.018362e-01 9.484244e-01 -1.000000e+00 -1.000000e+00 -1.000000e+00 -1.0 0.000000e+00 3.209503e-01
-1.000000e+00 -1.000000e+00 5.850000e+02 0.000000e+00 -1.000000e+00 -1.000000e+00 0.000000e+00 2.949719e-01 -1.000000e+00 0.000000e+00 5.050000e+02 -1.000000e+00 0.000000e+00 -1.000000e+00 -1.000000e+00 5.075243e-02 -1.000000e+00 0.000000e+00 -9.990070e+05 3.000000e+00 -1.000000e+00 -1.000000e+00 5.450000e+02 1.280478e-01 0.000000e+00 0.000000e+00 -1.000000e+00 1.223712e-02 -1.000000e+00 -9.990070e+05 1.223712e-02 5.718777e-01 8.489485e-01 -1.000000e+00 -1.000000e+00 -1.000000e+00 -1.0 0.000000e+00 1.067636e-01
-1.000000e+00 -1.000000e+00 6.370000e+02 0.000000e+00 -1.000000e+00 -1.000000e+00 0.000000e+00 5.953663e-01 -1.000000e+00 0.000000e+00 6.150000e+02 -1.000000e+00 0.000000e+00 -1.000000e+00 -1.000000e+00 2.499178e-01 -1.000000e+00 0.000000e+00 -9.990070e+05 3.000000e+00 -1.000000e+00 -1.000000e+00 6.260000e+02 3.963016e-01 0.000000e+00 0.000000e+00 -1.000000e+00 2.684436e-02 -1.000000e+00 -9.990070e+05 2.684436e-02 8.087506e-01 9.507019e-01 -1.000000e+00 -1.000000e+00 -1.000000e+00 -1.0 0.000000e+00 3.313426e-01
-1.000000e+00 -1.000000e+00 6.650000e+02 0.000000e+00 -1.000000e+00 -1.000000e+00 0.000000e+00 3.555036e-01 -1.000000e+00 0.000000e+00 5.850000e+02 -1.000000e+00 0.000000e+00 -1.000000e+00 -1.000000e+00 7.595595e-02 -1.000000e+00 0.000000e+00 -9.990070e+05 3.000000e+00 -1.000000e+00 -1.000000e+00 6.250000e+02 1.713109e-01 0.000000e+00 0.000000e+00 -1.000000e+00 1.290239e-02 -1.000000e+00 -9.990070e+05 1.290239e-02 6.303048e-01 8.790421e-01 -1.000000e+00 -1.000000e+00 -1.000000e+00 -1.0 0.000000e+00 1.345156e-01
-1.000000e+00 -1.000000e+00 7.170000e+02 0.000000e+00 -1.000000e+00 -1.000000e+00 0.000000e+00 8.538542e-01 -1.000000e+00 0.000000e+00 6.950000e+02 -1.000000e+00 0.000000e+00 -1.000000e+00 -1.000000e+00 6.362015e-01 -1.000000e+00 0.000000e+00 -9.990070e+05 3.000000e+00 -1.000000e+00 -1.000000e+00 7.060000e+02 7.447995e-01 0.000000e+00 0.000000e+00 -1.000000e+00 4.798270e-02 -1.000000e+00 -9.990070e+05 4.798270e-02 9.421725e-01 9.877712e-01 -1.000000e+00 -1.000000e+00 -1.000000e+00 -1.0 0.000000e+00 6.917372e-01
-1.000000e+00 -1.000000e+00 7.450000e+02 0.000000e+00 -1.000000e+00 -1.000000e+00 0.000000e+00 3.348290e-01 -1.000000e+00 0.000000e+00 5.050000e+02 -1.000000e+00 0.000000e+00 -1.000000e+00 -1.000000e+00 6.664610e-02 -1.000000e+00 0.000000e+00 -9.990070e+05 3.000000e+00 -1.000000e+00 -1.000000e+00 6.250000e+02 1.559354e-01 0.000000e+00 0.000000e+00 -1.000000e+00 9.594097e-03 -1.000000e+00 -9.990070e+05 9.594097e-03 6.111481e-01 8.695810e-01 -1.000000e+00 -1.000000e+00 -1.000000e+00 -1.0 0.000000e+00 1.139564e-01
-1.000000e+00 -1.000000e+00 7.450000e+02 0.000000e+00 -1.000000e+00 -1.000000e+00 0.000000e+00 8.053440e-01 -1.000000e+00 0.000000e+00 6.650000e+02 -1.000000e+00 0.000000e+00 -1.000000e+00 -1.000000e+00 5.423273e-01 -1.000000e+00 0.000000e+00 -9.990070e+05 3.000000e+00 -1.000000e+00 -1.000000e+00 7.050000e+02 6.700189e-01 0.000000e+00 0.000000e+00 -1.000000e+00 4.675102e-02 -1.000000e+00 -9.990070e+05 4.675102e-02 9.204838e-01 9.826016e-01 -1.000000e+00 -1.000000e+00 -1.000000e+00 -1.0 0.000000e+00 6.131436e-01
-1.000000e+00 -1.000000e+00 7.850000e+02 0.000000e+00 -1.000000e+00 -1.000000e+00 0.000000e+00 8.705767e-01 -1.000000e+00 0.000000e+00 6.250000e+02 -1.000000e+00 0.000000e+00 -1.000000e+00 -1.000000e+00 6.713558e-01 -1.000000e+00 0.000000e+00 -9.990070e+05 3.000000e+00 -1.000000e+00 -1.000000e+00 7.050000e+02 7.716716e-01 0.000000e+00 0.000000e+00 -1.000000e+00 8.777936e-02 -1.000000e+00 -9.990070e+05 8.777936e-02 9.493427e-01 9.894097e-01 -1.000000e+00 -1.000000e+00 -1.000000e+00 -1.0 0.000000e+00 7.521604e-01
-1.000000e+00 -1.000000e+00 7.970000e+02 0.000000e+00 -1.000000e+00 -1.000000e+00 0.000000e+00 7.894933e-01 -1.000000e+00 0.000000e+00 7.750000e+02 -1.000000e+00 0.000000e+00 -1.000000e+00 -1.000000e+00 5.141100e-01 -1.000000e+00 0.000000e+00 -9.990070e+05 3.000000e+00 -1.000000e+00 -1.000000e+00 7.860000e+02 6.465796e-01 0.000000e+00 0.000000e+00 -1.000000e+00 4.164173e-02 -1.000000e+00 -9.990070e+05 4.164173e-02 9.130982e-01 9.807675e-01 -1.000000e+00 -1.000000e+00 -1.000000e+00 -1.0 0.000000e+00 5.826971e-01
-1.000000e+00 -1.000000e+00 8.250000e+02 0.000000e+00 -1.000000e+00 -1.000000e+00 0.000000e+00 8.227027e-01 -1.000000e+00 0.000000e+00 7.450000e+02 -1.000000e+00 0.000000e+00 -1.000000e+00 -1.000000e+00 5.745839e-01 -1.000000e+00 0.000000e+00 -9.990070e+05 3.000000e+00 -1.000000e+00 -1.000000e+00 7.850000e+02 6.962447e-01 0.000000e+00 0.000000e+00 -1.000000e+00 4.401373e-02 -1.000000e+00 -9.990070e+05 4.401373e-02 9.284004e-01 9.845258e-01 -1.000000e+00 -1.000000e+00 -1.000000e+00 -1.0 0.000000e+00 6.360978e-01
-1.000000e+00 -1.000000e+00 8.770000e+02 0.000000e+00 -1.000000e+00 -1.000000e+00 0.000000e+00 9.256652e-01 -1.000000e+00 0.000000e+00 8.550000e+02 -1.000000e+00 0.000000e+00 -1.000000e+00 -1.000000e+00 7.982894e-01 -1.000000e+00 0.000000e+00 -9.990070e+05 3.000000e+00 -1.000000e+00 -1.000000e+00 8.660000e+02 8.643334e-01 0.000000e+00 0.000000e+00 -1.000000e+00 5.716893e-02 -1.000000e+00 -9.990070e+05 5.716893e-02 9.719170e-01 9.943417e-01 -1.000000e+00 -1.000000e+00 -1.000000e+00 -1.0 0.000000e+00 8.323920e-01
-1.000000e+00 -1.000000e+00 9.050000e+02 0.000000e+00 -1.000000e+00 -1.000000e+00 0.000000e+00 1.299190e-01 -1.000000e+00 0.000000e+00 5.050000e+02 -1.000000e+00 0.000000e+00 -1.000000e+00 -1.000000e+00 9.685947e-03 -1.000000e+00 0.000000e+00 -9.990070e+05 3.000000e+00 -1.000000e+00 -1.000000e+00 7.050000e+02 3.757452e-02 0.000000e+00 0.000000e+00 -1.000000e+00 1.989168e-03 -1.000000e+00 -9.990070e+05 1.989168e-03 3.607067e-01 7.023455e-01 -1.000000e+00 -1.000000e+00 -1.000000e+00 -1.0 0.000000e+00 2.311498e-02
-1.000000e+00 -1.000000e+00 9.050000e+02 0.000000e+00 -1.000000e+00 -1.000000e+00 0.000000e+00 9.282021e-01 -1.000000e+00 0.000000e+00 8.250000e+02 -1.000000e+00 0.000000e+00 -1.000000e+00 -1.000000e+00 8.045706e-01 -1.000000e+00 0.000000e+00 -9.990070e+05 3.000000e+00 -1.000000e+00 -1.000000e+00 8.650000e+02 8.687577e-01 0.000000e+00 0.000000e+00 -1.000000e+00 5.730759e-02 -1.000000e+00 -9.990070e+05 5.730759e-02 9.729192e-01 9.945527e-01 -1.000000e+00 -1.000000e+00 -1.000000e+00 -1.0 0.000000e+00 8.376094e-01
-1.000000e+00 -1.000000e+00 9.450000e+02 0.000000e+00 -1.000000e+00 -1.000000e+00 0.000000e+00 4.754155e-01 -1.000000e+00 0.000000e+00 6.250000e+02 -1.000000e+00 0.000000e+00 -1.000000e+00 -1.000000e+00 1.462350e-01 -1.000000e+00 0.000000e+00 -9.990070e+05 3.000000e+00 -1.000000e+00 -1.000000e+00 7.850000e+02 2.728705e-01 0.000000e+00 0.000000e+00 -1.000000e+00 1.549071e-02 -1.000000e+00 -9.990070e+05 1.549071e-02 7.282122e-01 9.218027e-01 -1.000000e+00 -1.000000e+00 -1.000000e+00 -1.0 0.000000e+00 2.081426e-01
-1.000000e+00 -1.000000e+00 9.570000e+02 0.000000e+00 -1.000000e+00 -1.000000e+00 0.000000e+00 9.648577e-01 -1.000000e+00 0.000000e+00 9.350000e+02 -1.000000e+00 0.000000e+00 -1.000000e+00 -1.000000e+00 8.999456e-01 -1.000000e+00 0.000000e+00 -9.990070e+05 3.000000e+00 -1.000000e+00 -1.000000e+00 9.460000e+02 9.342845e-01 0.000000e+00 0.000000e+00 -1.000000e+00 6.483625e-02 -1.000000e+00 -9.990070e+05 6.483625e-02 9.870497e-01 9.974562e-01 -1.000000e+00 -1.000000e+00 -1.000000e+00 -1.0 0.000000e+00 9.183588e-01
-1.000000e+00 -1.000000e+00 9.850000e+02 0.000000e+00 -1.000000e+00 -1.000000e+00 0.000000e+00 8.153377e-01 -1.000000e+00 0.000000e+00 7.450000e+02 -1.000000e+00 0.000000e+00 -1.000000e+00 -1.000000e+00 5.607215e-01 -1.000000e+00 0.000000e+00 -9.990070e+05 3.000000e+00 -1.000000e+00 -1.000000e+00 8.650000e+02 6.850458e-01 0.000000e+00 0.000000e+00 -1.000000e+00 4.333631e-02 -1.000000e+00 -9.990070e+05 4.333631e-02 9.250631e-01 9.837199e-01 -1.000000e+00 -1.000000e+00 -1.000000e+00 -1.0 0.000000e+00 6.237191e-01
-1.000000e+00 -1.000000e+00 9.850000e+02 0.000000e+00 -1.000000e+00 -1.000000e+00 0.000000e+00 9.504585e-01 -1.000000e+00 0.000000e+00 9.050000e+02 -1.000000e+00 0.000000e+00 -1.000000e+00 -1.000000e+00 8.614295e-01 -1.000000e+00 0.000000e+00 -9.990070e+05 3.000000e+00 -1.000000e+00 -1.000000e+00 9.450000e+02 9.081837e-01 0.000000e+00 0.000000e+00 -1.000000e+00 6.360207e-02 -1.000000e+00 -9.990070e+05 6.360207e-02 9.815764e-01 9.963474e-01 -1.000000e+00 -1.000000e+00 -1.000000e+00 -1.0 0.000000e+00 8.867928e-01
