-1.000000e+00 -1.000000e+00 5.850000e+02 0.000000e+00 -1.000000e+00 -1.000000e+00 0.000000e+00 2.655326e-05 -1.000000e+00 0.000000e+00 5.050000e+02 -1.000000e+00 0.000000e+00 -1.000000e+00 -1.000000e+00 1.231706e-08 -1.000000e+00 0.000000e+00 -9.990070e+05 3.000000e+00 -1.000000e+00 -1.000000e+00 5.450000e+02 6.240952e-07 0.000000e+00 0.000000e+00 -1.000000e+00 1.325000e-05 -1.000000e+00 -9.990070e+05 1.325000e-05 8.133891e-04 1.418450e-02 -1.000000e+00 -1.000000e+00 -1.000000e+00 5 0.000000e+00 2.650962e-05
-1.000000e+00 -1.000000e+00 1.200000e+03 0.000000e+00 -1.000000e+00 -1.000000e+00 0.000000e+00 6.312617e-05 -1.000000e+00 0.000000e+00 6.000000e+01 -1.000000e+00 0.000000e+00 -1.000000e+00 -1.000000e+00 4.315057e-08 -1.000000e+00 0.000000e+00 -9.990070e+05 3.000000e+00 -1.000000e+00 -1.000000e+00 1.000000e+03 1.799187e-06 0.000000e+00 0.000000e+00 -1.000000e+00 1.025863e-07 -1.000000e+00 -9.990070e+05 1.025863e-07 1.600194e-03 2.323506e-02 -1.000000e+00 -1.000000e+00 -1.000000e+00 6 0.000000e+00 8.822192e-07
-1.000000e+00 -1.000000e+00 7.450000e+02 0.000000e+00 -1.000000e+00 -1.000000e+00 0.000000e+00 1.678618e-01 -1.000000e+00 0.000000e+00 5.050000e+02 -1.000000e+00 0.000000e+00 -1.000000e+00 -1.000000e+00 1.598271e-02 -1.000000e+00 0.000000e+00 -9.990070e+05 3.000000e+00 -1.000000e+00 -1.000000e+00 6.250000e+02 5.469295e-02 0.000000e+00 0.000000e+00 -1.000000e+00 8.399371e-02 -1.000000e+00 -9.990070e+05 8.399371e-02 4.187395e-01 7.497213e-01 -1.000000e+00 -1.000000e+00 -1.000000e+00 5 0.000000e+00 1.679329e-01
-1.000000e+00 -1.000000e+00 1.400000e+03 0.000000e+00 -1.000000e+00 -1.000000e+00 0.000000e+00 4.423237e-02 -1.000000e+00 0.000000e+00 6.000000e+01 -1.000000e+00 0.000000e+00 -1.000000e+00 -1.000000e+00 1.323874e-03 -1.000000e+00 0.000000e+00 -9.990070e+05 3.000000e+00 -1.000000e+00 -1.000000e+00 1.350000e+03 8.182315e-03 0.000000e+00 0.000000e+00 -1.000000e+00 5.166581e-02 -1.000000e+00 -9.990070e+05 5.166581e-02 1.851764e-01 5.067894e-01 -1.000000e+00 -1.000000e+00 -1.000000e+00 2 0.000000e+00 7.959252e-02
-1.000000e+00 -1.000000e+00 1.185000e+03 0.000000e+00 -1.000000e+00 -1.000000e+00 0.000000e+00 7.357156e-01 -1.000000e+00 0.000000e+00 8.650000e+02 -1.000000e+00 0.000000e+00 -1.000000e+00 -1.000000e+00 4.266243e-01 -1.000000e+00 0.000000e+00 -9.990070e+05 3.000000e+00 -1.000000e+00 -1.000000e+00 1.025000e+03 5.705733e-01 0.000000e+00 0.000000e+00 -1.000000e+00 9.482093e-02 -1.000000e+00 -9.990070e+05 9.482093e-02 8.868709e-01 9.739479e-01 -1.000000e+00 -1.000000e+00 -1.000000e+00 1 0.000000e+00 5.746663e-01
-1.000000e+00 -1.000000e+00 1.825000e+03 0.000000e+00 -1.000000e+00 -1.000000e+00 0.000000e+00 6.336873e-01 -1.000000e+00 0.000000e+00 8.650000e+02 -1.000000e+00 0.000000e+00 -1.000000e+00 -1.000000e+00 2.915620e-01 -1.000000e+00 0.000000e+00 -9.990070e+05 3.000000e+00 -1.000000e+00 -1.000000e+00 1.345000e+03 4.405718e-01 0.000000e+00 0.000000e+00 -1.000000e+00 1.668660e-01 -1.000000e+00 -9.990070e+05 1.668660e-01 8.316112e-01 9.579717e-01 -1.000000e+00 -1.000000e+00 -1.000000e+00 7 0.000000e+00 5.347610e-01
-1.000000e+00 -1.000000e+00 9.570000e+02 0.000000e+00 -1.000000e+00 -1.000000e+00 0.000000e+00 6.052923e-01 -1.000000e+00 0.000000e+00 9.350000e+02 -1.000000e+00 0.000000e+00 -1.000000e+00 -1.000000e+00 2.602718e-01 -1.000000e+00 0.000000e+00 -9.990070e+05 3.000000e+00 -1.000000e+00 -1.000000e+00 9.460000e+02 4.075374e-01 0.000000e+00 0.000000e+00 -1.000000e+00 4.532145e-01 -1.000000e+00 -9.990070e+05 4.532145e-01 8.147924e-01 9.526619e-01 -1.000000e+00 -1.000000e+00 -1.000000e+00 2 0.000000e+00 6.917726e-01
-1.000000e+00 -1.000000e+00 3.450000e+02 0.000000e+00 -1.000000e+00 -1.000000e+00 0.000000e+00 2.947394e-05 -1.000000e+00 0.000000e+00 2.650000e+02 -1.000000e+00 0.000000e+00 -1.000000e+00 -1.000000e+00 1.431362e-08 -1.000000e+00 0.000000e+00 -9.990070e+05 3.000000e+00 -1.000000e+00 -1.000000e+00 3.050000e+02 7.087287e-07 0.000000e+00 0.000000e+00 -1.000000e+00 1.463551e-05 -1.000000e+00 -9.990070e+05 1.463551e-05 8.828376e-04 1.506461e-02 -1.000000e+00 -1.000000e+00 -1.000000e+00 5 0.000000e+00 2.930777e-05
-1.000000e+00 -1.000000e+00 1.600000e+03 0.000000e+00 -1.000000e+00 -1.000000e+00 0.000000e+00 3.655478e-01 -1.000000e+00 0.000000e+00 6.000000e+01 -1.000000e+00 0.000000e+00 -1.000000e+00 -1.000000e+00 8.075463e-02 -1.000000e+00 0.000000e+00 -9.990070e+05 3.000000e+00 -1.000000e+00 -1.000000e+00 1.590000e+03 1.790054e-01 0.000000e+00 0.000000e+00 -1.000000e+00 3.044681e-01 -1.000000e+00 -9.990070e+05 3.044681e-01 6.393388e-01 8.833726e-01 -1.000000e+00 -1.000000e+00 -1.000000e+00 2 0.000000e+00 4.663082e-01
-1.000000e+00 -1.000000e+00 1.600000e+03 0.000000e+00 -1.000000e+00 -1.000000e+00 0.000000e+00 6.994605e-02 -1.000000e+00 0.000000e+00 6.000000e+01 -1.000000e+00 0.000000e+00 -1.000000e+00 -1.000000e+00 3.026399e-03 -1.000000e+00 0.000000e+00 -9.990070e+05 3.000000e+00 -1.000000e+00 -1.000000e+00 8.600000e+02 1.550366e-02 0.000000e+00 0.000000e+00 -1.000000e+00 1.576584e-01 -1.000000e+00 -9.990070e+05 1.576584e-01 2.476051e-01 5.878331e-01 -1.000000e+00 -1.000000e+00 -1.000000e+00 3 0.000000e+00 1.994433e-01
-1.000000e+00 -1.000000e+00 1.745000e+03 0.000000e+00 -1.000000e+00 -1.000000e+00 0.000000e+00 3.839819e-01 -1.000000e+00 0.000000e+00 6.250000e+02 -1.000000e+00 0.000000e+00 -1.000000e+00 -1.000000e+00 9.004688e-02 -1.000000e+00 0.000000e+00 -9.990070e+05 3.000000e+00 -1.000000e+00 -1.000000e+00 1.185000e+03 1.935105e-01 0.000000e+00 0.000000e+00 -1.000000e+00 8.914318e-02 -1.000000e+00 -9.990070e+05 8.914318e-02 6.554818e-01 8.909073e-01 -1.000000e+00 -1.000000e+00 -1.000000e+00 7 0.000000e+00 2.810075e-01
-1.000000e+00 -1.000000e+00 1.505000e+03 0.000000e+00 -1.000000e+00 -1.000000e+00 0.000000e+00 3.996197e-01 -1.000000e+00 0.000000e+00 8.650000e+02 -1.000000e+00 0.000000e+00 -1.000000e+00 -1.000000e+00 9.843728e-02 -1.000000e+00 0.000000e+00 -9.990070e+05 3.000000e+00 -1.000000e+00 -1.000000e+00 1.185000e+03 2.062055e-01 0.000000e+00 0.000000e+00 -1.000000e+00 3.695810e-02 -1.000000e+00 -9.990070e+05 3.695810e-02 6.687545e-01 8.969115e-01 -1.000000e+00 -1.000000e+00 -1.000000e+00 1 0.000000e+00 2.144082e-01
-1.000000e+00 -1.000000e+00 1.200000e+03 0.000000e+00 -1.000000e+00 -1.000000e+00 0.000000e+00 9.893834e-10 -1.000000e+00 0.000000e+00 6.000000e+01 -1.000000e+00 0.000000e+00 -1.000000e+00 -1.000000e+00 1.102366e-14 -1.000000e+00 0.000000e+00 -9.990070e+05 3.000000e+00 -1.000000e+00 -1.000000e+00 8.600000e+02 3.627689e-12 0.000000e+00 0.000000e+00 -1.000000e+00 3.290886e-13 -1.000000e+00 -9.990070e+05 3.290886e-13 1.903295e-07 2.014610e-05 -1.000000e+00 -1.000000e+00 -1.000000e+00 6 0.000000e+00 2.337307e-12
-1.000000e+00 -1.000000e+00 1.000000e+03 0.000000e+00 -1.000000e+00 -1.000000e+00 0.000000e+00 9.038782e-12 -1.000000e+00 0.000000e+00 6.000000e+01 -1.000000e+00 0.000000e+00 -1.000000e+00 -1.000000e+00 2.492469e-17 -1.000000e+00 0.000000e+00 -9.990070e+05 3.000000e+00 -1.000000e+00 -1.000000e+00 7.000000e+01 1.651107e-14 0.000000e+00 0.000000e+00 -1.000000e+00 2.151193e-15 -1.000000e+00 -9.990070e+05 2.151193e-15 3.475675e-09 7.307053e-07 -1.000000e+00 -1.000000e+00 -1.000000e+00 6 0.000000e+00 1.408409e-14
-1.000000e+00 -1.000000e+00 7.850000e+02 0.000000e+00 -1.000000e+00 -1.000000e+00 0.000000e+00 1.983667e-01 -1.000000e+00 0.000000e+00 6.250000e+02 -1.000000e+00 0.000000e+00 -1.000000e+00 -1.000000e+00 2.231681e-02 -1.000000e+00 0.000000e+00 -9.990070e+05 3.000000e+00 -1.000000e+00 -1.000000e+00 7.050000e+02 7.009366e-02 0.000000e+00 0.000000e+00 -1.000000e+00 9.931263e-02 -1.000000e+00 -9.990070e+05 9.931263e-02 4.604001e-01 7.800653e-01 -1.000000e+00 -1.000000e+00 -1.000000e+00 5 0.000000e+00 1.985079e-01
-1.000000e+00 -1.000000e+00 1.585000e+03 0.000000e+00 -1.000000e+00 -1.000000e+00 0.000000e+00 1.869067e-01 -1.000000e+00 0.000000e+00 6.250000e+02 -1.000000e+00 0.000000e+00 -1.000000e+00 -1.000000e+00 1.979915e-02 -1.000000e+00 0.000000e+00 -9.990070e+05 3.000000e+00 -1.000000e+00 -1.000000e+00 1.105000e+03 6.414061e-02 0.000000e+00 0.000000e+00 -1.000000e+00 3.771828e-02 -1.000000e+00 -9.990070e+05 3.771828e-02 4.451986e-01 7.693178e-01 -1.000000e+00 -1.000000e+00 -1.000000e+00 7 0.000000e+00 1.166049e-01
-1.000000e+00 -1.000000e+00 3.970000e+02 0.000000e+00 -1.000000e+00 -1.000000e+00 0.000000e+00 1.245194e-39 -1.000000e+00 0.000000e+00 3.750000e+02 -1.000000e+00 0.000000e+00 -1.000000e+00 -1.000000e+00 1.162544e-50 -1.000000e+00 0.000000e+00 -9.990070e+05 3.000000e+00 -1.000000e+00 -1.000000e+00 3.860000e+02 4.206690e-45 0.000000e+00 0.000000e+00 -1.000000e+00 2.224931e-42 -1.000000e+00 -9.990070e+05 2.224931e-42 2.553740e-34 2.809450e-29 -1.000000e+00 -1.000000e+00 -1.000000e+00 4 0.000000e+00 6.588025e-42
-1.000000e+00 -1.000000e+00 1.200000e+03 0.000000e+00 -1.000000e+00 -1.000000e+00 0.000000e+00 3.295953e-03 -1.000000e+00 0.000000e+00 6.000000e+01 -1.000000e+00 0.000000e+00 -1.000000e+00 -1.000000e+00 1.728482e-05 -1.000000e+00 0.000000e+00 -9.990070e+05 3.000000e+00 -1.000000e+00 -1.000000e+00 2.600000e+02 2.581868e-04 0.000000e+00 0.000000e+00 -1.000000e+00 4.300272e-04 -1.000000e+00 -9.990070e+05 4.300272e-04 3.122280e-02 1.779926e-01 -1.000000e+00 -1.000000e+00 -1.000000e+00 7 0.000000e+00 1.240034e-03
-1.000000e+00 -1.000000e+00 1.000000e+03 0.000000e+00 -1.000000e+00 -1.000000e+00 0.000000e+00 7.562638e-23 -1.000000e+00 0.000000e+00 6.000000e+01 -1.000000e+00 0.000000e+00 -1.000000e+00 -1.000000e+00 5.321476e-31 -1.000000e+00 0.000000e+00 -9.990070e+05 3.000000e+00 -1.000000e+00 -1.000000e+00 6.600000e+02 7.002546e-27 0.000000e+00 0.000000e+00 -1.000000e+00 3.962339e-27 -1.000000e+00 -9.990070e+05 3.962339e-27 5.682715e-19 2.303115e-15 -1.000000e+00 -1.000000e+00 -1.000000e+00 6 0.000000e+00 2.100870e-26
-1.000000e+00 -1.000000e+00 1.905000e+03 0.000000e+00 -1.000000e+00 -1.000000e+00 0.000000e+00 5.987393e-01 -1.000000e+00 0.000000e+00 1.450000e+02 -1.000000e+00 0.000000e+00 -1.000000e+00 -1.000000e+00 2.534031e-01 -1.000000e+00 0.000000e+00 -9.990070e+05 3.000000e+00 -1.000000e+00 -1.000000e+00 1.025000e+03 4.001017e-01 1.000000e+00 0.000000e+00 -1.000000e+00 5.000000e-01 -1.000000e+00 -9.990070e+05 5.000000e-01 8.108134e-01 9.513742e-01 -1.000000e+00 -1.000000e+00 -1.000000e+00 3 0.000000e+00 7.136431e-01
-1.000000e+00 -1.000000e+00 1.305000e+03 0.000000e+00 -1.000000e+00 -1.000000e+00 0.000000e+00 1.771614e-01 -1.000000e+00 0.000000e+00 7.450000e+02 -1.000000e+00 0.000000e+00 -1.000000e+00 -1.000000e+00 1.778976e-02 -1.000000e+00 0.000000e+00 -9.990070e+05 3.000000e+00 -1.000000e+00 -1.000000e+00 1.025000e+03 5.923624e-02 0.000000e+00 0.000000e+00 -1.000000e+00 1.190455e-02 -1.000000e+00 -9.990070e+05 1.190455e-02 4.318556e-01 7.595808e-01 -1.000000e+00 -1.000000e+00 -1.000000e+00 1 0.000000e+00 6.568383e-02
-1.000000e+00 -1.000000e+00 1.000000e+03 0.000000e+00 -1.000000e+00 -1.000000e+00 0.000000e+00 3.172506e-02 -1.000000e+00 0.000000e+00 6.000000e+01 -1.000000e+00 0.000000e+00 -1.000000e+00 -1.000000e+00 7.375801e-04 -1.000000e+00 0.000000e+00 -9.990070e+05 3.000000e+00 -1.000000e+00 -1.000000e+00 1.600000e+02 5.183306e-03 0.000000e+00 0.000000e+00 -1.000000e+00 5.428574e-03 -1.000000e+00 -9.990070e+05 5.428574e-03 1.491822e-01 4.514992e-01 -1.000000e+00 -1.000000e+00 -1.000000e+00 7 0.000000e+00 1.574425e-02
-1.000000e+00 -1.000000e+00 1.265000e+03 0.000000e+00 -1.000000e+00 -1.000000e+00 0.000000e+00 1.079736e-02 -1.000000e+00 0.000000e+00 6.250000e+02 -1.000000e+00 0.000000e+00 -1.000000e+00 -1.000000e+00 1.183574e-04 -1.000000e+00 0.000000e+00 -9.990070e+05 3.000000e+00 -1.000000e+00 -1.000000e+00 9.450000e+02 1.217794e-03 0.000000e+00 0.000000e+00 -1.000000e+00 3.593456e-04 -1.000000e+00 -9.990070e+05 3.593456e-04 7.210847e-02 2.982223e-01 -1.000000e+00 -1.000000e+00 -1.000000e+00 1 0.000000e+00 1.775618e-03
-1.000000e+00 -1.000000e+00 1.000000e+03 0.000000e+00 -1.000000e+00 -1.000000e+00 0.000000e+00 4.698057e-07 -1.000000e+00 0.000000e+00 6.000000e+01 -1.000000e+00 0.000000e+00 -1.000000e+00 -1.000000e+00 4.278396e-11 -1.000000e+00 0.000000e+00 -9.990070e+05 3.000000e+00 -1.000000e+00 -1.000000e+00 2.600000e+02 4.909823e-09 0.000000e+00 0.000000e+00 -1.000000e+00 4.475362e-10 -1.000000e+00 -9.990070e+05 4.475362e-10 3.200310e-05 1.217477e-03 -1.000000e+00 -1.000000e+00 -1.000000e+00 6 0.000000e+00 3.240318e-09
-1.000000e+00 -1.000000e+00 5.570000e+02 0.000000e+00 -1.000000e+00 -1.000000e+00 0.000000e+00 1.755748e-14 -1.000000e+00 0.000000e+00 5.350000e+02 -1.000000e+00 0.000000e+00 -1.000000e+00 -1.000000e+00 9.119741e-21 -1.000000e+00 0.000000e+00 -9.990070e+05 3.000000e+00 -1.000000e+00 -1.000000e+00 5.460000e+02 1.393781e-17 0.000000e+00 0.000000e+00 -1.000000e+00 8.831180e-15 -1.000000e+00 -9.990070e+05 8.831180e-15 1.547812e-11 7.419591e-09 -1.000000e+00 -1.000000e+00 -1.000000e+00 5 0.000000e+00 1.765160e-14
-1.000000e+00 -1.000000e+00 1.200000e+03 0.000000e+00 -1.000000e+00 -1.000000e+00 0.000000e+00 1.421924e-03 -1.000000e+00 0.000000e+00 6.000000e+01 -1.000000e+00 0.000000e+00 -1.000000e+00 -1.000000e+00 4.617769e-06 -1.000000e+00 0.000000e+00 -9.990070e+05 3.000000e+00 -1.000000e+00 -1.000000e+00 1.060000e+03 8.784888e-05 0.000000e+00 0.000000e+00 -1.000000e+00 2.349729e-03 -1.000000e+00 -9.990070e+05 2.349729e-03 1.694454e-02 1.197146e-01 -1.000000e+00 -1.000000e+00 -1.000000e+00 2 0.000000e+00 3.661271e-03
-1.000000e+00 -1.000000e+00 1.865000e+03 0.000000e+00 -1.000000e+00 -1.000000e+00 0.000000e+00 5.511406e-01 -1.000000e+00 0.000000e+00 5.050000e+02 -1.000000e+00 0.000000e+00 -1.000000e+00 -1.000000e+00 2.072556e-01 -1.000000e+00 0.000000e+00 -9.990070e+05 3.000000e+00 -1.000000e+00 -1.000000e+00 1.185000e+03 3.481676e-01 1.000000e+00 0.000000e+00 -1.000000e+00 5.000000e-01 -1.000000e+00 -9.990070e+05 5.000000e-01 7.807437e-01 9.412463e-01 -1.000000e+00 -1.000000e+00 -1.000000e+00 3 0.000000e+00 6.901981e-01
-1.000000e+00 -1.000000e+00 8.250000e+02 0.000000e+00 -1.000000e+00 -1.000000e+00 0.000000e+00 2.650138e-01 -1.000000e+00 0.000000e+00 7.450000e+02 -1.000000e+00 0.000000e+00 -1.000000e+00 -1.000000e+00 4.047948e-02 -1.000000e+00 0.000000e+00 -9.990070e+05 3.000000e+00 -1.000000e+00 -1.000000e+00 7.850000e+02 1.086079e-01 0.000000e+00 0.000000e+00 -1.000000e+00 1.325456e-01 -1.000000e+00 -9.990070e+05 1.325456e-01 5.400564e-01 8.309282e-01 -1.000000e+00 -1.000000e+00 -1.000000e+00 5 0.000000e+00 2.650530e-01
-1.000000e+00 -1.000000e+00 1.400000e+03 0.000000e+00 -1.000000e+00 -1.000000e+00 0.000000e+00 3.767931e-01 -1.000000e+00 0.000000e+00 6.000000e+01 -1.000000e+00 0.000000e+00 -1.000000e+00 -1.000000e+00 8.634734e-02 -1.000000e+00 0.000000e+00 -9.990070e+05 3.000000e+00 -1.000000e+00 -1.000000e+00 1.600000e+02 1.877948e-01 0.000000e+00 0.000000e+00 -1.000000e+00 4.876332e-01 -1.000000e+00 -9.990070e+05 4.876332e-01 6.492521e-01 8.880302e-01 -1.000000e+00 -1.000000e+00 -1.000000e+00 3 0.000000e+00 6.071739e-01
-1.000000e+00 -1.000000e+00 1.345000e+03 0.000000e+00 -1.000000e+00 -1.000000e+00 0.000000e+00 4.717339e-04 -1.000000e+00 0.000000e+00 3.850000e+02 -1.000000e+00 0.000000e+00 -1.000000e+00 -1.000000e+00 8.523303e-07 -1.000000e+00 0.000000e+00 -9.990070e+05 3.000000e+00 -1.000000e+00 -1.000000e+00 8.650000e+02 2.178993e-05 0.000000e+00 0.000000e+00 -1.000000e+00 9.540833e-06 -1.000000e+00 -9.990070e+05 9.540833e-06 7.457799e-03 6.885237e-02 -1.000000e+00 -1.000000e+00 -1.000000e+00 1 0.000000e+00 4.377090e-05
-1.000000e+00 -1.000000e+00 1.145000e+03 0.000000e+00 -1.000000e+00 -1.000000e+00 0.000000e+00 4.448223e-01 -1.000000e+00 0.000000e+00 7.450000e+02 -1.000000e+00 0.000000e+00 -1.000000e+00 -1.000000e+00 1.254594e-01 -1.000000e+00 0.000000e+00 -9.990070e+05 3.000000e+00 -1.000000e+00 -1.000000e+00 9.450000e+02 2.449313e-01 0.000000e+00 0.000000e+00 -1.000000e+00 4.330778e-02 -1.000000e+00 -9.990070e+05 4.330778e-02 7.051264e-01 9.125166e-01 -1.000000e+00 -1.000000e+00 -1.000000e+00 1 0.000000e+00 2.529728e-01
-1.000000e+00 -1.000000e+00 7.970000e+02 4.000000e+03 -1.000000e+00 -1.000000e+00 0.000000e+00 7.487716e-02 -1.000000e+00 1.000000e+00 7.750000e+02 -1.000000e+00 0.000000e+00 -1.000000e+00 -1.000000e+00 3.429962e-03 -1.000000e+00 1.000000e+00 -9.990070e+05 2.000000e+00 -1.000000e+00 -1.000000e+00 7.860000e+02 1.706709e-02 0.000000e+00 0.000000e+00 -1.000000e+00 3.742257e-02 -1.000000e+00 -9.990070e+05 3.742257e-02 2.583218e-01 6.002465e-01 -1.000000e+00 -1.000000e+00 -1.000000e+00 5 1.000000e+00 7.485686e-02
-1.000000e+00 -1.000000e+00 1.825000e+03 0.000000e+00 -1.000000e+00 -1.000000e+00 0.000000e+00 4.636859e-01 -1.000000e+00 0.000000e+00 3.850000e+02 -1.000000e+00 0.000000e+00 -1.000000e+00 -1.000000e+00 1.380215e-01 -1.000000e+00 0.000000e+00 -9.990070e+05 3.000000e+00 -1.000000e+00 -1.000000e+00 1.105000e+03 2.619920e-01 1.000000e+00 0.000000e+00 -1.000000e+00 5.000000e-01 -1.000000e+00 -9.990070e+05 5.000000e-01 7.194980e-01 9.183523e-01 -1.000000e+00 -1.000000e+00 -1.000000e+00 3 0.000000e+00 6.509086e-01
-1.000000e+00 -1.000000e+00 1.305000e+03 0.000000e+00 -1.000000e+00 -1.000000e+00 0.000000e+00 2.143160e-05 -1.000000e+00 0.000000e+00 2.650000e+02 -1.000000e+00 0.000000e+00 -1.000000e+00 -1.000000e+00 9.053914e-09 -1.000000e+00 0.000000e+00 -9.990070e+05 3.000000e+00 -1.000000e+00 -1.000000e+00 7.850000e+02 4.808263e-07 0.000000e+00 0.000000e+00 -1.000000e+00 3.055899e-07 -1.000000e+00 -9.990070e+05 3.055899e-07 6.872145e-04 1.252761e-02 -1.000000e+00 -1.000000e+00 -1.000000e+00 1 0.000000e+00 1.327555e-06
-1.000000e+00 -1.000000e+00 1.905000e+03 0.000000e+00 -1.000000e+00 -1.000000e+00 0.000000e+00 6.339680e-01 -1.000000e+00 0.000000e+00 6.250000e+02 -1.000000e+00 0.000000e+00 -1.000000e+00 -1.000000e+00 2.918841e-01 -1.000000e+00 0.000000e+00 -9.990070e+05 3.000000e+00 -1.000000e+00 -1.000000e+00 1.265000e+03 4.409051e-01 1.000000e+00 0.000000e+00 -1.000000e+00 5.000000e-01 -1.000000e+00 -9.990070e+05 5.000000e-01 8.317741e-01 9.580221e-01 -1.000000e+00 -1.000000e+00 -1.000000e+00 3 0.000000e+00 7.320473e-01
-1.000000e+00 -1.000000e+00 1.600000e+03 0.000000e+00 -1.000000e+00 -1.000000e+00 0.000000e+00 4.540562e-01 -1.000000e+00 0.000000e+00 6.000000e+01 -1.000000e+00 0.000000e+00 -1.000000e+00 -1.000000e+00 1.315105e-01 -1.000000e+00 0.000000e+00 -9.990070e+05 3.000000e+00 -1.000000e+00 -1.000000e+00 1.460000e+03 2.532160e-01 0.000000e+00 0.000000e+00 -1.000000e+00 3.627440e-01 -1.000000e+00 -9.990070e+05 3.627440e-01 7.122176e-01 9.154189e-01 -1.000000e+00 -1.000000e+00 -1.000000e+00 2 0.000000e+00 5.542189e-01
-1.000000e+00 -1.000000e+00 1.585000e+03 0.000000e+00 -1.000000e+00 -1.000000e+00 0.000000e+00 5.682055e-02 -1.000000e+00 0.000000e+00 1.450000e+02 -1.000000e+00 0.000000e+00 -1.000000e+00 -1.000000e+00 2.073543e-03 -1.000000e+00 0.000000e+00 -9.990070e+05 3.000000e+00 -1.000000e+00 -1.000000e+00 8.650000e+02 1.158545e-02 0.000000e+00 0.000000e+00 -1.000000e+00 1.353863e-01 -1.000000e+00 -9.990070e+05 1.353863e-01 2.172892e-01 5.504899e-01 -1.000000e+00 -1.000000e+00 -1.000000e+00 3 0.000000e+00 1.715642e-01
-1.000000e+00 -1.000000e+00 1.625000e+03 0.000000e+00 -1.000000e+00 -1.000000e+00 0.000000e+00 3.089187e-01 -1.000000e+00 0.000000e+00 7.450000e+02 -1.000000e+00 0.000000e+00 -1.000000e+00 -1.000000e+00 5.601606e-02 -1.000000e+00 0.000000e+00 -9.990070e+05 3.000000e+00 -1.000000e+00 -1.000000e+00 1.185000e+03 1.375436e-01 0.000000e+00 0.000000e+00 -1.000000e+00 2.549174e-02 -1.000000e+00 -9.990070e+05 2.549174e-02 5.859922e-01 8.565617e-01 -1.000000e+00 -1.000000e+00 -1.000000e+00 1 0.000000e+00 1.455676e-01
-1.000000e+00 -1.000000e+00 1.600000e+03 0.000000e+00 -1.000000e+00 -1.000000e+00 0.000000e+00 4.747277e-01 -1.000000e+00 0.000000e+00 6.000000e+01 -1.000000e+00 0.000000e+00 -1.000000e+00 -1.000000e+00 1.457447e-01 -1.000000e+00 0.000000e+00 -9.990070e+05 3.000000e+00 -1.000000e+00 -1.000000e+00 1.400000e+03 2.722269e-01 0.000000e+00 0.000000e+00 -1.000000e+00 3.757110e-01 -1.000000e+00 -9.990070e+05 3.757110e-01 7.277058e-01 9.216040e-01 -1.000000e+00 -1.000000e+00 -1.000000e+00 2 0.000000e+00 5.738667e-01
-1.000000e+00 -1.000000e+00 1.200000e+03 0.000000e+00 -1.000000e+00 -1.000000e+00 0.000000e+00 1.579407e-04 -1.000000e+00 0.000000e+00 6.000000e+01 -1.000000e+00 0.000000e+00 -1.000000e+00 -1.000000e+00 1.659027e-07 -1.000000e+00 0.000000e+00 -9.990070e+05 3.000000e+00 -1.000000e+00 -1.000000e+00 7.000000e+01 5.572976e-06 0.000000e+00 0.000000e+00 -1.000000e+00 1.656951e-05 -1.000000e+00 -9.990070e+05 1.656951e-05 3.248030e-03 3.855947e-02 -1.000000e+00 -1.000000e+00 -1.000000e+00 7 0.000000e+00 4.670661e-05
-1.000000e+00 -1.000000e+00 1.185000e+03 0.000000e+00 -1.000000e+00 -1.000000e+00 0.000000e+00 1.152026e-07 -1.000000e+00 0.000000e+00 3.850000e+02 -1.000000e+00 0.000000e+00 -1.000000e+00 -1.000000e+00 6.280100e-12 -1.000000e+00 0.000000e+00 -9.990070e+05 3.000000e+00 -1.000000e+00 -1.000000e+00 7.850000e+02 9.323038e-10 0.000000e+00 0.000000e+00 -1.000000e+00 1.024578e-09 -1.000000e+00 -9.990070e+05 1.024578e-09 1.010695e-05 4.930089e-04 -1.000000e+00 -1.000000e+00 -1.000000e+00 1 0.000000e+00 4.195961e-09
-1.000000e+00 -1.000000e+00 1.600000e+03 0.000000e+00 -1.000000e+00 -1.000000e+00 0.000000e+00 4.157361e-01 -1.000000e+00 0.000000e+00 6.000000e+01 -1.000000e+00 0.000000e+00 -1.000000e+00 -1.000000e+00 1.075894e-01 -1.000000e+00 0.000000e+00 -9.990070e+05 3.000000e+00 -1.000000e+00 -1.000000e+00 1.500000e+03 2.196656e-01 0.000000e+00 0.000000e+00 -1.000000e+00 3.383332e-01 -1.000000e+00 -9.990070e+05 3.383332e-01 6.820509e-01 9.027581e-01 -1.000000e+00 -1.000000e+00 -1.000000e+00 2 0.000000e+00 5.171301e-01
-1.000000e+00 -1.000000e+00 8.770000e+02 4.000000e+03 -1.000000e+00 -1.000000e+00 0.000000e+00 2.848003e-01 -1.000000e+00 1.000000e+00 8.550000e+02 -1.000000e+00 0.000000e+00 -1.000000e+00 -1.000000e+00 4.710899e-02 -1.000000e+00 1.000000e+00 -9.990070e+05 3.000000e+00 -1.000000e+00 -1.000000e+00 8.660000e+02 1.213008e-01 0.000000e+00 0.000000e+00 -1.000000e+00 1.425602e-01 -1.000000e+00 -9.990070e+05 1.425602e-01 5.613119e-01 8.430992e-01 -1.000000e+00 -1.000000e+00 -1.000000e+00 5 0.000000e+00 2.849589e-01
-1.000000e+00 -1.000000e+00 1.600000e+03 0.000000e+00 -1.000000e+00 -1.000000e+00 0.000000e+00 1.047859e-01 -1.000000e+00 0.000000e+00 6.000000e+01 -1.000000e+00 0.000000e+00 -1.000000e+00 -1.000000e+00 6.422863e-03 -1.000000e+00 0.000000e+00 -9.990070e+05 3.000000e+00 -1.000000e+00 -1.000000e+00 6.600000e+02 2.754227e-02 0.000000e+00 0.000000e+00 -1.000000e+00 2.109562e-01 -1.000000e+00 -9.990070e+05 2.109562e-01 3.172827e-01 6.623223e-01 -1.000000e+00 -1.000000e+00 -1.000000e+00 3 0.000000e+00 2.658221e-01
-1.000000e+00 -1.000000e+00 1.785000e+03 0.000000e+00 -1.000000e+00 -1.000000e+00 0.000000e+00 3.788926e-01 -1.000000e+00 0.000000e+00 2.650000e+02 -1.000000e+00 0.000000e+00 -1.000000e+00 -1.000000e+00 8.741765e-02 -1.000000e+00 0.000000e+00 -9.990070e+05 3.000000e+00 -1.000000e+00 -1.000000e+00 1.025000e+03 1.894562e-01 0.000000e+00 0.000000e+00 -1.000000e+00 4.930048e-01 -1.000000e+00 -9.990070e+05 4.930048e-01 6.510800e-01 8.888783e-01 -1.000000e+00 -1.000000e+00 -1.000000e+00 3 0.000000e+00 6.118452e-01
-1.000000e+00 -1.000000e+00 1.705000e+03 0.000000e+00 -1.000000e+00 -1.000000e+00 0.000000e+00 2.558532e-01 -1.000000e+00 0.000000e+00 5.050000e+02 -1.000000e+00 0.000000e+00 -1.000000e+00 -1.000000e+00 3.760967e-02 -1.000000e+00 0.000000e+00 -9.990070e+05 3.000000e+00 -1.000000e+00 -1.000000e+00 1.105000e+03 1.029253e-01 0.000000e+00 0.000000e+00 -1.000000e+00 5.460160e-02 -1.000000e+00 -9.990070e+05 5.460160e-02 5.298815e-01 8.249049e-01 -1.000000e+00 -1.000000e+00 -1.000000e+00 7 0.000000e+00 1.702187e-01
-1.000000e+00 -1.000000e+00 1.505000e+03 0.000000e+00 -1.000000e+00 -1.000000e+00 0.000000e+00 2.382773e-02 -1.000000e+00 0.000000e+00 3.850000e+02 -1.000000e+00 0.000000e+00 -1.000000e+00 -1.000000e+00 4.494972e-04 -1.000000e+00 0.000000e+00 -9.990070e+05 3.000000e+00 -1.000000e+00 -1.000000e+00 9.450000e+02 3.512435e-03 0.000000e+00 0.000000e+00 -1.000000e+00 3.642872e-03 -1.000000e+00 -9.990070e+05 3.642872e-03 1.234375e-01 4.067252e-01 -1.000000e+00 -1.000000e+00 -1.000000e+00 7 0.000000e+00 1.084415e-02
-1.000000e+00 -1.000000e+00 4.250000e+02 0.000000e+00 -1.000000e+00 -1.000000e+00 0.000000e+00 7.842160e-07 -1.000000e+00 0.000000e+00 3.450000e+02 -1.000000e+00 0.000000e+00 -1.000000e+00 -1.000000e+00 8.663094e-11 -1.000000e+00 0.000000e+00 -9.990070e+05 3.000000e+00 -1.000000e+00 -1.000000e+00 3.850000e+02 9.023345e-09 0.000000e+00 0.000000e+00 -1.000000e+00 3.910914e-07 -1.000000e+00 -9.990070e+05 3.910914e-07 4.857404e-05 1.683307e-03 -1.000000e+00 -1.000000e+00 -1.000000e+00 5 0.000000e+00 7.824989e-07
-1.000000e+00 -1.000000e+00 1.200000e+03 0.000000e+00 -1.000000e+00 -1.000000e+00 0.000000e+00 5.896494e-04 -1.000000e+00 0.000000e+00 6.000000e+01 -1.000000e+00 0.000000e+00 -1.000000e+00 -1.000000e+00 1.195351e-06 -1.000000e+00 0.000000e+00 -9.990070e+05 3.000000e+00 -1.000000e+00 -1.000000e+00 1.100000e+03 2.883767e-05 0.000000e+00 0.000000e+00 -1.000000e+00 1.043933e-03 -1.000000e+00 -9.990070e+05 1.043933e-03 8.817484e-03 7.721059e-02 -1.000000e+00 -1.000000e+00 -1.000000e+00 2 0.000000e+00 1.630734e-03
-1.000000e+00 -1.000000e+00 1.425000e+03 0.000000e+00 -1.000000e+00 -1.000000e+00 0.000000e+00 2.568363e-02 -1.000000e+00 0.000000e+00 6.250000e+02 -1.000000e+00 0.000000e+00 -1.000000e+00 -1.000000e+00 5.114118e-04 -1.000000e+00 0.000000e+00 -9.990070e+05 3.000000e+00 -1.000000e+00 -1.000000e+00 1.025000e+03 3.888123e-03 0.000000e+00 0.000000e+00 -1.000000e+00 1.020222e-03 -1.000000e+00 -9.990070e+05 1.020222e-03 1.297548e-01 4.181859e-01 -1.000000e+00 -1.000000e+00 -1.000000e+00 1 0.000000e+00 5.185607e-03
-1.000000e+00 -1.000000e+00 1.400000e+03 0.000000e+00 -1.000000e+00 -1.000000e+00 0.000000e+00 1.057685e-01 -1.000000e+00 0.000000e+00 6.000000e+01 -1.000000e+00 0.000000e+00 -1.000000e+00 -1.000000e+00 6.537375e-03 -1.000000e+00 0.000000e+00 -9.990070e+05 3.000000e+00 -1.000000e+00 -1.000000e+00 1.200000e+03 2.791405e-02 0.000000e+00 0.000000e+00 -1.000000e+00 1.092455e-01 -1.000000e+00 -9.990070e+05 1.092455e-01 3.190721e-01 6.640589e-01 -1.000000e+00 -1.000000e+00 -1.000000e+00 2 0.000000e+00 1.679133e-01
-1.000000e+00 -1.000000e+00 1.225000e+03 0.000000e+00 -1.000000e+00 -1.000000e+00 0.000000e+00 1.305482e-07 -1.000000e+00 0.000000e+00 2.500000e+01 -1.000000e+00 0.000000e+00 -1.000000e+00 -1.000000e+00 7.442100e-12 -1.000000e+00 0.000000e+00 -9.990070e+05 3.000000e+00 -1.000000e+00 -1.000000e+00 6.250000e+02 1.080301e-09 0.000000e+00 0.000000e+00 -1.000000e+00 1.007410e-08 -1.000000e+00 -9.990070e+05 1.007410e-08 1.120329e-05 5.347542e-04 -1.000000e+00 -1.000000e+00 -1.000000e+00 7 0.000000e+00 2.724942e-08
-1.000000e+00 -1.000000e+00 1.400000e+03 0.000000e+00 -1.000000e+00 -1.000000e+00 0.000000e+00 7.796783e-02 -1.000000e+00 0.000000e+00 6.000000e+01 -1.000000e+00 0.000000e+00 -1.000000e+00 -1.000000e+00 3.695703e-03 -1.000000e+00 0.000000e+00 -9.990070e+05 3.000000e+00 -1.000000e+00 -1.000000e+00 1.300000e+03 1.807152e-02 0.000000e+00 0.000000e+00 -1.000000e+00 8.413604e-02 -1.000000e+00 -9.990070e+05 8.413604e-02 2.648745e-01 6.076505e-01 -1.000000e+00 -1.000000e+00 -1.000000e+00 2 0.000000e+00 1.294767e-01
-1.000000e+00 -1.000000e+00 1.945000e+03 0.000000e+00 -1.000000e+00 -1.000000e+00 0.000000e+00 6.523327e-01 -1.000000e+00 0.000000e+00 2.650000e+02 -1.000000e+00 0.000000e+00 -1.000000e+00 -1.000000e+00 3.135114e-01 -1.000000e+00 0.000000e+00 -9.990070e+05 3.000000e+00 -1.000000e+00 -1.000000e+00 1.105000e+03 4.629928e-01 1.000000e+00 0.000000e+00 -1.000000e+00 5.000000e-01 -1.000000e+00 -9.990070e+05 5.000000e-01 8.422952e-01 9.612346e-01 -1.000000e+00 -1.000000e+00 -1.000000e+00 3 0.000000e+00 7.420229e-01
-1.000000e+00 -1.000000e+00 1.345000e+03 0.000000e+00 -1.000000e+00 -1.000000e+00 0.000000e+00 5.959659e-01 -1.000000e+00 0.000000e+00 8.650000e+02 -1.000000e+00 0.000000e+00 -1.000000e+00 -1.000000e+00 2.505349e-01 -1.000000e+00 0.000000e+00 -9.990070e+05 3.000000e+00 -1.000000e+00 -1.000000e+00 1.105000e+03 3.969758e-01 0.000000e+00 0.000000e+00 -1.000000e+00 6.759298e-02 -1.000000e+00 -9.990070e+05 6.759298e-02 8.091181e-01 9.508219e-01 -1.000000e+00 -1.000000e+00 -1.000000e+00 1 0.000000e+00 4.033338e-01
-1.000000e+00 -1.000000e+00 1.385000e+03 0.000000e+00 -1.000000e+00 -1.000000e+00 0.000000e+00 4.246515e-04 -1.000000e+00 0.000000e+00 2.500000e+01 -1.000000e+00 0.000000e+00 -1.000000e+00 -1.000000e+00 7.271575e-07 -1.000000e+00 0.000000e+00 -9.990070e+05 3.000000e+00 -1.000000e+00 -1.000000e+00 7.050000e+02 1.909938e-05 0.000000e+00 0.000000e+00 -1.000000e+00 4.673409e-05 -1.000000e+00 -9.990070e+05 4.673409e-05 6.890094e-03 6.520406e-02 -1.000000e+00 -1.000000e+00 -1.000000e+00 7 0.000000e+00 1.331538e-04
-1.000000e+00 -1.000000e+00 1.065000e+03 0.000000e+00 -1.000000e+00 -1.000000e+00 0.000000e+00 8.610524e-17 -1.000000e+00 0.000000e+00 2.500000e+01 -1.000000e+00 0.000000e+00 -1.000000e+00 -1.000000e+00 1.224933e-23 -1.000000e+00 0.000000e+00 -9.990070e+05 3.000000e+00 -1.000000e+00 -1.000000e+00 5.450000e+02 3.580042e-20 0.000000e+00 0.000000e+00 -1.000000e+00 8.113565e-21 -1.000000e+00 -9.990070e+05 8.113565e-21 1.446130e-13 1.316525e-10 -1.000000e+00 -1.000000e+00 -1.000000e+00 6 0.000000e+00 4.829505e-20
-1.000000e+00 -1.000000e+00 1.000000e+03 0.000000e+00 -1.000000e+00 -1.000000e+00 0.000000e+00 2.753811e-15 -1.000000e+00 0.000000e+00 6.000000e+01 -1.000000e+00 0.000000e+00 -1.000000e+00 -1.000000e+00 9.005074e-22 -1.000000e+00 0.000000e+00 -9.990070e+05 3.000000e+00 -1.000000e+00 -1.000000e+00 8.000000e+02 1.735060e-18 0.000000e+00 0.000000e+00 -1.000000e+00 3.878777e-19 -1.000000e+00 -9.990070e+05 3.878777e-19 3.056169e-12 1.842047e-09 -1.000000e+00 -1.000000e+00 -1.000000e+00 6 0.000000e+00 2.307993e-18
-1.000000e+00 -1.000000e+00 1.745000e+03 0.000000e+00 -1.000000e+00 -1.000000e+00 0.000000e+00 2.961040e-01 -1.000000e+00 0.000000e+00 1.450000e+02 -1.000000e+00 0.000000e+00 -1.000000e+00 -1.000000e+00 5.116806e-02 -1.000000e+00 0.000000e+00 -9.990070e+05 3.000000e+00 -1.000000e+00 -1.000000e+00 9.450000e+02 1.288081e-01 0.000000e+00 0.000000e+00 -1.000000e+00 4.234850e-01 -1.000000e+00 -9.990070e+05 4.234850e-01 5.730392e-01 8.495836e-01 -1.000000e+00 -1.000000e+00 -1.000000e+00 3 0.000000e+00 5.274783e-01
-1.000000e+00 -1.000000e+00 1.000000e+03 0.000000e+00 -1.000000e+00 -1.000000e+00 0.000000e+00 3.419157e-09 -1.000000e+00 0.000000e+00 6.000000e+01 -1.000000e+00 0.000000e+00 -1.000000e+00 -1.000000e+00 5.652664e-14 -1.000000e+00 0.000000e+00 -9.990070e+05 3.000000e+00 -1.000000e+00 -1.000000e+00 9.000000e+02 1.526384e-11 0.000000e+00 0.000000e+00 -1.000000e+00 4.758446e-11 -1.000000e+00 -9.990070e+05 4.758446e-11 5.409997e-07 4.720430e-05 -1.000000e+00 -1.000000e+00 -1.000000e+00 4 0.000000e+00 1.662273e-10
-1.000000e+00 -1.000000e+00 1.600000e+03 0.000000e+00 -1.000000e+00 -1.000000e+00 0.000000e+00 3.876160e-01 -1.000000e+00 0.000000e+00 6.000000e+01 -1.000000e+00 0.000000e+00 -1.000000e+00 -1.000000e+00 9.195454e-02 -1.000000e+00 0.000000e+00 -9.990070e+05 3.000000e+00 -1.000000e+00 -1.000000e+00 1.550000e+03 1.964287e-01 0.000000e+00 0.000000e+00 -1.000000e+00 3.195078e-01 -1.000000e+00 -9.990070e+05 3.195078e-01 6.585999e-01 8.923331e-01 -1.000000e+00 -1.000000e+00 -1.000000e+00 2 0.000000e+00 4.888941e-01
-1.000000e+00 -1.000000e+00 1.985000e+03 0.000000e+00 -1.000000e+00 -1.000000e+00 0.000000e+00 7.030933e-01 -1.000000e+00 0.000000e+00 3.850000e+02 -1.000000e+00 0.000000e+00 -1.000000e+00 -1.000000e+00 3.793114e-01 -1.000000e+00 0.000000e+00 -9.990070e+05 3.000000e+00 -1.000000e+00 -1.000000e+00 1.185000e+03 5.270339e-01 1.000000e+00 0.000000e+00 -1.000000e+00 5.000000e-01 -1.000000e+00 -9.990070e+05 5.000000e-01 8.700274e-01 9.693124e-01 -1.000000e+00 -1.000000e+00 -1.000000e+00 3 0.000000e+00 7.710655e-01
-1.000000e+00 -1.000000e+00 1.400000e+03 0.000000e+00 -1.000000e+00 -1.000000e+00 0.000000e+00 1.274820e-01 -1.000000e+00 0.000000e+00 6.000000e+01 -1.000000e+00 0.000000e+00 -1.000000e+00 -1.000000e+00 9.338692e-03 -1.000000e+00 0.000000e+00 -9.990070e+05 3.000000e+00 -1.000000e+00 -1.000000e+00 1.100000e+02 3.655495e-02 0.000000e+00 0.000000e+00 -1.000000e+00 2.425644e-01 -1.000000e+00 -9.990070e+05 2.425644e-01 3.566934e-01 6.988231e-01 -1.000000e+00 -1.000000e+00 -1.000000e+00 3 0.000000e+00 3.048800e-01
-1.000000e+00 -1.000000e+00 1.385000e+03 0.000000e+00 -1.000000e+00 -1.000000e+00 0.000000e+00 7.783124e-01 -1.000000e+00 0.000000e+00 9.850000e+02 -1.000000e+00 0.000000e+00 -1.000000e+00 -1.000000e+00 4.948929e-01 -1.000000e+00 0.000000e+00 -9.990070e+05 3.000000e+00 -1.000000e+00 -1.000000e+00 1.185000e+03 6.303335e-01 0.000000e+00 0.000000e+00 -1.000000e+00 1.037731e-01 -1.000000e+00 -9.990070e+05 1.037731e-01 9.077963e-01 9.794277e-01 -1.000000e+00 -1.000000e+00 -1.000000e+00 1 0.000000e+00 6.334046e-01
-1.000000e+00 -1.000000e+00 1.600000e+03 0.000000e+00 -1.000000e+00 -1.000000e+00 0.000000e+00 2.038536e-01 -1.000000e+00 0.000000e+00 6.000000e+01 -1.000000e+00 0.000000e+00 -1.000000e+00 -1.000000e+00 2.358252e-02 -1.000000e+00 0.000000e+00 -9.990070e+05 3.000000e+00 -1.000000e+00 -1.000000e+00 1.260000e+03 7.301445e-02 0.000000e+00 0.000000e+00 -1.000000e+00 3.328837e-01 -1.000000e+00 -9.990070e+05 3.328837e-01 4.675023e-01 7.849646e-01 -1.000000e+00 -1.000000e+00 -1.000000e+00 3 0.000000e+00 4.165333e-01
-1.000000e+00 -1.000000e+00 6.650000e+02 0.000000e+00 -1.000000e+00 -1.000000e+00 0.000000e+00 5.759417e-03 -1.000000e+00 0.000000e+00 5.850000e+02 -1.000000e+00 0.000000e+00 -1.000000e+00 -1.000000e+00 4.230108e-05 -1.000000e+00 0.000000e+00 -9.990070e+05 3.000000e+00 -1.000000e+00 -1.000000e+00 6.250000e+02 5.329746e-04 0.000000e+00 0.000000e+00 -1.000000e+00 2.903472e-03 -1.000000e+00 -9.990070e+05 2.903472e-03 4.647865e-02 2.284747e-01 -1.000000e+00 -1.000000e+00 -1.000000e+00 5 0.000000e+00 5.794531e-03
-1.000000e+00 -1.000000e+00 1.200000e+03 0.000000e+00 -1.000000e+00 -1.000000e+00 0.000000e+00 1.465361e-02 -1.000000e+00 0.000000e+00 6.000000e+01 -1.000000e+00 0.000000e+00 -1.000000e+00 -1.000000e+00 1.969510e-04 -1.000000e+00 0.000000e+00 -9.990070e+05 3.000000e+00 -1.000000e+00 -1.000000e+00 1.100000e+02 1.827661e-03 0.000000e+00 0.000000e+00 -1.000000e+00 4.791004e-02 -1.000000e+00 -9.990070e+05 4.791004e-02 8.892499e-02 3.373432e-01 -1.000000e+00 -1.000000e+00 -1.000000e+00 3 0.000000e+00 6.134938e-02
-1.000000e+00 -1.000000e+00 1.200000e+03 0.000000e+00 -1.000000e+00 -1.000000e+00 0.000000e+00 1.350053e-05 -1.000000e+00 0.000000e+00 6.000000e+01 -1.000000e+00 0.000000e+00 -1.000000e+00 -1.000000e+00 4.676170e-09 -1.000000e+00 0.000000e+00 -9.990070e+05 3.000000e+00 -1.000000e+00 -1.000000e+00 1.190000e+03 2.743958e-07 0.000000e+00 0.000000e+00 -1.000000e+00 3.084892e-05 -1.000000e+00 -9.990070e+05 3.084892e-05 4.770874e-04 9.558077e-03 -1.000000e+00 -1.000000e+00 -1.000000e+00 2 0.000000e+00 4.856706e-05
-1.000000e+00 -1.000000e+00 1.025000e+03 0.000000e+00 -1.000000e+00 -1.000000e+00 0.000000e+00 8.861663e-01 -1.000000e+00 0.000000e+00 8.650000e+02 -1.000000e+00 0.000000e+00 -1.000000e+00 -1.000000e+00 7.055016e-01 -1.000000e+00 0.000000e+00 -9.990070e+05 3.000000e+00 -1.000000e+00 -1.000000e+00 9.450000e+02 7.972427e-01 1.000000e+00 0.000000e+00 -1.000000e+00 5.000000e-01 -1.000000e+00 -9.990070e+05 5.000000e-01 9.558914e-01 9.908758e-01 -1.000000e+00 -1.000000e+00 -1.000000e+00 2 0.000000e+00 8.978001e-01
-1.000000e+00 -1.000000e+00 1.400000e+03 0.000000e+00 -1.000000e+00 -1.000000e+00 0.000000e+00 1.693118e-02 -1.000000e+00 0.000000e+00 6.000000e+01 -1.000000e+00 0.000000e+00 -1.000000e+00 -1.000000e+00 2.511927e-04 -1.000000e+00 0.000000e+00 -9.990070e+05 3.000000e+00 -1.000000e+00 -1.000000e+00 7.000000e+01 2.217174e-03 0.000000e+00 0.000000e+00 -1.000000e+00 5.364359e-02 -1.000000e+00 -9.990070e+05 5.364359e-02 9.810280e-02 3.570576e-01 -1.000000e+00 -1.000000e+00 -1.000000e+00 3 0.000000e+00 6.863089e-02
-1.000000e+00 -1.000000e+00 1.065000e+03 0.000000e+00 -1.000000e+00 -1.000000e+00 0.000000e+00 8.692452e-01 -1.000000e+00 0.000000e+00 9.850000e+02 -1.000000e+00 0.000000e+00 -1.000000e+00 -1.000000e+00 6.685017e-01 -1.000000e+00 0.000000e+00 -9.990070e+05 3.000000e+00 -1.000000e+00 -1.000000e+00 1.025000e+03 7.695110e-01 0.000000e+00 0.000000e+00 -1.000000e+00 2.004882e-01 -1.000000e+00 -9.990070e+05 2.004882e-01 9.487774e-01 9.892818e-01 -1.000000e+00 -1.000000e+00 -1.000000e+00 4 0.000000e+00 8.027399e-01
-1.000000e+00 -1.000000e+00 1.600000e+03 0.000000e+00 -1.000000e+00 -1.000000e+00 0.000000e+00 2.269873e-01 -1.000000e+00 0.000000e+00 6.000000e+01 -1.000000e+00 0.000000e+00 -1.000000e+00 -1.000000e+00 2.936006e-02 -1.000000e+00 0.000000e+00 -9.990070e+05 3.000000e+00 -1.000000e+00 -1.000000e+00 4.600000e+02 8.582573e-02 0.000000e+00 0.000000e+00 -1.000000e+00 3.569653e-01 -1.000000e+00 -9.990070e+05 3.569653e-01 4.962931e-01 8.040668e-01 -1.000000e+00 -1.000000e+00 -1.000000e+00 3 0.000000e+00 4.462141e-01
-1.000000e+00 -1.000000e+00 1.705000e+03 0.000000e+00 -1.000000e+00 -1.000000e+00 0.000000e+00 6.136273e-01 -1.000000e+00 0.000000e+00 9.850000e+02 -1.000000e+00 0.000000e+00 -1.000000e+00 -1.000000e+00 2.691965e-01 -1.000000e+00 0.000000e+00 -9.990070e+05 3.000000e+00 -1.000000e+00 -1.000000e+00 1.345000e+03 4.170966e-01 0.000000e+00 0.000000e+00 -1.000000e+00 7.028685e-02 -1.000000e+00 -9.990070e+05 7.028685e-02 8.197999e-01 9.542652e-01 -1.000000e+00 -1.000000e+00 -1.000000e+00 1 0.000000e+00 4.225655e-01
-1.000000e+00 -1.000000e+00 2.370000e+02 0.000000e+00 -1.000000e+00 -1.000000e+00 0.000000e+00 4.757197e-06 -1.000000e+00 0.000000e+00 2.150000e+02 -1.000000e+00 0.000000e+00 -1.000000e+00 -1.000000e+00 1.067714e-09 -1.000000e+00 0.000000e+00 -9.990070e+05 3.000000e+00 -1.000000e+00 -1.000000e+00 2.260000e+02 7.791016e-08 0.000000e+00 0.000000e+00 -1.000000e+00 5.413250e-07 -1.000000e+00 -9.990070e+05 5.413250e-07 2.079608e-04 5.125420e-03 -1.000000e+00 -1.000000e+00 -1.000000e+00 4 0.000000e+00 1.417840e-06
-1.000000e+00 -1.000000e+00 9.050000e+02 0.000000e+00 -1.000000e+00 -1.000000e+00 0.000000e+00 5.061541e-01 -1.000000e+00 0.000000e+00 8.250000e+02 -1.000000e+00 0.000000e+00 -1.000000e+00 -1.000000e+00 1.692856e-01 -1.000000e+00 0.000000e+00 -9.990070e+05 3.000000e+00 -1.000000e+00 -1.000000e+00 8.650000e+02 3.023697e-01 0.000000e+00 0.000000e+00 -1.000000e+00 2.534482e-01 -1.000000e+00 -9.990070e+05 2.534482e-01 7.502852e-01 9.302517e-01 -1.000000e+00 -1.000000e+00 -1.000000e+00 5 0.000000e+00 5.064277e-01
-1.000000e+00 -1.000000e+00 1.400000e+03 0.000000e+00 -1.000000e+00 -1.000000e+00 0.000000e+00 1.107066e-01 -1.000000e+00 0.000000e+00 6.000000e+01 -1.000000e+00 0.000000e+00 -1.000000e+00 -1.000000e+00 7.128758e-03 -1.000000e+00 0.000000e+00 -9.990070e+05 3.000000e+00 -1.000000e+00 -1.000000e+00 2.600000e+02 2.980803e-02 0.000000e+00 0.000000e+00 -1.000000e+00 2.197879e-01 -1.000000e+00 -9.990070e+05 2.197879e-01 3.279433e-01 6.725527e-01 -1.000000e+00 -1.000000e+00 -1.000000e+00 3 0.000000e+00 2.766387e-01
-1.000000e+00 -1.000000e+00 1.865000e+03 0.000000e+00 -1.000000e+00 -1.000000e+00 0.000000e+00 5.377469e-01 -1.000000e+00 0.000000e+00 2.500000e+01 -1.000000e+00 0.000000e+00 -1.000000e+00 -1.000000e+00 1.954017e-01 -1.000000e+00 0.000000e+00 -9.990070e+05 3.000000e+00 -1.000000e+00 -1.000000e+00 9.450000e+02 3.342025e-01 1.000000e+00 0.000000e+00 -1.000000e+00 5.000000e-01 -1.000000e+00 -9.990070e+05 5.000000e-01 7.718927e-01 9.381291e-01 -1.000000e+00 -1.000000e+00 -1.000000e+00 3 0.000000e+00 6.838762e-01
-1.000000e+00 -1.000000e+00 1.785000e+03 0.000000e+00 -1.000000e+00 -1.000000e+00 0.000000e+00 5.049160e-01 -1.000000e+00 0.000000e+00 7.450000e+02 -1.000000e+00 0.000000e+00 -1.000000e+00 -1.000000e+00 1.683132e-01 -1.000000e+00 0.000000e+00 -9.990070e+05 3.000000e+00 -1.000000e+00 -1.000000e+00 1.265000e+03 3.011536e-01 0.000000e+00 0.000000e+00 -1.000000e+00 1.252735e-01 -1.000000e+00 -9.990070e+05 1.252735e-01 7.494168e-01 9.299270e-01 -1.000000e+00 -1.000000e+00 -1.000000e+00 7 0.000000e+00 3.979270e-01
-1.000000e+00 -1.000000e+00 1.200000e+03 0.000000e+00 -1.000000e+00 -1.000000e+00 0.000000e+00 1.998527e-09 -1.000000e+00 0.000000e+00 6.000000e+01 -1.000000e+00 0.000000e+00 -1.000000e+00 -1.000000e+00 2.780900e-14 -1.000000e+00 0.000000e+00 -9.990070e+05 3.000000e+00 -1.000000e+00 -1.000000e+00 6.600000e+02 8.186871e-12 0.000000e+00 0.000000e+00 -1.000000e+00 7.721637e-13 -1.000000e+00 -9.990070e+05 7.721637e-13 3.443893e-07 3.269366e-05 -1.000000e+00 -1.000000e+00 -1.000000e+00 6 0.000000e+00 5.447645e-12
-1.000000e+00 -1.000000e+00 2.025000e+03 0.000000e+00 -1.000000e+00 -1.000000e+00 0.000000e+00 7.551374e-01 -1.000000e+00 0.000000e+00 5.050000e+02 -1.000000e+00 0.000000e+00 -1.000000e+00 -1.000000e+00 4.568042e-01 -1.000000e+00 0.000000e+00 -9.990070e+05 3.000000e+00 -1.000000e+00 -1.000000e+00 1.265000e+03 5.974059e-01 1.000000e+00 0.000000e+00 -1.000000e+00 5.000000e-01 -1.000000e+00 -9.990070e+05 5.000000e-01 8.965573e-01 9.765226e-01 -1.000000e+00 -1.000000e+00 -1.000000e+00 3 0.000000e+00 8.033015e-01
-1.000000e+00 -1.000000e+00 1.465000e+03 0.000000e+00 -1.000000e+00 -1.000000e+00 0.000000e+00 1.144596e-01 -1.000000e+00 0.000000e+00 7.450000e+02 -1.000000e+00 0.000000e+00 -1.000000e+00 -1.000000e+00 7.596061e-03 -1.000000e+00 0.000000e+00 -9.990070e+05 3.000000e+00 -1.000000e+00 -1.000000e+00 1.105000e+03 3.127579e-02 0.000000e+00 0.000000e+00 -1.000000e+00 6.727940e-03 -1.000000e+00 -9.990070e+05 6.727940e-03 3.345552e-01 6.787610e-01 -1.000000e+00 -1.000000e+00 -1.000000e+00 1 0.000000e+00 3.618606e-02
-1.000000e+00 -1.000000e+00 1.200000e+03 0.000000e+00 -1.000000e+00 -1.000000e+00 0.000000e+00 2.827996e-06 -1.000000e+00 0.000000e+00 6.000000e+01 -1.000000e+00 0.000000e+00 -1.000000e+00 -1.000000e+00 5.147386e-10 -1.000000e+00 0.000000e+00 -9.990070e+05 3.000000e+00 -1.000000e+00 -1.000000e+00 4.600000e+02 4.172711e-08 0.000000e+00 0.000000e+00 -1.000000e+00 2.418013e-07 -1.000000e+00 -9.990070e+05 2.418013e-07 1.370224e-04 3.733933e-03 -1.000000e+00 -1.000000e+00 -1.000000e+00 7 0.000000e+00 6.656534e-07
-1.000000e+00 -1.000000e+00 9.850000e+02 0.000000e+00 -1.000000e+00 -1.000000e+00 0.000000e+00 6.866721e-01 -1.000000e+00 0.000000e+00 7.450000e+02 -1.000000e+00 0.000000e+00 -1.000000e+00 -1.000000e+00 3.570199e-01 -1.000000e+00 0.000000e+00 -9.990070e+05 3.000000e+00 -1.000000e+00 -1.000000e+00 8.650000e+02 5.058292e-01 0.000000e+00 0.000000e+00 -1.000000e+00 8.511949e-02 -1.000000e+00 -9.990070e+05 8.511949e-02 8.612652e-01 9.668206e-01 -1.000000e+00 -1.000000e+00 -1.000000e+00 1 0.000000e+00 5.112067e-01
-1.000000e+00 -1.000000e+00 1.000000e+03 0.000000e+00 -1.000000e+00 -1.000000e+00 0.000000e+00 8.772868e-12 -1.000000e+00 0.000000e+00 6.000000e+01 -1.000000e+00 0.000000e+00 -1.000000e+00 -1.000000e+00 2.398797e-17 -1.000000e+00 0.000000e+00 -9.990070e+05 3.000000e+00 -1.000000e+00 -1.000000e+00 9.500000e+02 1.595792e-14 0.000000e+00 0.000000e+00 -1.000000e+00 8.494286e-14 -1.000000e+00 -9.990070e+05 8.494286e-14 3.387600e-09 7.151583e-07 -1.000000e+00 -1.000000e+00 -1.000000e+00 4 0.000000e+00 2.901179e-13
-1.000000e+00 -1.000000e+00 1.400000e+03 0.000000e+00 -1.000000e+00 -1.000000e+00 0.000000e+00 4.880824e-04 -1.000000e+00 0.000000e+00 6.000000e+01 -1.000000e+00 0.000000e+00 -1.000000e+00 -1.000000e+00 8.974114e-07 -1.000000e+00 0.000000e+00 -9.990070e+05 3.000000e+00 -1.000000e+00 -1.000000e+00 8.600000e+02 2.274142e-05 0.000000e+00 0.000000e+00 -1.000000e+00 5.416914e-05 -1.000000e+00 -9.990070e+05 5.416914e-05 7.651339e-03 7.007346e-02 -1.000000e+00 -1.000000e+00 -1.000000e+00 7 0.000000e+00 1.545371e-04
-1.000000e+00 -1.000000e+00 1.105000e+03 0.000000e+00 -1.000000e+00 -1.000000e+00 0.000000e+00 6.465701e-02 -1.000000e+00 0.000000e+00 6.250000e+02 -1.000000e+00 0.000000e+00 -1.000000e+00 -1.000000e+00 2.621298e-03 -1.000000e+00 0.000000e+00 -9.990070e+05 3.000000e+00 -1.000000e+00 -1.000000e+00 8.650000e+02 1.388141e-02 0.000000e+00 0.000000e+00 -1.000000e+00 3.268030e-03 -1.000000e+00 -9.990070e+05 3.268030e-03 2.357229e-01 5.736051e-01 -1.000000e+00 -1.000000e+00 -1.000000e+00 1 0.000000e+00 1.705565e-02
-1.000000e+00 -1.000000e+00 1.400000e+03 0.000000e+00 -1.000000e+00 -1.000000e+00 0.000000e+00 3.808585e-03 -1.000000e+00 0.000000e+00 6.000000e+01 -1.000000e+00 0.000000e+00 -1.000000e+00 -1.000000e+00 2.176037e-05 -1.000000e+00 0.000000e+00 -9.990070e+05 3.000000e+00 -1.000000e+00 -1.000000e+00 1.060000e+03 3.112703e-04 0.000000e+00 0.000000e+00 -1.000000e+00 4.910054e-04 -1.000000e+00 -9.990070e+05 4.910054e-04 3.463428e-02 1.900939e-01 -1.000000e+00 -1.000000e+00 -1.000000e+00 7 0.000000e+00 1.428051e-03
-1.000000e+00 -1.000000e+00 1.225000e+03 0.000000e+00 -1.000000e+00 -1.000000e+00 0.000000e+00 9.059041e-05 -1.000000e+00 0.000000e+00 5.050000e+02 -1.000000e+00 0.000000e+00 -1.000000e+00 -1.000000e+00 7.315960e-08 -1.000000e+00 0.000000e+00 -9.990070e+05 3.000000e+00 -1.000000e+00 -1.000000e+00 8.650000e+02 2.805067e-06 0.000000e+00 0.000000e+00 -1.000000e+00 1.496264e-06 -1.000000e+00 -9.990070e+05 1.496264e-06 2.117175e-03 2.842459e-02 -1.000000e+00 -1.000000e+00 -1.000000e+00 1 0.000000e+00 6.662607e-06
-1.000000e+00 -1.000000e+00 6.370000e+02 0.000000e+00 -1.000000e+00 -1.000000e+00 0.000000e+00 1.906163e-08 -1.000000e+00 0.000000e+00 6.150000e+02 -1.000000e+00 0.000000e+00 -1.000000e+00 -1.000000e+00 5.561930e-13 -1.000000e+00 0.000000e+00 -9.990070e+05 3.000000e+00 -1.000000e+00 -1.000000e+00 6.260000e+02 1.129647e-10 0.000000e+00 0.000000e+00 -1.000000e+00 9.561102e-09 -1.000000e+00 -9.990070e+05 9.561102e-09 2.277123e-06 1.505508e-04 -1.000000e+00 -1.000000e+00 -1.000000e+00 5 0.000000e+00 1.911384e-08
-1.000000e+00 -1.000000e+00 1.400000e+03 0.000000e+00 -1.000000e+00 -1.000000e+00 0.000000e+00 9.327310e-02 -1.000000e+00 0.000000e+00 6.000000e+01 -1.000000e+00 0.000000e+00 -1.000000e+00 -1.000000e+00 5.158669e-03 -1.000000e+00 0.000000e+00 -9.990070e+05 3.000000e+00 -1.000000e+00 -1.000000e+00 1.260000e+03 2.331452e-02 0.000000e+00 0.000000e+00 -1.000000e+00 9.810586e-02 -1.000000e+00 -9.990070e+05 9.810586e-02 2.956762e-01 6.407062e-01 -1.000000e+00 -1.000000e+00 -1.000000e+00 2 0.000000e+00 1.508772e-01
-1.000000e+00 -1.000000e+00 9.050000e+02 0.000000e+00 -1.000000e+00 -1.000000e+00 0.000000e+00 2.649267e-02 -1.000000e+00 0.000000e+00 5.050000e+02 -1.000000e+00 0.000000e+00 -1.000000e+00 -1.000000e+00 5.395208e-04 -1.000000e+00 0.000000e+00 -9.990070e+05 3.000000e+00 -1.000000e+00 -1.000000e+00 7.050000e+02 4.055261e-03 0.000000e+00 0.000000e+00 -1.000000e+00 1.106043e-03 -1.000000e+00 -9.990070e+05 1.106043e-03 1.324531e-01 4.229820e-01 -1.000000e+00 -1.000000e+00 -1.000000e+00 1 0.000000e+00 5.527428e-03
-1.000000e+00 -1.000000e+00 1.545000e+03 0.000000e+00 -1.000000e+00 -1.000000e+00 0.000000e+00 3.049959e-02 -1.000000e+00 0.000000e+00 2.500000e+01 -1.000000e+00 0.000000e+00 -1.000000e+00 -1.000000e+00 6.886767e-04 -1.000000e+00 0.000000e+00 -9.990070e+05 3.000000e+00 -1.000000e+00 -1.000000e+00 7.850000e+02 4.911983e-03 0.000000e+00 0.000000e+00 -1.000000e+00 8.456802e-02 -1.000000e+00 -9.990070e+05 8.456802e-02 1.453685e-01 4.451740e-01 -1.000000e+00 -1.000000e+00 -1.000000e+00 3 0.000000e+00 1.077555e-01
-1.000000e+00 -1.000000e+00 1.200000e+03 0.000000e+00 -1.000000e+00 -1.000000e+00 0.000000e+00 5.117162e-05 -1.000000e+00 0.000000e+00 6.000000e+01 -1.000000e+00 0.000000e+00 -1.000000e+00 -1.000000e+00 3.179253e-08 -1.000000e+00 0.000000e+00 -9.990070e+05 3.000000e+00 -1.000000e+00 -1.000000e+00 1.150000e+03 1.390826e-06 0.000000e+00 0.000000e+00 -1.000000e+00 1.071360e-04 -1.000000e+00 -9.990070e+05 1.071360e-04 1.359022e-03 2.064155e-02 -1.000000e+00 -1.000000e+00 -1.000000e+00 2 0.000000e+00 1.683677e-04
-1.000000e+00 -1.000000e+00 1.000000e+03 0.000000e+00 -1.000000e+00 -1.000000e+00 0.000000e+00 2.472260e-17 -1.000000e+00 0.000000e+00 6.000000e+01 -1.000000e+00 0.000000e+00 -1.000000e+00 -1.000000e+00 2.631510e-24 -1.000000e+00 0.000000e+00 -9.990070e+05 3.000000e+00 -1.000000e+00 -1.000000e+00 4.600000e+02 8.892728e-21 0.000000e+00 0.000000e+00 -1.000000e+00 2.449711e-21 -1.000000e+00 -9.990070e+05 2.449711e-21 4.797369e-14 5.043066e-11 -1.000000e+00 -1.000000e+00 -1.000000e+00 6 0.000000e+00 1.415622e-20
-1.000000e+00 -1.000000e+00 2.650000e+02 4.000000e+03 -1.000000e+00 -1.000000e+00 0.000000e+00 2.302149e-02 -1.000000e+00 1.000000e+00 1.850000e+02 -1.000000e+00 0.000000e+00 -1.000000e+00 -1.000000e+00 4.237188e-04 -1.000000e+00 1.000000e+00 -9.990070e+05 2.000000e+00 -1.000000e+00 -1.000000e+00 2.250000e+02 3.352653e-03 0.000000e+00 0.000000e+00 -1.000000e+00 1.138003e-02 -1.000000e+00 -9.990070e+05 1.138003e-02 1.206345e-01 4.015316e-01 -1.000000e+00 -1.000000e+00 -1.000000e+00 5 1.000000e+00 2.283953e-02
-1.000000e+00 -1.000000e+00 1.600000e+03 0.000000e+00 -1.000000e+00 -1.000000e+00 0.000000e+00 2.327857e-01 -1.000000e+00 0.000000e+00 6.000000e+01 -1.000000e+00 0.000000e+00 -1.000000e+00 -1.000000e+00 3.092263e-02 -1.000000e+00 0.000000e+00 -9.990070e+05 3.000000e+00 -1.000000e+00 -1.000000e+00 7.000000e+01 8.916183e-02 0.000000e+00 0.000000e+00 -1.000000e+00 3.628205e-01 -1.000000e+00 -9.990070e+05 3.628205e-01 5.032370e-01 8.084986e-01 -1.000000e+00 -1.000000e+00 -1.000000e+00 3 0.000000e+00 4.534205e-01
-1.000000e+00 -1.000000e+00 1.000000e+03 0.000000e+00 -1.000000e+00 -1.000000e+00 0.000000e+00 8.812584e-09 -1.000000e+00 0.000000e+00 6.000000e+01 -1.000000e+00 0.000000e+00 -1.000000e+00 -1.000000e+00 1.986002e-13 -1.000000e+00 0.000000e+00 -9.990070e+05 3.000000e+00 -1.000000e+00 -1.000000e+00 8.600000e+02 4.591400e-11 0.000000e+00 0.000000e+00 -1.000000e+00 4.265132e-12 -1.000000e+00 -9.990070e+05 4.265132e-12 1.196208e-06 8.971006e-05 -1.000000e+00 -1.000000e+00 -1.000000e+00 6 0.000000e+00 3.031539e-11
-1.000000e+00 -1.000000e+00 9.850000e+02 0.000000e+00 -1.000000e+00 -1.000000e+00 0.000000e+00 7.532214e-01 -1.000000e+00 0.000000e+00 9.050000e+02 -1.000000e+00 0.000000e+00 -1.000000e+00 -1.000000e+00 4.537575e-01 -1.000000e+00 0.000000e+00 -9.990070e+05 3.000000e+00 -1.000000e+00 -1.000000e+00 9.450000e+02 5.947280e-01 1.000000e+00 0.000000e+00 -1.000000e+00 5.000000e-01 -1.000000e+00 -9.990070e+05 5.000000e-01 8.956127e-01 9.762745e-01 -1.000000e+00 -1.000000e+00 -1.000000e+00 2 0.000000e+00 8.020670e-01
-1.000000e+00 -1.000000e+00 7.450000e+02 0.000000e+00 -1.000000e+00 -1.000000e+00 0.000000e+00 1.198671e-01 -1.000000e+00 0.000000e+00 6.650000e+02 -1.000000e+00 0.000000e+00 -1.000000e+00 -1.000000e+00 8.296707e-03 -1.000000e+00 0.000000e+00 -9.990070e+05 3.000000e+00 -1.000000e+00 -1.000000e+00 7.050000e+02 3.343306e-02 0.000000e+00 0.000000e+00 -1.000000e+00 6.028687e-02 -1.000000e+00 -9.990070e+05 6.028687e-02 3.438945e-01 6.873577e-01 -1.000000e+00 -1.000000e+00 -1.000000e+00 5 0.000000e+00 1.202895e-01
-1.000000e+00 -1.000000e+00 1.600000e+03 0.000000e+00 -1.000000e+00 -1.000000e+00 0.000000e+00 7.792223e-02 -1.000000e+00 0.000000e+00 6.000000e+01 -1.000000e+00 0.000000e+00 -1.000000e+00 -1.000000e+00 3.691710e-03 -1.000000e+00 0.000000e+00 -9.990070e+05 3.000000e+00 -1.000000e+00 -1.000000e+00 1.060000e+03 1.805657e-02 0.000000e+00 0.000000e+00 -1.000000e+00 1.372487e-02 -1.000000e+00 -9.990070e+05 1.372487e-02 2.647786e-01 6.075433e-01 -1.000000e+00 -1.000000e+00 -1.000000e+00 7 0.000000e+00 4.169468e-02
-1.000000e+00 -1.000000e+00 1.425000e+03 0.000000e+00 -1.000000e+00 -1.000000e+00 0.000000e+00 1.228567e-03 -1.000000e+00 0.000000e+00 1.450000e+02 -1.000000e+00 0.000000e+00 -1.000000e+00 -1.000000e+00 3.682121e-06 -1.000000e+00 0.000000e+00 -9.990070e+05 3.000000e+00 -1.000000e+00 -1.000000e+00 7.850000e+02 7.294245e-05 0.000000e+00 0.000000e+00 -1.000000e+00 1.449446e-04 -1.000000e+00 -9.990070e+05 1.449446e-04 1.521621e-02 1.114802e-01 -1.000000e+00 -1.000000e+00 -1.000000e+00 7 0.000000e+00 4.170754e-04
-1.000000e+00 -1.000000e+00 1.200000e+03 0.000000e+00 -1.000000e+00 -1.000000e+00 0.000000e+00 1.270894e-01 -1.000000e+00 0.000000e+00 6.000000e+01 -1.000000e+00 0.000000e+00 -1.000000e+00 -1.000000e+00 9.283375e-03 -1.000000e+00 0.000000e+00 -9.990070e+05 3.000000e+00 -1.000000e+00 -1.000000e+00 1.600000e+02 3.639161e-02 0.000000e+00 0.000000e+00 -1.000000e+00 2.416894e-01 -1.000000e+00 -9.990070e+05 2.416894e-01 3.560432e-01 6.982492e-01 -1.000000e+00 -1.000000e+00 -1.000000e+00 3 0.000000e+00 3.039132e-01
-1.000000e+00 -1.000000e+00 1.600000e+03 0.000000e+00 -1.000000e+00 -1.000000e+00 0.000000e+00 4.855007e-01 -1.000000e+00 0.000000e+00 6.000000e+01 -1.000000e+00 0.000000e+00 -1.000000e+00 -1.000000e+00 1.535505e-01 -1.000000e+00 0.000000e+00 -9.990070e+05 3.000000e+00 -1.000000e+00 -1.000000e+00 1.100000e+02 2.823903e-01 1.000000e+00 0.000000e+00 -1.000000e+00 5.000000e-01 -1.000000e+00 -9.990070e+05 5.000000e-01 7.355737e-01 9.246665e-01 -1.000000e+00 -1.000000e+00 -1.000000e+00 3 0.000000e+00 6.602842e-01
-1.000000e+00 -1.000000e+00 1.400000e+03 0.000000e+00 -1.000000e+00 -1.000000e+00 0.000000e+00 8.513881e-03 -1.000000e+00 0.000000e+00 6.000000e+01 -1.000000e+00 0.000000e+00 -1.000000e+00 -1.000000e+00 7.998577e-05 -1.000000e+00 0.000000e+00 -9.990070e+05 3.000000e+00 -1.000000e+00 -1.000000e+00 4.600000e+02 8.898099e-04 0.000000e+00 0.000000e+00 -1.000000e+00 3.099656e-02 -1.000000e+00 -9.990070e+05 3.099656e-02 6.114874e-02 2.701730e-01 -1.000000e+00 -1.000000e+00 -1.000000e+00 3 0.000000e+00 3.985384e-02
-1.000000e+00 -1.000000e+00 1.105000e+03 0.000000e+00 -1.000000e+00 -1.000000e+00 0.000000e+00 1.291275e-13 -1.000000e+00 0.000000e+00 1.450000e+02 -1.000000e+00 0.000000e+00 -1.000000e+00 -1.000000e+00 1.121302e-19 -1.000000e+00 0.000000e+00 -9.990070e+05 3.000000e+00 -1.000000e+00 -1.000000e+00 6.250000e+02 1.324906e-16 0.000000e+00 0.000000e+00 -1.000000e+00 2.048948e-17 -1.000000e+00 -9.990070e+05 2.048948e-17 8.816239e-11 3.277911e-08 -1.000000e+00 -1.000000e+00 -1.000000e+00 6 0.000000e+00 1.297375e-16
-1.000000e+00 -1.000000e+00 1.545000e+03 0.000000e+00 -1.000000e+00 -1.000000e+00 0.000000e+00 7.328926e-02 -1.000000e+00 0.000000e+00 5.050000e+02 -1.000000e+00 0.000000e+00 -1.000000e+00 -1.000000e+00 3.297273e-03 -1.000000e+00 0.000000e+00 -9.990070e+05 3.000000e+00 -1.000000e+00 -1.000000e+00 1.025000e+03 1.655835e-02 0.000000e+00 0.000000e+00 -1.000000e+00 1.281881e-02 -1.000000e+00 -9.990070e+05 1.281881e-02 2.549070e-01 5.963327e-01 -1.000000e+00 -1.000000e+00 -1.000000e+00 7 0.000000e+00 3.887556e-02
-1.000000e+00 -1.000000e+00 5.050000e+02 0.000000e+00 -1.000000e+00 -1.000000e+00 0.000000e+00 1.327759e-07 -1.000000e+00 0.000000e+00 4.250000e+02 -1.000000e+00 0.000000e+00 -1.000000e+00 -1.000000e+00 7.615138e-12 -1.000000e+00 0.000000e+00 -9.990070e+05 3.000000e+00 -1.000000e+00 -1.000000e+00 4.650000e+02 1.102062e-09 0.000000e+00 0.000000e+00 -1.000000e+00 6.759897e-08 -1.000000e+00 -9.990070e+05 6.759897e-08 1.136043e-05 5.406613e-04 -1.000000e+00 -1.000000e+00 -1.000000e+00 5 0.000000e+00 1.348412e-07
-1.000000e+00 -1.000000e+00 1.465000e+03 0.000000e+00 -1.000000e+00 -1.000000e+00 0.000000e+00 5.216537e-03 -1.000000e+00 0.000000e+00 2.650000e+02 -1.000000e+00 0.000000e+00 -1.000000e+00 -1.000000e+00 3.604811e-05 -1.000000e+00 0.000000e+00 -9.990070e+05 3.000000e+00 -1.000000e+00 -1.000000e+00 8.650000e+02 4.684023e-04 0.000000e+00 0.000000e+00 -1.000000e+00 6.890949e-04 -1.000000e+00 -9.990070e+05 6.890949e-04 4.333368e-02 2.187641e-01 -1.000000e+00 -1.000000e+00 -1.000000e+00 7 0.000000e+00 2.012348e-03
-1.000000e+00 -1.000000e+00 1.600000e+03 0.000000e+00 -1.000000e+00 -1.000000e+00 0.000000e+00 7.004784e-01 -1.000000e+00 0.000000e+00 6.000000e+01 -1.000000e+00 0.000000e+00 -1.000000e+00 -1.000000e+00 3.756952e-01 -1.000000e+00 0.000000e+00 -9.990070e+05 3.000000e+00 -1.000000e+00 -1.000000e+00 1.600000e+02 5.236258e-01 1.000000e+00 0.000000e+00 -1.000000e+00 5.000000e-01 -1.000000e+00 -9.990070e+05 5.000000e-01 8.686452e-01 9.689230e-01 -1.000000e+00 -1.000000e+00 -1.000000e+00 3 0.000000e+00 7.695140e-01
-1.000000e+00 -1.000000e+00 1.600000e+03 0.000000e+00 -1.000000e+00 -1.000000e+00 0.000000e+00 4.686493e-01 -1.000000e+00 0.000000e+00 6.000000e+01 -1.000000e+00 0.000000e+00 -1.000000e+00 -1.000000e+00 1.414588e-01 -1.000000e+00 0.000000e+00 -9.990070e+05 3.000000e+00 -1.000000e+00 -1.000000e+00 2.600000e+02 2.665699e-01 1.000000e+00 0.000000e+00 -1.000000e+00 5.000000e-01 -1.000000e+00 -9.990070e+05 5.000000e-01 7.232058e-01 9.198285e-01 -1.000000e+00 -1.000000e+00 -1.000000e+00 3 0.000000e+00 6.530183e-01
-1.000000e+00 -1.000000e+00 1.945000e+03 0.000000e+00 -1.000000e+00 -1.000000e+00 0.000000e+00 6.973106e-01 -1.000000e+00 0.000000e+00 7.450000e+02 -1.000000e+00 0.000000e+00 -1.000000e+00 -1.000000e+00 3.713482e-01 -1.000000e+00 0.000000e+00 -9.990070e+05 3.000000e+00 -1.000000e+00 -1.000000e+00 1.345000e+03 5.195129e-01 0.000000e+00 0.000000e+00 -1.000000e+00 1.894080e-01 -1.000000e+00 -9.990070e+05 1.894080e-01 8.669640e-01 9.684475e-01 -1.000000e+00 -1.000000e+00 -1.000000e+00 7 0.000000e+00 6.077226e-01
-1.000000e+00 -1.000000e+00 1.225000e+03 0.000000e+00 -1.000000e+00 -1.000000e+00 0.000000e+00 9.156141e-01 -1.000000e+00 0.000000e+00 9.850000e+02 -1.000000e+00 0.000000e+00 -1.000000e+00 -1.000000e+00 7.737940e-01 -1.000000e+00 0.000000e+00 -9.990070e+05 3.000000e+00 -1.000000e+00 -1.000000e+00 1.105000e+03 8.469428e-01 0.000000e+00 0.000000e+00 -1.000000e+00 1.406871e-01 -1.000000e+00 -9.990070e+05 1.406871e-01 9.679145e-01 9.934922e-01 -1.000000e+00 -1.000000e+00 -1.000000e+00 1 0.000000e+00 8.490212e-01
-1.000000e+00 -1.000000e+00 1.665000e+03 0.000000e+00 -1.000000e+00 -1.000000e+00 0.000000e+00 4.662964e-01 -1.000000e+00 0.000000e+00 8.650000e+02 -1.000000e+00 0.000000e+00 -1.000000e+00 -1.000000e+00 1.398224e-01 -1.000000e+00 0.000000e+00 -9.990070e+05 3.000000e+00 -1.000000e+00 -1.000000e+00 1.265000e+03 2.643951e-01 0.000000e+00 0.000000e+00 -1.000000e+00 4.627580e-02 -1.000000e+00 -9.990070e+05 4.627580e-02 7.214518e-01 9.191317e-01 -1.000000e+00 -1.000000e+00 -1.000000e+00 1 0.000000e+00 2.719698e-01
-1.000000e+00 -1.000000e+00 1.705000e+03 0.000000e+00 -1.000000e+00 -1.000000e+00 0.000000e+00 2.369203e-01 -1.000000e+00 0.000000e+00 2.500000e+01 -1.000000e+00 0.000000e+00 -1.000000e+00 -1.000000e+00 3.206550e-02 -1.000000e+00 0.000000e+00 -9.990070e+05 3.000000e+00 -1.000000e+00 -1.000000e+00 8.650000e+02 9.157109e-02 0.000000e+00 0.000000e+00 -1.000000e+00 3.672691e-01 -1.000000e+00 -9.990070e+05 3.672691e-01 5.081259e-01 8.115795e-01 -1.000000e+00 -1.000000e+00 -1.000000e+00 3 0.000000e+00 4.587650e-01
-1.000000e+00 -1.000000e+00 3.170000e+02 0.000000e+00 -1.000000e+00 -1.000000e+00 0.000000e+00 6.186211e-59 -1.000000e+00 0.000000e+00 2.950000e+02 -1.000000e+00 0.000000e+00 -1.000000e+00 -1.000000e+00 1.426747e-72 -1.000000e+00 0.000000e+00 -9.990070e+05 3.000000e+00 -1.000000e+00 -1.000000e+00 3.060000e+02 1.039522e-65 0.000000e+00 0.000000e+00 -1.000000e+00 1.873916e-61 -1.000000e+00 -9.990070e+05 1.873916e-61 2.545987e-52 5.607960e-46 -1.000000e+00 -1.000000e+00 -1.000000e+00 4 0.000000e+00 4.960197e-61
-1.000000e+00 -1.000000e+00 1.385000e+03 0.000000e+00 -1.000000e+00 -1.000000e+00 0.000000e+00 4.197630e-03 -1.000000e+00 0.000000e+00 5.050000e+02 -1.000000e+00 0.000000e+00 -1.000000e+00 -1.000000e+00 2.542171e-05 -1.000000e+00 0.000000e+00 -9.990070e+05 3.000000e+00 -1.000000e+00 -1.000000e+00 9.450000e+02 3.530987e-04 0.000000e+00 0.000000e+00 -1.000000e+00 1.189242e-04 -1.000000e+00 -9.990070e+05 1.189242e-04 3.712759e-02 1.986105e-01 -1.000000e+00 -1.000000e+00 -1.000000e+00 1 0.000000e+00 5.707325e-04
-1.000000e+00 -1.000000e+00 4.770000e+02 0.000000e+00 -1.000000e+00 -1.000000e+00 0.000000e+00 6.253297e-28 -1.000000e+00 0.000000e+00 4.550000e+02 -1.000000e+00 0.000000e+00 -1.000000e+00 -1.000000e+00 4.806787e-37 -1.000000e+00 0.000000e+00 -9.990070e+05 3.000000e+00 -1.000000e+00 -1.000000e+00 4.660000e+02 1.915085e-32 0.000000e+00 0.000000e+00 -1.000000e+00 1.779520e-30 -1.000000e+00 -9.990070e+05 1.779520e-30 1.418107e-23 1.730383e-19 -1.000000e+00 -1.000000e+00 -1.000000e+00 4 0.000000e+00 5.504409e-30
-1.000000e+00 -1.000000e+00 1.400000e+03 0.000000e+00 -1.000000e+00 -1.000000e+00 0.000000e+00 1.107894e-03 -1.000000e+00 0.000000e+00 6.000000e+01 -1.000000e+00 0.000000e+00 -1.000000e+00 -1.000000e+00 3.138777e-06 -1.000000e+00 0.000000e+00 -9.990070e+05 3.000000e+00 -1.000000e+00 -1.000000e+00 6.600000e+02 6.396821e-05 0.000000e+00 0.000000e+00 -1.000000e+00 1.297949e-04 -1.000000e+00 -9.990070e+05 1.297949e-04 1.409812e-02 1.059588e-01 -1.000000e+00 -1.000000e+00 -1.000000e+00 7 0.000000e+00 3.730900e-04
-1.000000e+00 -1.000000e+00 1.545000e+03 0.000000e+00 -1.000000e+00 -1.000000e+00 0.000000e+00 6.422842e-01 -1.000000e+00 0.000000e+00 9.850000e+02 -1.000000e+00 0.000000e+00 -1.000000e+00 -1.000000e+00 3.015405e-01 -1.000000e+00 0.000000e+00 -9.990070e+05 3.000000e+00 -1.000000e+00 -1.000000e+00 1.265000e+03 4.508371e-01 0.000000e+00 0.000000e+00 -1.000000e+00 7.619484e-02 -1.000000e+00 -9.990070e+05 7.619484e-02 8.365719e-01 9.594972e-01 -1.000000e+00 -1.000000e+00 -1.000000e+00 1 0.000000e+00 4.566297e-01
-1.000000e+00 -1.000000e+00 1.037000e+03 0.000000e+00 -1.000000e+00 -1.000000e+00 0.000000e+00 7.288707e-01 -1.000000e+00 0.000000e+00 1.015000e+03 -1.000000e+00 0.000000e+00 -1.000000e+00 -1.000000e+00 4.163525e-01 -1.000000e+00 0.000000e+00 -9.990070e+05 3.000000e+00 -1.000000e+00 -1.000000e+00 1.026000e+03 5.612799e-01 1.000000e+00 0.000000e+00 -1.000000e+00 5.000000e-01 -1.000000e+00 -9.990070e+05 5.000000e-01 8.833973e-01 9.730085e-01 -1.000000e+00 -1.000000e+00 -1.000000e+00 2 0.000000e+00 7.867020e-01
-1.000000e+00 -1.000000e+00 1.000000e+03 0.000000e+00 -1.000000e+00 -1.000000e+00 0.000000e+00 1.213282e-13 -1.000000e+00 0.000000e+00 6.000000e+01 -1.000000e+00 0.000000e+00 -1.000000e+00 -1.000000e+00 1.036538e-19 -1.000000e+00 0.000000e+00 -9.990070e+05 3.000000e+00 -1.000000e+00 -1.000000e+00 9.900000e+02 1.234790e-16 0.000000e+00 0.000000e+00 -1.000000e+00 9.234505e-16 -1.000000e+00 -9.990070e+05 9.234505e-16 8.351158e-11 3.130109e-08 -1.000000e+00 -1.000000e+00 -1.000000e+00 4 0.000000e+00 3.119590e-15
-1.000000e+00 -1.000000e+00 1.665000e+03 0.000000e+00 -1.000000e+00 -1.000000e+00 0.000000e+00 1.887345e-01 -1.000000e+00 0.000000e+00 3.850000e+02 -1.000000e+00 0.000000e+00 -1.000000e+00 -1.000000e+00 2.018942e-02 -1.000000e+00 0.000000e+00 -9.990070e+05 3.000000e+00 -1.000000e+00 -1.000000e+00 1.025000e+03 6.507670e-02 0.000000e+00 0.000000e+00 -1.000000e+00 3.809094e-02 -1.000000e+00 -9.990070e+05 3.809094e-02 4.476577e-01 7.710810e-01 -1.000000e+00 -1.000000e+00 -1.000000e+00 7 0.000000e+00 1.178794e-01
-1.000000e+00 -1.000000e+00 1.145000e+03 0.000000e+00 -1.000000e+00 -1.000000e+00 0.000000e+00 4.688857e-11 -1.000000e+00 0.000000e+00 2.650000e+02 -1.000000e+00 0.000000e+00 -1.000000e+00 -1.000000e+00 2.076164e-16 -1.000000e+00 0.000000e+00 -9.990070e+05 3.000000e+00 -1.000000e+00 -1.000000e+00 7.050000e+02 1.084868e-13 0.000000e+00 0.000000e+00 -1.000000e+00 1.191932e-14 -1.000000e+00 -9.990070e+05 1.191932e-14 1.425311e-08 2.373382e-06 -1.000000e+00 -1.000000e+00 -1.000000e+00 6 0.000000e+00 8.084807e-14
-1.000000e+00 -1.000000e+00 9.450000e+02 0.000000e+00 -1.000000e+00 -1.000000e+00 0.000000e+00 3.013052e-01 -1.000000e+00 0.000000e+00 6.250000e+02 -1.000000e+00 0.000000e+00 -1.000000e+00 -1.000000e+00 5.310381e-02 -1.000000e+00 0.000000e+00 -9.990070e+05 3.000000e+00 -1.000000e+00 -1.000000e+00 7.850000e+02 1.323248e-01 0.000000e+00 0.000000e+00 -1.000000e+00 2.497173e-02 -1.000000e+00 -9.990070e+05 2.497173e-02 5.783393e-01 8.524619e-01 -1.000000e+00 -1.000000e+00 -1.000000e+00 1 0.000000e+00 1.410731e-01
-1.000000e+00 -1.000000e+00 7.170000e+02 0.000000e+00 -1.000000e+00 -1.000000e+00 0.000000e+00 4.519856e-03 -1.000000e+00 0.000000e+00 6.950000e+02 -1.000000e+00 0.000000e+00 -1.000000e+00 -1.000000e+00 2.862228e-05 -1.000000e+00 0.000000e+00 -9.990070e+05 3.000000e+00 -1.000000e+00 -1.000000e+00 7.060000e+02 3.886909e-04 0.000000e+00 0.000000e+00 -1.000000e+00 2.281006e-03 -1.000000e+00 -9.990070e+05 2.281006e-03 3.913763e-02 2.052931e-01 -1.000000e+00 -1.000000e+00 -1.000000e+00 5 0.000000e+00 4.551251e-03
-1.000000e+00 -1.000000e+00 1.000000e+03 0.000000e+00 -1.000000e+00 -1.000000e+00 0.000000e+00 1.368682e-04 -1.000000e+00 0.000000e+00 6.000000e+01 -1.000000e+00 0.000000e+00 -1.000000e+00 -1.000000e+00 1.342517e-07 -1.000000e+00 0.000000e+00 -9.990070e+05 3.000000e+00 -1.000000e+00 -1.000000e+00 1.100000e+02 4.667870e-06 0.000000e+00 0.000000e+00 -1.000000e+00 4.132933e-07 -1.000000e+00 -9.990070e+05 4.132933e-07 2.909968e-03 3.566879e-02 -1.000000e+00 -1.000000e+00 -1.000000e+00 6 0.000000e+00 3.122082e-06
-1.000000e+00 -1.000000e+00 1.625000e+03 0.000000e+00 -1.000000e+00 -1.000000e+00 0.000000e+00 1.033306e-01 -1.000000e+00 0.000000e+00 2.650000e+02 -1.000000e+00 0.000000e+00 -1.000000e+00 -1.000000e+00 6.255195e-03 -1.000000e+00 0.000000e+00 -9.990070e+05 3.000000e+00 -1.000000e+00 -1.000000e+00 9.450000e+02 2.699480e-02 0.000000e+00 0.000000e+00 -1.000000e+00 1.893928e-02 -1.000000e+00 -9.990070e+05 1.893928e-02 3.146175e-01 6.597210e-01 -1.000000e+00 -1.000000e+00 -1.000000e+00 7 0.000000e+00 5.785683e-02
-1.000000e+00 -1.000000e+00 2.025000e+03 0.000000e+00 -1.000000e+00 -1.000000e+00 0.000000e+00 7.560314e-01 -1.000000e+00 0.000000e+00 2.500000e+01 -1.000000e+00 0.000000e+00 -1.000000e+00 -1.000000e+00 4.582309e-01 -1.000000e+00 0.000000e+00 -9.990070e+05 3.000000e+00 -1.000000e+00 -1.000000e+00 1.025000e+03 5.986576e-01 1.000000e+00 0.000000e+00 -1.000000e+00 5.000000e-01 -1.000000e+00 -9.990070e+05 5.000000e-01 8.969972e-01 9.766380e-01 -1.000000e+00 -1.000000e+00 -1.000000e+00 3 0.000000e+00 8.038788e-01
-1.000000e+00 -1.000000e+00 1.400000e+03 0.000000e+00 -1.000000e+00 -1.000000e+00 0.000000e+00 3.294971e-02 -1.000000e+00 0.000000e+00 6.000000e+01 -1.000000e+00 0.000000e+00 -1.000000e+00 -1.000000e+00 7.879811e-04 -1.000000e+00 0.000000e+00 -9.990070e+05 3.000000e+00 -1.000000e+00 -1.000000e+00 1.390000e+03 5.458659e-03 0.000000e+00 0.000000e+00 -1.000000e+00 3.980170e-02 -1.000000e+00 -9.990070e+05 3.980170e-02 1.529350e-01 4.576282e-01 -1.000000e+00 -1.000000e+00 -1.000000e+00 2 0.000000e+00 6.143022e-02
-1.000000e+00 -1.000000e+00 1.265000e+03 0.000000e+00 -1.000000e+00 -1.000000e+00 0.000000e+00 1.029068e-06 -1.000000e+00 0.000000e+00 1.450000e+02 -1.000000e+00 0.000000e+00 -1.000000e+00 -1.000000e+00 1.261185e-10 -1.000000e+00 0.000000e+00 -9.990070e+05 3.000000e+00 -1.000000e+00 -1.000000e+00 7.050000e+02 1.246923e-08 0.000000e+00 0.000000e+00 -1.000000e+00 8.373126e-08 -1.000000e+00 -9.990070e+05 8.373126e-08 6.056425e-05 1.996296e-03 -1.000000e+00 -1.000000e+00 -1.000000e+00 7 0.000000e+00 2.296665e-07
-1.000000e+00 -1.000000e+00 1.065000e+03 0.000000e+00 -1.000000e+00 -1.000000e+00 0.000000e+00 5.291829e-04 -1.000000e+00 0.000000e+00 5.050000e+02 -1.000000e+00 0.000000e+00 -1.000000e+00 -1.000000e+00 1.014323e-06 -1.000000e+00 0.000000e+00 -9.990070e+05 3.000000e+00 -1.000000e+00 -1.000000e+00 7.850000e+02 2.517090e-05 0.000000e+00 0.000000e+00 -1.000000e+00 1.197360e-05 -1.000000e+00 -9.990070e+05 1.197360e-05 8.130426e-03 7.304976e-02 -1.000000e+00 -1.000000e+00 -1.000000e+00 1 0.000000e+00 5.346885e-05
