-1.000000e+00 -1.000000e+00 1.000000e+03 0.000000e+00 -1.000000e+00 -1.000000e+00 0.000000e+00 6.976581e-03 -1.000000e+00 0.000000e+00 6.000000e+01 -1.000000e+00 0.000000e+00 -1.000000e+00 -1.000000e+00 5.775193e-05 -1.000000e+00 0.000000e+00 -9.990070e+05 3.000000e+00 -1.000000e+00 -1.000000e+00 1.100000e+02 6.849413e-04 0.000000e+00 0.000000e+00 -1.000000e+00 2.800910e-04 -1.000000e+00 -9.990070e+05 2.800910e-04 5.319775e-02 2.482488e-01 -1.000000e+00 -1.000000e+00 -1.000000e+00 -1.0 0.000000e+00 1.239588e-03
-1.000000e+00 -1.000000e+00 1.000000e+03 0.000000e+00 -1.000000e+00 -1.000000e+00 0.000000e+00 1.467471e-01 -1.000000e+00 0.000000e+00 6.000000e+01 -1.000000e+00 0.000000e+00 -1.000000e+00 -1.000000e+00 1.226961e-02 -1.000000e+00 0.000000e+00 -9.990070e+05 3.000000e+00 -1.000000e+00 -1.000000e+00 1.600000e+02 4.488141e-02 0.000000e+00 0.000000e+00 -1.000000e+00 1.290652e-02 -1.000000e+00 -9.990070e+05 1.290652e-02 3.874184e-01 7.249496e-01 -1.000000e+00 -1.000000e+00 -1.000000e+00 -1.0 0.000000e+00 5.911871e-02
-1.000000e+00 -1.000000e+00 1.000000e+03 0.000000e+00 -1.000000e+00 -1.000000e+00 0.000000e+00 3.799844e-05 -1.000000e+00 0.000000e+00 6.000000e+01 -1.000000e+00 0.000000e+00 -1.000000e+00 -1.000000e+00 2.065323e-08 -1.000000e+00 0.000000e+00 -9.990070e+05 3.000000e+00 -1.000000e+00 -1.000000e+00 2.600000e+02 9.663458e-07 0.000000e+00 0.000000e+00 -1.000000e+00 5.978005e-07 -1.000000e+00 -9.990070e+05 5.978005e-07 1.077240e-03 1.742801e-02 -1.000000e+00 -1.000000e+00 -1.000000e+00 -1.0 0.000000e+00 2.592945e-06
-1.000000e+00 -1.000000e+00 1.000000e+03 0.000000e+00 -1.000000e+00 -1.000000e+00 0.000000e+00 6.154561e-13 -1.000000e+00 0.000000e+00 6.000000e+01 -1.000000e+00 0.000000e+00 -1.000000e+00 -1.000000e+00 8.088652e-19 -1.000000e+00 0.000000e+00 -9.990070e+05 3.000000e+00 -1.000000e+00 -1.000000e+00 4.600000e+02 7.766289e-16 0.000000e+00 0.000000e+00 -1.000000e+00 2.965551e-15 -1.000000e+00 -9.990070e+05 2.965551e-15 3.419794e-10 1.036150e-07 -1.000000e+00 -1.000000e+00 -1.000000e+00 -1.0 0.000000e+00 1.092428e-14
-1.000000e+00 -1.000000e+00 1.000000e+03 0.000000e+00 -1.000000e+00 -1.000000e+00 0.000000e+00 2.848013e-18 -1.000000e+00 0.000000e+00 6.000000e+01 -1.000000e+00 0.000000e+00 -1.000000e+00 -1.000000e+00 1.854738e-25 -1.000000e+00 0.000000e+00 -9.990070e+05 3.000000e+00 -1.000000e+00 -1.000000e+00 6.600000e+02 8.015061e-22 0.000000e+00 0.000000e+00 -1.000000e+00 8.929457e-21 -1.000000e+00 -9.990070e+05 8.929457e-21 7.058809e-15 9.468687e-12 -1.000000e+00 -1.000000e+00 -1.000000e+00 -1.0 0.000000e+00 3.092578e-20
-1.000000e+00 -1.000000e+00 1.000000e+03 0.000000e+00 -1.000000e+00 -1.000000e+00 0.000000e+00 2.205247e-07 -1.000000e+00 0.000000e+00 6.000000e+01 -1.000000e+00 0.000000e+00 -1.000000e+00 -1.000000e+00 1.519301e-11 -1.000000e+00 0.000000e+00 -9.990070e+05 3.000000e+00 -1.000000e+00 -1.000000e+00 7.000000e+01 2.005519e-09 0.000000e+00 0.000000e+00 -1.000000e+00 2.047277e-09 -1.000000e+00 -9.990070e+05 2.047277e-09 1.723677e-05 7.505388e-04 -1.000000e+00 -1.000000e+00 -1.000000e+00 -1.0 0.000000e+00 8.452144e-09
-1.000000e+00 -1.000000e+00 1.000000e+03 0.000000e+00 -1.000000e+00 -1.000000e+00 0.000000e+00 5.287935e-12 -1.000000e+00 0.000000e+00 6.000000e+01 -1.000000e+00 0.000000e+00 -1.000000e+00 -1.000000e+00 1.253943e-17 -1.000000e+00 0.000000e+00 -9.990070e+05 3.000000e+00 -1.000000e+00 -1.000000e+00 8.000000e+02 8.958711e-15 0.000000e+00 0.000000e+00 -1.000000e+00 2.821081e-14 -1.000000e+00 -9.990070e+05 2.821081e-14 2.191565e-09 4.963022e-07 -1.000000e+00 -1.000000e+00 -1.000000e+00 -1.0 0.000000e+00 1.052167e-13
-1.000000e+00 -1.000000e+00 1.000000e+03 0.000000e+00 -1.000000e+00 -1.000000e+00 0.000000e+00 1.945006e-06 -1.000000e+00 0.000000e+00 6.000000e+01 -1.000000e+00 0.000000e+00 -1.000000e+00 -1.000000e+00 3.052594e-10 -1.000000e+00 0.000000e+00 -9.990070e+05 3.000000e+00 -1.000000e+00 -1.000000e+00 8.600000e+02 2.665708e-08 0.000000e+00 0.000000e+00 -1.000000e+00 2.298403e-08 -1.000000e+00 -9.990070e+05 2.298403e-08 1.013590e-04 2.965906e-03 -1.000000e+00 -1.000000e+00 -1.000000e+00 -1.0 0.000000e+00 9.587629e-08
-1.000000e+00 -1.000000e+00 1.000000e+03 0.000000e+00 -1.000000e+00 -1.000000e+00 0.000000e+00 2.604763e-04 -1.000000e+00 0.000000e+00 6.000000e+01 -1.000000e+00 0.000000e+00 -1.000000e+00 -1.000000e+00 3.490923e-07 -1.000000e+00 0.000000e+00 -9.990070e+05 3.000000e+00 -1.000000e+00 -1.000000e+00 9.000000e+02 1.037333e-05 0.000000e+00 0.000000e+00 -1.000000e+00 5.377505e-06 -1.000000e+00 -9.990070e+05 5.377505e-06 4.759034e-03 5.044203e-02 -1.000000e+00 -1.000000e+00 -1.000000e+00 -1.0 0.000000e+00 2.371819e-05
-1.000000e+00 -1.000000e+00 1.000000e+03 0.000000e+00 -1.000000e+00 -1.000000e+00 0.000000e+00 3.979108e-02 -1.000000e+00 0.000000e+00 6.000000e+01 -1.000000e+00 0.000000e+00 -1.000000e+00 -1.000000e+00 1.097559e-03 -1.000000e+00 0.000000e+00 -9.990070e+05 3.000000e+00 -1.000000e+00 -1.000000e+00 9.500000e+02 7.071235e-03 0.000000e+00 0.000000e+00 -1.000000e+00 1.764743e-03 -1.000000e+00 -9.990070e+05 1.764743e-03 1.729427e-01 4.888272e-01 -1.000000e+00 -1.000000e+00 -1.000000e+00 -1.0 0.000000e+00 9.074116e-03
-1.000000e+00 -1.000000e+00 1.000000e+03 0.000000e+00 -1.000000e+00 -1.000000e+00 0.000000e+00 1.430481e-01 -1.000000e+00 0.000000e+00 6.000000e+01 -1.000000e+00 0.000000e+00 -1.000000e+00 -1.000000e+00 1.167358e-02 -1.000000e+00 0.000000e+00 -9.990070e+05 3.000000e+00 -1.000000e+00 -1.000000e+00 9.900000e+02 4.323573e-02 0.000000e+00 0.000000e+00 -1.000000e+00 9.131863e-03 -1.000000e+00 -9.990070e+05 9.131863e-03 3.816896e-01 7.202213e-01 -1.000000e+00 -1.000000e+00 -1.000000e+00 -1.0 0.000000e+00 4.930592e-02
-1.000000e+00 -1.000000e+00 1.025000e+03 0.000000e+00 -1.000000e+00 -1.000000e+00 0.000000e+00 9.080035e-01 -1.000000e+00 0.000000e+00 8.650000e+02 -1.000000e+00 0.000000e+00 -1.000000e+00 -1.000000e+00 7.556546e-01 -1.000000e+00 0.000000e+00 -9.990070e+05 3.000000e+00 -1.000000e+00 -1.000000e+00 9.450000e+02 8.339204e-01 0.000000e+00 0.000000e+00 -1.000000e+00 1.401435e-01 -1.000000e+00 -9.990070e+05 1.401435e-01 9.648499e-01 9.928346e-01 -1.000000e+00 -1.000000e+00 -1.000000e+00 -1.0 0.000000e+00 8.367102e-01
-1.000000e+00 -1.000000e+00 1.037000e+03 0.000000e+00 -1.000000e+00 -1.000000e+00 0.000000e+00 9.802547e-01 -1.000000e+00 0.000000e+00 1.015000e+03 -1.000000e+00 0.000000e+00 -1.000000e+00 -1.000000e+00 9.426997e-01 -1.000000e+00 0.000000e+00 -9.990070e+05 3.000000e+00 -1.000000e+00 -1.000000e+00 1.026000e+03 9.627206e-01 0.000000e+00 0.000000e+00 -1.000000e+00 1.588754e-01 -1.000000e+00 -9.990070e+05 1.588754e-01 9.927939e-01 9.985984e-01 -1.000000e+00 -1.000000e+00 -1.000000e+00 -1.0 0.000000e+00 9.632103e-01
-1.000000e+00 -1.000000e+00 1.065000e+03 0.000000e+00 -1.000000e+00 -1.000000e+00 0.000000e+00 9.771976e-01 -1.000000e+00 0.000000e+00 9.850000e+02 -1.000000e+00 0.000000e+00 -1.000000e+00 -1.000000e+00 9.340788e-01 -1.000000e+00 0.000000e+00 -9.990070e+05 3.000000e+00 -1.000000e+00 -1.000000e+00 1.025000e+03 9.570307e-01 0.000000e+00 0.000000e+00 -1.000000e+00 1.654191e-01 -1.000000e+00 -9.990070e+05 1.654191e-01 9.916622e-01 9.983751e-01 -1.000000e+00 -1.000000e+00 -1.000000e+00 -1.0 0.000000e+00 9.582593e-01
-1.000000e+00 -1.000000e+00 1.065000e+03 0.000000e+00 -1.000000e+00 -1.000000e+00 0.000000e+00 1.117857e-12 -1.000000e+00 0.000000e+00 2.500000e+01 -1.000000e+00 0.000000e+00 -1.000000e+00 -1.000000e+00 1.726514e-18 -1.000000e+00 0.000000e+00 -9.990070e+05 3.000000e+00 -1.000000e+00 -1.000000e+00 5.450000e+02 1.528970e-15 0.000000e+00 0.000000e+00 -1.000000e+00 5.250673e-15 -1.000000e+00 -9.990070e+05 5.250673e-15 5.732615e-10 1.603891e-07 -1.000000e+00 -1.000000e+00 -1.000000e+00 -1.0 0.000000e+00 1.956810e-14
-1.000000e+00 -1.000000e+00 1.065000e+03 0.000000e+00 -1.000000e+00 -1.000000e+00 0.000000e+00 1.884573e-03 -1.000000e+00 0.000000e+00 5.050000e+02 -1.000000e+00 0.000000e+00 -1.000000e+00 -1.000000e+00 7.161606e-06 -1.000000e+00 0.000000e+00 -9.990070e+05 3.000000e+00 -1.000000e+00 -1.000000e+00 7.850000e+02 1.258607e-04 0.000000e+00 0.000000e+00 -1.000000e+00 4.810584e-05 -1.000000e+00 -9.990070e+05 4.810584e-05 2.082646e-02 1.370832e-01 -1.000000e+00 -1.000000e+00 -1.000000e+00 -1.0 0.000000e+00 2.246374e-04
-1.000000e+00 -1.000000e+00 1.105000e+03 0.000000e+00 -1.000000e+00 -1.000000e+00 0.000000e+00 6.859855e-11 -1.000000e+00 0.000000e+00 1.450000e+02 -1.000000e+00 0.000000e+00 -1.000000e+00 -1.000000e+00 3.396669e-16 -1.000000e+00 0.000000e+00 -9.990070e+05 3.000000e+00 -1.000000e+00 -1.000000e+00 6.250000e+02 1.678219e-13 0.000000e+00 0.000000e+00 -1.000000e+00 3.880470e-13 -1.000000e+00 -9.990070e+05 3.880470e-13 1.972756e-08 3.109276e-06 -1.000000e+00 -1.000000e+00 -1.000000e+00 -1.0 0.000000e+00 1.489286e-12
-1.000000e+00 -1.000000e+00 1.105000e+03 0.000000e+00 -1.000000e+00 -1.000000e+00 0.000000e+00 1.071519e-01 -1.000000e+00 0.000000e+00 6.250000e+02 -1.000000e+00 0.000000e+00 -1.000000e+00 -1.000000e+00 6.700372e-03 -1.000000e+00 0.000000e+00 -9.990070e+05 3.000000e+00 -1.000000e+00 -1.000000e+00 8.650000e+02 2.844035e-02 0.000000e+00 0.000000e+00 -1.000000e+00 6.229820e-03 -1.000000e+00 -9.990070e+05 6.229820e-03 3.215775e-01 6.664772e-01 -1.000000e+00 -1.000000e+00 -1.000000e+00 -1.0 0.000000e+00 3.325328e-02
-1.000000e+00 -1.000000e+00 1.145000e+03 0.000000e+00 -1.000000e+00 -1.000000e+00 0.000000e+00 7.525725e-09 -1.000000e+00 0.000000e+00 2.650000e+02 -1.000000e+00 0.000000e+00 -1.000000e+00 -1.000000e+00 1.609752e-13 -1.000000e+00 0.000000e+00 -9.990070e+05 3.000000e+00 -1.000000e+00 -1.000000e+00 7.050000e+02 3.820211e-11 0.000000e+00 0.000000e+00 -1.000000e+00 5.286261e-11 -1.000000e+00 -9.990070e+05 5.286261e-11 1.048248e-06 8.064314e-05 -1.000000e+00 -1.000000e+00 -1.000000e+00 -1.0 0.000000e+00 2.128790e-10
-1.000000e+00 -1.000000e+00 1.145000e+03 0.000000e+00 -1.000000e+00 -1.000000e+00 0.000000e+00 5.130546e-01 -1.000000e+00 0.000000e+00 7.450000e+02 -1.000000e+00 0.000000e+00 -1.000000e+00 -1.000000e+00 1.747746e-01 -1.000000e+00 0.000000e+00 -9.990070e+05 3.000000e+00 -1.000000e+00 -1.000000e+00 9.450000e+02 3.091907e-01 0.000000e+00 0.000000e+00 -1.000000e+00 5.364332e-02 -1.000000e+00 -9.990070e+05 5.364332e-02 7.550951e-01 9.320384e-01 -1.000000e+00 -1.000000e+00 -1.000000e+00 -1.0 0.000000e+00 3.166108e-01
-1.000000e+00 -1.000000e+00 1.185000e+03 0.000000e+00 -1.000000e+00 -1.000000e+00 0.000000e+00 7.744561e-01 -1.000000e+00 0.000000e+00 8.650000e+02 -1.000000e+00 0.000000e+00 -1.000000e+00 -1.000000e+00 4.883937e-01 -1.000000e+00 0.000000e+00 -9.990070e+05 3.000000e+00 -1.000000e+00 -1.000000e+00 1.025000e+03 6.247849e-01 0.000000e+00 0.000000e+00 -1.000000e+00 1.032538e-01 -1.000000e+00 -9.990070e+05 1.032538e-01 9.059497e-01 9.789564e-01 -1.000000e+00 -1.000000e+00 -1.000000e+00 -1.0 0.000000e+00 6.281990e-01
-1.000000e+00 -1.000000e+00 1.185000e+03 0.000000e+00 -1.000000e+00 -1.000000e+00 0.000000e+00 2.159446e-06 -1.000000e+00 0.000000e+00 3.850000e+02 -1.000000e+00 0.000000e+00 -1.000000e+00 -1.000000e+00 3.531680e-10 -1.000000e+00 0.000000e+00 -9.990070e+05 3.000000e+00 -1.000000e+00 -1.000000e+00 7.850000e+02 3.020947e-08 0.000000e+00 0.000000e+00 -1.000000e+00 2.397624e-08 -1.000000e+00 -9.990070e+05 2.397624e-08 1.102782e-04 3.163619e-03 -1.000000e+00 -1.000000e+00 -1.000000e+00 -1.0 0.000000e+00 1.018083e-07
-1.000000e+00 -1.000000e+00 1.200000e+03 0.000000e+00 -1.000000e+00 -1.000000e+00 0.000000e+00 6.848473e-04 -1.000000e+00 0.000000e+00 6.000000e+01 -1.000000e+00 0.000000e+00 -1.000000e+00 -1.000000e+00 1.501192e-06 -1.000000e+00 0.000000e+00 -9.990070e+05 3.000000e+00 -1.000000e+00 -1.000000e+00 1.000000e+03 3.481768e-05 0.000000e+00 0.000000e+00 -1.000000e+00 1.480312e-05 -1.000000e+00 -9.990070e+05 1.480312e-05 9.861797e-03 8.331680e-02 -1.000000e+00 -1.000000e+00 -1.000000e+00 -1.0 0.000000e+00 6.808198e-05
-1.000000e+00 -1.000000e+00 1.200000e+03 0.000000e+00 -1.000000e+00 -1.000000e+00 0.000000e+00 4.980997e-02 -1.000000e+00 0.000000e+00 6.000000e+01 -1.000000e+00 0.000000e+00 -1.000000e+00 -1.000000e+00 1.636289e-03 -1.000000e+00 0.000000e+00 -9.990070e+05 3.000000e+00 -1.000000e+00 -1.000000e+00 1.060000e+03 9.645214e-03 0.000000e+00 0.000000e+00 -1.000000e+00 2.318663e-03 -1.000000e+00 -9.990070e+05 2.318663e-03 1.998316e-01 5.273152e-01 -1.000000e+00 -1.000000e+00 -1.000000e+00 -1.0 0.000000e+00 1.206026e-02
-1.000000e+00 -1.000000e+00 1.200000e+03 0.000000e+00 -1.000000e+00 -1.000000e+00 0.000000e+00 1.825178e-01 -1.000000e+00 0.000000e+00 6.000000e+01 -1.000000e+00 0.000000e+00 -1.000000e+00 -1.000000e+00 1.887941e-02 -1.000000e+00 0.000000e+00 -9.990070e+05 3.000000e+00 -1.000000e+00 -1.000000e+00 1.100000e+03 6.191384e-02 0.000000e+00 0.000000e+00 -1.000000e+00 1.243744e-02 -1.000000e+00 -9.990070e+05 1.243744e-02 4.392386e-01 7.650043e-01 -1.000000e+00 -1.000000e+00 -1.000000e+00 -1.0 0.000000e+00 6.858904e-02
-1.000000e+00 -1.000000e+00 1.200000e+03 0.000000e+00 -1.000000e+00 -1.000000e+00 0.000000e+00 2.369889e-01 -1.000000e+00 0.000000e+00 6.000000e+01 -1.000000e+00 0.000000e+00 -1.000000e+00 -1.000000e+00 3.208465e-02 -1.000000e+00 0.000000e+00 -9.990070e+05 3.000000e+00 -1.000000e+00 -1.000000e+00 1.100000e+02 9.161126e-02 0.000000e+00 0.000000e+00 -1.000000e+00 1.879319e-02 -1.000000e+00 -9.990070e+05 1.879319e-02 5.082065e-01 8.116300e-01 -1.000000e+00 -1.000000e+00 -1.000000e+00 -1.0 0.000000e+00 1.016313e-01
-1.000000e+00 -1.000000e+00 1.200000e+03 0.000000e+00 -1.000000e+00 -1.000000e+00 0.000000e+00 5.567500e-01 -1.000000e+00 0.000000e+00 6.000000e+01 -1.000000e+00 0.000000e+00 -1.000000e+00 -1.000000e+00 2.123634e-01 -1.000000e+00 0.000000e+00 -9.990070e+05 3.000000e+00 -1.000000e+00 -1.000000e+00 1.150000e+03 3.541002e-01 0.000000e+00 0.000000e+00 -1.000000e+00 6.069777e-02 -1.000000e+00 -9.990070e+05 6.069777e-02 7.843980e-01 9.425151e-01 -1.000000e+00 -1.000000e+00 -1.000000e+00 -1.0 0.000000e+00 3.608473e-01
-1.000000e+00 -1.000000e+00 1.200000e+03 0.000000e+00 -1.000000e+00 -1.000000e+00 0.000000e+00 6.429403e-01 -1.000000e+00 0.000000e+00 6.000000e+01 -1.000000e+00 0.000000e+00 -1.000000e+00 -1.000000e+00 3.023118e-01 -1.000000e+00 0.000000e+00 -9.990070e+05 3.000000e+00 -1.000000e+00 -1.000000e+00 1.190000e+03 4.516255e-01 0.000000e+00 0.000000e+00 -1.000000e+00 7.570768e-02 -1.000000e+00 -9.990070e+05 7.570768e-02 8.369480e-01 9.596122e-01 -1.000000e+00 -1.000000e+00 -1.000000e+00 -1.0 0.000000e+00 4.566631e-01
-1.000000e+00 -1.000000e+00 1.200000e+03 0.000000e+00 -1.000000e+00 -1.000000e+00 0.000000e+00 5.452055e-01 -1.000000e+00 0.000000e+00 6.000000e+01 -1.000000e+00 0.000000e+00 -1.000000e+00 -1.000000e+00 2.019438e-01 -1.000000e+00 0.000000e+00 -9.990070e+05 3.000000e+00 -1.000000e+00 -1.000000e+00 1.600000e+02 3.419445e-01 0.000000e+00 0.000000e+00 -1.000000e+00 6.372369e-02 -1.000000e+00 -9.990070e+05 6.372369e-02 7.768436e-01 9.398805e-01 -1.000000e+00 -1.000000e+00 -1.000000e+00 -1.0 0.000000e+00 3.560517e-01
-1.000000e+00 -1.000000e+00 1.200000e+03 0.000000e+00 -1.000000e+00 -1.000000e+00 0.000000e+00 9.444550e-02 -1.000000e+00 0.000000e+00 6.000000e+01 -1.000000e+00 0.000000e+00 -1.000000e+00 -1.000000e+00 5.280921e-03 -1.000000e+00 0.000000e+00 -9.990070e+05 3.000000e+00 -1.000000e+00 -1.000000e+00 2.600000e+02 2.373412e-02 0.000000e+00 0.000000e+00 -1.000000e+00 5.427856e-03 -1.000000e+00 -9.990070e+05 5.427856e-03 2.979333e-01 6.430218e-01 -1.000000e+00 -1.000000e+00 -1.000000e+00 -1.0 0.000000e+00 2.844616e-02
-1.000000e+00 -1.000000e+00 1.200000e+03 0.000000e+00 -1.000000e+00 -1.000000e+00 0.000000e+00 2.784587e-04 -1.000000e+00 0.000000e+00 6.000000e+01 -1.000000e+00 0.000000e+00 -1.000000e+00 -1.000000e+00 3.857317e-07 -1.000000e+00 0.000000e+00 -9.990070e+05 3.000000e+00 -1.000000e+00 -1.000000e+00 4.600000e+02 1.127296e-05 0.000000e+00 0.000000e+00 -1.000000e+00 5.338228e-06 -1.000000e+00 -9.990070e+05 5.338228e-06 5.006697e-03 5.225990e-02 -1.000000e+00 -1.000000e+00 -1.000000e+00 -1.0 0.000000e+00 2.414261e-05
-1.000000e+00 -1.000000e+00 1.200000e+03 0.000000e+00 -1.000000e+00 -1.000000e+00 0.000000e+00 2.328090e-07 -1.000000e+00 0.000000e+00 6.000000e+01 -1.000000e+00 0.000000e+00 -1.000000e+00 -1.000000e+00 1.635955e-11 -1.000000e+00 0.000000e+00 -9.990070e+05 3.000000e+00 -1.000000e+00 -1.000000e+00 6.600000e+02 2.138195e-09 0.000000e+00 0.000000e+00 -1.000000e+00 2.161522e-09 -1.000000e+00 -9.990070e+05 2.161522e-09 1.802043e-05 7.771820e-04 -1.000000e+00 -1.000000e+00 -1.000000e+00 -1.0 0.000000e+00 8.936764e-09
-1.000000e+00 -1.000000e+00 1.200000e+03 0.000000e+00 -1.000000e+00 -1.000000e+00 0.000000e+00 4.948538e-03 -1.000000e+00 0.000000e+00 6.000000e+01 -1.000000e+00 0.000000e+00 -1.000000e+00 -1.000000e+00 3.311082e-05 -1.000000e+00 0.000000e+00 -9.990070e+05 3.000000e+00 -1.000000e+00 -1.000000e+00 7.000000e+01 4.373064e-04 0.000000e+00 0.000000e+00 -1.000000e+00 1.468483e-04 -1.000000e+00 -9.990070e+05 1.468483e-04 4.174225e-02 2.137276e-01 -1.000000e+00 -1.000000e+00 -1.000000e+00 -1.0 0.000000e+00 7.031420e-04
-1.000000e+00 -1.000000e+00 1.200000e+03 0.000000e+00 -1.000000e+00 -1.000000e+00 0.000000e+00 1.037338e-07 -1.000000e+00 0.000000e+00 6.000000e+01 -1.000000e+00 0.000000e+00 -1.000000e+00 -1.000000e+00 5.447495e-12 -1.000000e+00 0.000000e+00 -9.990070e+05 3.000000e+00 -1.000000e+00 -1.000000e+00 8.600000e+02 8.240002e-10 0.000000e+00 0.000000e+00 -1.000000e+00 8.843937e-10 -1.000000e+00 -9.990070e+05 8.843937e-10 9.270141e-06 4.604683e-04 -1.000000e+00 -1.000000e+00 -1.000000e+00 -1.0 0.000000e+00 3.644113e-09
-1.000000e+00 -1.000000e+00 1.225000e+03 0.000000e+00 -1.000000e+00 -1.000000e+00 0.000000e+00 9.287519e-01 -1.000000e+00 0.000000e+00 9.850000e+02 -1.000000e+00 0.000000e+00 -1.000000e+00 -1.000000e+00 8.059374e-01 -1.000000e+00 0.000000e+00 -9.990070e+05 3.000000e+00 -1.000000e+00 -1.000000e+00 1.105000e+03 8.697185e-01 0.000000e+00 0.000000e+00 -1.000000e+00 1.442726e-01 -1.000000e+00 -9.990070e+05 1.442726e-01 9.731361e-01 9.945983e-01 -1.000000e+00 -1.000000e+00 -1.000000e+00 -1.0 0.000000e+00 8.714780e-01
-1.000000e+00 -1.000000e+00 1.225000e+03 0.000000e+00 -1.000000e+00 -1.000000e+00 0.000000e+00 6.911107e-06 -1.000000e+00 0.000000e+00 2.500000e+01 -1.000000e+00 0.000000e+00 -1.000000e+00 -1.000000e+00 1.807910e-09 -1.000000e+00 0.000000e+00 -9.990070e+05 3.000000e+00 -1.000000e+00 -1.000000e+00 6.250000e+02 1.221533e-07 0.000000e+00 0.000000e+00 -1.000000e+00 8.860233e-08 -1.000000e+00 -9.990070e+05 8.860233e-08 2.802461e-04 6.418942e-03 -1.000000e+00 -1.000000e+00 -1.000000e+00 -1.0 0.000000e+00 3.784649e-07
-1.000000e+00 -1.000000e+00 1.225000e+03 0.000000e+00 -1.000000e+00 -1.000000e+00 0.000000e+00 5.230720e-04 -1.000000e+00 0.000000e+00 5.050000e+02 -1.000000e+00 0.000000e+00 -1.000000e+00 -1.000000e+00 9.966208e-07 -1.000000e+00 0.000000e+00 -9.990070e+05 3.000000e+00 -1.000000e+00 -1.000000e+00 8.650000e+02 2.480637e-05 0.000000e+00 0.000000e+00 -1.000000e+00 1.076290e-05 -1.000000e+00 -9.990070e+05 1.076290e-05 8.059844e-03 7.261529e-02 -1.000000e+00 -1.000000e+00 -1.000000e+00 -1.0 0.000000e+00 4.942630e-05
-1.000000e+00 -1.000000e+00 1.265000e+03 0.000000e+00 -1.000000e+00 -1.000000e+00 0.000000e+00 4.358134e-05 -1.000000e+00 0.000000e+00 1.450000e+02 -1.000000e+00 0.000000e+00 -1.000000e+00 -1.000000e+00 2.518633e-08 -1.000000e+00 0.000000e+00 -9.990070e+05 3.000000e+00 -1.000000e+00 -1.000000e+00 7.050000e+02 1.142657e-06 0.000000e+00 0.000000e+00 -1.000000e+00 6.678508e-07 -1.000000e+00 -9.990070e+05 6.678508e-07 1.199053e-03 1.884459e-02 -1.000000e+00 -1.000000e+00 -1.000000e+00 -1.0 0.000000e+00 2.934196e-06
-1.000000e+00 -1.000000e+00 1.265000e+03 0.000000e+00 -1.000000e+00 -1.000000e+00 0.000000e+00 2.695170e-02 -1.000000e+00 0.000000e+00 6.250000e+02 -1.000000e+00 0.000000e+00 -1.000000e+00 -1.000000e+00 5.557701e-04 -1.000000e+00 0.000000e+00 -9.990070e+05 3.000000e+00 -1.000000e+00 -1.000000e+00 9.450000e+02 4.150982e-03 0.000000e+00 0.000000e+00 -1.000000e+00 1.085244e-03 -1.000000e+00 -9.990070e+05 1.085244e-03 1.339697e-01 4.256527e-01 -1.000000e+00 -1.000000e+00 -1.000000e+00 -1.0 0.000000e+00 5.518580e-03
-1.000000e+00 -1.000000e+00 1.305000e+03 0.000000e+00 -1.000000e+00 -1.000000e+00 0.000000e+00 2.515061e-01 -1.000000e+00 0.000000e+00 7.450000e+02 -1.000000e+00 0.000000e+00 -1.000000e+00 -1.000000e+00 3.629099e-02 -1.000000e+00 0.000000e+00 -9.990070e+05 3.000000e+00 -1.000000e+00 -1.000000e+00 1.025000e+03 1.002717e-01 0.000000e+00 0.000000e+00 -1.000000e+00 1.911859e-02 -1.000000e+00 -9.990070e+05 1.911859e-02 5.249749e-01 8.219534e-01 -1.000000e+00 -1.000000e+00 -1.000000e+00 -1.0 0.000000e+00 1.078162e-01
-1.000000e+00 -1.000000e+00 1.305000e+03 0.000000e+00 -1.000000e+00 -1.000000e+00 0.000000e+00 1.925122e-04 -1.000000e+00 0.000000e+00 2.650000e+02 -1.000000e+00 0.000000e+00 -1.000000e+00 -1.000000e+00 2.224956e-07 -1.000000e+00 0.000000e+00 -9.990070e+05 3.000000e+00 -1.000000e+00 -1.000000e+00 7.850000e+02 7.123096e-06 0.000000e+00 0.000000e+00 -1.000000e+00 3.520765e-06 -1.000000e+00 -9.990070e+05 3.520765e-06 3.779375e-03 4.291260e-02 -1.000000e+00 -1.000000e+00 -1.000000e+00 -1.0 0.000000e+00 1.582382e-05
-1.000000e+00 -1.000000e+00 1.345000e+03 0.000000e+00 -1.000000e+00 -1.000000e+00 0.000000e+00 6.562895e-01 -1.000000e+00 0.000000e+00 8.650000e+02 -1.000000e+00 0.000000e+00 -1.000000e+00 -1.000000e+00 3.183176e-01 -1.000000e+00 0.000000e+00 -9.990070e+05 3.000000e+00 -1.000000e+00 -1.000000e+00 1.105000e+03 4.678261e-01 0.000000e+00 0.000000e+00 -1.000000e+00 7.913980e-02 -1.000000e+00 -9.990070e+05 7.913980e-02 8.445270e-01 9.619055e-01 -1.000000e+00 -1.000000e+00 -1.000000e+00 -1.0 0.000000e+00 4.737145e-01
-1.000000e+00 -1.000000e+00 1.345000e+03 0.000000e+00 -1.000000e+00 -1.000000e+00 0.000000e+00 2.360420e-03 -1.000000e+00 0.000000e+00 3.850000e+02 -1.000000e+00 0.000000e+00 -1.000000e+00 -1.000000e+00 1.019495e-05 -1.000000e+00 0.000000e+00 -9.990070e+05 3.000000e+00 -1.000000e+00 -1.000000e+00 8.650000e+02 1.679607e-04 0.000000e+00 0.000000e+00 -1.000000e+00 6.096806e-05 -1.000000e+00 -9.990070e+05 6.096806e-05 2.453354e-02 1.524802e-01 -1.000000e+00 -1.000000e+00 -1.000000e+00 -1.0 0.000000e+00 2.883794e-04
-1.000000e+00 -1.000000e+00 1.385000e+03 0.000000e+00 -1.000000e+00 -1.000000e+00 0.000000e+00 8.150474e-01 -1.000000e+00 0.000000e+00 9.850000e+02 -1.000000e+00 0.000000e+00 -1.000000e+00 -1.000000e+00 5.601806e-01 -1.000000e+00 0.000000e+00 -9.990070e+05 3.000000e+00 -1.000000e+00 -1.000000e+00 1.185000e+03 6.846066e-01 0.000000e+00 0.000000e+00 -1.000000e+00 1.121208e-01 -1.000000e+00 -9.990070e+05 1.121208e-01 9.249309e-01 9.836878e-01 -1.000000e+00 -1.000000e+00 -1.000000e+00 -1.0 0.000000e+00 6.870312e-01
-1.000000e+00 -1.000000e+00 1.385000e+03 0.000000e+00 -1.000000e+00 -1.000000e+00 0.000000e+00 1.779539e-02 -1.000000e+00 0.000000e+00 2.500000e+01 -1.000000e+00 0.000000e+00 -1.000000e+00 -1.000000e+00 2.732576e-04 -1.000000e+00 0.000000e+00 -9.990070e+05 3.000000e+00 -1.000000e+00 -1.000000e+00 7.050000e+02 2.370221e-03 0.000000e+00 0.000000e+00 -1.000000e+00 6.576731e-04 -1.000000e+00 -9.990070e+05 6.576731e-04 1.014651e-01 3.640295e-01 -1.000000e+00 -1.000000e+00 -1.000000e+00 -1.0 0.000000e+00 3.293623e-03
-1.000000e+00 -1.000000e+00 1.385000e+03 0.000000e+00 -1.000000e+00 -1.000000e+00 0.000000e+00 1.386422e-02 -1.000000e+00 0.000000e+00 5.050000e+02 -1.000000e+00 0.000000e+00 -1.000000e+00 -1.000000e+00 1.794904e-04 -1.000000e+00 0.000000e+00 -9.990070e+05 3.000000e+00 -1.000000e+00 -1.000000e+00 9.450000e+02 1.697543e-03 0.000000e+00 0.000000e+00 -1.000000e+00 4.836944e-04 -1.000000e+00 -9.990070e+05 4.836944e-04 8.562523e-02 3.299919e-01 -1.000000e+00 -1.000000e+00 -1.000000e+00 -1.0 0.000000e+00 2.409893e-03
-1.000000e+00 -1.000000e+00 1.400000e+03 0.000000e+00 -1.000000e+00 -1.000000e+00 0.000000e+00 1.763379e-02 -1.000000e+00 0.000000e+00 6.000000e+01 -1.000000e+00 0.000000e+00 -1.000000e+00 -1.000000e+00 2.690702e-04 -1.000000e+00 0.000000e+00 -9.990070e+05 3.000000e+00 -1.000000e+00 -1.000000e+00 1.060000e+03 2.341390e-03 0.000000e+00 0.000000e+00 -1.000000e+00 6.449563e-04 -1.000000e+00 -9.990070e+05 6.449563e-04 1.008411e-01 3.627451e-01 -1.000000e+00 -1.000000e+00 -1.000000e+00 -1.0 0.000000e+00 3.240063e-03
-1.000000e+00 -1.000000e+00 1.400000e+03 0.000000e+00 -1.000000e+00 -1.000000e+00 0.000000e+00 6.837768e-01 -1.000000e+00 0.000000e+00 6.000000e+01 -1.000000e+00 0.000000e+00 -1.000000e+00 -1.000000e+00 3.531916e-01 -1.000000e+00 0.000000e+00 -9.990070e+05 3.000000e+00 -1.000000e+00 -1.000000e+00 1.100000e+02 5.021393e-01 0.000000e+00 0.000000e+00 -1.000000e+00 8.438311e-02 -1.000000e+00 -9.990070e+05 8.438311e-02 8.597000e-01 9.663696e-01 -1.000000e+00 -1.000000e+00 -1.000000e+00 -1.0 0.000000e+00 5.073953e-01
-1.000000e+00 -1.000000e+00 1.400000e+03 0.000000e+00 -1.000000e+00 -1.000000e+00 0.000000e+00 2.385639e-01 -1.000000e+00 0.000000e+00 6.000000e+01 -1.000000e+00 0.000000e+00 -1.000000e+00 -1.000000e+00 3.252649e-02 -1.000000e+00 0.000000e+00 -9.990070e+05 3.000000e+00 -1.000000e+00 -1.000000e+00 1.200000e+03 9.253584e-02 0.000000e+00 0.000000e+00 -1.000000e+00 1.782095e-02 -1.000000e+00 -9.990070e+05 1.782095e-02 5.100552e-01 8.127864e-01 -1.000000e+00 -1.000000e+00 -1.000000e+00 -1.0 0.000000e+00 1.000286e-01
-1.000000e+00 -1.000000e+00 1.400000e+03 0.000000e+00 -1.000000e+00 -1.000000e+00 0.000000e+00 5.178740e-01 -1.000000e+00 0.000000e+00 6.000000e+01 -1.000000e+00 0.000000e+00 -1.000000e+00 -1.000000e+00 1.786786e-01 -1.000000e+00 0.000000e+00 -9.990070e+05 3.000000e+00 -1.000000e+00 -1.000000e+00 1.260000e+03 3.139983e-01 0.000000e+00 0.000000e+00 -1.000000e+00 5.421770e-02 -1.000000e+00 -9.990070e+05 5.421770e-02 7.584239e-01 9.332638e-01 -1.000000e+00 -1.000000e+00 -1.000000e+00 -1.0 0.000000e+00 3.210614e-01
-1.000000e+00 -1.000000e+00 1.400000e+03 0.000000e+00 -1.000000e+00 -1.000000e+00 0.000000e+00 7.065705e-01 -1.000000e+00 0.000000e+00 6.000000e+01 -1.000000e+00 0.000000e+00 -1.000000e+00 -1.000000e+00 3.841598e-01 -1.000000e+00 0.000000e+00 -9.990070e+05 3.000000e+00 -1.000000e+00 -1.000000e+00 1.300000e+03 5.315846e-01 0.000000e+00 0.000000e+00 -1.000000e+00 8.839594e-02 -1.000000e+00 -9.990070e+05 8.839594e-02 8.718580e-01 9.698260e-01 -1.000000e+00 -1.000000e+00 -1.000000e+00 -1.0 0.000000e+00 5.358289e-01
-1.000000e+00 -1.000000e+00 1.400000e+03 0.000000e+00 -1.000000e+00 -1.000000e+00 0.000000e+00 8.568812e-01 -1.000000e+00 0.000000e+00 6.000000e+01 -1.000000e+00 0.000000e+00 -1.000000e+00 -1.000000e+00 6.424544e-01 -1.000000e+00 0.000000e+00 -9.990070e+05 3.000000e+00 -1.000000e+00 -1.000000e+00 1.350000e+03 7.496214e-01 0.000000e+00 0.000000e+00 -1.000000e+00 1.229121e-01 -1.000000e+00 -9.990070e+05 1.229121e-01 9.434817e-01 9.880730e-01 -1.000000e+00 -1.000000e+00 -1.000000e+00 -1.0 0.000000e+00 7.517918e-01
-1.000000e+00 -1.000000e+00 1.400000e+03 0.000000e+00 -1.000000e+00 -1.000000e+00 0.000000e+00 9.005104e-01 -1.000000e+00 0.000000e+00 6.000000e+01 -1.000000e+00 0.000000e+00 -1.000000e+00 -1.000000e+00 7.381325e-01 -1.000000e+00 0.000000e+00 -9.990070e+05 3.000000e+00 -1.000000e+00 -1.000000e+00 1.390000e+03 8.212207e-01 0.000000e+00 0.000000e+00 -1.000000e+00 1.366166e-01 -1.000000e+00 -9.990070e+05 1.366166e-01 9.618037e-01 9.921746e-01 -1.000000e+00 -1.000000e+00 -1.000000e+00 -1.0 0.000000e+00 8.236557e-01
-1.000000e+00 -1.000000e+00 1.400000e+03 0.000000e+00 -1.000000e+00 -1.000000e+00 0.000000e+00 8.533405e-01 -1.000000e+00 0.000000e+00 6.000000e+01 -1.000000e+00 0.000000e+00 -1.000000e+00 -1.000000e+00 6.351451e-01 -1.000000e+00 0.000000e+00 -9.990070e+05 3.000000e+00 -1.000000e+00 -1.000000e+00 1.600000e+02 7.439831e-01 0.000000e+00 0.000000e+00 -1.000000e+00 1.282700e-01 -1.000000e+00 -9.990070e+05 1.282700e-01 9.419498e-01 9.877197e-01 -1.000000e+00 -1.000000e+00 -1.000000e+00 -1.0 0.000000e+00 7.495916e-01
-1.000000e+00 -1.000000e+00 1.400000e+03 0.000000e+00 -1.000000e+00 -1.000000e+00 0.000000e+00 5.764288e-01 -1.000000e+00 0.000000e+00 6.000000e+01 -1.000000e+00 0.000000e+00 -1.000000e+00 -1.000000e+00 2.309700e-01 -1.000000e+00 0.000000e+00 -9.990070e+05 3.000000e+00 -1.000000e+00 -1.000000e+00 2.600000e+02 3.753075e-01 0.000000e+00 0.000000e+00 -1.000000e+00 6.391768e-02 -1.000000e+00 -9.990070e+05 6.391768e-02 7.969802e-01 9.468028e-01 -1.000000e+00 -1.000000e+00 -1.000000e+00 -1.0 0.000000e+00 3.815943e-01
-1.000000e+00 -1.000000e+00 1.400000e+03 0.000000e+00 -1.000000e+00 -1.000000e+00 0.000000e+00 1.928996e-01 -1.000000e+00 0.000000e+00 6.000000e+01 -1.000000e+00 0.000000e+00 -1.000000e+00 -1.000000e+00 2.109467e-02 -1.000000e+00 0.000000e+00 -9.990070e+05 3.000000e+00 -1.000000e+00 -1.000000e+00 4.600000e+02 6.722881e-02 0.000000e+00 0.000000e+00 -1.000000e+00 1.332833e-02 -1.000000e+00 -9.990070e+05 1.332833e-02 4.532118e-01 7.750281e-01 -1.000000e+00 -1.000000e+00 -1.000000e+00 -1.0 0.000000e+00 7.394867e-02
-1.000000e+00 -1.000000e+00 1.400000e+03 0.000000e+00 -1.000000e+00 -1.000000e+00 0.000000e+00 4.228034e-02 -1.000000e+00 0.000000e+00 6.000000e+01 -1.000000e+00 0.000000e+00 -1.000000e+00 -1.000000e+00 1.221951e-03 -1.000000e+00 0.000000e+00 -9.990070e+05 3.000000e+00 -1.000000e+00 -1.000000e+00 6.600000e+02 7.687957e-03 0.000000e+00 0.000000e+00 -1.000000e+00 1.884534e-03 -1.000000e+00 -9.990070e+05 1.884534e-03 1.798656e-01 4.990887e-01 -1.000000e+00 -1.000000e+00 -1.000000e+00 -1.0 0.000000e+00 9.753688e-03
-1.000000e+00 -1.000000e+00 1.400000e+03 0.000000e+00 -1.000000e+00 -1.000000e+00 0.000000e+00 2.558751e-01 -1.000000e+00 0.000000e+00 6.000000e+01 -1.000000e+00 0.000000e+00 -1.000000e+00 -1.000000e+00 3.761639e-02 -1.000000e+00 0.000000e+00 -9.990070e+05 3.000000e+00 -1.000000e+00 -1.000000e+00 7.000000e+01 1.029388e-01 0.000000e+00 0.000000e+00 -1.000000e+00 1.959923e-02 -1.000000e+00 -9.990070e+05 1.959923e-02 5.299061e-01 8.249196e-01 -1.000000e+00 -1.000000e+00 -1.000000e+00 -1.0 0.000000e+00 1.105750e-01
-1.000000e+00 -1.000000e+00 1.400000e+03 0.000000e+00 -1.000000e+00 -1.000000e+00 0.000000e+00 9.663304e-03 -1.000000e+00 0.000000e+00 6.000000e+01 -1.000000e+00 0.000000e+00 -1.000000e+00 -1.000000e+00 9.851873e-05 -1.000000e+00 0.000000e+00 -9.990070e+05 3.000000e+00 -1.000000e+00 -1.000000e+00 8.600000e+02 1.051561e-03 0.000000e+00 0.000000e+00 -1.000000e+00 3.170202e-04 -1.000000e+00 -9.990070e+05 3.170202e-04 6.677729e-02 2.848642e-01 -1.000000e+00 -1.000000e+00 -1.000000e+00 -1.0 0.000000e+00 1.557371e-03
-1.000000e+00 -1.000000e+00 1.425000e+03 0.000000e+00 -1.000000e+00 -1.000000e+00 0.000000e+00 5.812699e-02 -1.000000e+00 0.000000e+00 6.250000e+02 -1.000000e+00 0.000000e+00 -1.000000e+00 -1.000000e+00 2.160527e-03 -1.000000e+00 0.000000e+00 -9.990070e+05 3.000000e+00 -1.000000e+00 -1.000000e+00 1.025000e+03 1.195907e-02 0.000000e+00 0.000000e+00 -1.000000e+00 2.795569e-03 -1.000000e+00 -9.990070e+05 2.795569e-03 2.204368e-01 5.545313e-01 -1.000000e+00 -1.000000e+00 -1.000000e+00 -1.0 0.000000e+00 1.467592e-02
-1.000000e+00 -1.000000e+00 1.425000e+03 0.000000e+00 -1.000000e+00 -1.000000e+00 0.000000e+00 2.977915e-02 -1.000000e+00 0.000000e+00 1.450000e+02 -1.000000e+00 0.000000e+00 -1.000000e+00 -1.000000e+00 6.606435e-04 -1.000000e+00 0.000000e+00 -9.990070e+05 3.000000e+00 -1.000000e+00 -1.000000e+00 7.850000e+02 4.754475e-03 0.000000e+00 0.000000e+00 -1.000000e+00 1.230041e-03 -1.000000e+00 -9.990070e+05 1.230041e-03 1.430981e-01 4.413607e-01 -1.000000e+00 -1.000000e+00 -1.000000e+00 -1.0 0.000000e+00 6.268615e-03
-1.000000e+00 -1.000000e+00 1.465000e+03 0.000000e+00 -1.000000e+00 -1.000000e+00 0.000000e+00 1.867082e-01 -1.000000e+00 0.000000e+00 7.450000e+02 -1.000000e+00 0.000000e+00 -1.000000e+00 -1.000000e+00 1.975704e-02 -1.000000e+00 0.000000e+00 -9.990070e+05 3.000000e+00 -1.000000e+00 -1.000000e+00 1.105000e+03 6.403929e-02 0.000000e+00 0.000000e+00 -1.000000e+00 1.276746e-02 -1.000000e+00 -9.990070e+05 1.276746e-02 4.449308e-01 7.691252e-01 -1.000000e+00 -1.000000e+00 -1.000000e+00 -1.0 0.000000e+00 7.066916e-02
-1.000000e+00 -1.000000e+00 1.465000e+03 0.000000e+00 -1.000000e+00 -1.000000e+00 0.000000e+00 5.809684e-02 -1.000000e+00 0.000000e+00 2.650000e+02 -1.000000e+00 0.000000e+00 -1.000000e+00 -1.000000e+00 2.158500e-03 -1.000000e+00 0.000000e+00 -9.990070e+05 3.000000e+00 -1.000000e+00 -1.000000e+00 8.650000e+02 1.195041e-02 0.000000e+00 0.000000e+00 -1.000000e+00 2.812626e-03 -1.000000e+00 -9.990070e+05 2.812626e-03 2.203645e-01 5.544390e-01 -1.000000e+00 -1.000000e+00 -1.000000e+00 -1.0 0.000000e+00 1.471903e-02
-1.000000e+00 -1.000000e+00 1.505000e+03 0.000000e+00 -1.000000e+00 -1.000000e+00 0.000000e+00 4.881397e-01 -1.000000e+00 0.000000e+00 8.650000e+02 -1.000000e+00 0.000000e+00 -1.000000e+00 -1.000000e+00 1.555042e-01 -1.000000e+00 0.000000e+00 -9.990070e+05 3.000000e+00 -1.000000e+00 -1.000000e+00 1.185000e+03 2.849069e-01 0.000000e+00 0.000000e+00 -1.000000e+00 4.962216e-02 -1.000000e+00 -9.990070e+05 4.962216e-02 7.374804e-01 9.254007e-01 -1.000000e+00 -1.000000e+00 -1.000000e+00 -1.0 0.000000e+00 2.923702e-01
-1.000000e+00 -1.000000e+00 1.505000e+03 0.000000e+00 -1.000000e+00 -1.000000e+00 0.000000e+00 1.146478e-01 -1.000000e+00 0.000000e+00 3.850000e+02 -1.000000e+00 0.000000e+00 -1.000000e+00 -1.000000e+00 7.619897e-03 -1.000000e+00 0.000000e+00 -9.990070e+05 3.000000e+00 -1.000000e+00 -1.000000e+00 9.450000e+02 3.135001e-02 0.000000e+00 0.000000e+00 -1.000000e+00 6.671464e-03 -1.000000e+00 -9.990070e+05 6.671464e-03 3.348839e-01 6.790668e-01 -1.000000e+00 -1.000000e+00 -1.000000e+00 -1.0 0.000000e+00 3.608107e-02
-1.000000e+00 -1.000000e+00 1.545000e+03 0.000000e+00 -1.000000e+00 -1.000000e+00 0.000000e+00 1.852603e-01 -1.000000e+00 0.000000e+00 5.050000e+02 -1.000000e+00 0.000000e+00 -1.000000e+00 -1.000000e+00 1.945127e-02 -1.000000e+00 0.000000e+00 -9.990070e+05 3.000000e+00 -1.000000e+00 -1.000000e+00 1.025000e+03 6.330181e-02 0.000000e+00 0.000000e+00 -1.000000e+00 1.259625e-02 -1.000000e+00 -9.990070e+05 1.259625e-02 4.429720e-01 7.677130e-01 -1.000000e+00 -1.000000e+00 -1.000000e+00 -1.0 0.000000e+00 6.981027e-02
-1.000000e+00 -1.000000e+00 1.545000e+03 0.000000e+00 -1.000000e+00 -1.000000e+00 0.000000e+00 7.048453e-01 -1.000000e+00 0.000000e+00 9.850000e+02 -1.000000e+00 0.000000e+00 -1.000000e+00 -1.000000e+00 3.817486e-01 -1.000000e+00 0.000000e+00 -9.990070e+05 3.000000e+00 -1.000000e+00 -1.000000e+00 1.265000e+03 5.293242e-01 0.000000e+00 0.000000e+00 -1.000000e+00 8.811753e-02 -1.000000e+00 -9.990070e+05 8.811753e-02 8.709509e-01 9.695718e-01 -1.000000e+00 -1.000000e+00 -1.000000e+00 -1.0 0.000000e+00 5.336736e-01
-1.000000e+00 -1.000000e+00 1.545000e+03 0.000000e+00 -1.000000e+00 -1.000000e+00 0.000000e+00 2.500608e-01 -1.000000e+00 0.000000e+00 2.500000e+01 -1.000000e+00 0.000000e+00 -1.000000e+00 -1.000000e+00 3.585864e-02 -1.000000e+00 0.000000e+00 -9.990070e+05 3.000000e+00 -1.000000e+00 -1.000000e+00 7.850000e+02 9.939558e-02 0.000000e+00 0.000000e+00 -1.000000e+00 1.895812e-02 -1.000000e+00 -9.990070e+05 1.895812e-02 5.233321e-01 8.209583e-01 -1.000000e+00 -1.000000e+00 -1.000000e+00 -1.0 0.000000e+00 1.069039e-01
-1.000000e+00 -1.000000e+00 1.585000e+03 0.000000e+00 -1.000000e+00 -1.000000e+00 0.000000e+00 2.834484e-01 -1.000000e+00 0.000000e+00 6.250000e+02 -1.000000e+00 0.000000e+00 -1.000000e+00 -1.000000e+00 4.663691e-02 -1.000000e+00 0.000000e+00 -9.990070e+05 3.000000e+00 -1.000000e+00 -1.000000e+00 1.105000e+03 1.204154e-01 0.000000e+00 0.000000e+00 -1.000000e+00 2.254513e-02 -1.000000e+00 -9.990070e+05 2.254513e-02 5.598897e-01 8.423017e-01 -1.000000e+00 -1.000000e+00 -1.000000e+00 -1.0 0.000000e+00 1.281896e-01
-1.000000e+00 -1.000000e+00 1.585000e+03 0.000000e+00 -1.000000e+00 -1.000000e+00 0.000000e+00 2.937541e-01 -1.000000e+00 0.000000e+00 1.450000e+02 -1.000000e+00 0.000000e+00 -1.000000e+00 -1.000000e+00 5.030762e-02 -1.000000e+00 0.000000e+00 -9.990070e+05 3.000000e+00 -1.000000e+00 -1.000000e+00 8.650000e+02 1.272321e-01 0.000000e+00 0.000000e+00 -1.000000e+00 2.373778e-02 -1.000000e+00 -9.990070e+05 2.373778e-02 5.706250e-01 8.482618e-01 -1.000000e+00 -1.000000e+00 -1.000000e+00 -1.0 0.000000e+00 1.351505e-01
-1.000000e+00 -1.000000e+00 1.600000e+03 0.000000e+00 -1.000000e+00 -1.000000e+00 0.000000e+00 2.756677e-01 -1.000000e+00 0.000000e+00 6.000000e+01 -1.000000e+00 0.000000e+00 -1.000000e+00 -1.000000e+00 4.397491e-02 -1.000000e+00 0.000000e+00 -9.990070e+05 3.000000e+00 -1.000000e+00 -1.000000e+00 1.060000e+03 1.153713e-01 0.000000e+00 0.000000e+00 -1.000000e+00 2.169310e-02 -1.000000e+00 -9.990070e+05 2.169310e-02 5.516201e-01 8.376175e-01 -1.000000e+00 -1.000000e+00 -1.000000e+00 -1.0 0.000000e+00 1.231029e-01
-1.000000e+00 -1.000000e+00 1.600000e+03 0.000000e+00 -1.000000e+00 -1.000000e+00 0.000000e+00 8.863887e-01 -1.000000e+00 0.000000e+00 6.000000e+01 -1.000000e+00 0.000000e+00 -1.000000e+00 -1.000000e+00 7.059984e-01 -1.000000e+00 0.000000e+00 -9.990070e+05 3.000000e+00 -1.000000e+00 -1.000000e+00 1.100000e+02 7.976111e-01 0.000000e+00 0.000000e+00 -1.000000e+00 1.312591e-01 -1.000000e+00 -9.990070e+05 1.312591e-01 9.559839e-01 9.908963e-01 -1.000000e+00 -1.000000e+00 -1.000000e+00 -1.0 0.000000e+00 7.996771e-01
-1.000000e+00 -1.000000e+00 1.600000e+03 0.000000e+00 -1.000000e+00 -1.000000e+00 0.000000e+00 3.948832e-01 -1.000000e+00 0.000000e+00 6.000000e+01 -1.000000e+00 0.000000e+00 -1.000000e+00 -1.000000e+00 9.584575e-02 -1.000000e+00 0.000000e+00 -9.990070e+05 3.000000e+00 -1.000000e+00 -1.000000e+00 1.260000e+03 2.023225e-01 0.000000e+00 0.000000e+00 -1.000000e+00 3.618466e-02 -1.000000e+00 -9.990070e+05 3.618466e-02 6.647739e-01 8.951286e-01 -1.000000e+00 -1.000000e+00 -1.000000e+00 -1.0 0.000000e+00 2.102828e-01
-1.000000e+00 -1.000000e+00 1.600000e+03 0.000000e+00 -1.000000e+00 -1.000000e+00 0.000000e+00 7.055068e-01 -1.000000e+00 0.000000e+00 6.000000e+01 -1.000000e+00 0.000000e+00 -1.000000e+00 -1.000000e+00 3.826719e-01 -1.000000e+00 0.000000e+00 -9.990070e+05 3.000000e+00 -1.000000e+00 -1.000000e+00 1.400000e+03 5.301904e-01 0.000000e+00 0.000000e+00 -1.000000e+00 8.807111e-02 -1.000000e+00 -9.990070e+05 8.807111e-02 8.712990e-01 9.696694e-01 -1.000000e+00 -1.000000e+00 -1.000000e+00 -1.0 0.000000e+00 5.343411e-01
-1.000000e+00 -1.000000e+00 1.600000e+03 0.000000e+00 -1.000000e+00 -1.000000e+00 0.000000e+00 8.473228e-01 -1.000000e+00 0.000000e+00 6.000000e+01 -1.000000e+00 0.000000e+00 -1.000000e+00 -1.000000e+00 6.228727e-01 -1.000000e+00 0.000000e+00 -9.990070e+05 3.000000e+00 -1.000000e+00 -1.000000e+00 1.460000e+03 7.344584e-01 0.000000e+00 0.000000e+00 -1.000000e+00 1.206354e-01 -1.000000e+00 -9.990070e+05 1.206354e-01 9.393303e-01 9.871120e-01 -1.000000e+00 -1.000000e+00 -1.000000e+00 -1.0 0.000000e+00 7.368371e-01
-1.000000e+00 -1.000000e+00 1.600000e+03 0.000000e+00 -1.000000e+00 -1.000000e+00 0.000000e+00 9.031274e-01 -1.000000e+00 0.000000e+00 6.000000e+01 -1.000000e+00 0.000000e+00 -1.000000e+00 -1.000000e+00 7.442146e-01 -1.000000e+00 0.000000e+00 -9.990070e+05 3.000000e+00 -1.000000e+00 -1.000000e+00 1.500000e+03 8.256426e-01 0.000000e+00 0.000000e+00 -1.000000e+00 1.348926e-01 -1.000000e+00 -9.990070e+05 1.348926e-01 9.628709e-01 9.924065e-01 -1.000000e+00 -1.000000e+00 -1.000000e+00 -1.0 0.000000e+00 8.271157e-01
-1.000000e+00 -1.000000e+00 1.600000e+03 0.000000e+00 -1.000000e+00 -1.000000e+00 0.000000e+00 9.593257e-01 -1.000000e+00 0.000000e+00 6.000000e+01 -1.000000e+00 0.000000e+00 -1.000000e+00 -1.000000e+00 8.849831e-01 -1.000000e+00 0.000000e+00 -9.990070e+05 3.000000e+00 -1.000000e+00 -1.000000e+00 1.550000e+03 9.242010e-01 0.000000e+00 0.000000e+00 -1.000000e+00 1.538060e-01 -1.000000e+00 -9.990070e+05 1.538060e-01 9.849586e-01 9.970350e-01 -1.000000e+00 -1.000000e+00 -1.000000e+00 -1.0 0.000000e+00 9.253644e-01
-1.000000e+00 -1.000000e+00 1.600000e+03 0.000000e+00 -1.000000e+00 -1.000000e+00 0.000000e+00 9.732671e-01 -1.000000e+00 0.000000e+00 6.000000e+01 -1.000000e+00 0.000000e+00 -1.000000e+00 -1.000000e+00 9.230919e-01 -1.000000e+00 0.000000e+00 -9.990070e+05 3.000000e+00 -1.000000e+00 -1.000000e+00 1.590000e+03 9.497474e-01 0.000000e+00 0.000000e+00 -1.000000e+00 1.588414e-01 -1.000000e+00 -9.990070e+05 1.588414e-01 9.902008e-01 9.980855e-01 -1.000000e+00 -1.000000e+00 -1.000000e+00 -1.0 0.000000e+00 9.506216e-01
-1.000000e+00 -1.000000e+00 1.600000e+03 0.000000e+00 -1.000000e+00 -1.000000e+00 0.000000e+00 9.510412e-01 -1.000000e+00 0.000000e+00 6.000000e+01 -1.000000e+00 0.000000e+00 -1.000000e+00 -1.000000e+00 8.629612e-01 -1.000000e+00 0.000000e+00 -9.990070e+05 3.000000e+00 -1.000000e+00 -1.000000e+00 1.600000e+02 9.092308e-01 0.000000e+00 0.000000e+00 -1.000000e+00 1.614075e-01 -1.000000e+00 -9.990070e+05 1.614075e-01 9.817998e-01 9.963931e-01 -1.000000e+00 -1.000000e+00 -1.000000e+00 -1.0 0.000000e+00 9.124847e-01
-1.000000e+00 -1.000000e+00 1.600000e+03 0.000000e+00 -1.000000e+00 -1.000000e+00 0.000000e+00 8.505233e-01 -1.000000e+00 0.000000e+00 6.000000e+01 -1.000000e+00 0.000000e+00 -1.000000e+00 -1.000000e+00 6.293763e-01 -1.000000e+00 0.000000e+00 -9.990070e+05 3.000000e+00 -1.000000e+00 -1.000000e+00 2.600000e+02 7.395150e-01 0.000000e+00 0.000000e+00 -1.000000e+00 1.209238e-01 -1.000000e+00 -9.990070e+05 1.209238e-01 9.407260e-01 9.874364e-01 -1.000000e+00 -1.000000e+00 -1.000000e+00 -1.0 0.000000e+00 7.415588e-01
-1.000000e+00 -1.000000e+00 1.600000e+03 0.000000e+00 -1.000000e+00 -1.000000e+00 0.000000e+00 6.831548e-01 -1.000000e+00 0.000000e+00 6.000000e+01 -1.000000e+00 0.000000e+00 -1.000000e+00 -1.000000e+00 3.523731e-01 -1.000000e+00 0.000000e+00 -9.990070e+05 3.000000e+00 -1.000000e+00 -1.000000e+00 4.600000e+02 5.013485e-01 0.000000e+00 0.000000e+00 -1.000000e+00 8.391797e-02 -1.000000e+00 -9.990070e+05 8.391797e-02 8.593629e-01 9.662723e-01 -1.000000e+00 -1.000000e+00 -1.000000e+00 -1.0 0.000000e+00 5.062407e-01
-1.000000e+00 -1.000000e+00 1.600000e+03 0.000000e+00 -1.000000e+00 -1.000000e+00 0.000000e+00 4.862101e-01 -1.000000e+00 0.000000e+00 6.000000e+01 -1.000000e+00 0.000000e+00 -1.000000e+00 -1.000000e+00 1.540741e-01 -1.000000e+00 0.000000e+00 -9.990070e+05 3.000000e+00 -1.000000e+00 -1.000000e+00 6.600000e+02 2.830658e-01 0.000000e+00 0.000000e+00 -1.000000e+00 4.911926e-02 -1.000000e+00 -9.990070e+05 4.911926e-02 7.360871e-01 9.248644e-01 -1.000000e+00 -1.000000e+00 -1.000000e+00 -1.0 0.000000e+00 2.902048e-01
-1.000000e+00 -1.000000e+00 1.600000e+03 0.000000e+00 -1.000000e+00 -1.000000e+00 0.000000e+00 6.582661e-01 -1.000000e+00 0.000000e+00 6.000000e+01 -1.000000e+00 0.000000e+00 -1.000000e+00 -1.000000e+00 3.207383e-01 -1.000000e+00 0.000000e+00 -9.990070e+05 3.000000e+00 -1.000000e+00 -1.000000e+00 7.000000e+01 4.702505e-01 0.000000e+00 0.000000e+00 -1.000000e+00 7.868678e-02 -1.000000e+00 -9.990070e+05 7.868678e-02 8.456373e-01 9.622379e-01 -1.000000e+00 -1.000000e+00 -1.000000e+00 -1.0 0.000000e+00 4.751277e-01
-1.000000e+00 -1.000000e+00 1.600000e+03 0.000000e+00 -1.000000e+00 -1.000000e+00 0.000000e+00 3.414129e-01 -1.000000e+00 0.000000e+00 6.000000e+01 -1.000000e+00 0.000000e+00 -1.000000e+00 -1.000000e+00 6.952931e-02 -1.000000e+00 0.000000e+00 -9.990070e+05 3.000000e+00 -1.000000e+00 -1.000000e+00 8.600000e+02 1.607642e-01 0.000000e+00 0.000000e+00 -1.000000e+00 2.931314e-02 -1.000000e+00 -9.990070e+05 2.931314e-02 6.173332e-01 8.726776e-01 -1.000000e+00 -1.000000e+00 -1.000000e+00 -1.0 0.000000e+00 1.687483e-01
-1.000000e+00 -1.000000e+00 1.625000e+03 0.000000e+00 -1.000000e+00 -1.000000e+00 0.000000e+00 4.077097e-01 -1.000000e+00 0.000000e+00 7.450000e+02 -1.000000e+00 0.000000e+00 -1.000000e+00 -1.000000e+00 1.029663e-01 -1.000000e+00 0.000000e+00 -9.990070e+05 3.000000e+00 -1.000000e+00 -1.000000e+00 1.185000e+03 2.129143e-01 0.000000e+00 0.000000e+00 -1.000000e+00 3.788346e-02 -1.000000e+00 -9.990070e+05 3.788346e-02 6.754763e-01 8.998879e-01 -1.000000e+00 -1.000000e+00 -1.000000e+00 -1.0 0.000000e+00 2.207666e-01
-1.000000e+00 -1.000000e+00 1.625000e+03 0.000000e+00 -1.000000e+00 -1.000000e+00 0.000000e+00 3.733804e-01 -1.000000e+00 0.000000e+00 2.650000e+02 -1.000000e+00 0.000000e+00 -1.000000e+00 -1.000000e+00 8.462519e-02 -1.000000e+00 0.000000e+00 -9.990070e+05 3.000000e+00 -1.000000e+00 -1.000000e+00 9.450000e+02 1.851079e-01 0.000000e+00 0.000000e+00 -1.000000e+00 3.333684e-02 -1.000000e+00 -9.990070e+05 3.333684e-02 6.462656e-01 8.866373e-01 -1.000000e+00 -1.000000e+00 -1.000000e+00 -1.0 0.000000e+00 1.930787e-01
-1.000000e+00 -1.000000e+00 1.665000e+03 0.000000e+00 -1.000000e+00 -1.000000e+00 0.000000e+00 4.578144e-01 -1.000000e+00 0.000000e+00 3.850000e+02 -1.000000e+00 0.000000e+00 -1.000000e+00 -1.000000e+00 1.340269e-01 -1.000000e+00 0.000000e+00 -9.990070e+05 3.000000e+00 -1.000000e+00 -1.000000e+00 1.025000e+03 2.566244e-01 0.000000e+00 0.000000e+00 -1.000000e+00 4.473322e-02 -1.000000e+00 -9.990070e+05 4.473322e-02 7.150727e-01 9.165748e-01 -1.000000e+00 -1.000000e+00 -1.000000e+00 -1.0 0.000000e+00 2.637655e-01
-1.000000e+00 -1.000000e+00 1.665000e+03 0.000000e+00 -1.000000e+00 -1.000000e+00 0.000000e+00 5.573254e-01 -1.000000e+00 0.000000e+00 8.650000e+02 -1.000000e+00 0.000000e+00 -1.000000e+00 -1.000000e+00 2.128922e-01 -1.000000e+00 0.000000e+00 -9.990070e+05 3.000000e+00 -1.000000e+00 -1.000000e+00 1.265000e+03 3.547115e-01 0.000000e+00 0.000000e+00 -1.000000e+00 6.045064e-02 -1.000000e+00 -9.990070e+05 6.045064e-02 7.847711e-01 9.426440e-01 -1.000000e+00 -1.000000e+00 -1.000000e+00 -1.0 0.000000e+00 3.609486e-01
-1.000000e+00 -1.000000e+00 1.705000e+03 0.000000e+00 -1.000000e+00 -1.000000e+00 0.000000e+00 5.082248e-01 -1.000000e+00 0.000000e+00 5.050000e+02 -1.000000e+00 0.000000e+00 -1.000000e+00 -1.000000e+00 1.709204e-01 -1.000000e+00 0.000000e+00 -9.990070e+05 3.000000e+00 -1.000000e+00 -1.000000e+00 1.105000e+03 3.044088e-01 0.000000e+00 0.000000e+00 -1.000000e+00 5.240086e-02 -1.000000e+00 -9.990070e+05 5.240086e-02 7.517340e-01 9.307919e-01 -1.000000e+00 -1.000000e+00 -1.000000e+00 -1.0 0.000000e+00 3.111207e-01
-1.000000e+00 -1.000000e+00 1.705000e+03 0.000000e+00 -1.000000e+00 -1.000000e+00 0.000000e+00 6.865301e-01 -1.000000e+00 0.000000e+00 9.850000e+02 -1.000000e+00 0.000000e+00 -1.000000e+00 -1.000000e+00 3.568315e-01 -1.000000e+00 0.000000e+00 -9.990070e+05 3.000000e+00 -1.000000e+00 -1.000000e+00 1.345000e+03 5.056479e-01 0.000000e+00 0.000000e+00 -1.000000e+00 8.426723e-02 -1.000000e+00 -9.990070e+05 8.426723e-02 8.611886e-01 9.667986e-01 -1.000000e+00 -1.000000e+00 -1.000000e+00 -1.0 0.000000e+00 5.101314e-01
-1.000000e+00 -1.000000e+00 1.705000e+03 0.000000e+00 -1.000000e+00 -1.000000e+00 0.000000e+00 6.068070e-01 -1.000000e+00 0.000000e+00 2.500000e+01 -1.000000e+00 0.000000e+00 -1.000000e+00 -1.000000e+00 2.618779e-01 -1.000000e+00 0.000000e+00 -9.990070e+05 3.000000e+00 -1.000000e+00 -1.000000e+00 8.650000e+02 4.092662e-01 0.000000e+00 0.000000e+00 -1.000000e+00 6.926553e-02 -1.000000e+00 -9.990070e+05 6.926553e-02 8.157069e-01 9.529561e-01 -1.000000e+00 -1.000000e+00 -1.000000e+00 -1.0 0.000000e+00 4.151109e-01
-1.000000e+00 -1.000000e+00 1.745000e+03 0.000000e+00 -1.000000e+00 -1.000000e+00 0.000000e+00 5.999976e-01 -1.000000e+00 0.000000e+00 6.250000e+02 -1.000000e+00 0.000000e+00 -1.000000e+00 -1.000000e+00 2.547121e-01 -1.000000e+00 0.000000e+00 -9.990070e+05 3.000000e+00 -1.000000e+00 -1.000000e+00 1.185000e+03 4.015242e-01 0.000000e+00 0.000000e+00 -1.000000e+00 6.797939e-02 -1.000000e+00 -9.990070e+05 6.797939e-02 8.115804e-01 9.516234e-01 -1.000000e+00 -1.000000e+00 -1.000000e+00 -1.0 0.000000e+00 4.073783e-01
-1.000000e+00 -1.000000e+00 1.745000e+03 0.000000e+00 -1.000000e+00 -1.000000e+00 0.000000e+00 6.419077e-01 -1.000000e+00 0.000000e+00 1.450000e+02 -1.000000e+00 0.000000e+00 -1.000000e+00 -1.000000e+00 3.010984e-01 -1.000000e+00 0.000000e+00 -9.990070e+05 3.000000e+00 -1.000000e+00 -1.000000e+00 9.450000e+02 4.503849e-01 0.000000e+00 0.000000e+00 -1.000000e+00 7.556549e-02 -1.000000e+00 -9.990070e+05 7.556549e-02 8.363559e-01 9.594312e-01 -1.000000e+00 -1.000000e+00 -1.000000e+00 -1.0 0.000000e+00 4.555021e-01
-1.000000e+00 -1.000000e+00 1.785000e+03 0.000000e+00 -1.000000e+00 -1.000000e+00 0.000000e+00 6.892763e-01 -1.000000e+00 0.000000e+00 2.650000e+02 -1.000000e+00 0.000000e+00 -1.000000e+00 -1.000000e+00 3.604893e-01 -1.000000e+00 0.000000e+00 -9.990070e+05 3.000000e+00 -1.000000e+00 -1.000000e+00 1.025000e+03 5.091607e-01 0.000000e+00 0.000000e+00 -1.000000e+00 8.465709e-02 -1.000000e+00 -9.990070e+05 8.465709e-02 8.626679e-01 9.672232e-01 -1.000000e+00 -1.000000e+00 -1.000000e+00 -1.0 0.000000e+00 5.134282e-01
-1.000000e+00 -1.000000e+00 1.785000e+03 0.000000e+00 -1.000000e+00 -1.000000e+00 0.000000e+00 6.622994e-01 -1.000000e+00 0.000000e+00 7.450000e+02 -1.000000e+00 0.000000e+00 -1.000000e+00 -1.000000e+00 3.257190e-01 -1.000000e+00 0.000000e+00 -9.990070e+05 3.000000e+00 -1.000000e+00 -1.000000e+00 1.265000e+03 4.752181e-01 0.000000e+00 0.000000e+00 -1.000000e+00 7.943252e-02 -1.000000e+00 -9.990070e+05 7.943252e-02 8.478936e-01 9.629105e-01 -1.000000e+00 -1.000000e+00 -1.000000e+00 -1.0 0.000000e+00 4.799957e-01
-1.000000e+00 -1.000000e+00 1.825000e+03 0.000000e+00 -1.000000e+00 -1.000000e+00 0.000000e+00 7.295936e-01 -1.000000e+00 0.000000e+00 3.850000e+02 -1.000000e+00 0.000000e+00 -1.000000e+00 -1.000000e+00 4.174286e-01 -1.000000e+00 0.000000e+00 -9.990070e+05 3.000000e+00 -1.000000e+00 -1.000000e+00 1.105000e+03 5.622575e-01 0.000000e+00 0.000000e+00 -1.000000e+00 9.286256e-02 -1.000000e+00 -9.990070e+05 9.286256e-02 8.837657e-01 9.731085e-01 -1.000000e+00 -1.000000e+00 -1.000000e+00 -1.0 0.000000e+00 5.658214e-01
-1.000000e+00 -1.000000e+00 1.825000e+03 0.000000e+00 -1.000000e+00 -1.000000e+00 0.000000e+00 7.371962e-01 -1.000000e+00 0.000000e+00 8.650000e+02 -1.000000e+00 0.000000e+00 -1.000000e+00 -1.000000e+00 4.288709e-01 -1.000000e+00 0.000000e+00 -9.990070e+05 3.000000e+00 -1.000000e+00 -1.000000e+00 1.345000e+03 5.725947e-01 0.000000e+00 0.000000e+00 -1.000000e+00 9.445182e-02 -1.000000e+00 -9.990070e+05 9.445182e-02 8.876182e-01 9.741489e-01 -1.000000e+00 -1.000000e+00 -1.000000e+00 -1.0 0.000000e+00 5.760217e-01
-1.000000e+00 -1.000000e+00 1.865000e+03 0.000000e+00 -1.000000e+00 -1.000000e+00 0.000000e+00 7.663416e-01 -1.000000e+00 0.000000e+00 5.050000e+02 -1.000000e+00 0.000000e+00 -1.000000e+00 -1.000000e+00 4.749299e-01 -1.000000e+00 0.000000e+00 -9.990070e+05 3.000000e+00 -1.000000e+00 -1.000000e+00 1.185000e+03 6.132003e-01 0.000000e+00 0.000000e+00 -1.000000e+00 1.010937e-01 -1.000000e+00 -9.990070e+05 1.010937e-01 9.020335e-01 9.779491e-01 -1.000000e+00 -1.000000e+00 -1.000000e+00 -1.0 0.000000e+00 6.164533e-01
-1.000000e+00 -1.000000e+00 1.865000e+03 0.000000e+00 -1.000000e+00 -1.000000e+00 0.000000e+00 8.113265e-01 -1.000000e+00 0.000000e+00 2.500000e+01 -1.000000e+00 0.000000e+00 -1.000000e+00 -1.000000e+00 5.532816e-01 -1.000000e+00 0.000000e+00 -9.990070e+05 3.000000e+00 -1.000000e+00 -1.000000e+00 9.450000e+02 6.789912e-01 0.000000e+00 0.000000e+00 -1.000000e+00 1.112932e-01 -1.000000e+00 -9.990070e+05 1.112932e-01 9.232322e-01 9.832745e-01 -1.000000e+00 -1.000000e+00 -1.000000e+00 -1.0 0.000000e+00 6.815045e-01
-1.000000e+00 -1.000000e+00 1.905000e+03 0.000000e+00 -1.000000e+00 -1.000000e+00 0.000000e+00 8.361685e-01 -1.000000e+00 0.000000e+00 1.450000e+02 -1.000000e+00 0.000000e+00 -1.000000e+00 -1.000000e+00 6.006174e-01 -1.000000e+00 0.000000e+00 -9.990070e+05 3.000000e+00 -1.000000e+00 -1.000000e+00 1.025000e+03 7.169960e-01 0.000000e+00 0.000000e+00 -1.000000e+00 1.171285e-01 -1.000000e+00 -9.990070e+05 1.171285e-01 9.344211e-01 9.859605e-01 -1.000000e+00 -1.000000e+00 -1.000000e+00 -1.0 0.000000e+00 7.190845e-01
-1.000000e+00 -1.000000e+00 1.905000e+03 0.000000e+00 -1.000000e+00 -1.000000e+00 0.000000e+00 8.123734e-01 -1.000000e+00 0.000000e+00 6.250000e+02 -1.000000e+00 0.000000e+00 -1.000000e+00 -1.000000e+00 5.552160e-01 -1.000000e+00 0.000000e+00 -9.990070e+05 3.000000e+00 -1.000000e+00 -1.000000e+00 1.265000e+03 6.805684e-01 0.000000e+00 0.000000e+00 -1.000000e+00 1.115123e-01 -1.000000e+00 -9.990070e+05 1.115123e-01 9.237110e-01 9.833912e-01 -1.000000e+00 -1.000000e+00 -1.000000e+00 -1.0 0.000000e+00 6.830474e-01
-1.000000e+00 -1.000000e+00 1.945000e+03 0.000000e+00 -1.000000e+00 -1.000000e+00 0.000000e+00 8.532890e-01 -1.000000e+00 0.000000e+00 2.650000e+02 -1.000000e+00 0.000000e+00 -1.000000e+00 -1.000000e+00 6.350393e-01 -1.000000e+00 0.000000e+00 -9.990070e+05 3.000000e+00 -1.000000e+00 -1.000000e+00 1.105000e+03 7.439013e-01 0.000000e+00 0.000000e+00 -1.000000e+00 1.212554e-01 -1.000000e+00 -9.990070e+05 1.212554e-01 9.419275e-01 9.877146e-01 -1.000000e+00 -1.000000e+00 -1.000000e+00 -1.0 0.000000e+00 7.457083e-01
-1.000000e+00 -1.000000e+00 1.945000e+03 0.000000e+00 -1.000000e+00 -1.000000e+00 0.000000e+00 8.380787e-01 -1.000000e+00 0.000000e+00 7.450000e+02 -1.000000e+00 0.000000e+00 -1.000000e+00 -1.000000e+00 6.043837e-01 -1.000000e+00 0.000000e+00 -9.990070e+05 3.000000e+00 -1.000000e+00 -1.000000e+00 1.345000e+03 7.199688e-01 0.000000e+00 0.000000e+00 -1.000000e+00 1.175506e-01 -1.000000e+00 -9.990070e+05 1.175506e-01 9.352667e-01 9.861600e-01 -1.000000e+00 -1.000000e+00 -1.000000e+00 -1.0 0.000000e+00 7.220048e-01
-1.000000e+00 -1.000000e+00 1.985000e+03 0.000000e+00 -1.000000e+00 -1.000000e+00 0.000000e+00 8.745629e-01 -1.000000e+00 0.000000e+00 3.850000e+02 -1.000000e+00 0.000000e+00 -1.000000e+00 -1.000000e+00 6.799587e-01 -1.000000e+00 0.000000e+00 -9.990070e+05 3.000000e+00 -1.000000e+00 -1.000000e+00 1.185000e+03 7.781620e-01 0.000000e+00 0.000000e+00 -1.000000e+00 1.277059e-01 -1.000000e+00 -9.990070e+05 1.277059e-01 9.510295e-01 9.897901e-01 -1.000000e+00 -1.000000e+00 -1.000000e+00 -1.0 0.000000e+00 7.802073e-01
-1.000000e+00 -1.000000e+00 2.025000e+03 0.000000e+00 -1.000000e+00 -1.000000e+00 0.000000e+00 9.088628e-01 -1.000000e+00 0.000000e+00 2.500000e+01 -1.000000e+00 0.000000e+00 -1.000000e+00 -1.000000e+00 7.576853e-01 -1.000000e+00 0.000000e+00 -9.990070e+05 3.000000e+00 -1.000000e+00 -1.000000e+00 1.025000e+03 8.353845e-01 0.000000e+00 0.000000e+00 -1.000000e+00 1.365886e-01 -1.000000e+00 -9.990070e+05 1.365886e-01 9.651974e-01 9.929095e-01 -1.000000e+00 -1.000000e+00 -1.000000e+00 -1.0 0.000000e+00 8.368276e-01
-1.000000e+00 -1.000000e+00 2.025000e+03 0.000000e+00 -1.000000e+00 -1.000000e+00 0.000000e+00 8.948081e-01 -1.000000e+00 0.000000e+00 5.050000e+02 -1.000000e+00 0.000000e+00 -1.000000e+00 -1.000000e+00 7.250186e-01 -1.000000e+00 0.000000e+00 -9.990070e+05 3.000000e+00 -1.000000e+00 -1.000000e+00 1.265000e+03 8.116365e-01 0.000000e+00 0.000000e+00 -1.000000e+00 1.329558e-01 -1.000000e+00 -9.990070e+05 1.329558e-01 9.594662e-01 9.916639e-01 -1.000000e+00 -1.000000e+00 -1.000000e+00 -1.0 0.000000e+00 8.133447e-01
-1.000000e+00 -1.000000e+00 2.650000e+02 4.000000e+03 -1.000000e+00 -1.000000e+00 0.000000e+00 5.315667e-01 -1.000000e+00 1.000000e+00 1.850000e+02 -1.000000e+00 0.000000e+00 -1.000000e+00 -1.000000e+00 1.900918e-01 -1.000000e+00 1.000000e+00 -9.990070e+05 3.000000e+00 -1.000000e+00 -1.000000e+00 2.250000e+02 3.278534e-01 0.000000e+00 0.000000e+00 -1.000000e+00 1.578572e-01 -1.000000e+00 -9.990070e+05 1.578572e-01 7.677478e-01 9.366476e-01 -1.000000e+00 -1.000000e+00 -1.000000e+00 -1.0 0.000000e+00 4.474012e-01
-1.000000e+00 -1.000000e+00 3.170000e+02 0.000000e+00 -1.000000e+00 -1.000000e+00 0.000000e+00 5.096424e-01 -1.000000e+00 0.000000e+00 2.950000e+02 -1.000000e+00 0.000000e+00 -1.000000e+00 -1.000000e+00 1.720456e-01 -1.000000e+00 0.000000e+00 -9.990070e+05 3.000000e+00 -1.000000e+00 -1.000000e+00 3.060000e+02 3.058087e-01 0.000000e+00 0.000000e+00 -1.000000e+00 1.273157e-01 -1.000000e+00 -9.990070e+05 1.273157e-01 7.527231e-01 9.311597e-01 -1.000000e+00 -1.000000e+00 -1.000000e+00 -1.0 0.000000e+00 4.032898e-01
-1.000000e+00 -1.000000e+00 3.450000e+02 0.000000e+00 -1.000000e+00 -1.000000e+00 0.000000e+00 5.217287e-01 -1.000000e+00 0.000000e+00 2.650000e+02 -1.000000e+00 0.000000e+00 -1.000000e+00 -1.000000e+00 1.818432e-01 -1.000000e+00 0.000000e+00 -9.990070e+05 3.000000e+00 -1.000000e+00 -1.000000e+00 3.050000e+02 3.178693e-01 0.000000e+00 0.000000e+00 -1.000000e+00 1.425466e-01 -1.000000e+00 -9.990070e+05 1.425466e-01 7.610686e-01 9.342308e-01 -1.000000e+00 -1.000000e+00 -1.000000e+00 -1.0 0.000000e+00 4.264936e-01
-1.000000e+00 -1.000000e+00 3.970000e+02 0.000000e+00 -1.000000e+00 -1.000000e+00 0.000000e+00 2.994016e-01 -1.000000e+00 0.000000e+00 3.750000e+02 -1.000000e+00 0.000000e+00 -1.000000e+00 -1.000000e+00 5.239031e-02 -1.000000e+00 0.000000e+00 -9.990070e+05 3.000000e+00 -1.000000e+00 -1.000000e+00 3.860000e+02 1.310331e-01 0.000000e+00 0.000000e+00 -1.000000e+00 4.920892e-02 -1.000000e+00 -9.990070e+05 4.920892e-02 5.764064e-01 8.514160e-01 -1.000000e+00 -1.000000e+00 -1.000000e+00 -1.0 0.000000e+00 1.827119e-01
-1.000000e+00 -1.000000e+00 4.250000e+02 0.000000e+00 -1.000000e+00 -1.000000e+00 0.000000e+00 9.420633e-01 -1.000000e+00 0.000000e+00 3.450000e+02 -1.000000e+00 0.000000e+00 -1.000000e+00 -1.000000e+00 8.396077e-01 -1.000000e+00 0.000000e+00 -9.990070e+05 3.000000e+00 -1.000000e+00 -1.000000e+00 3.850000e+02 8.931824e-01 1.000000e+00 0.000000e+00 -1.000000e+00 5.000000e-01 -1.000000e+00 -9.990070e+05 5.000000e-01 9.783393e-01 9.956822e-01 -1.000000e+00 -1.000000e+00 -1.000000e+00 -1.0 0.000000e+00 9.452362e-01
-1.000000e+00 -1.000000e+00 4.770000e+02 0.000000e+00 -1.000000e+00 -1.000000e+00 0.000000e+00 1.678108e-01 -1.000000e+00 0.000000e+00 4.550000e+02 -1.000000e+00 0.000000e+00 -1.000000e+00 -1.000000e+00 1.597308e-02 -1.000000e+00 0.000000e+00 -9.990070e+05 3.000000e+00 -1.000000e+00 -1.000000e+00 4.660000e+02 5.466837e-02 0.000000e+00 0.000000e+00 -1.000000e+00 1.818435e-02 -1.000000e+00 -9.990070e+05 1.818435e-02 4.186664e-01 7.496655e-01 -1.000000e+00 -1.000000e+00 -1.000000e+00 -1.0 0.000000e+00 7.648018e-02
-1.000000e+00 -1.000000e+00 5.050000e+02 0.000000e+00 -1.000000e+00 -1.000000e+00 0.000000e+00 2.932994e-01 -1.000000e+00 0.000000e+00 4.250000e+02 -1.000000e+00 0.000000e+00 -1.000000e+00 -1.000000e+00 5.014213e-02 -1.000000e+00 0.000000e+00 -9.990070e+05 3.000000e+00 -1.000000e+00 -1.000000e+00 4.650000e+02 1.269280e-01 0.000000e+00 0.000000e+00 -1.000000e+00 4.260393e-02 -1.000000e+00 -9.990070e+05 4.260393e-02 5.701564e-01 8.480045e-01 -1.000000e+00 -1.000000e+00 -1.000000e+00 -1.0 0.000000e+00 1.695172e-01
-1.000000e+00 -1.000000e+00 5.570000e+02 0.000000e+00 -1.000000e+00 -1.000000e+00 0.000000e+00 5.737789e-01 -1.000000e+00 0.000000e+00 5.350000e+02 -1.000000e+00 0.000000e+00 -1.000000e+00 -1.000000e+00 2.284011e-01 -1.000000e+00 0.000000e+00 -9.990070e+05 3.000000e+00 -1.000000e+00 -1.000000e+00 5.460000e+02 3.724158e-01 0.000000e+00 0.000000e+00 -1.000000e+00 8.381022e-02 -1.000000e+00 -9.990070e+05 8.381022e-02 7.953071e-01 9.462398e-01 -1.000000e+00 -1.000000e+00 -1.000000e+00 -1.0 0.000000e+00 4.051714e-01
-1.000000e+00 -1.000000e+00 5.850000e+02 0.000000e+00 -1.000000e+00 -1.000000e+00 0.000000e+00 2.548586e-01 -1.000000e+00 0.000000e+00 5.050000e+02 -1.000000e+00 0.000000e+00 -1.000000e+00 -1.000000e+00 3.730553e-02 -1.000000e+00 0.000000e+00 -9.990070e+05 3.000000e+00 -1.000000e+00 -1.000000e+00 5.450000e+02 1.023157e-01 0.000000e+00 0.000000e+00 -1.000000e+00 2.999819e-02 -1.000000e+00 -9.990070e+05 2.999819e-02 5.287634e-01 8.242350e-01 -1.000000e+00 -1.000000e+00 -1.000000e+00 -1.0 0.000000e+00 1.310049e-01
-1.000000e+00 -1.000000e+00 6.370000e+02 0.000000e+00 -1.000000e+00 -1.000000e+00 0.000000e+00 7.037493e-01 -1.000000e+00 0.000000e+00 6.150000e+02 -1.000000e+00 0.000000e+00 -1.000000e+00 -1.000000e+00 3.802226e-01 -1.000000e+00 0.000000e+00 -9.990070e+05 3.000000e+00 -1.000000e+00 -1.000000e+00 6.260000e+02 5.278908e-01 0.000000e+00 0.000000e+00 -1.000000e+00 9.708088e-02 -1.000000e+00 -9.990070e+05 9.708088e-02 8.703734e-01 9.694097e-01 -1.000000e+00 -1.000000e+00 -1.000000e+00 -1.0 0.000000e+00 5.414954e-01
-1.000000e+00 -1.000000e+00 6.650000e+02 0.000000e+00 -1.000000e+00 -1.000000e+00 0.000000e+00 2.610032e-01 -1.000000e+00 0.000000e+00 5.850000e+02 -1.000000e+00 0.000000e+00 -1.000000e+00 -1.000000e+00 3.920778e-02 -1.000000e+00 0.000000e+00 -9.990070e+05 3.000000e+00 -1.000000e+00 -1.000000e+00 6.250000e+02 1.061049e-01 0.000000e+00 0.000000e+00 -1.000000e+00 2.559118e-02 -1.000000e+00 -9.990070e+05 2.559118e-02 5.356288e-01 8.283232e-01 -1.000000e+00 -1.000000e+00 -1.000000e+00 -1.0 0.000000e+00 1.251871e-01
-1.000000e+00 -1.000000e+00 7.170000e+02 0.000000e+00 -1.000000e+00 -1.000000e+00 0.000000e+00 9.085683e-01 -1.000000e+00 0.000000e+00 6.950000e+02 -1.000000e+00 0.000000e+00 -1.000000e+00 -1.000000e+00 7.569889e-01 -1.000000e+00 0.000000e+00 -9.990070e+05 3.000000e+00 -1.000000e+00 -1.000000e+00 7.060000e+02 8.348826e-01 0.000000e+00 0.000000e+00 -1.000000e+00 1.439966e-01 -1.000000e+00 -9.990070e+05 1.439966e-01 9.650783e-01 9.928838e-01 -1.000000e+00 -1.000000e+00 -1.000000e+00 -1.0 0.000000e+00 8.389273e-01
-1.000000e+00 -1.000000e+00 7.450000e+02 0.000000e+00 -1.000000e+00 -1.000000e+00 0.000000e+00 2.223697e-01 -1.000000e+00 0.000000e+00 5.050000e+02 -1.000000e+00 0.000000e+00 -1.000000e+00 -1.000000e+00 2.814892e-02 -1.000000e+00 0.000000e+00 -9.990070e+05 3.000000e+00 -1.000000e+00 -1.000000e+00 6.250000e+02 8.320469e-02 0.000000e+00 0.000000e+00 -1.000000e+00 2.004027e-02 -1.000000e+00 -9.990070e+05 2.004027e-02 4.906880e-01 8.004408e-01 -1.000000e+00 -1.000000e+00 -1.000000e+00 -1.0 0.000000e+00 9.895630e-02
-1.000000e+00 -1.000000e+00 7.450000e+02 0.000000e+00 -1.000000e+00 -1.000000e+00 0.000000e+00 6.892113e-01 -1.000000e+00 0.000000e+00 6.650000e+02 -1.000000e+00 0.000000e+00 -1.000000e+00 -1.000000e+00 3.604024e-01 -1.000000e+00 0.000000e+00 -9.990070e+05 3.000000e+00 -1.000000e+00 -1.000000e+00 7.050000e+02 5.090773e-01 0.000000e+00 0.000000e+00 -1.000000e+00 9.595673e-02 -1.000000e+00 -9.990070e+05 9.595673e-02 8.626329e-01 9.672132e-01 -1.000000e+00 -1.000000e+00 -1.000000e+00 -1.0 0.000000e+00 5.251313e-01
-1.000000e+00 -1.000000e+00 7.850000e+02 0.000000e+00 -1.000000e+00 -1.000000e+00 0.000000e+00 8.508909e-01 -1.000000e+00 0.000000e+00 6.250000e+02 -1.000000e+00 0.000000e+00 -1.000000e+00 -1.000000e+00 6.301266e-01 -1.000000e+00 0.000000e+00 -9.990070e+05 3.000000e+00 -1.000000e+00 -1.000000e+00 7.050000e+02 7.400970e-01 0.000000e+00 0.000000e+00 -1.000000e+00 1.910457e-01 -1.000000e+00 -9.990070e+05 1.910457e-01 9.408859e-01 9.874735e-01 -1.000000e+00 -1.000000e+00 -1.000000e+00 -1.0 0.000000e+00 7.755515e-01
-1.000000e+00 -1.000000e+00 7.970000e+02 0.000000e+00 -1.000000e+00 -1.000000e+00 0.000000e+00 8.292380e-01 -1.000000e+00 0.000000e+00 7.750000e+02 -1.000000e+00 0.000000e+00 -1.000000e+00 -1.000000e+00 5.871063e-01 -1.000000e+00 0.000000e+00 -9.990070e+05 3.000000e+00 -1.000000e+00 -1.000000e+00 7.860000e+02 7.062710e-01 0.000000e+00 0.000000e+00 -1.000000e+00 1.178399e-01 -1.000000e+00 -9.990070e+05 1.178399e-01 9.313353e-01 9.852283e-01 -1.000000e+00 -1.000000e+00 -1.000000e+00 -1.0 0.000000e+00 7.099664e-01
-1.000000e+00 -1.000000e+00 8.250000e+02 0.000000e+00 -1.000000e+00 -1.000000e+00 0.000000e+00 8.775234e-01 -1.000000e+00 0.000000e+00 7.450000e+02 -1.000000e+00 0.000000e+00 -1.000000e+00 -1.000000e+00 6.864046e-01 -1.000000e+00 0.000000e+00 -9.990070e+05 3.000000e+00 -1.000000e+00 -1.000000e+00 7.850000e+02 7.830037e-01 0.000000e+00 0.000000e+00 -1.000000e+00 1.285795e-01 -1.000000e+00 -9.990070e+05 1.285795e-01 9.522768e-01 9.900702e-01 -1.000000e+00 -1.000000e+00 -1.000000e+00 -1.0 0.000000e+00 7.850528e-01
-1.000000e+00 -1.000000e+00 8.770000e+02 0.000000e+00 -1.000000e+00 -1.000000e+00 0.000000e+00 9.318652e-01 -1.000000e+00 0.000000e+00 8.550000e+02 -1.000000e+00 0.000000e+00 -1.000000e+00 -1.000000e+00 8.137116e-01 -1.000000e+00 0.000000e+00 -9.990070e+05 3.000000e+00 -1.000000e+00 -1.000000e+00 8.660000e+02 8.751712e-01 0.000000e+00 0.000000e+00 -1.000000e+00 1.437800e-01 -1.000000e+00 -9.990070e+05 1.437800e-01 9.743608e-01 9.948550e-01 -1.000000e+00 -1.000000e+00 -1.000000e+00 -1.0 0.000000e+00 8.764971e-01
-1.000000e+00 -1.000000e+00 9.050000e+02 0.000000e+00 -1.000000e+00 -1.000000e+00 0.000000e+00 4.906680e-02 -1.000000e+00 0.000000e+00 5.050000e+02 -1.000000e+00 0.000000e+00 -1.000000e+00 -1.000000e+00 1.592849e-03 -1.000000e+00 0.000000e+00 -9.990070e+05 3.000000e+00 -1.000000e+00 -1.000000e+00 7.050000e+02 9.446074e-03 0.000000e+00 0.000000e+00 -1.000000e+00 2.357170e-03 -1.000000e+00 -9.990070e+05 2.357170e-03 1.979206e-01 5.246966e-01 -1.000000e+00 -1.000000e+00 -1.000000e+00 -1.0 0.000000e+00 1.205910e-02
-1.000000e+00 -1.000000e+00 9.050000e+02 0.000000e+00 -1.000000e+00 -1.000000e+00 0.000000e+00 9.361862e-01 -1.000000e+00 0.000000e+00 8.250000e+02 -1.000000e+00 0.000000e+00 -1.000000e+00 -1.000000e+00 8.246029e-01 -1.000000e+00 0.000000e+00 -9.990070e+05 3.000000e+00 -1.000000e+00 -1.000000e+00 8.650000e+02 8.827744e-01 0.000000e+00 0.000000e+00 -1.000000e+00 1.485051e-01 -1.000000e+00 -9.990070e+05 1.485051e-01 9.760528e-01 9.952081e-01 -1.000000e+00 -1.000000e+00 -1.000000e+00 -1.0 0.000000e+00 8.848891e-01
-1.000000e+00 -1.000000e+00 9.450000e+02 0.000000e+00 -1.000000e+00 -1.000000e+00 0.000000e+00 3.676292e-01 -1.000000e+00 0.000000e+00 6.250000e+02 -1.000000e+00 0.000000e+00 -1.000000e+00 -1.000000e+00 8.177207e-02 -1.000000e+00 0.000000e+00 -9.990070e+05 3.000000e+00 -1.000000e+00 -1.000000e+00 7.850000e+02 1.806183e-01 0.000000e+00 0.000000e+00 -1.000000e+00 3.309389e-02 -1.000000e+00 -9.990070e+05 3.309389e-02 6.411894e-01 8.842495e-01 -1.000000e+00 -1.000000e+00 -1.000000e+00 -1.0 0.000000e+00 1.895648e-01
-1.000000e+00 -1.000000e+00 9.570000e+02 0.000000e+00 -1.000000e+00 -1.000000e+00 0.000000e+00 9.781423e-01 -1.000000e+00 0.000000e+00 9.350000e+02 -1.000000e+00 0.000000e+00 -1.000000e+00 -1.000000e+00 9.367357e-01 -1.000000e+00 0.000000e+00 -9.990070e+05 3.000000e+00 -1.000000e+00 -1.000000e+00 9.460000e+02 9.587866e-01 0.000000e+00 0.000000e+00 -1.000000e+00 1.587515e-01 -1.000000e+00 -9.990070e+05 1.587515e-01 9.920124e-01 9.984443e-01 -1.000000e+00 -1.000000e+00 -1.000000e+00 -1.0 0.000000e+00 9.593716e-01
-1.000000e+00 -1.000000e+00 9.850000e+02 0.000000e+00 -1.000000e+00 -1.000000e+00 0.000000e+00 7.278051e-01 -1.000000e+00 0.000000e+00 7.450000e+02 -1.000000e+00 0.000000e+00 -1.000000e+00 -1.000000e+00 4.147702e-01 -1.000000e+00 0.000000e+00 -9.990070e+05 3.000000e+00 -1.000000e+00 -1.000000e+00 8.650000e+02 5.598407e-01 0.000000e+00 0.000000e+00 -1.000000e+00 9.347189e-02 -1.000000e+00 -9.990070e+05 9.347189e-02 8.828537e-01 9.728607e-01 -1.000000e+00 -1.000000e+00 -1.000000e+00 -1.0 0.000000e+00 5.643827e-01
-1.000000e+00 -1.000000e+00 9.850000e+02 0.000000e+00 -1.000000e+00 -1.000000e+00 0.000000e+00 9.380351e-01 -1.000000e+00 0.000000e+00 9.050000e+02 -1.000000e+00 0.000000e+00 -1.000000e+00 -1.000000e+00 8.292995e-01 -1.000000e+00 0.000000e+00 -9.990070e+05 3.000000e+00 -1.000000e+00 -1.000000e+00 9.450000e+02 8.860405e-01 0.000000e+00 0.000000e+00 -1.000000e+00 1.466954e-01 -1.000000e+00 -9.990070e+05 1.466954e-01 9.767739e-01 9.953580e-01 -1.000000e+00 -1.000000e+00 -1.000000e+00 -1.0 0.000000e+00 8.875382e-01
