-1.000000e+00 -1.000000e+00 1.000000e+03 0.000000e+00 -1.000000e+00 -1.000000e+00 0.000000e+00 7.584897e-01 -1.000000e+00 0.000000e+00 6.000000e+01 -1.000000e+00 0.000000e+00 -1.000000e+00 -1.000000e+00 4.621716e-01 -1.000000e+00 0.000000e+00 -9.990070e+05 3.000000e+00 -1.000000e+00 -1.000000e+00 1.100000e+02 6.021072e-01 0.000000e+00 0.000000e+00 -1.000000e+00 1.629916e-01 -1.000000e+00 -9.990070e+05 1.629916e-01 8.982042e-01 9.769539e-01 -1.000000e+00 -1.000000e+00 -1.000000e+00 -1.0 0.000000e+00 6.522005e-01
-1.000000e+00 -1.000000e+00 1.000000e+03 0.000000e+00 -1.000000e+00 -1.000000e+00 0.000000e+00 9.528415e-01 -1.000000e+00 0.000000e+00 6.000000e+01 -1.000000e+00 0.000000e+00 -1.000000e+00 -1.000000e+00 8.677079e-01 -1.000000e+00 0.000000e+00 -9.990070e+05 3.000000e+00 -1.000000e+00 -1.000000e+00 1.600000e+02 9.124707e-01 0.000000e+00 0.000000e+00 -1.000000e+00 2.306156e-01 -1.000000e+00 -9.990070e+05 2.306156e-01 9.824890e-01 9.965337e-01 -1.000000e+00 -1.000000e+00 -1.000000e+00 -1.0 0.000000e+00 9.262168e-01
-1.000000e+00 -1.000000e+00 1.000000e+03 0.000000e+00 -1.000000e+00 -1.000000e+00 0.000000e+00 6.580926e-01 -1.000000e+00 0.000000e+00 6.000000e+01 -1.000000e+00 0.000000e+00 -1.000000e+00 -1.000000e+00 3.205253e-01 -1.000000e+00 0.000000e+00 -9.990070e+05 3.000000e+00 -1.000000e+00 -1.000000e+00 2.600000e+02 4.700374e-01 0.000000e+00 0.000000e+00 -1.000000e+00 1.315787e-01 -1.000000e+00 -9.990070e+05 1.315787e-01 8.455400e-01 9.622088e-01 -1.000000e+00 -1.000000e+00 -1.000000e+00 -1.0 0.000000e+00 5.276027e-01
-1.000000e+00 -1.000000e+00 1.000000e+03 0.000000e+00 -1.000000e+00 -1.000000e+00 0.000000e+00 2.444923e-01 -1.000000e+00 0.000000e+00 6.000000e+01 -1.000000e+00 0.000000e+00 -1.000000e+00 -1.000000e+00 3.422109e-02 -1.000000e+00 0.000000e+00 -9.990070e+05 3.000000e+00 -1.000000e+00 -1.000000e+00 4.600000e+02 9.604875e-02 0.000000e+00 0.000000e+00 -1.000000e+00 3.428802e-02 -1.000000e+00 -9.990070e+05 3.428802e-02 5.169485e-01 8.170581e-01 -1.000000e+00 -1.000000e+00 -1.000000e+00 -1.0 0.000000e+00 1.342149e-01
-1.000000e+00 -1.000000e+00 1.000000e+03 0.000000e+00 -1.000000e+00 -1.000000e+00 0.000000e+00 1.815614e-02 -1.000000e+00 0.000000e+00 6.000000e+01 -1.000000e+00 0.000000e+00 -1.000000e+00 -1.000000e+00 2.827074e-04 -1.000000e+00 0.000000e+00 -9.990070e+05 3.000000e+00 -1.000000e+00 -1.000000e+00 6.600000e+02 2.434933e-03 0.000000e+00 0.000000e+00 -1.000000e+00 1.376925e-03 -1.000000e+00 -9.990070e+05 1.376925e-03 1.028508e-01 3.668660e-01 -1.000000e+00 -1.000000e+00 -1.000000e+00 -1.0 0.000000e+00 5.218702e-03
-1.000000e+00 -1.000000e+00 1.000000e+03 0.000000e+00 -1.000000e+00 -1.000000e+00 0.000000e+00 4.661437e-02 -1.000000e+00 0.000000e+00 6.000000e+01 -1.000000e+00 0.000000e+00 -1.000000e+00 -1.000000e+00 1.453455e-03 -1.000000e+00 0.000000e+00 -9.990070e+05 3.000000e+00 -1.000000e+00 -1.000000e+00 7.000000e+01 8.798062e-03 0.000000e+00 0.000000e+00 -1.000000e+00 4.307656e-03 -1.000000e+00 -9.990070e+05 4.307656e-03 1.915256e-01 5.158089e-01 -1.000000e+00 -1.000000e+00 -1.000000e+00 -1.0 0.000000e+00 1.644091e-02
-1.000000e+00 -1.000000e+00 1.000000e+03 0.000000e+00 -1.000000e+00 -1.000000e+00 0.000000e+00 1.212188e-03 -1.000000e+00 0.000000e+00 6.000000e+01 -1.000000e+00 0.000000e+00 -1.000000e+00 -1.000000e+00 3.606505e-06 -1.000000e+00 0.000000e+00 -9.990070e+05 3.000000e+00 -1.000000e+00 -1.000000e+00 8.000000e+02 7.170898e-05 0.000000e+00 0.000000e+00 -1.000000e+00 5.838822e-05 -1.000000e+00 -9.990070e+05 5.838822e-05 1.506635e-02 1.107495e-01 -1.000000e+00 -1.000000e+00 -1.000000e+00 -1.0 0.000000e+00 2.173124e-04
-1.000000e+00 -1.000000e+00 1.000000e+03 0.000000e+00 -1.000000e+00 -1.000000e+00 0.000000e+00 2.180239e-04 -1.000000e+00 0.000000e+00 6.000000e+01 -1.000000e+00 0.000000e+00 -1.000000e+00 -1.000000e+00 2.677320e-07 -1.000000e+00 0.000000e+00 -9.990070e+05 3.000000e+00 -1.000000e+00 -1.000000e+00 8.600000e+02 8.313695e-06 0.000000e+00 0.000000e+00 -1.000000e+00 8.421750e-06 -1.000000e+00 -9.990070e+05 8.421750e-06 4.156050e-03 4.587680e-02 -1.000000e+00 -1.000000e+00 -1.000000e+00 -1.0 0.000000e+00 3.093023e-05
-1.000000e+00 -1.000000e+00 1.000000e+03 0.000000e+00 -1.000000e+00 -1.000000e+00 0.000000e+00 2.224756e-05 -1.000000e+00 0.000000e+00 6.000000e+01 -1.000000e+00 0.000000e+00 -1.000000e+00 -1.000000e+00 9.552487e-09 -1.000000e+00 0.000000e+00 -9.990070e+05 3.000000e+00 -1.000000e+00 -1.000000e+00 9.000000e+02 5.031810e-07 0.000000e+00 0.000000e+00 -1.000000e+00 6.527736e-07 -1.000000e+00 -9.990070e+05 6.527736e-07 7.077355e-04 1.280265e-02 -1.000000e+00 -1.000000e+00 -1.000000e+00 -1.0 0.000000e+00 2.374000e-06
-1.000000e+00 -1.000000e+00 1.000000e+03 0.000000e+00 -1.000000e+00 -1.000000e+00 0.000000e+00 7.349111e-07 -1.000000e+00 0.000000e+00 6.000000e+01 -1.000000e+00 0.000000e+00 -1.000000e+00 -1.000000e+00 7.920620e-11 -1.000000e+00 0.000000e+00 -9.990070e+05 3.000000e+00 -1.000000e+00 -1.000000e+00 9.500000e+02 8.352762e-09 0.000000e+00 0.000000e+00 -1.000000e+00 1.554736e-08 -1.000000e+00 -9.990070e+05 1.554736e-08 4.607627e-05 1.615870e-03 -1.000000e+00 -1.000000e+00 -1.000000e+00 -1.0 0.000000e+00 5.555391e-08
-1.000000e+00 -1.000000e+00 1.000000e+03 0.000000e+00 -1.000000e+00 -1.000000e+00 0.000000e+00 5.899492e-08 -1.000000e+00 0.000000e+00 6.000000e+01 -1.000000e+00 0.000000e+00 -1.000000e+00 -1.000000e+00 2.538904e-12 -1.000000e+00 0.000000e+00 -9.990070e+05 3.000000e+00 -1.000000e+00 -1.000000e+00 9.900000e+02 4.243592e-10 0.000000e+00 0.000000e+00 -1.000000e+00 1.005981e-09 -1.000000e+00 -9.990070e+05 1.005981e-09 5.816432e-06 3.182565e-04 -1.000000e+00 -1.000000e+00 -1.000000e+00 -1.0 0.000000e+00 3.559232e-09
-1.000000e+00 -1.000000e+00 1.025000e+03 0.000000e+00 -1.000000e+00 -1.000000e+00 0.000000e+00 9.281316e-01 -1.000000e+00 0.000000e+00 8.650000e+02 -1.000000e+00 0.000000e+00 -1.000000e+00 -1.000000e+00 8.043957e-01 -1.000000e+00 0.000000e+00 -9.990070e+05 3.000000e+00 -1.000000e+00 -1.000000e+00 9.450000e+02 8.686347e-01 0.000000e+00 0.000000e+00 -1.000000e+00 2.284532e-01 -1.000000e+00 -9.990070e+05 2.284532e-01 9.728915e-01 9.945469e-01 -1.000000e+00 -1.000000e+00 -1.000000e+00 -1.0 0.000000e+00 8.901875e-01
-1.000000e+00 -1.000000e+00 1.037000e+03 0.000000e+00 -1.000000e+00 -1.000000e+00 0.000000e+00 8.124564e-01 -1.000000e+00 0.000000e+00 1.015000e+03 -1.000000e+00 0.000000e+00 -1.000000e+00 -1.000000e+00 5.553696e-01 -1.000000e+00 0.000000e+00 -9.990070e+05 3.000000e+00 -1.000000e+00 -1.000000e+00 1.026000e+03 6.806936e-01 0.000000e+00 0.000000e+00 -1.000000e+00 1.821190e-01 -1.000000e+00 -9.990070e+05 1.821190e-01 9.237489e-01 9.834005e-01 -1.000000e+00 -1.000000e+00 -1.000000e+00 -1.0 0.000000e+00 7.243920e-01
-1.000000e+00 -1.000000e+00 1.065000e+03 0.000000e+00 -1.000000e+00 -1.000000e+00 0.000000e+00 9.055920e-01 -1.000000e+00 0.000000e+00 9.850000e+02 -1.000000e+00 0.000000e+00 -1.000000e+00 -1.000000e+00 7.499792e-01 -1.000000e+00 0.000000e+00 -9.990070e+05 3.000000e+00 -1.000000e+00 -1.000000e+00 1.025000e+03 8.298202e-01 0.000000e+00 0.000000e+00 -1.000000e+00 2.200132e-01 -1.000000e+00 -9.990070e+05 2.200132e-01 9.638727e-01 9.926235e-01 -1.000000e+00 -1.000000e+00 -1.000000e+00 -1.0 0.000000e+00 8.570781e-01
-1.000000e+00 -1.000000e+00 1.065000e+03 0.000000e+00 -1.000000e+00 -1.000000e+00 0.000000e+00 2.541413e-01 -1.000000e+00 0.000000e+00 2.500000e+01 -1.000000e+00 0.000000e+00 -1.000000e+00 -1.000000e+00 3.708707e-02 -1.000000e+00 0.000000e+00 -9.990070e+05 3.000000e+00 -1.000000e+00 -1.000000e+00 5.450000e+02 1.018770e-01 0.000000e+00 0.000000e+00 -1.000000e+00 3.612459e-02 -1.000000e+00 -9.990070e+05 3.612459e-02 5.279553e-01 8.237499e-01 -1.000000e+00 -1.000000e+00 -1.000000e+00 -1.0 0.000000e+00 1.413727e-01
-1.000000e+00 -1.000000e+00 1.065000e+03 0.000000e+00 -1.000000e+00 -1.000000e+00 0.000000e+00 6.026614e-01 -1.000000e+00 0.000000e+00 5.050000e+02 -1.000000e+00 0.000000e+00 -1.000000e+00 -1.000000e+00 2.574986e-01 -1.000000e+00 0.000000e+00 -9.990070e+05 3.000000e+00 -1.000000e+00 -1.000000e+00 7.850000e+02 4.045438e-01 0.000000e+00 0.000000e+00 -1.000000e+00 1.164790e-01 -1.000000e+00 -9.990070e+05 1.164790e-01 8.131995e-01 9.521478e-01 -1.000000e+00 -1.000000e+00 -1.000000e+00 -1.0 0.000000e+00 4.645609e-01
-1.000000e+00 -1.000000e+00 1.105000e+03 0.000000e+00 -1.000000e+00 -1.000000e+00 0.000000e+00 2.913593e-01 -1.000000e+00 0.000000e+00 1.450000e+02 -1.000000e+00 0.000000e+00 -1.000000e+00 -1.000000e+00 4.943977e-02 -1.000000e+00 0.000000e+00 -9.990070e+05 3.000000e+00 -1.000000e+00 -1.000000e+00 6.250000e+02 1.256343e-01 0.000000e+00 0.000000e+00 -1.000000e+00 4.349568e-02 -1.000000e+00 -9.990070e+05 4.349568e-02 5.681521e-01 8.469008e-01 -1.000000e+00 -1.000000e+00 -1.000000e+00 -1.0 0.000000e+00 1.700365e-01
-1.000000e+00 -1.000000e+00 1.105000e+03 0.000000e+00 -1.000000e+00 -1.000000e+00 0.000000e+00 7.915970e-01 -1.000000e+00 0.000000e+00 6.250000e+02 -1.000000e+00 0.000000e+00 -1.000000e+00 -1.000000e+00 5.177885e-01 -1.000000e+00 0.000000e+00 -9.990070e+05 3.000000e+00 -1.000000e+00 -1.000000e+00 8.650000e+02 6.496628e-01 0.000000e+00 0.000000e+00 -1.000000e+00 1.752314e-01 -1.000000e+00 -9.990070e+05 1.752314e-01 9.140871e-01 9.810153e-01 -1.000000e+00 -1.000000e+00 -1.000000e+00 -1.0 0.000000e+00 6.964605e-01
-1.000000e+00 -1.000000e+00 1.145000e+03 0.000000e+00 -1.000000e+00 -1.000000e+00 0.000000e+00 3.770704e-01 -1.000000e+00 0.000000e+00 2.650000e+02 -1.000000e+00 0.000000e+00 -1.000000e+00 -1.000000e+00 8.648819e-02 -1.000000e+00 0.000000e+00 -9.990070e+05 3.000000e+00 -1.000000e+00 -1.000000e+00 7.050000e+02 1.880138e-01 0.000000e+00 0.000000e+00 -1.000000e+00 6.103483e-02 -1.000000e+00 -9.990070e+05 6.103483e-02 6.494939e-01 8.881425e-01 -1.000000e+00 -1.000000e+00 -1.000000e+00 -1.0 0.000000e+00 2.405623e-01
-1.000000e+00 -1.000000e+00 1.145000e+03 0.000000e+00 -1.000000e+00 -1.000000e+00 0.000000e+00 9.141254e-01 -1.000000e+00 0.000000e+00 7.450000e+02 -1.000000e+00 0.000000e+00 -1.000000e+00 -1.000000e+00 7.702183e-01 -1.000000e+00 0.000000e+00 -9.990070e+05 3.000000e+00 -1.000000e+00 -1.000000e+00 9.450000e+02 8.443857e-01 0.000000e+00 0.000000e+00 -1.000000e+00 2.208360e-01 -1.000000e+00 -9.990070e+05 2.208360e-01 9.673173e-01 9.933646e-01 -1.000000e+00 -1.000000e+00 -1.000000e+00 -1.0 0.000000e+00 8.689740e-01
-1.000000e+00 -1.000000e+00 1.185000e+03 0.000000e+00 -1.000000e+00 -1.000000e+00 0.000000e+00 9.571072e-01 -1.000000e+00 0.000000e+00 8.650000e+02 -1.000000e+00 0.000000e+00 -1.000000e+00 -1.000000e+00 8.790409e-01 -1.000000e+00 0.000000e+00 -9.990070e+05 3.000000e+00 -1.000000e+00 -1.000000e+00 1.025000e+03 9.201768e-01 0.000000e+00 0.000000e+00 -1.000000e+00 2.430093e-01 -1.000000e+00 -9.990070e+05 2.430093e-01 9.841159e-01 9.968644e-01 -1.000000e+00 -1.000000e+00 -1.000000e+00 -1.0 0.000000e+00 9.340984e-01
-1.000000e+00 -1.000000e+00 1.185000e+03 0.000000e+00 -1.000000e+00 -1.000000e+00 0.000000e+00 5.169302e-01 -1.000000e+00 0.000000e+00 3.850000e+02 -1.000000e+00 0.000000e+00 -1.000000e+00 -1.000000e+00 1.779094e-01 -1.000000e+00 0.000000e+00 -9.990070e+05 3.000000e+00 -1.000000e+00 -1.000000e+00 7.850000e+02 3.130539e-01 0.000000e+00 0.000000e+00 -1.000000e+00 9.358000e-02 -1.000000e+00 -9.990070e+05 9.358000e-02 7.577739e-01 9.330252e-01 -1.000000e+00 -1.000000e+00 -1.000000e+00 -1.0 0.000000e+00 3.726378e-01
-1.000000e+00 -1.000000e+00 1.200000e+03 0.000000e+00 -1.000000e+00 -1.000000e+00 0.000000e+00 2.079223e-01 -1.000000e+00 0.000000e+00 6.000000e+01 -1.000000e+00 0.000000e+00 -1.000000e+00 -1.000000e+00 2.454664e-02 -1.000000e+00 0.000000e+00 -9.990070e+05 3.000000e+00 -1.000000e+00 -1.000000e+00 1.000000e+03 7.520958e-02 0.000000e+00 0.000000e+00 -1.000000e+00 2.797043e-02 -1.000000e+00 -9.990070e+05 2.797043e-02 4.726983e-01 7.885011e-01 -1.000000e+00 -1.000000e+00 -1.000000e+00 -1.0 0.000000e+00 1.087764e-01
-1.000000e+00 -1.000000e+00 1.200000e+03 0.000000e+00 -1.000000e+00 -1.000000e+00 0.000000e+00 1.923039e-01 -1.000000e+00 0.000000e+00 6.000000e+01 -1.000000e+00 0.000000e+00 -1.000000e+00 -1.000000e+00 2.096382e-02 -1.000000e+00 0.000000e+00 -9.990070e+05 3.000000e+00 -1.000000e+00 -1.000000e+00 1.060000e+03 6.691936e-02 0.000000e+00 0.000000e+00 -1.000000e+00 2.535173e-02 -1.000000e+00 -9.990070e+05 2.535173e-02 4.524215e-01 7.744694e-01 -1.000000e+00 -1.000000e+00 -1.000000e+00 -1.0 0.000000e+00 9.834422e-02
-1.000000e+00 -1.000000e+00 1.200000e+03 0.000000e+00 -1.000000e+00 -1.000000e+00 0.000000e+00 1.551559e-01 -1.000000e+00 0.000000e+00 6.000000e+01 -1.000000e+00 0.000000e+00 -1.000000e+00 -1.000000e+00 1.368441e-02 -1.000000e+00 0.000000e+00 -9.990070e+05 3.000000e+00 -1.000000e+00 -1.000000e+00 1.100000e+03 4.870409e-02 0.000000e+00 0.000000e+00 -1.000000e+00 1.928483e-02 -1.000000e+00 -9.990070e+05 1.928483e-02 4.001634e-01 7.352455e-01 -1.000000e+00 -1.000000e+00 -1.000000e+00 -1.0 0.000000e+00 7.452994e-02
-1.000000e+00 -1.000000e+00 1.200000e+03 0.000000e+00 -1.000000e+00 -1.000000e+00 0.000000e+00 8.799648e-01 -1.000000e+00 0.000000e+00 6.000000e+01 -1.000000e+00 0.000000e+00 -1.000000e+00 -1.000000e+00 6.917565e-01 -1.000000e+00 0.000000e+00 -9.990070e+05 3.000000e+00 -1.000000e+00 -1.000000e+00 1.100000e+02 7.870100e-01 0.000000e+00 0.000000e+00 -1.000000e+00 2.075209e-01 -1.000000e+00 -9.990070e+05 2.075209e-01 9.533018e-01 9.902995e-01 -1.000000e+00 -1.000000e+00 -1.000000e+00 -1.0 0.000000e+00 8.191640e-01
-1.000000e+00 -1.000000e+00 1.200000e+03 0.000000e+00 -1.000000e+00 -1.000000e+00 0.000000e+00 9.677136e-02 -1.000000e+00 0.000000e+00 6.000000e+01 -1.000000e+00 0.000000e+00 -1.000000e+00 -1.000000e+00 5.527784e-03 -1.000000e+00 0.000000e+00 -9.990070e+05 3.000000e+00 -1.000000e+00 -1.000000e+00 1.150000e+03 2.457394e-02 0.000000e+00 0.000000e+00 -1.000000e+00 1.061390e-02 -1.000000e+00 -9.990070e+05 1.061390e-02 3.023714e-01 6.475352e-01 -1.000000e+00 -1.000000e+00 -1.000000e+00 -1.0 0.000000e+00 4.081512e-02
-1.000000e+00 -1.000000e+00 1.200000e+03 0.000000e+00 -1.000000e+00 -1.000000e+00 0.000000e+00 8.379190e-02 -1.000000e+00 0.000000e+00 6.000000e+01 -1.000000e+00 0.000000e+00 -1.000000e+00 -1.000000e+00 4.223445e-03 -1.000000e+00 0.000000e+00 -9.990070e+05 3.000000e+00 -1.000000e+00 -1.000000e+00 1.190000e+03 2.001453e-02 0.000000e+00 0.000000e+00 -1.000000e+00 8.920733e-03 -1.000000e+00 -9.990070e+05 8.920733e-03 2.769037e-01 6.208929e-01 -1.000000e+00 -1.000000e+00 -1.000000e+00 -1.0 0.000000e+00 3.415907e-02
-1.000000e+00 -1.000000e+00 1.200000e+03 0.000000e+00 -1.000000e+00 -1.000000e+00 0.000000e+00 9.649115e-01 -1.000000e+00 0.000000e+00 6.000000e+01 -1.000000e+00 0.000000e+00 -1.000000e+00 -1.000000e+00 9.000921e-01 -1.000000e+00 0.000000e+00 -9.990070e+05 3.000000e+00 -1.000000e+00 -1.000000e+00 1.600000e+02 9.343829e-01 0.000000e+00 0.000000e+00 -1.000000e+00 2.518340e-01 -1.000000e+00 -9.990070e+05 2.518340e-01 9.870700e-01 9.974603e-01 -1.000000e+00 -1.000000e+00 -1.000000e+00 -1.0 0.000000e+00 9.464905e-01
-1.000000e+00 -1.000000e+00 1.200000e+03 0.000000e+00 -1.000000e+00 -1.000000e+00 0.000000e+00 8.638721e-01 -1.000000e+00 0.000000e+00 6.000000e+01 -1.000000e+00 0.000000e+00 -1.000000e+00 -1.000000e+00 6.570815e-01 -1.000000e+00 0.000000e+00 -9.990070e+05 3.000000e+00 -1.000000e+00 -1.000000e+00 2.600000e+02 7.608291e-01 0.000000e+00 0.000000e+00 -1.000000e+00 2.006421e-01 -1.000000e+00 -9.990070e+05 2.006421e-01 9.464863e-01 9.887611e-01 -1.000000e+00 -1.000000e+00 -1.000000e+00 -1.0 0.000000e+00 7.958696e-01
-1.000000e+00 -1.000000e+00 1.200000e+03 0.000000e+00 -1.000000e+00 -1.000000e+00 0.000000e+00 6.933002e-01 -1.000000e+00 0.000000e+00 6.000000e+01 -1.000000e+00 0.000000e+00 -1.000000e+00 -1.000000e+00 3.658984e-01 -1.000000e+00 0.000000e+00 -9.990070e+05 3.000000e+00 -1.000000e+00 -1.000000e+00 4.600000e+02 5.143314e-01 0.000000e+00 0.000000e+00 -1.000000e+00 1.428678e-01 -1.000000e+00 -9.990070e+05 1.428678e-01 8.648254e-01 9.678397e-01 -1.000000e+00 -1.000000e+00 -1.000000e+00 -1.0 0.000000e+00 5.704941e-01
-1.000000e+00 -1.000000e+00 1.200000e+03 0.000000e+00 -1.000000e+00 -1.000000e+00 0.000000e+00 4.888501e-01 -1.000000e+00 0.000000e+00 6.000000e+01 -1.000000e+00 0.000000e+00 -1.000000e+00 -1.000000e+00 1.560329e-01 -1.000000e+00 0.000000e+00 -9.990070e+05 3.000000e+00 -1.000000e+00 -1.000000e+00 6.600000e+02 2.855862e-01 0.000000e+00 0.000000e+00 -1.000000e+00 8.706718e-02 -1.000000e+00 -9.990070e+05 8.706718e-02 7.379924e-01 9.255973e-01 -1.000000e+00 -1.000000e+00 -1.000000e+00 -1.0 0.000000e+00 3.449324e-01
-1.000000e+00 -1.000000e+00 1.200000e+03 0.000000e+00 -1.000000e+00 -1.000000e+00 0.000000e+00 4.668404e-01 -1.000000e+00 0.000000e+00 6.000000e+01 -1.000000e+00 0.000000e+00 -1.000000e+00 -1.000000e+00 1.401997e-01 -1.000000e+00 0.000000e+00 -9.990070e+05 3.000000e+00 -1.000000e+00 -1.000000e+00 7.000000e+01 2.648972e-01 0.000000e+00 0.000000e+00 -1.000000e+00 8.145031e-02 -1.000000e+00 -9.990070e+05 8.145031e-02 7.218580e-01 9.192933e-01 -1.000000e+00 -1.000000e+00 -1.000000e+00 -1.0 0.000000e+00 3.230287e-01
-1.000000e+00 -1.000000e+00 1.200000e+03 0.000000e+00 -1.000000e+00 -1.000000e+00 0.000000e+00 2.962201e-01 -1.000000e+00 0.000000e+00 6.000000e+01 -1.000000e+00 0.000000e+00 -1.000000e+00 -1.000000e+00 5.121079e-02 -1.000000e+00 0.000000e+00 -9.990070e+05 3.000000e+00 -1.000000e+00 -1.000000e+00 8.600000e+02 1.288861e-01 0.000000e+00 0.000000e+00 -1.000000e+00 4.434945e-02 -1.000000e+00 -9.990070e+05 4.434945e-02 5.731582e-01 8.496486e-01 -1.000000e+00 -1.000000e+00 -1.000000e+00 -1.0 0.000000e+00 1.736766e-01
-1.000000e+00 -1.000000e+00 1.225000e+03 0.000000e+00 -1.000000e+00 -1.000000e+00 0.000000e+00 9.780047e-01 -1.000000e+00 0.000000e+00 9.850000e+02 -1.000000e+00 0.000000e+00 -1.000000e+00 -1.000000e+00 9.363484e-01 -1.000000e+00 0.000000e+00 -9.990070e+05 3.000000e+00 -1.000000e+00 -1.000000e+00 1.105000e+03 9.585308e-01 0.000000e+00 0.000000e+00 -1.000000e+00 2.508787e-01 -1.000000e+00 -9.990070e+05 2.508787e-01 9.919614e-01 9.984342e-01 -1.000000e+00 -1.000000e+00 -1.000000e+00 -1.0 0.000000e+00 9.658954e-01
-1.000000e+00 -1.000000e+00 1.225000e+03 0.000000e+00 -1.000000e+00 -1.000000e+00 0.000000e+00 5.886293e-01 -1.000000e+00 0.000000e+00 2.500000e+01 -1.000000e+00 0.000000e+00 -1.000000e+00 -1.000000e+00 2.430574e-01 -1.000000e+00 0.000000e+00 -9.990070e+05 3.000000e+00 -1.000000e+00 -1.000000e+00 6.250000e+02 3.887667e-01 0.000000e+00 0.000000e+00 -1.000000e+00 1.129660e-01 -1.000000e+00 -9.990070e+05 1.129660e-01 8.046004e-01 9.493393e-01 -1.000000e+00 -1.000000e+00 -1.000000e+00 -1.0 0.000000e+00 4.493423e-01
-1.000000e+00 -1.000000e+00 1.225000e+03 0.000000e+00 -1.000000e+00 -1.000000e+00 0.000000e+00 6.501027e-01 -1.000000e+00 0.000000e+00 5.050000e+02 -1.000000e+00 0.000000e+00 -1.000000e+00 -1.000000e+00 3.108257e-01 -1.000000e+00 0.000000e+00 -9.990070e+05 3.000000e+00 -1.000000e+00 -1.000000e+00 8.650000e+02 4.602804e-01 0.000000e+00 0.000000e+00 -1.000000e+00 1.301003e-01 -1.000000e+00 -9.990070e+05 1.301003e-01 8.410319e-01 9.608532e-01 -1.000000e+00 -1.000000e+00 -1.000000e+00 -1.0 0.000000e+00 5.189541e-01
-1.000000e+00 -1.000000e+00 1.265000e+03 0.000000e+00 -1.000000e+00 -1.000000e+00 0.000000e+00 6.162419e-01 -1.000000e+00 0.000000e+00 1.450000e+02 -1.000000e+00 0.000000e+00 -1.000000e+00 -1.000000e+00 2.720401e-01 -1.000000e+00 0.000000e+00 -9.990070e+05 3.000000e+00 -1.000000e+00 -1.000000e+00 7.050000e+02 4.201187e-01 0.000000e+00 0.000000e+00 -1.000000e+00 1.199643e-01 -1.000000e+00 -9.990070e+05 1.199643e-01 8.213584e-01 9.547603e-01 -1.000000e+00 -1.000000e+00 -1.000000e+00 -1.0 0.000000e+00 4.795474e-01
-1.000000e+00 -1.000000e+00 1.265000e+03 0.000000e+00 -1.000000e+00 -1.000000e+00 0.000000e+00 7.775553e-01 -1.000000e+00 0.000000e+00 6.250000e+02 -1.000000e+00 0.000000e+00 -1.000000e+00 -1.000000e+00 4.936117e-01 -1.000000e+00 0.000000e+00 -9.990070e+05 3.000000e+00 -1.000000e+00 -1.000000e+00 9.450000e+02 6.292419e-01 0.000000e+00 0.000000e+00 -1.000000e+00 1.696946e-01 -1.000000e+00 -9.990070e+05 1.696946e-01 9.074345e-01 9.793355e-01 -1.000000e+00 -1.000000e+00 -1.000000e+00 -1.0 0.000000e+00 6.773799e-01
-1.000000e+00 -1.000000e+00 1.305000e+03 0.000000e+00 -1.000000e+00 -1.000000e+00 0.000000e+00 8.836435e-01 -1.000000e+00 0.000000e+00 7.450000e+02 -1.000000e+00 0.000000e+00 -1.000000e+00 -1.000000e+00 6.998838e-01 -1.000000e+00 0.000000e+00 -9.990070e+05 3.000000e+00 -1.000000e+00 -1.000000e+00 1.025000e+03 7.930702e-01 0.000000e+00 0.000000e+00 -1.000000e+00 2.090287e-01 -1.000000e+00 -9.990070e+05 2.090287e-01 9.548404e-01 9.906425e-01 -1.000000e+00 -1.000000e+00 -1.000000e+00 -1.0 0.000000e+00 8.244956e-01
-1.000000e+00 -1.000000e+00 1.305000e+03 0.000000e+00 -1.000000e+00 -1.000000e+00 0.000000e+00 6.653726e-01 -1.000000e+00 0.000000e+00 2.650000e+02 -1.000000e+00 0.000000e+00 -1.000000e+00 -1.000000e+00 3.295515e-01 -1.000000e+00 0.000000e+00 -9.990070e+05 3.000000e+00 -1.000000e+00 -1.000000e+00 7.850000e+02 4.790218e-01 0.000000e+00 0.000000e+00 -1.000000e+00 1.341868e-01 -1.000000e+00 -9.990070e+05 1.341868e-01 8.496044e-01 9.634181e-01 -1.000000e+00 -1.000000e+00 -1.000000e+00 -1.0 0.000000e+00 5.366234e-01
-1.000000e+00 -1.000000e+00 1.345000e+03 0.000000e+00 -1.000000e+00 -1.000000e+00 0.000000e+00 9.459909e-01 -1.000000e+00 0.000000e+00 8.650000e+02 -1.000000e+00 0.000000e+00 -1.000000e+00 -1.000000e+00 8.497593e-01 -1.000000e+00 0.000000e+00 -9.990070e+05 3.000000e+00 -1.000000e+00 -1.000000e+00 1.105000e+03 9.001808e-01 0.000000e+00 0.000000e+00 -1.000000e+00 2.348901e-01 -1.000000e+00 -9.990070e+05 2.348901e-01 9.798580e-01 9.959952e-01 -1.000000e+00 -1.000000e+00 -1.000000e+00 -1.0 0.000000e+00 9.168109e-01
-1.000000e+00 -1.000000e+00 1.345000e+03 0.000000e+00 -1.000000e+00 -1.000000e+00 0.000000e+00 7.364914e-01 -1.000000e+00 0.000000e+00 3.850000e+02 -1.000000e+00 0.000000e+00 -1.000000e+00 -1.000000e+00 4.278004e-01 -1.000000e+00 0.000000e+00 -9.990070e+05 3.000000e+00 -1.000000e+00 -1.000000e+00 8.650000e+02 5.716320e-01 0.000000e+00 0.000000e+00 -1.000000e+00 1.569518e-01 -1.000000e+00 -9.990070e+05 1.569518e-01 8.872627e-01 9.740533e-01 -1.000000e+00 -1.000000e+00 -1.000000e+00 -1.0 0.000000e+00 6.246840e-01
-1.000000e+00 -1.000000e+00 1.385000e+03 0.000000e+00 -1.000000e+00 -1.000000e+00 0.000000e+00 9.740405e-01 -1.000000e+00 0.000000e+00 9.850000e+02 -1.000000e+00 0.000000e+00 -1.000000e+00 -1.000000e+00 9.252453e-01 -1.000000e+00 0.000000e+00 -9.990070e+05 3.000000e+00 -1.000000e+00 -1.000000e+00 1.185000e+03 9.511778e-01 0.000000e+00 0.000000e+00 -1.000000e+00 2.501521e-01 -1.000000e+00 -9.990070e+05 2.501521e-01 9.904889e-01 9.981427e-01 -1.000000e+00 -1.000000e+00 -1.000000e+00 -1.0 0.000000e+00 9.598764e-01
-1.000000e+00 -1.000000e+00 1.385000e+03 0.000000e+00 -1.000000e+00 -1.000000e+00 0.000000e+00 8.033416e-01 -1.000000e+00 0.000000e+00 2.500000e+01 -1.000000e+00 0.000000e+00 -1.000000e+00 -1.000000e+00 5.386984e-01 -1.000000e+00 0.000000e+00 -9.990070e+05 3.000000e+00 -1.000000e+00 -1.000000e+00 7.050000e+02 6.670312e-01 0.000000e+00 0.000000e+00 -1.000000e+00 1.790423e-01 -1.000000e+00 -9.990070e+05 1.790423e-01 9.195591e-01 9.823741e-01 -1.000000e+00 -1.000000e+00 -1.000000e+00 -1.0 0.000000e+00 7.120957e-01
-1.000000e+00 -1.000000e+00 1.385000e+03 0.000000e+00 -1.000000e+00 -1.000000e+00 0.000000e+00 7.958424e-01 -1.000000e+00 0.000000e+00 5.050000e+02 -1.000000e+00 0.000000e+00 -1.000000e+00 -1.000000e+00 5.252737e-01 -1.000000e+00 0.000000e+00 -9.990070e+05 3.000000e+00 -1.000000e+00 -1.000000e+00 9.450000e+02 6.559106e-01 0.000000e+00 0.000000e+00 -1.000000e+00 1.755196e-01 -1.000000e+00 -9.990070e+05 1.755196e-01 9.160747e-01 9.815112e-01 -1.000000e+00 -1.000000e+00 -1.000000e+00 -1.0 0.000000e+00 7.015024e-01
-1.000000e+00 -1.000000e+00 1.400000e+03 0.000000e+00 -1.000000e+00 -1.000000e+00 0.000000e+00 6.828280e-01 -1.000000e+00 0.000000e+00 6.000000e+01 -1.000000e+00 0.000000e+00 -1.000000e+00 -1.000000e+00 3.519435e-01 -1.000000e+00 0.000000e+00 -9.990070e+05 3.000000e+00 -1.000000e+00 -1.000000e+00 1.060000e+03 5.009332e-01 0.000000e+00 0.000000e+00 -1.000000e+00 1.395517e-01 -1.000000e+00 -9.990070e+05 1.395517e-01 8.591857e-01 9.662211e-01 -1.000000e+00 -1.000000e+00 -1.000000e+00 -1.0 0.000000e+00 5.576670e-01
-1.000000e+00 -1.000000e+00 1.400000e+03 0.000000e+00 -1.000000e+00 -1.000000e+00 0.000000e+00 9.502342e-01 -1.000000e+00 0.000000e+00 6.000000e+01 -1.000000e+00 0.000000e+00 -1.000000e+00 -1.000000e+00 8.608402e-01 -1.000000e+00 0.000000e+00 -9.990070e+05 3.000000e+00 -1.000000e+00 -1.000000e+00 1.100000e+02 9.077807e-01 0.000000e+00 0.000000e+00 -1.000000e+00 2.439251e-01 -1.000000e+00 -9.990070e+05 2.439251e-01 9.814903e-01 9.963298e-01 -1.000000e+00 -1.000000e+00 -1.000000e+00 -1.0 0.000000e+00 9.242533e-01
-1.000000e+00 -1.000000e+00 1.400000e+03 0.000000e+00 -1.000000e+00 -1.000000e+00 0.000000e+00 6.663270e-01 -1.000000e+00 0.000000e+00 6.000000e+01 -1.000000e+00 0.000000e+00 -1.000000e+00 -1.000000e+00 3.307483e-01 -1.000000e+00 0.000000e+00 -9.990070e+05 3.000000e+00 -1.000000e+00 -1.000000e+00 1.200000e+03 4.802062e-01 0.000000e+00 0.000000e+00 -1.000000e+00 1.345041e-01 -1.000000e+00 -9.990070e+05 1.345041e-01 8.501342e-01 9.635748e-01 -1.000000e+00 -1.000000e+00 -1.000000e+00 -1.0 0.000000e+00 5.377875e-01
-1.000000e+00 -1.000000e+00 1.400000e+03 0.000000e+00 -1.000000e+00 -1.000000e+00 0.000000e+00 6.617942e-01 -1.000000e+00 0.000000e+00 6.000000e+01 -1.000000e+00 0.000000e+00 -1.000000e+00 -1.000000e+00 3.250921e-01 -1.000000e+00 0.000000e+00 -9.990070e+05 3.000000e+00 -1.000000e+00 -1.000000e+00 1.260000e+03 4.745943e-01 0.000000e+00 0.000000e+00 -1.000000e+00 1.331956e-01 -1.000000e+00 -9.990070e+05 1.331956e-01 8.476117e-01 9.628267e-01 -1.000000e+00 -1.000000e+00 -1.000000e+00 -1.0 0.000000e+00 5.324335e-01
-1.000000e+00 -1.000000e+00 1.400000e+03 0.000000e+00 -1.000000e+00 -1.000000e+00 0.000000e+00 6.466906e-01 -1.000000e+00 0.000000e+00 6.000000e+01 -1.000000e+00 0.000000e+00 -1.000000e+00 -1.000000e+00 3.067486e-01 -1.000000e+00 0.000000e+00 -9.990070e+05 3.000000e+00 -1.000000e+00 -1.000000e+00 1.300000e+03 4.561466e-01 0.000000e+00 0.000000e+00 -1.000000e+00 1.287952e-01 -1.000000e+00 -9.990070e+05 1.287952e-01 8.390915e-01 9.602651e-01 -1.000000e+00 -1.000000e+00 -1.000000e+00 -1.0 0.000000e+00 5.146903e-01
-1.000000e+00 -1.000000e+00 1.400000e+03 0.000000e+00 -1.000000e+00 -1.000000e+00 0.000000e+00 6.013570e-01 -1.000000e+00 0.000000e+00 6.000000e+01 -1.000000e+00 0.000000e+00 -1.000000e+00 -1.000000e+00 2.561315e-01 -1.000000e+00 0.000000e+00 -9.990070e+05 3.000000e+00 -1.000000e+00 -1.000000e+00 1.350000e+03 4.030637e-01 0.000000e+00 0.000000e+00 -1.000000e+00 1.158142e-01 -1.000000e+00 -9.990070e+05 1.158142e-01 8.124074e-01 9.518915e-01 -1.000000e+00 -1.000000e+00 -1.000000e+00 -1.0 0.000000e+00 4.628066e-01
-1.000000e+00 -1.000000e+00 1.400000e+03 0.000000e+00 -1.000000e+00 -1.000000e+00 0.000000e+00 5.863241e-01 -1.000000e+00 0.000000e+00 6.000000e+01 -1.000000e+00 0.000000e+00 -1.000000e+00 -1.000000e+00 2.407406e-01 -1.000000e+00 0.000000e+00 -9.990070e+05 3.000000e+00 -1.000000e+00 -1.000000e+00 1.390000e+03 3.862054e-01 0.000000e+00 0.000000e+00 -1.000000e+00 1.117747e-01 -1.000000e+00 -9.990070e+05 1.117747e-01 8.031710e-01 9.488670e-01 -1.000000e+00 -1.000000e+00 -1.000000e+00 -1.0 0.000000e+00 4.462384e-01
-1.000000e+00 -1.000000e+00 1.400000e+03 0.000000e+00 -1.000000e+00 -1.000000e+00 0.000000e+00 9.845484e-01 -1.000000e+00 0.000000e+00 6.000000e+01 -1.000000e+00 0.000000e+00 -1.000000e+00 -1.000000e+00 9.549197e-01 -1.000000e+00 0.000000e+00 -9.990070e+05 3.000000e+00 -1.000000e+00 -1.000000e+00 1.600000e+02 9.707488e-01 0.000000e+00 0.000000e+00 -1.000000e+00 2.720491e-01 -1.000000e+00 -9.990070e+05 2.720491e-01 9.943761e-01 9.989091e-01 -1.000000e+00 -1.000000e+00 -1.000000e+00 -1.0 0.000000e+00 9.767865e-01
-1.000000e+00 -1.000000e+00 1.400000e+03 0.000000e+00 -1.000000e+00 -1.000000e+00 0.000000e+00 9.452300e-01 -1.000000e+00 0.000000e+00 6.000000e+01 -1.000000e+00 0.000000e+00 -1.000000e+00 -1.000000e+00 8.477849e-01 -1.000000e+00 0.000000e+00 -9.990070e+05 3.000000e+00 -1.000000e+00 -1.000000e+00 2.600000e+02 8.988223e-01 0.000000e+00 0.000000e+00 -1.000000e+00 2.494000e-01 -1.000000e+00 -9.990070e+05 2.494000e-01 9.795643e-01 9.959348e-01 -1.000000e+00 -1.000000e+00 -1.000000e+00 -1.0 0.000000e+00 9.179258e-01
-1.000000e+00 -1.000000e+00 1.400000e+03 0.000000e+00 -1.000000e+00 -1.000000e+00 0.000000e+00 8.917393e-01 -1.000000e+00 0.000000e+00 6.000000e+01 -1.000000e+00 0.000000e+00 -1.000000e+00 -1.000000e+00 7.180391e-01 -1.000000e+00 0.000000e+00 -9.990070e+05 3.000000e+00 -1.000000e+00 -1.000000e+00 4.600000e+02 8.065071e-01 0.000000e+00 0.000000e+00 -1.000000e+00 2.107526e-01 -1.000000e+00 -9.990070e+05 2.107526e-01 9.582012e-01 9.913860e-01 -1.000000e+00 -1.000000e+00 -1.000000e+00 -1.0 0.000000e+00 8.357902e-01
-1.000000e+00 -1.000000e+00 1.400000e+03 0.000000e+00 -1.000000e+00 -1.000000e+00 0.000000e+00 8.328723e-01 -1.000000e+00 0.000000e+00 6.000000e+01 -1.000000e+00 0.000000e+00 -1.000000e+00 -1.000000e+00 5.941616e-01 -1.000000e+00 0.000000e+00 -9.990070e+05 3.000000e+00 -1.000000e+00 -1.000000e+00 6.600000e+02 7.118833e-01 0.000000e+00 0.000000e+00 -1.000000e+00 1.874369e-01 -1.000000e+00 -9.990070e+05 1.874369e-01 9.329569e-01 9.856139e-01 -1.000000e+00 -1.000000e+00 -1.000000e+00 -1.0 0.000000e+00 7.515349e-01
-1.000000e+00 -1.000000e+00 1.400000e+03 0.000000e+00 -1.000000e+00 -1.000000e+00 0.000000e+00 7.984921e-01 -1.000000e+00 0.000000e+00 6.000000e+01 -1.000000e+00 0.000000e+00 -1.000000e+00 -1.000000e+00 5.299872e-01 -1.000000e+00 0.000000e+00 -9.990070e+05 3.000000e+00 -1.000000e+00 -1.000000e+00 7.000000e+01 6.598275e-01 0.000000e+00 0.000000e+00 -1.000000e+00 1.757731e-01 -1.000000e+00 -9.990070e+05 1.757731e-01 9.173097e-01 9.818180e-01 -1.000000e+00 -1.000000e+00 -1.000000e+00 -1.0 0.000000e+00 7.047087e-01
-1.000000e+00 -1.000000e+00 1.400000e+03 0.000000e+00 -1.000000e+00 -1.000000e+00 0.000000e+00 7.523345e-01 -1.000000e+00 0.000000e+00 6.000000e+01 -1.000000e+00 0.000000e+00 -1.000000e+00 -1.000000e+00 4.523526e-01 -1.000000e+00 0.000000e+00 -9.990070e+05 3.000000e+00 -1.000000e+00 -1.000000e+00 8.600000e+02 5.934909e-01 0.000000e+00 0.000000e+00 -1.000000e+00 1.619578e-01 -1.000000e+00 -9.990070e+05 1.619578e-01 8.951747e-01 9.761592e-01 -1.000000e+00 -1.000000e+00 -1.000000e+00 -1.0 0.000000e+00 6.448693e-01
-1.000000e+00 -1.000000e+00 1.425000e+03 0.000000e+00 -1.000000e+00 -1.000000e+00 0.000000e+00 8.532601e-01 -1.000000e+00 0.000000e+00 6.250000e+02 -1.000000e+00 0.000000e+00 -1.000000e+00 -1.000000e+00 6.349798e-01 -1.000000e+00 0.000000e+00 -9.990070e+05 3.000000e+00 -1.000000e+00 -1.000000e+00 1.025000e+03 7.438553e-01 0.000000e+00 0.000000e+00 -1.000000e+00 1.963847e-01 -1.000000e+00 -9.990070e+05 1.963847e-01 9.419149e-01 9.877117e-01 -1.000000e+00 -1.000000e+00 -1.000000e+00 -1.0 0.000000e+00 7.807235e-01
-1.000000e+00 -1.000000e+00 1.425000e+03 0.000000e+00 -1.000000e+00 -1.000000e+00 0.000000e+00 8.159206e-01 -1.000000e+00 0.000000e+00 1.450000e+02 -1.000000e+00 0.000000e+00 -1.000000e+00 -1.000000e+00 5.618093e-01 -1.000000e+00 0.000000e+00 -9.990070e+05 3.000000e+00 -1.000000e+00 -1.000000e+00 7.850000e+02 6.859284e-01 0.000000e+00 0.000000e+00 -1.000000e+00 1.842771e-01 -1.000000e+00 -9.990070e+05 1.842771e-01 9.253284e-01 9.837843e-01 -1.000000e+00 -1.000000e+00 -1.000000e+00 -1.0 0.000000e+00 7.295764e-01
-1.000000e+00 -1.000000e+00 1.465000e+03 0.000000e+00 -1.000000e+00 -1.000000e+00 0.000000e+00 8.969219e-01 -1.000000e+00 0.000000e+00 7.450000e+02 -1.000000e+00 0.000000e+00 -1.000000e+00 -1.000000e+00 7.298578e-01 -1.000000e+00 0.000000e+00 -9.990070e+05 3.000000e+00 -1.000000e+00 -1.000000e+00 1.105000e+03 8.151812e-01 0.000000e+00 0.000000e+00 -1.000000e+00 2.164491e-01 -1.000000e+00 -9.990070e+05 2.164491e-01 9.603347e-01 9.918541e-01 -1.000000e+00 -1.000000e+00 -1.000000e+00 -1.0 0.000000e+00 8.444049e-01
-1.000000e+00 -1.000000e+00 1.465000e+03 0.000000e+00 -1.000000e+00 -1.000000e+00 0.000000e+00 8.436931e-01 -1.000000e+00 0.000000e+00 2.650000e+02 -1.000000e+00 0.000000e+00 -1.000000e+00 -1.000000e+00 6.155609e-01 -1.000000e+00 0.000000e+00 -9.990070e+05 3.000000e+00 -1.000000e+00 -1.000000e+00 8.650000e+02 7.287487e-01 0.000000e+00 0.000000e+00 -1.000000e+00 1.939802e-01 -1.000000e+00 -9.990070e+05 1.939802e-01 9.377404e-01 9.867409e-01 -1.000000e+00 -1.000000e+00 -1.000000e+00 -1.0 0.000000e+00 7.677595e-01
-1.000000e+00 -1.000000e+00 1.505000e+03 0.000000e+00 -1.000000e+00 -1.000000e+00 0.000000e+00 9.376245e-01 -1.000000e+00 0.000000e+00 8.650000e+02 -1.000000e+00 0.000000e+00 -1.000000e+00 -1.000000e+00 8.282545e-01 -1.000000e+00 0.000000e+00 -9.990070e+05 3.000000e+00 -1.000000e+00 -1.000000e+00 1.185000e+03 8.853144e-01 0.000000e+00 0.000000e+00 -1.000000e+00 2.309516e-01 -1.000000e+00 -9.990070e+05 2.309516e-01 9.766139e-01 9.953248e-01 -1.000000e+00 -1.000000e+00 -1.000000e+00 -1.0 0.000000e+00 9.041241e-01
-1.000000e+00 -1.000000e+00 1.505000e+03 0.000000e+00 -1.000000e+00 -1.000000e+00 0.000000e+00 8.748680e-01 -1.000000e+00 0.000000e+00 3.850000e+02 -1.000000e+00 0.000000e+00 -1.000000e+00 -1.000000e+00 6.806208e-01 -1.000000e+00 0.000000e+00 -9.990070e+05 3.000000e+00 -1.000000e+00 -1.000000e+00 9.450000e+02 7.786601e-01 0.000000e+00 0.000000e+00 -1.000000e+00 2.035028e-01 -1.000000e+00 -9.990070e+05 2.035028e-01 9.511583e-01 9.898191e-01 -1.000000e+00 -1.000000e+00 -1.000000e+00 -1.0 0.000000e+00 8.111285e-01
-1.000000e+00 -1.000000e+00 1.545000e+03 0.000000e+00 -1.000000e+00 -1.000000e+00 0.000000e+00 8.951219e-01 -1.000000e+00 0.000000e+00 5.050000e+02 -1.000000e+00 0.000000e+00 -1.000000e+00 -1.000000e+00 7.257353e-01 -1.000000e+00 0.000000e+00 -9.990070e+05 3.000000e+00 -1.000000e+00 -1.000000e+00 1.025000e+03 8.121621e-01 0.000000e+00 0.000000e+00 -1.000000e+00 2.124129e-01 -1.000000e+00 -9.990070e+05 2.124129e-01 9.595953e-01 9.916922e-01 -1.000000e+00 -1.000000e+00 -1.000000e+00 -1.0 0.000000e+00 8.408218e-01
-1.000000e+00 -1.000000e+00 1.545000e+03 0.000000e+00 -1.000000e+00 -1.000000e+00 0.000000e+00 9.655612e-01 -1.000000e+00 0.000000e+00 9.850000e+02 -1.000000e+00 0.000000e+00 -1.000000e+00 -1.000000e+00 9.018632e-01 -1.000000e+00 0.000000e+00 -9.990070e+05 3.000000e+00 -1.000000e+00 -1.000000e+00 1.265000e+03 9.355718e-01 0.000000e+00 0.000000e+00 -1.000000e+00 2.451526e-01 -1.000000e+00 -9.990070e+05 2.451526e-01 9.873146e-01 9.975094e-01 -1.000000e+00 -1.000000e+00 -1.000000e+00 -1.0 0.000000e+00 9.467908e-01
-1.000000e+00 -1.000000e+00 1.545000e+03 0.000000e+00 -1.000000e+00 -1.000000e+00 0.000000e+00 9.042346e-01 -1.000000e+00 0.000000e+00 2.500000e+01 -1.000000e+00 0.000000e+00 -1.000000e+00 -1.000000e+00 7.467998e-01 -1.000000e+00 0.000000e+00 -9.990070e+05 3.000000e+00 -1.000000e+00 -1.000000e+00 7.850000e+02 8.275177e-01 0.000000e+00 0.000000e+00 -1.000000e+00 2.170664e-01 -1.000000e+00 -9.990070e+05 2.170664e-01 9.633213e-01 9.925042e-01 -1.000000e+00 -1.000000e+00 -1.000000e+00 -1.0 0.000000e+00 8.544522e-01
-1.000000e+00 -1.000000e+00 1.585000e+03 0.000000e+00 -1.000000e+00 -1.000000e+00 0.000000e+00 9.184490e-01 -1.000000e+00 0.000000e+00 6.250000e+02 -1.000000e+00 0.000000e+00 -1.000000e+00 -1.000000e+00 7.806400e-01 -1.000000e+00 0.000000e+00 -9.990070e+05 3.000000e+00 -1.000000e+00 -1.000000e+00 1.105000e+03 8.518254e-01 0.000000e+00 0.000000e+00 -1.000000e+00 2.228773e-01 -1.000000e+00 -9.990070e+05 2.228773e-01 9.690485e-01 9.937340e-01 -1.000000e+00 -1.000000e+00 -1.000000e+00 -1.0 0.000000e+00 8.754462e-01
-1.000000e+00 -1.000000e+00 1.585000e+03 0.000000e+00 -1.000000e+00 -1.000000e+00 0.000000e+00 9.125973e-01 -1.000000e+00 0.000000e+00 1.450000e+02 -1.000000e+00 0.000000e+00 -1.000000e+00 -1.000000e+00 7.665619e-01 -1.000000e+00 0.000000e+00 -9.990070e+05 3.000000e+00 -1.000000e+00 -1.000000e+00 8.650000e+02 8.417658e-01 0.000000e+00 0.000000e+00 -1.000000e+00 2.225997e-01 -1.000000e+00 -9.990070e+05 2.225997e-01 9.667032e-01 9.932330e-01 -1.000000e+00 -1.000000e+00 -1.000000e+00 -1.0 0.000000e+00 8.672971e-01
-1.000000e+00 -1.000000e+00 1.600000e+03 0.000000e+00 -1.000000e+00 -1.000000e+00 0.000000e+00 8.946983e-01 -1.000000e+00 0.000000e+00 6.000000e+01 -1.000000e+00 0.000000e+00 -1.000000e+00 -1.000000e+00 7.247680e-01 -1.000000e+00 0.000000e+00 -9.990070e+05 3.000000e+00 -1.000000e+00 -1.000000e+00 1.060000e+03 8.114527e-01 0.000000e+00 0.000000e+00 -1.000000e+00 2.133175e-01 -1.000000e+00 -9.990070e+05 2.133175e-01 9.594210e-01 9.916540e-01 -1.000000e+00 -1.000000e+00 -1.000000e+00 -1.0 0.000000e+00 8.405180e-01
-1.000000e+00 -1.000000e+00 1.600000e+03 0.000000e+00 -1.000000e+00 -1.000000e+00 0.000000e+00 9.789701e-01 -1.000000e+00 0.000000e+00 6.000000e+01 -1.000000e+00 0.000000e+00 -1.000000e+00 -1.000000e+00 9.390691e-01 -1.000000e+00 0.000000e+00 -9.990070e+05 3.000000e+00 -1.000000e+00 -1.000000e+00 1.100000e+02 9.603271e-01 0.000000e+00 0.000000e+00 -1.000000e+00 2.699010e-01 -1.000000e+00 -9.990070e+05 2.699010e-01 9.923189e-01 9.985048e-01 -1.000000e+00 -1.000000e+00 -1.000000e+00 -1.0 0.000000e+00 9.684804e-01
-1.000000e+00 -1.000000e+00 1.600000e+03 0.000000e+00 -1.000000e+00 -1.000000e+00 0.000000e+00 8.801775e-01 -1.000000e+00 0.000000e+00 6.000000e+01 -1.000000e+00 0.000000e+00 -1.000000e+00 -1.000000e+00 6.922244e-01 -1.000000e+00 0.000000e+00 -9.990070e+05 3.000000e+00 -1.000000e+00 -1.000000e+00 1.260000e+03 7.873596e-01 0.000000e+00 0.000000e+00 -1.000000e+00 2.055589e-01 -1.000000e+00 -9.990070e+05 2.055589e-01 9.533910e-01 9.903195e-01 -1.000000e+00 -1.000000e+00 -1.000000e+00 -1.0 0.000000e+00 8.187911e-01
-1.000000e+00 -1.000000e+00 1.600000e+03 0.000000e+00 -1.000000e+00 -1.000000e+00 0.000000e+00 8.816605e-01 -1.000000e+00 0.000000e+00 6.000000e+01 -1.000000e+00 0.000000e+00 -1.000000e+00 -1.000000e+00 6.954934e-01 -1.000000e+00 0.000000e+00 -9.990070e+05 3.000000e+00 -1.000000e+00 -1.000000e+00 1.400000e+03 7.897999e-01 0.000000e+00 0.000000e+00 -1.000000e+00 2.069794e-01 -1.000000e+00 -9.990070e+05 2.069794e-01 9.540119e-01 9.904580e-01 -1.000000e+00 -1.000000e+00 -1.000000e+00 -1.0 0.000000e+00 8.212147e-01
-1.000000e+00 -1.000000e+00 1.600000e+03 0.000000e+00 -1.000000e+00 -1.000000e+00 0.000000e+00 8.800757e-01 -1.000000e+00 0.000000e+00 6.000000e+01 -1.000000e+00 0.000000e+00 -1.000000e+00 -1.000000e+00 6.920005e-01 -1.000000e+00 0.000000e+00 -9.990070e+05 3.000000e+00 -1.000000e+00 -1.000000e+00 1.460000e+03 7.871923e-01 0.000000e+00 0.000000e+00 -1.000000e+00 2.063127e-01 -1.000000e+00 -9.990070e+05 2.063127e-01 9.533483e-01 9.903099e-01 -1.000000e+00 -1.000000e+00 -1.000000e+00 -1.0 0.000000e+00 8.189082e-01
-1.000000e+00 -1.000000e+00 1.600000e+03 0.000000e+00 -1.000000e+00 -1.000000e+00 0.000000e+00 8.712129e-01 -1.000000e+00 0.000000e+00 6.000000e+01 -1.000000e+00 0.000000e+00 -1.000000e+00 -1.000000e+00 6.727231e-01 -1.000000e+00 0.000000e+00 -9.990070e+05 3.000000e+00 -1.000000e+00 -1.000000e+00 1.500000e+03 7.727053e-01 0.000000e+00 0.000000e+00 -1.000000e+00 2.029049e-01 -1.000000e+00 -9.990070e+05 2.029049e-01 9.496125e-01 9.894707e-01 -1.000000e+00 -1.000000e+00 -1.000000e+00 -1.0 0.000000e+00 8.061606e-01
-1.000000e+00 -1.000000e+00 1.600000e+03 0.000000e+00 -1.000000e+00 -1.000000e+00 0.000000e+00 8.630425e-01 -1.000000e+00 0.000000e+00 6.000000e+01 -1.000000e+00 0.000000e+00 -1.000000e+00 -1.000000e+00 6.553321e-01 -1.000000e+00 0.000000e+00 -9.990070e+05 3.000000e+00 -1.000000e+00 -1.000000e+00 1.550000e+03 7.594938e-01 0.000000e+00 0.000000e+00 -1.000000e+00 1.996645e-01 -1.000000e+00 -9.990070e+05 1.996645e-01 9.461311e-01 9.886801e-01 -1.000000e+00 -1.000000e+00 -1.000000e+00 -1.0 0.000000e+00 7.944391e-01
-1.000000e+00 -1.000000e+00 1.600000e+03 0.000000e+00 -1.000000e+00 -1.000000e+00 0.000000e+00 8.575846e-01 -1.000000e+00 0.000000e+00 6.000000e+01 -1.000000e+00 0.000000e+00 -1.000000e+00 -1.000000e+00 6.439144e-01 -1.000000e+00 0.000000e+00 -9.990070e+05 3.000000e+00 -1.000000e+00 -1.000000e+00 1.590000e+03 7.507446e-01 0.000000e+00 0.000000e+00 -1.000000e+00 1.974601e-01 -1.000000e+00 -9.990070e+05 1.974601e-01 9.437853e-01 9.881428e-01 -1.000000e+00 -1.000000e+00 -1.000000e+00 -1.0 0.000000e+00 7.866263e-01
-1.000000e+00 -1.000000e+00 1.600000e+03 0.000000e+00 -1.000000e+00 -1.000000e+00 0.000000e+00 9.883420e-01 -1.000000e+00 0.000000e+00 6.000000e+01 -1.000000e+00 0.000000e+00 -1.000000e+00 -1.000000e+00 9.658264e-01 -1.000000e+00 0.000000e+00 -9.990070e+05 3.000000e+00 -1.000000e+00 -1.000000e+00 1.600000e+02 9.778781e-01 0.000000e+00 0.000000e+00 -1.000000e+00 3.614949e-01 -1.000000e+00 -9.990070e+05 3.614949e-01 9.957670e-01 9.991809e-01 -1.000000e+00 -1.000000e+00 -1.000000e+00 -1.0 0.000000e+00 9.850449e-01
-1.000000e+00 -1.000000e+00 1.600000e+03 0.000000e+00 -1.000000e+00 -1.000000e+00 0.000000e+00 9.782072e-01 -1.000000e+00 0.000000e+00 6.000000e+01 -1.000000e+00 0.000000e+00 -1.000000e+00 -1.000000e+00 9.369186e-01 -1.000000e+00 0.000000e+00 -9.990070e+05 3.000000e+00 -1.000000e+00 -1.000000e+00 2.600000e+02 9.589075e-01 0.000000e+00 0.000000e+00 -1.000000e+00 2.633348e-01 -1.000000e+00 -9.990070e+05 2.633348e-01 9.920365e-01 9.984490e-01 -1.000000e+00 -1.000000e+00 -1.000000e+00 -1.0 0.000000e+00 9.669697e-01
-1.000000e+00 -1.000000e+00 1.600000e+03 0.000000e+00 -1.000000e+00 -1.000000e+00 0.000000e+00 9.630554e-01 -1.000000e+00 0.000000e+00 6.000000e+01 -1.000000e+00 0.000000e+00 -1.000000e+00 -1.000000e+00 8.950480e-01 -1.000000e+00 0.000000e+00 -9.990070e+05 3.000000e+00 -1.000000e+00 -1.000000e+00 4.600000e+02 9.309916e-01 0.000000e+00 0.000000e+00 -1.000000e+00 2.444023e-01 -1.000000e+00 -9.990070e+05 2.444023e-01 9.863700e-01 9.973196e-01 -1.000000e+00 -1.000000e+00 -1.000000e+00 -1.0 0.000000e+00 9.430019e-01
-1.000000e+00 -1.000000e+00 1.600000e+03 0.000000e+00 -1.000000e+00 -1.000000e+00 0.000000e+00 9.448662e-01 -1.000000e+00 0.000000e+00 6.000000e+01 -1.000000e+00 0.000000e+00 -1.000000e+00 -1.000000e+00 8.468422e-01 -1.000000e+00 0.000000e+00 -9.990070e+05 3.000000e+00 -1.000000e+00 -1.000000e+00 6.600000e+02 8.981733e-01 0.000000e+00 0.000000e+00 -1.000000e+00 2.354278e-01 -1.000000e+00 -9.990070e+05 2.354278e-01 9.794239e-01 9.959059e-01 -1.000000e+00 -1.000000e+00 -1.000000e+00 -1.0 0.000000e+00 9.152697e-01
-1.000000e+00 -1.000000e+00 1.600000e+03 0.000000e+00 -1.000000e+00 -1.000000e+00 0.000000e+00 9.251778e-01 -1.000000e+00 0.000000e+00 6.000000e+01 -1.000000e+00 0.000000e+00 -1.000000e+00 -1.000000e+00 7.970871e-01 -1.000000e+00 0.000000e+00 -9.990070e+05 3.000000e+00 -1.000000e+00 -1.000000e+00 7.000000e+01 8.634850e-01 0.000000e+00 0.000000e+00 -1.000000e+00 2.289737e-01 -1.000000e+00 -9.990070e+05 2.289737e-01 9.717241e-01 9.943010e-01 -1.000000e+00 -1.000000e+00 -1.000000e+00 -1.0 0.000000e+00 8.861559e-01
-1.000000e+00 -1.000000e+00 1.600000e+03 0.000000e+00 -1.000000e+00 -1.000000e+00 0.000000e+00 9.212051e-01 -1.000000e+00 0.000000e+00 6.000000e+01 -1.000000e+00 0.000000e+00 -1.000000e+00 -1.000000e+00 7.873431e-01 -1.000000e+00 0.000000e+00 -9.990070e+05 3.000000e+00 -1.000000e+00 -1.000000e+00 8.600000e+02 8.565893e-01 0.000000e+00 0.000000e+00 -1.000000e+00 2.236764e-01 -1.000000e+00 -9.990070e+05 2.236764e-01 9.701472e-01 9.939674e-01 -1.000000e+00 -1.000000e+00 -1.000000e+00 -1.0 0.000000e+00 8.794667e-01
-1.000000e+00 -1.000000e+00 1.625000e+03 0.000000e+00 -1.000000e+00 -1.000000e+00 0.000000e+00 9.385636e-01 -1.000000e+00 0.000000e+00 7.450000e+02 -1.000000e+00 0.000000e+00 -1.000000e+00 -1.000000e+00 8.306458e-01 -1.000000e+00 0.000000e+00 -9.990070e+05 3.000000e+00 -1.000000e+00 -1.000000e+00 1.185000e+03 8.869753e-01 0.000000e+00 0.000000e+00 -1.000000e+00 2.321371e-01 -1.000000e+00 -9.990070e+05 2.321371e-01 9.769797e-01 9.954007e-01 -1.000000e+00 -1.000000e+00 -1.000000e+00 -1.0 0.000000e+00 9.056752e-01
-1.000000e+00 -1.000000e+00 1.625000e+03 0.000000e+00 -1.000000e+00 -1.000000e+00 0.000000e+00 9.274802e-01 -1.000000e+00 0.000000e+00 2.650000e+02 -1.000000e+00 0.000000e+00 -1.000000e+00 -1.000000e+00 8.027793e-01 -1.000000e+00 0.000000e+00 -9.990070e+05 3.000000e+00 -1.000000e+00 -1.000000e+00 9.450000e+02 8.674974e-01 0.000000e+00 0.000000e+00 -1.000000e+00 2.262399e-01 -1.000000e+00 -9.990070e+05 2.262399e-01 9.726344e-01 9.944928e-01 -1.000000e+00 -1.000000e+00 -1.000000e+00 -1.0 0.000000e+00 8.888195e-01
-1.000000e+00 -1.000000e+00 1.665000e+03 0.000000e+00 -1.000000e+00 -1.000000e+00 0.000000e+00 9.385279e-01 -1.000000e+00 0.000000e+00 3.850000e+02 -1.000000e+00 0.000000e+00 -1.000000e+00 -1.000000e+00 8.305547e-01 -1.000000e+00 0.000000e+00 -9.990070e+05 3.000000e+00 -1.000000e+00 -1.000000e+00 1.025000e+03 8.869121e-01 0.000000e+00 0.000000e+00 -1.000000e+00 2.310073e-01 -1.000000e+00 -9.990070e+05 2.310073e-01 9.769658e-01 9.953979e-01 -1.000000e+00 -1.000000e+00 -1.000000e+00 -1.0 0.000000e+00 9.054270e-01
-1.000000e+00 -1.000000e+00 1.665000e+03 0.000000e+00 -1.000000e+00 -1.000000e+00 0.000000e+00 9.573670e-01 -1.000000e+00 0.000000e+00 8.650000e+02 -1.000000e+00 0.000000e+00 -1.000000e+00 -1.000000e+00 8.797351e-01 -1.000000e+00 0.000000e+00 -9.990070e+05 3.000000e+00 -1.000000e+00 -1.000000e+00 1.265000e+03 9.206475e-01 0.000000e+00 0.000000e+00 -1.000000e+00 2.406894e-01 -1.000000e+00 -9.990070e+05 2.406894e-01 9.842147e-01 9.968844e-01 -1.000000e+00 -1.000000e+00 -1.000000e+00 -1.0 0.000000e+00 9.341969e-01
-1.000000e+00 -1.000000e+00 1.705000e+03 0.000000e+00 -1.000000e+00 -1.000000e+00 0.000000e+00 9.487275e-01 -1.000000e+00 0.000000e+00 5.050000e+02 -1.000000e+00 0.000000e+00 -1.000000e+00 -1.000000e+00 8.568923e-01 -1.000000e+00 0.000000e+00 -9.990070e+05 3.000000e+00 -1.000000e+00 -1.000000e+00 1.105000e+03 9.050776e-01 0.000000e+00 0.000000e+00 -1.000000e+00 2.369709e-01 -1.000000e+00 -9.990070e+05 2.369709e-01 9.809117e-01 9.962114e-01 -1.000000e+00 -1.000000e+00 -1.000000e+00 -1.0 0.000000e+00 9.210872e-01
-1.000000e+00 -1.000000e+00 1.705000e+03 0.000000e+00 -1.000000e+00 -1.000000e+00 0.000000e+00 9.699724e-01 -1.000000e+00 0.000000e+00 9.850000e+02 -1.000000e+00 0.000000e+00 -1.000000e+00 -1.000000e+00 9.139653e-01 -1.000000e+00 0.000000e+00 -9.990070e+05 3.000000e+00 -1.000000e+00 -1.000000e+00 1.345000e+03 9.436698e-01 0.000000e+00 0.000000e+00 -1.000000e+00 2.470264e-01 -1.000000e+00 -9.990070e+05 2.470264e-01 9.889702e-01 9.978405e-01 -1.000000e+00 -1.000000e+00 -1.000000e+00 -1.0 0.000000e+00 9.535348e-01
-1.000000e+00 -1.000000e+00 1.705000e+03 0.000000e+00 -1.000000e+00 -1.000000e+00 0.000000e+00 9.570850e-01 -1.000000e+00 0.000000e+00 2.500000e+01 -1.000000e+00 0.000000e+00 -1.000000e+00 -1.000000e+00 8.789818e-01 -1.000000e+00 0.000000e+00 -9.990070e+05 3.000000e+00 -1.000000e+00 -1.000000e+00 8.650000e+02 9.201367e-01 0.000000e+00 0.000000e+00 -1.000000e+00 2.400430e-01 -1.000000e+00 -9.990070e+05 2.400430e-01 9.841075e-01 9.968627e-01 -1.000000e+00 -1.000000e+00 -1.000000e+00 -1.0 0.000000e+00 9.337036e-01
-1.000000e+00 -1.000000e+00 1.745000e+03 0.000000e+00 -1.000000e+00 -1.000000e+00 0.000000e+00 9.606606e-01 -1.000000e+00 0.000000e+00 6.250000e+02 -1.000000e+00 0.000000e+00 -1.000000e+00 -1.000000e+00 8.885748e-01 -1.000000e+00 0.000000e+00 -9.990070e+05 3.000000e+00 -1.000000e+00 -1.000000e+00 1.185000e+03 9.266279e-01 0.000000e+00 0.000000e+00 -1.000000e+00 2.422238e-01 -1.000000e+00 -9.990070e+05 2.422238e-01 9.854645e-01 9.971372e-01 -1.000000e+00 -1.000000e+00 -1.000000e+00 -1.0 0.000000e+00 9.392270e-01
-1.000000e+00 -1.000000e+00 1.745000e+03 0.000000e+00 -1.000000e+00 -1.000000e+00 0.000000e+00 9.617686e-01 -1.000000e+00 0.000000e+00 1.450000e+02 -1.000000e+00 0.000000e+00 -1.000000e+00 -1.000000e+00 8.915648e-01 -1.000000e+00 0.000000e+00 -9.990070e+05 3.000000e+00 -1.000000e+00 -1.000000e+00 9.450000e+02 9.286452e-01 0.000000e+00 0.000000e+00 -1.000000e+00 2.421880e-01 -1.000000e+00 -9.990070e+05 2.421880e-01 9.858838e-01 9.972217e-01 -1.000000e+00 -1.000000e+00 -1.000000e+00 -1.0 0.000000e+00 9.408606e-01
-1.000000e+00 -1.000000e+00 1.785000e+03 0.000000e+00 -1.000000e+00 -1.000000e+00 0.000000e+00 9.668574e-01 -1.000000e+00 0.000000e+00 2.650000e+02 -1.000000e+00 0.000000e+00 -1.000000e+00 -1.000000e+00 9.054053e-01 -1.000000e+00 0.000000e+00 -9.990070e+05 3.000000e+00 -1.000000e+00 -1.000000e+00 1.025000e+03 9.379466e-01 0.000000e+00 0.000000e+00 -1.000000e+00 2.453278e-01 -1.000000e+00 -9.990070e+05 2.453278e-01 9.878020e-01 9.976071e-01 -1.000000e+00 -1.000000e+00 -1.000000e+00 -1.0 0.000000e+00 9.487347e-01
-1.000000e+00 -1.000000e+00 1.785000e+03 0.000000e+00 -1.000000e+00 -1.000000e+00 0.000000e+00 9.683641e-01 -1.000000e+00 0.000000e+00 7.450000e+02 -1.000000e+00 0.000000e+00 -1.000000e+00 -1.000000e+00 9.095375e-01 -1.000000e+00 0.000000e+00 -9.990070e+05 3.000000e+00 -1.000000e+00 -1.000000e+00 1.265000e+03 9.407122e-01 0.000000e+00 0.000000e+00 -1.000000e+00 2.463217e-01 -1.000000e+00 -9.990070e+05 2.463217e-01 9.883676e-01 9.977202e-01 -1.000000e+00 -1.000000e+00 -1.000000e+00 -1.0 0.000000e+00 9.510717e-01
-1.000000e+00 -1.000000e+00 1.825000e+03 0.000000e+00 -1.000000e+00 -1.000000e+00 0.000000e+00 9.727319e-01 -1.000000e+00 0.000000e+00 3.850000e+02 -1.000000e+00 0.000000e+00 -1.000000e+00 -1.000000e+00 9.216043e-01 -1.000000e+00 0.000000e+00 -9.990070e+05 3.000000e+00 -1.000000e+00 -1.000000e+00 1.105000e+03 9.487585e-01 0.000000e+00 0.000000e+00 -1.000000e+00 2.453468e-01 -1.000000e+00 -9.990070e+05 2.453468e-01 9.900012e-01 9.980459e-01 -1.000000e+00 -1.000000e+00 -1.000000e+00 -1.0 0.000000e+00 9.575400e-01
-1.000000e+00 -1.000000e+00 1.825000e+03 0.000000e+00 -1.000000e+00 -1.000000e+00 0.000000e+00 9.754461e-01 -1.000000e+00 0.000000e+00 8.650000e+02 -1.000000e+00 0.000000e+00 -1.000000e+00 -1.000000e+00 9.291696e-01 -1.000000e+00 0.000000e+00 -9.990070e+05 3.000000e+00 -1.000000e+00 -1.000000e+00 1.345000e+03 9.537808e-01 0.000000e+00 0.000000e+00 -1.000000e+00 2.464098e-01 -1.000000e+00 -9.990070e+05 2.464098e-01 9.910119e-01 9.982464e-01 -1.000000e+00 -1.000000e+00 -1.000000e+00 -1.0 0.000000e+00 9.617233e-01
-1.000000e+00 -1.000000e+00 1.865000e+03 0.000000e+00 -1.000000e+00 -1.000000e+00 0.000000e+00 9.767016e-01 -1.000000e+00 0.000000e+00 5.050000e+02 -1.000000e+00 0.000000e+00 -1.000000e+00 -1.000000e+00 9.326863e-01 -1.000000e+00 0.000000e+00 -9.990070e+05 3.000000e+00 -1.000000e+00 -1.000000e+00 1.185000e+03 9.561096e-01 0.000000e+00 0.000000e+00 -1.000000e+00 2.469248e-01 -1.000000e+00 -9.990070e+05 2.469248e-01 9.914782e-01 9.983387e-01 -1.000000e+00 -1.000000e+00 -1.000000e+00 -1.0 0.000000e+00 9.636629e-01
-1.000000e+00 -1.000000e+00 1.865000e+03 0.000000e+00 -1.000000e+00 -1.000000e+00 0.000000e+00 9.801549e-01 -1.000000e+00 0.000000e+00 2.500000e+01 -1.000000e+00 0.000000e+00 -1.000000e+00 -1.000000e+00 9.424173e-01 -1.000000e+00 0.000000e+00 -9.990070e+05 3.000000e+00 -1.000000e+00 -1.000000e+00 9.450000e+02 9.625346e-01 0.000000e+00 0.000000e+00 -1.000000e+00 2.520063e-01 -1.000000e+00 -9.990070e+05 2.520063e-01 9.927571e-01 9.985911e-01 -1.000000e+00 -1.000000e+00 -1.000000e+00 -1.0 0.000000e+00 9.692181e-01
-1.000000e+00 -1.000000e+00 1.905000e+03 0.000000e+00 -1.000000e+00 -1.000000e+00 0.000000e+00 9.828356e-01 -1.000000e+00 0.000000e+00 1.450000e+02 -1.000000e+00 0.000000e+00 -1.000000e+00 -1.000000e+00 9.500293e-01 -1.000000e+00 0.000000e+00 -9.990070e+05 3.000000e+00 -1.000000e+00 -1.000000e+00 1.025000e+03 9.675411e-01 0.000000e+00 0.000000e+00 -1.000000e+00 2.493876e-01 -1.000000e+00 -9.990070e+05 2.493876e-01 9.937460e-01 9.987855e-01 -1.000000e+00 -1.000000e+00 -1.000000e+00 -1.0 0.000000e+00 9.731639e-01
-1.000000e+00 -1.000000e+00 1.905000e+03 0.000000e+00 -1.000000e+00 -1.000000e+00 0.000000e+00 9.812446e-01 -1.000000e+00 0.000000e+00 6.250000e+02 -1.000000e+00 0.000000e+00 -1.000000e+00 -1.000000e+00 9.455053e-01 -1.000000e+00 0.000000e+00 -9.990070e+05 3.000000e+00 -1.000000e+00 -1.000000e+00 1.265000e+03 9.645676e-01 0.000000e+00 0.000000e+00 -1.000000e+00 2.523361e-01 -1.000000e+00 -9.990070e+05 2.523361e-01 9.931595e-01 9.986703e-01 -1.000000e+00 -1.000000e+00 -1.000000e+00 -1.0 0.000000e+00 9.708898e-01
-1.000000e+00 -1.000000e+00 1.945000e+03 0.000000e+00 -1.000000e+00 -1.000000e+00 0.000000e+00 9.849430e-01 -1.000000e+00 0.000000e+00 2.650000e+02 -1.000000e+00 0.000000e+00 -1.000000e+00 -1.000000e+00 9.560494e-01 -1.000000e+00 0.000000e+00 -9.990070e+05 3.000000e+00 -1.000000e+00 -1.000000e+00 1.105000e+03 9.714889e-01 0.000000e+00 0.000000e+00 -1.000000e+00 2.535641e-01 -1.000000e+00 -9.990070e+05 2.535641e-01 9.945211e-01 9.989375e-01 -1.000000e+00 -1.000000e+00 -1.000000e+00 -1.0 0.000000e+00 9.765842e-01
-1.000000e+00 -1.000000e+00 1.945000e+03 0.000000e+00 -1.000000e+00 -1.000000e+00 0.000000e+00 9.847652e-01 -1.000000e+00 0.000000e+00 7.450000e+02 -1.000000e+00 0.000000e+00 -1.000000e+00 -1.000000e+00 9.555402e-01 -1.000000e+00 0.000000e+00 -9.990070e+05 3.000000e+00 -1.000000e+00 -1.000000e+00 1.345000e+03 9.711553e-01 0.000000e+00 0.000000e+00 -1.000000e+00 2.535748e-01 -1.000000e+00 -9.990070e+05 2.535748e-01 9.944558e-01 9.989247e-01 -1.000000e+00 -1.000000e+00 -1.000000e+00 -1.0 0.000000e+00 9.763130e-01
-1.000000e+00 -1.000000e+00 1.985000e+03 0.000000e+00 -1.000000e+00 -1.000000e+00 0.000000e+00 9.873055e-01 -1.000000e+00 0.000000e+00 3.850000e+02 -1.000000e+00 0.000000e+00 -1.000000e+00 -1.000000e+00 9.628360e-01 -1.000000e+00 0.000000e+00 -9.990070e+05 3.000000e+00 -1.000000e+00 -1.000000e+00 1.185000e+03 9.759267e-01 0.000000e+00 0.000000e+00 -1.000000e+00 2.552138e-01 -1.000000e+00 -9.990070e+05 2.552138e-01 9.953876e-01 9.991069e-01 -1.000000e+00 -1.000000e+00 -1.000000e+00 -1.0 0.000000e+00 9.802650e-01
-1.000000e+00 -1.000000e+00 2.025000e+03 0.000000e+00 -1.000000e+00 -1.000000e+00 0.000000e+00 9.907416e-01 -1.000000e+00 0.000000e+00 2.500000e+01 -1.000000e+00 0.000000e+00 -1.000000e+00 -1.000000e+00 9.727791e-01 -1.000000e+00 0.000000e+00 -9.990070e+05 3.000000e+00 -1.000000e+00 -1.000000e+00 1.025000e+03 9.824051e-01 0.000000e+00 0.000000e+00 -1.000000e+00 2.531332e-01 -1.000000e+00 -9.990070e+05 2.531332e-01 9.966434e-01 9.993514e-01 -1.000000e+00 -1.000000e+00 -1.000000e+00 -1.0 0.000000e+00 9.854938e-01
-1.000000e+00 -1.000000e+00 2.025000e+03 0.000000e+00 -1.000000e+00 -1.000000e+00 0.000000e+00 9.894524e-01 -1.000000e+00 0.000000e+00 5.050000e+02 -1.000000e+00 0.000000e+00 -1.000000e+00 -1.000000e+00 9.690384e-01 -1.000000e+00 0.000000e+00 -9.990070e+05 3.000000e+00 -1.000000e+00 -1.000000e+00 1.265000e+03 9.799712e-01 0.000000e+00 0.000000e+00 -1.000000e+00 2.567270e-01 -1.000000e+00 -9.990070e+05 2.567270e-01 9.961728e-01 9.992599e-01 -1.000000e+00 -1.000000e+00 -1.000000e+00 -1.0 0.000000e+00 9.836082e-01
-1.000000e+00 -1.000000e+00 2.370000e+02 0.000000e+00 -1.000000e+00 -1.000000e+00 0.000000e+00 9.898410e-06 -1.000000e+00 0.000000e+00 2.150000e+02 -1.000000e+00 0.000000e+00 -1.000000e+00 -1.000000e+00 3.007230e-09 -1.000000e+00 0.000000e+00 -9.990070e+05 3.000000e+00 -1.000000e+00 -1.000000e+00 2.260000e+02 1.884772e-07 0.000000e+00 0.000000e+00 -1.000000e+00 1.173366e-06 -1.000000e+00 -9.990070e+05 1.173366e-06 3.729971e-04 7.954442e-03 -1.000000e+00 -1.000000e+00 -1.000000e+00 -1.0 0.000000e+00 3.075935e-06
-1.000000e+00 -1.000000e+00 2.650000e+02 0.000000e+00 -1.000000e+00 -1.000000e+00 0.000000e+00 5.697442e-01 -1.000000e+00 0.000000e+00 1.850000e+02 -1.000000e+00 0.000000e+00 -1.000000e+00 -1.000000e+00 2.245280e-01 -1.000000e+00 0.000000e+00 -9.990070e+05 3.000000e+00 -1.000000e+00 -1.000000e+00 2.250000e+02 3.680345e-01 0.000000e+00 0.000000e+00 -1.000000e+00 2.505088e-01 -1.000000e+00 -9.990070e+05 2.505088e-01 7.927471e-01 9.453742e-01 -1.000000e+00 -1.000000e+00 -1.000000e+00 -1.0 0.000000e+00 5.464831e-01
-1.000000e+00 -1.000000e+00 3.170000e+02 0.000000e+00 -1.000000e+00 -1.000000e+00 0.000000e+00 2.010792e-38 -1.000000e+00 0.000000e+00 2.950000e+02 -1.000000e+00 0.000000e+00 -1.000000e+00 -1.000000e+00 2.860694e-49 -1.000000e+00 0.000000e+00 -9.990070e+05 3.000000e+00 -1.000000e+00 -1.000000e+00 3.060000e+02 8.385044e-44 0.000000e+00 0.000000e+00 -1.000000e+00 1.132017e-40 -1.000000e+00 -9.990070e+05 1.132017e-40 3.341564e-33 2.979439e-28 -1.000000e+00 -1.000000e+00 -1.000000e+00 -1.0 0.000000e+00 3.084193e-40
-1.000000e+00 -1.000000e+00 3.450000e+02 0.000000e+00 -1.000000e+00 -1.000000e+00 0.000000e+00 3.814384e-03 -1.000000e+00 0.000000e+00 2.650000e+02 -1.000000e+00 0.000000e+00 -1.000000e+00 -1.000000e+00 2.181329e-05 -1.000000e+00 0.000000e+00 -9.990070e+05 3.000000e+00 -1.000000e+00 -1.000000e+00 3.050000e+02 3.118842e-04 0.000000e+00 0.000000e+00 -1.000000e+00 7.166475e-04 -1.000000e+00 -9.990070e+05 7.166475e-04 3.467201e-02 1.902247e-01 -1.000000e+00 -1.000000e+00 -1.000000e+00 -1.0 0.000000e+00 1.865808e-03
-1.000000e+00 -1.000000e+00 3.970000e+02 0.000000e+00 -1.000000e+00 -1.000000e+00 0.000000e+00 8.665778e-29 -1.000000e+00 0.000000e+00 3.750000e+02 -1.000000e+00 0.000000e+00 -1.000000e+00 -1.000000e+00 4.681617e-38 -1.000000e+00 0.000000e+00 -9.990070e+05 3.000000e+00 -1.000000e+00 -1.000000e+00 3.860000e+02 2.225097e-33 0.000000e+00 0.000000e+00 -1.000000e+00 3.277425e-31 -1.000000e+00 -9.990070e+05 3.277425e-31 2.343367e-24 3.408545e-20 -1.000000e+00 -1.000000e+00 -1.000000e+00 -1.0 0.000000e+00 9.794545e-31
-1.000000e+00 -1.000000e+00 4.250000e+02 0.000000e+00 -1.000000e+00 -1.000000e+00 0.000000e+00 5.217433e-04 -1.000000e+00 0.000000e+00 3.450000e+02 -1.000000e+00 0.000000e+00 -1.000000e+00 -1.000000e+00 9.927864e-07 -1.000000e+00 0.000000e+00 -9.990070e+05 3.000000e+00 -1.000000e+00 -1.000000e+00 3.850000e+02 2.472726e-05 0.000000e+00 0.000000e+00 -1.000000e+00 4.552231e-05 -1.000000e+00 -9.990070e+05 4.552231e-05 8.044468e-03 7.252046e-02 -1.000000e+00 -1.000000e+00 -1.000000e+00 -1.0 0.000000e+00 1.385610e-04
-1.000000e+00 -1.000000e+00 4.770000e+02 0.000000e+00 -1.000000e+00 -1.000000e+00 0.000000e+00 8.205552e-20 -1.000000e+00 0.000000e+00 4.550000e+02 -1.000000e+00 0.000000e+00 -1.000000e+00 -1.000000e+00 2.453167e-27 -1.000000e+00 0.000000e+00 -9.990070e+05 3.000000e+00 -1.000000e+00 -1.000000e+00 4.660000e+02 1.565199e-23 0.000000e+00 0.000000e+00 -1.000000e+00 4.197030e-22 -1.000000e+00 -9.990070e+05 4.197030e-22 2.997619e-16 5.918718e-13 -1.000000e+00 -1.000000e+00 -1.000000e+00 -1.0 0.000000e+00 1.336629e-21
-1.000000e+00 -1.000000e+00 5.050000e+02 0.000000e+00 -1.000000e+00 -1.000000e+00 0.000000e+00 2.520279e-04 -1.000000e+00 0.000000e+00 4.250000e+02 -1.000000e+00 0.000000e+00 -1.000000e+00 -1.000000e+00 3.323170e-07 -1.000000e+00 0.000000e+00 -9.990070e+05 3.000000e+00 -1.000000e+00 -1.000000e+00 4.650000e+02 9.956082e-06 0.000000e+00 0.000000e+00 -1.000000e+00 1.318272e-05 -1.000000e+00 -9.990070e+05 1.318272e-05 4.641170e-03 4.956570e-02 -1.000000e+00 -1.000000e+00 -1.000000e+00 -1.0 0.000000e+00 4.488414e-05
-1.000000e+00 -1.000000e+00 5.570000e+02 0.000000e+00 -1.000000e+00 -1.000000e+00 0.000000e+00 6.609205e-09 -1.000000e+00 0.000000e+00 5.350000e+02 -1.000000e+00 0.000000e+00 -1.000000e+00 -1.000000e+00 1.354517e-13 -1.000000e+00 0.000000e+00 -9.990070e+05 3.000000e+00 -1.000000e+00 -1.000000e+00 5.460000e+02 3.284165e-11 0.000000e+00 0.000000e+00 -1.000000e+00 1.052994e-10 -1.000000e+00 -9.990070e+05 1.052994e-10 9.402746e-07 7.386383e-05 -1.000000e+00 -1.000000e+00 -1.000000e+00 -1.0 0.000000e+00 3.628688e-10
-1.000000e+00 -1.000000e+00 5.850000e+02 0.000000e+00 -1.000000e+00 -1.000000e+00 0.000000e+00 5.119526e-03 -1.000000e+00 0.000000e+00 5.050000e+02 -1.000000e+00 0.000000e+00 -1.000000e+00 -1.000000e+00 3.497333e-05 -1.000000e+00 0.000000e+00 -9.990070e+05 3.000000e+00 -1.000000e+00 -1.000000e+00 5.450000e+02 4.570852e-04 0.000000e+00 0.000000e+00 -1.000000e+00 3.429544e-04 -1.000000e+00 -9.990070e+05 3.429544e-04 4.276073e-02 2.169607e-01 -1.000000e+00 -1.000000e+00 -1.000000e+00 -1.0 0.000000e+00 1.244049e-03
-1.000000e+00 -1.000000e+00 6.370000e+02 0.000000e+00 -1.000000e+00 -1.000000e+00 0.000000e+00 2.205030e-04 -1.000000e+00 0.000000e+00 6.150000e+02 -1.000000e+00 0.000000e+00 -1.000000e+00 -1.000000e+00 2.722779e-07 -1.000000e+00 0.000000e+00 -9.990070e+05 3.000000e+00 -1.000000e+00 -1.000000e+00 6.260000e+02 8.431353e-06 0.000000e+00 0.000000e+00 -1.000000e+00 8.713824e-06 -1.000000e+00 -9.990070e+05 8.713824e-06 4.192038e-03 4.615523e-02 -1.000000e+00 -1.000000e+00 -1.000000e+00 -1.0 0.000000e+00 3.182089e-05
-1.000000e+00 -1.000000e+00 6.650000e+02 0.000000e+00 -1.000000e+00 -1.000000e+00 0.000000e+00 1.155053e-01 -1.000000e+00 0.000000e+00 5.850000e+02 -1.000000e+00 0.000000e+00 -1.000000e+00 -1.000000e+00 7.729026e-03 -1.000000e+00 0.000000e+00 -9.990070e+05 3.000000e+00 -1.000000e+00 -1.000000e+00 6.250000e+02 3.168906e-02 0.000000e+00 0.000000e+00 -1.000000e+00 1.354887e-02 -1.000000e+00 -9.990070e+05 1.354887e-02 3.363782e-01 6.804547e-01 -1.000000e+00 -1.000000e+00 -1.000000e+00 -1.0 0.000000e+00 5.164855e-02
-1.000000e+00 -1.000000e+00 7.170000e+02 0.000000e+00 -1.000000e+00 -1.000000e+00 0.000000e+00 5.595221e-02 -1.000000e+00 0.000000e+00 6.950000e+02 -1.000000e+00 0.000000e+00 -1.000000e+00 -1.000000e+00 2.016686e-03 -1.000000e+00 0.000000e+00 -9.990070e+05 3.000000e+00 -1.000000e+00 -1.000000e+00 7.060000e+02 1.133918e-02 0.000000e+00 0.000000e+00 -1.000000e+00 5.442541e-03 -1.000000e+00 -9.990070e+05 5.442541e-03 2.151797e-01 5.477586e-01 -1.000000e+00 -1.000000e+00 -1.000000e+00 -1.0 0.000000e+00 2.071553e-02
-1.000000e+00 -1.000000e+00 7.450000e+02 0.000000e+00 -1.000000e+00 -1.000000e+00 0.000000e+00 5.392340e-01 -1.000000e+00 0.000000e+00 5.050000e+02 -1.000000e+00 0.000000e+00 -1.000000e+00 -1.000000e+00 1.966943e-01 -1.000000e+00 0.000000e+00 -9.990070e+05 3.000000e+00 -1.000000e+00 -1.000000e+00 6.250000e+02 3.357391e-01 0.000000e+00 0.000000e+00 -1.000000e+00 1.001547e-01 -1.000000e+00 -9.990070e+05 1.001547e-01 7.728843e-01 9.384814e-01 -1.000000e+00 -1.000000e+00 -1.000000e+00 -1.0 0.000000e+00 3.966802e-01
-1.000000e+00 -1.000000e+00 7.450000e+02 0.000000e+00 -1.000000e+00 -1.000000e+00 0.000000e+00 2.998339e-01 -1.000000e+00 0.000000e+00 6.650000e+02 -1.000000e+00 0.000000e+00 -1.000000e+00 -1.000000e+00 5.255184e-02 -1.000000e+00 0.000000e+00 -9.990070e+05 3.000000e+00 -1.000000e+00 -1.000000e+00 7.050000e+02 1.313260e-01 0.000000e+00 0.000000e+00 -1.000000e+00 4.542221e-02 -1.000000e+00 -9.990070e+05 4.542221e-02 5.768460e-01 8.516543e-01 -1.000000e+00 -1.000000e+00 -1.000000e+00 -1.0 0.000000e+00 1.770840e-01
-1.000000e+00 -1.000000e+00 7.850000e+02 0.000000e+00 -1.000000e+00 -1.000000e+00 0.000000e+00 6.683693e-01 -1.000000e+00 0.000000e+00 6.250000e+02 -1.000000e+00 0.000000e+00 -1.000000e+00 -1.000000e+00 3.333199e-01 -1.000000e+00 0.000000e+00 -9.990070e+05 3.000000e+00 -1.000000e+00 -1.000000e+00 7.050000e+02 4.827463e-01 0.000000e+00 0.000000e+00 -1.000000e+00 1.359246e-01 -1.000000e+00 -9.990070e+05 1.359246e-01 8.512656e-01 9.639089e-01 -1.000000e+00 -1.000000e+00 -1.000000e+00 -1.0 0.000000e+00 5.409012e-01
-1.000000e+00 -1.000000e+00 7.970000e+02 0.000000e+00 -1.000000e+00 -1.000000e+00 0.000000e+00 2.540132e-01 -1.000000e+00 0.000000e+00 7.750000e+02 -1.000000e+00 0.000000e+00 -1.000000e+00 -1.000000e+00 3.704814e-02 -1.000000e+00 0.000000e+00 -9.990070e+05 3.000000e+00 -1.000000e+00 -1.000000e+00 7.860000e+02 1.017987e-01 0.000000e+00 0.000000e+00 -1.000000e+00 3.614287e-02 -1.000000e+00 -9.990070e+05 3.614287e-02 5.278109e-01 8.236631e-01 -1.000000e+00 -1.000000e+00 -1.000000e+00 -1.0 0.000000e+00 1.413486e-01
-1.000000e+00 -1.000000e+00 8.250000e+02 0.000000e+00 -1.000000e+00 -1.000000e+00 0.000000e+00 5.357565e-01 -1.000000e+00 0.000000e+00 7.450000e+02 -1.000000e+00 0.000000e+00 -1.000000e+00 -1.000000e+00 1.936807e-01 -1.000000e+00 0.000000e+00 -9.990070e+05 3.000000e+00 -1.000000e+00 -1.000000e+00 7.850000e+02 3.321511e-01 0.000000e+00 0.000000e+00 -1.000000e+00 9.884359e-02 -1.000000e+00 -9.990070e+05 9.884359e-02 7.705620e-01 9.376550e-01 -1.000000e+00 -1.000000e+00 -1.000000e+00 -1.0 0.000000e+00 3.925928e-01
-1.000000e+00 -1.000000e+00 8.770000e+02 0.000000e+00 -1.000000e+00 -1.000000e+00 0.000000e+00 5.269987e-01 -1.000000e+00 0.000000e+00 8.550000e+02 -1.000000e+00 0.000000e+00 -1.000000e+00 -1.000000e+00 1.862309e-01 -1.000000e+00 0.000000e+00 -9.990070e+05 3.000000e+00 -1.000000e+00 -1.000000e+00 8.660000e+02 3.231988e-01 0.000000e+00 0.000000e+00 -1.000000e+00 9.659671e-02 -1.000000e+00 -9.990070e+05 9.659671e-02 7.646590e-01 9.355345e-01 -1.000000e+00 -1.000000e+00 -1.000000e+00 -1.0 0.000000e+00 3.835080e-01
-1.000000e+00 -1.000000e+00 9.050000e+02 0.000000e+00 -1.000000e+00 -1.000000e+00 0.000000e+00 6.501183e-01 -1.000000e+00 0.000000e+00 5.050000e+02 -1.000000e+00 0.000000e+00 -1.000000e+00 -1.000000e+00 3.108444e-01 -1.000000e+00 0.000000e+00 -9.990070e+05 3.000000e+00 -1.000000e+00 -1.000000e+00 7.050000e+02 4.602994e-01 0.000000e+00 0.000000e+00 -1.000000e+00 1.297650e-01 -1.000000e+00 -9.990070e+05 1.297650e-01 8.410408e-01 9.608559e-01 -1.000000e+00 -1.000000e+00 -1.000000e+00 -1.0 0.000000e+00 5.186742e-01
-1.000000e+00 -1.000000e+00 9.050000e+02 0.000000e+00 -1.000000e+00 -1.000000e+00 0.000000e+00 7.655912e-01 -1.000000e+00 0.000000e+00 8.250000e+02 -1.000000e+00 0.000000e+00 -1.000000e+00 -1.000000e+00 4.736993e-01 -1.000000e+00 0.000000e+00 -9.990070e+05 3.000000e+00 -1.000000e+00 -1.000000e+00 8.650000e+02 6.121352e-01 0.000000e+00 0.000000e+00 -1.000000e+00 1.665046e-01 -1.000000e+00 -9.990070e+05 1.665046e-01 9.016693e-01 9.778549e-01 -1.000000e+00 -1.000000e+00 -1.000000e+00 -1.0 0.000000e+00 6.621694e-01
-1.000000e+00 -1.000000e+00 9.450000e+02 0.000000e+00 -1.000000e+00 -1.000000e+00 0.000000e+00 8.333475e-01 -1.000000e+00 0.000000e+00 6.250000e+02 -1.000000e+00 0.000000e+00 -1.000000e+00 -1.000000e+00 5.950889e-01 -1.000000e+00 0.000000e+00 -9.990070e+05 3.000000e+00 -1.000000e+00 -1.000000e+00 7.850000e+02 7.126190e-01 0.000000e+00 0.000000e+00 -1.000000e+00 1.882420e-01 -1.000000e+00 -9.990070e+05 1.882420e-01 9.331684e-01 9.856640e-01 -1.000000e+00 -1.000000e+00 -1.000000e+00 -1.0 0.000000e+00 7.524832e-01
-1.000000e+00 -1.000000e+00 9.570000e+02 0.000000e+00 -1.000000e+00 -1.000000e+00 0.000000e+00 7.196282e-01 -1.000000e+00 0.000000e+00 9.350000e+02 -1.000000e+00 0.000000e+00 -1.000000e+00 -1.000000e+00 4.027767e-01 -1.000000e+00 0.000000e+00 -9.990070e+05 3.000000e+00 -1.000000e+00 -1.000000e+00 9.460000e+02 5.488650e-01 0.000000e+00 0.000000e+00 -1.000000e+00 1.507540e-01 -1.000000e+00 -9.990070e+05 1.507540e-01 8.786565e-01 9.717125e-01 -1.000000e+00 -1.000000e+00 -1.000000e+00 -1.0 0.000000e+00 6.028317e-01
-1.000000e+00 -1.000000e+00 9.850000e+02 0.000000e+00 -1.000000e+00 -1.000000e+00 0.000000e+00 8.933167e-01 -1.000000e+00 0.000000e+00 7.450000e+02 -1.000000e+00 0.000000e+00 -1.000000e+00 -1.000000e+00 7.216197e-01 -1.000000e+00 0.000000e+00 -9.990070e+05 3.000000e+00 -1.000000e+00 -1.000000e+00 8.650000e+02 8.091411e-01 0.000000e+00 0.000000e+00 -1.000000e+00 2.130021e-01 -1.000000e+00 -9.990070e+05 2.130021e-01 9.588520e-01 9.915291e-01 -1.000000e+00 -1.000000e+00 -1.000000e+00 -1.0 0.000000e+00 8.385742e-01
-1.000000e+00 -1.000000e+00 9.850000e+02 0.000000e+00 -1.000000e+00 -1.000000e+00 0.000000e+00 8.460609e-01 -1.000000e+00 0.000000e+00 9.050000e+02 -1.000000e+00 0.000000e+00 -1.000000e+00 -1.000000e+00 6.203228e-01 -1.000000e+00 0.000000e+00 -9.990070e+05 3.000000e+00 -1.000000e+00 -1.000000e+00 9.450000e+02 7.324703e-01 0.000000e+00 0.000000e+00 -1.000000e+00 1.934890e-01 -1.000000e+00 -9.990070e+05 1.934890e-01 9.387783e-01 9.869834e-01 -1.000000e+00 -1.000000e+00 -1.000000e+00 -1.0 0.000000e+00 7.704987e-01
