-1.000000e+00 -1.000000e+00 1.000000e+03 0.000000e+00 -1.000000e+00 -1.000000e+00 0.000000e+00 5.591570e-03 -1.000000e+00 0.000000e+00 6.000000e+01 -1.000000e+00 0.000000e+00 -1.000000e+00 -1.000000e+00 4.032491e-05 -1.000000e+00 0.000000e+00 -9.990070e+05 3.000000e+00 -1.000000e+00 -1.000000e+00 1.100000e+02 5.127892e-04 0.000000e+00 0.000000e+00 -1.000000e+00 2.195215e-02 -1.000000e+00 -9.990070e+05 2.195215e-02 4.551701e-02 2.255385e-01 -1.000000e+00 -1.000000e+00 -1.000000e+00 -1.0 0.000000e+00 2.832097e-02
-1.000000e+00 -1.000000e+00 1.000000e+03 0.000000e+00 -1.000000e+00 -1.000000e+00 0.000000e+00 7.349709e-02 -1.000000e+00 0.000000e+00 6.000000e+01 -1.000000e+00 0.000000e+00 -1.000000e+00 -1.000000e+00 3.314491e-03 -1.000000e+00 0.000000e+00 -9.990070e+05 3.000000e+00 -1.000000e+00 -1.000000e+00 1.600000e+02 1.662465e-02 0.000000e+00 0.000000e+00 -1.000000e+00 1.630266e-01 -1.000000e+00 -9.990070e+05 1.630266e-01 2.553559e-01 5.968494e-01 -1.000000e+00 -1.000000e+00 -1.000000e+00 -1.0 0.000000e+00 2.062714e-01
-1.000000e+00 -1.000000e+00 1.000000e+03 0.000000e+00 -1.000000e+00 -1.000000e+00 0.000000e+00 9.638076e-04 -1.000000e+00 0.000000e+00 6.000000e+01 -1.000000e+00 0.000000e+00 -1.000000e+00 -1.000000e+00 2.532807e-06 -1.000000e+00 0.000000e+00 -9.990070e+05 3.000000e+00 -1.000000e+00 -1.000000e+00 2.600000e+02 5.361253e-05 0.000000e+00 0.000000e+00 -1.000000e+00 5.075051e-03 -1.000000e+00 -9.990070e+05 5.075051e-03 1.271666e-02 9.889907e-02 -1.000000e+00 -1.000000e+00 -1.000000e+00 -1.0 0.000000e+00 6.613571e-03
-1.000000e+00 -1.000000e+00 1.000000e+03 0.000000e+00 -1.000000e+00 -1.000000e+00 0.000000e+00 8.072803e-07 -1.000000e+00 0.000000e+00 6.000000e+01 -1.000000e+00 0.000000e+00 -1.000000e+00 -1.000000e+00 9.016786e-11 -1.000000e+00 0.000000e+00 -9.990070e+05 3.000000e+00 -1.000000e+00 -1.000000e+00 4.600000e+02 9.339902e-09 0.000000e+00 0.000000e+00 -1.000000e+00 8.682324e-06 -1.000000e+00 -9.990070e+05 8.682324e-06 4.973187e-05 1.714283e-03 -1.000000e+00 -1.000000e+00 -1.000000e+00 -1.0 0.000000e+00 1.176428e-05
-1.000000e+00 -1.000000e+00 1.000000e+03 0.000000e+00 -1.000000e+00 -1.000000e+00 0.000000e+00 5.236783e-07 -1.000000e+00 0.000000e+00 6.000000e+01 -1.000000e+00 0.000000e+00 -1.000000e+00 -1.000000e+00 4.966776e-11 -1.000000e+00 0.000000e+00 -9.990070e+05 3.000000e+00 -1.000000e+00 -1.000000e+00 6.600000e+02 5.584755e-09 0.000000e+00 0.000000e+00 -1.000000e+00 5.778043e-06 -1.000000e+00 -9.990070e+05 5.778043e-06 3.496594e-05 1.304322e-03 -1.000000e+00 -1.000000e+00 -1.000000e+00 -1.0 0.000000e+00 7.848626e-06
-1.000000e+00 -1.000000e+00 1.000000e+03 0.000000e+00 -1.000000e+00 -1.000000e+00 0.000000e+00 2.746532e-06 -1.000000e+00 0.000000e+00 6.000000e+01 -1.000000e+00 0.000000e+00 -1.000000e+00 -1.000000e+00 4.941212e-10 -1.000000e+00 0.000000e+00 -9.990070e+05 3.000000e+00 -1.000000e+00 -1.000000e+00 7.000000e+01 4.029074e-08 0.000000e+00 0.000000e+00 -1.000000e+00 2.917895e-05 -1.000000e+00 -9.990070e+05 2.917895e-05 1.338391e-04 3.667639e-03 -1.000000e+00 -1.000000e+00 -1.000000e+00 -1.0 0.000000e+00 3.898677e-05
-1.000000e+00 -1.000000e+00 1.000000e+03 0.000000e+00 -1.000000e+00 -1.000000e+00 0.000000e+00 7.268105e-06 -1.000000e+00 0.000000e+00 6.000000e+01 -1.000000e+00 0.000000e+00 -1.000000e+00 -1.000000e+00 1.941335e-09 -1.000000e+00 0.000000e+00 -9.990070e+05 3.000000e+00 -1.000000e+00 -1.000000e+00 8.000000e+02 1.298025e-07 0.000000e+00 0.000000e+00 -1.000000e+00 6.966085e-05 -1.000000e+00 -9.990070e+05 6.966085e-05 2.917259e-04 6.615679e-03 -1.000000e+00 -1.000000e+00 -1.000000e+00 -1.0 0.000000e+00 9.280949e-05
-1.000000e+00 -1.000000e+00 1.000000e+03 0.000000e+00 -1.000000e+00 -1.000000e+00 0.000000e+00 4.043295e-04 -1.000000e+00 0.000000e+00 6.000000e+01 -1.000000e+00 0.000000e+00 -1.000000e+00 -1.000000e+00 6.753202e-07 -1.000000e+00 0.000000e+00 -9.990070e+05 3.000000e+00 -1.000000e+00 -1.000000e+00 8.600000e+02 1.796183e-05 0.000000e+00 0.000000e+00 -1.000000e+00 2.361332e-03 -1.000000e+00 -9.990070e+05 2.361332e-03 6.639953e-03 6.356314e-02 -1.000000e+00 -1.000000e+00 -1.000000e+00 -1.0 0.000000e+00 3.099963e-03
-1.000000e+00 -1.000000e+00 1.000000e+03 0.000000e+00 -1.000000e+00 -1.000000e+00 0.000000e+00 3.295087e-03 -1.000000e+00 0.000000e+00 6.000000e+01 -1.000000e+00 0.000000e+00 -1.000000e+00 -1.000000e+00 1.727760e-05 -1.000000e+00 0.000000e+00 -9.990070e+05 3.000000e+00 -1.000000e+00 -1.000000e+00 9.000000e+02 2.580991e-04 0.000000e+00 0.000000e+00 -1.000000e+00 1.428236e-02 -1.000000e+00 -9.990070e+05 1.428236e-02 3.121690e-02 1.779712e-01 -1.000000e+00 -1.000000e+00 -1.000000e+00 -1.0 0.000000e+00 1.847241e-02
-1.000000e+00 -1.000000e+00 1.000000e+03 0.000000e+00 -1.000000e+00 -1.000000e+00 0.000000e+00 8.462336e-03 -1.000000e+00 0.000000e+00 6.000000e+01 -1.000000e+00 0.000000e+00 -1.000000e+00 -1.000000e+00 7.919246e-05 -1.000000e+00 0.000000e+00 -9.990070e+05 3.000000e+00 -1.000000e+00 -1.000000e+00 9.500000e+02 8.827226e-04 0.000000e+00 0.000000e+00 -1.000000e+00 3.031749e-02 -1.000000e+00 -9.990070e+05 3.031749e-02 6.089045e-02 2.694832e-01 -1.000000e+00 -1.000000e+00 -1.000000e+00 -1.0 0.000000e+00 3.909694e-02
-1.000000e+00 -1.000000e+00 1.000000e+03 0.000000e+00 -1.000000e+00 -1.000000e+00 0.000000e+00 6.911396e-03 -1.000000e+00 0.000000e+00 6.000000e+01 -1.000000e+00 0.000000e+00 -1.000000e+00 -1.000000e+00 5.687538e-05 -1.000000e+00 0.000000e+00 -9.990070e+05 3.000000e+00 -1.000000e+00 -1.000000e+00 9.900000e+02 6.765635e-04 0.000000e+00 0.000000e+00 -1.000000e+00 2.607052e-02 -1.000000e+00 -9.990070e+05 2.607052e-02 5.284830e-02 2.472504e-01 -1.000000e+00 -1.000000e+00 -1.000000e+00 -1.0 0.000000e+00 3.359133e-02
-1.000000e+00 -1.000000e+00 1.025000e+03 0.000000e+00 -1.000000e+00 -1.000000e+00 0.000000e+00 9.495310e-01 -1.000000e+00 0.000000e+00 8.650000e+02 -1.000000e+00 0.000000e+00 -1.000000e+00 -1.000000e+00 8.589959e-01 -1.000000e+00 0.000000e+00 -9.990070e+05 3.000000e+00 -1.000000e+00 -1.000000e+00 9.450000e+02 9.065186e-01 1.000000e+00 0.000000e+00 -1.000000e+00 5.000000e-01 -1.000000e+00 -9.990070e+05 5.000000e-01 9.812204e-01 9.962746e-01 -1.000000e+00 -1.000000e+00 -1.000000e+00 -1.0 0.000000e+00 9.519558e-01
-1.000000e+00 -1.000000e+00 1.037000e+03 4.000000e+03 -1.000000e+00 -1.000000e+00 0.000000e+00 9.664588e-01 -1.000000e+00 1.000000e+00 1.015000e+03 -1.000000e+00 0.000000e+00 -1.000000e+00 -1.000000e+00 9.043150e-01 -1.000000e+00 1.000000e+00 -9.990070e+05 3.000000e+00 -1.000000e+00 -1.000000e+00 1.026000e+03 9.372161e-01 1.000000e+00 0.000000e+00 -1.000000e+00 5.000000e-01 -1.000000e+00 -9.990070e+05 5.000000e-01 9.876522e-01 9.975771e-01 -1.000000e+00 -1.000000e+00 -1.000000e+00 -1.0 0.000000e+00 9.675473e-01
-1.000000e+00 -1.000000e+00 1.065000e+03 4.000000e+03 -1.000000e+00 -1.000000e+00 0.000000e+00 9.839599e-01 -1.000000e+00 1.000000e+00 9.850000e+02 -1.000000e+00 0.000000e+00 -1.000000e+00 -1.000000e+00 9.532371e-01 -1.000000e+00 1.000000e+00 -9.990070e+05 2.000000e+00 -1.000000e+00 -1.000000e+00 1.025000e+03 9.696460e-01 1.000000e+00 0.000000e+00 -1.000000e+00 5.000000e-01 -1.000000e+00 -9.990070e+05 5.000000e-01 9.941598e-01 9.988667e-01 -1.000000e+00 -1.000000e+00 -1.000000e+00 -1.0 1.000000e+00 9.842131e-01
-1.000000e+00 -1.000000e+00 1.065000e+03 0.000000e+00 -1.000000e+00 -1.000000e+00 0.000000e+00 4.200008e-07 -1.000000e+00 0.000000e+00 2.500000e+01 -1.000000e+00 0.000000e+00 -1.000000e+00 -1.000000e+00 3.668294e-11 -1.000000e+00 0.000000e+00 -9.990070e+05 3.000000e+00 -1.000000e+00 -1.000000e+00 5.450000e+02 4.298883e-09 0.000000e+00 0.000000e+00 -1.000000e+00 5.016381e-06 -1.000000e+00 -9.990070e+05 5.016381e-06 2.920554e-05 1.133728e-03 -1.000000e+00 -1.000000e+00 -1.000000e+00 -1.0 0.000000e+00 6.779338e-06
-1.000000e+00 -1.000000e+00 1.065000e+03 0.000000e+00 -1.000000e+00 -1.000000e+00 0.000000e+00 2.361099e-01 -1.000000e+00 0.000000e+00 5.050000e+02 -1.000000e+00 0.000000e+00 -1.000000e+00 -1.000000e+00 3.183961e-02 -1.000000e+00 0.000000e+00 -9.990070e+05 3.000000e+00 -1.000000e+00 -1.000000e+00 7.850000e+02 9.109689e-02 0.000000e+00 0.000000e+00 -1.000000e+00 3.656357e-01 -1.000000e+00 -9.990070e+05 3.656357e-01 5.071717e-01 8.109807e-01 -1.000000e+00 -1.000000e+00 -1.000000e+00 -1.0 0.000000e+00 4.570910e-01
-1.000000e+00 -1.000000e+00 1.105000e+03 0.000000e+00 -1.000000e+00 -1.000000e+00 0.000000e+00 2.047013e-05 -1.000000e+00 0.000000e+00 1.450000e+02 -1.000000e+00 0.000000e+00 -1.000000e+00 -1.000000e+00 8.477275e-09 -1.000000e+00 0.000000e+00 -9.990070e+05 3.000000e+00 -1.000000e+00 -1.000000e+00 6.250000e+02 4.547295e-07 0.000000e+00 0.000000e+00 -1.000000e+00 1.756353e-04 -1.000000e+00 -9.990070e+05 1.756353e-04 6.628082e-04 1.219742e-02 -1.000000e+00 -1.000000e+00 -1.000000e+00 -1.0 0.000000e+00 2.330992e-04
-1.000000e+00 -1.000000e+00 1.105000e+03 0.000000e+00 -1.000000e+00 -1.000000e+00 0.000000e+00 4.957601e-01 -1.000000e+00 0.000000e+00 6.250000e+02 -1.000000e+00 0.000000e+00 -1.000000e+00 -1.000000e+00 1.612384e-01 -1.000000e+00 0.000000e+00 -9.990070e+05 3.000000e+00 -1.000000e+00 -1.000000e+00 8.650000e+02 2.922334e-01 1.000000e+00 0.000000e+00 -1.000000e+00 5.000000e-01 -1.000000e+00 -9.990070e+05 5.000000e-01 7.429416e-01 9.274864e-01 -1.000000e+00 -1.000000e+00 -1.000000e+00 -1.0 0.000000e+00 6.647876e-01
-1.000000e+00 -1.000000e+00 1.145000e+03 0.000000e+00 -1.000000e+00 -1.000000e+00 0.000000e+00 1.828609e-04 -1.000000e+00 0.000000e+00 2.650000e+02 -1.000000e+00 0.000000e+00 -1.000000e+00 -1.000000e+00 2.061365e-07 -1.000000e+00 0.000000e+00 -9.990070e+05 3.000000e+00 -1.000000e+00 -1.000000e+00 7.050000e+02 6.682705e-06 0.000000e+00 0.000000e+00 -1.000000e+00 1.216432e-03 -1.000000e+00 -9.990070e+05 1.216432e-03 3.633643e-03 4.173985e-02 -1.000000e+00 -1.000000e+00 -1.000000e+00 -1.0 0.000000e+00 1.598142e-03
-1.000000e+00 -1.000000e+00 1.145000e+03 0.000000e+00 -1.000000e+00 -1.000000e+00 0.000000e+00 7.722604e-01 -1.000000e+00 0.000000e+00 7.450000e+02 -1.000000e+00 0.000000e+00 -1.000000e+00 -1.000000e+00 4.847223e-01 -1.000000e+00 0.000000e+00 -9.990070e+05 3.000000e+00 -1.000000e+00 -1.000000e+00 9.450000e+02 6.216381e-01 1.000000e+00 0.000000e+00 -1.000000e+00 5.000000e-01 -1.000000e+00 -9.990070e+05 5.000000e-01 9.048941e-01 9.786859e-01 -1.000000e+00 -1.000000e+00 -1.000000e+00 -1.0 0.000000e+00 8.145050e-01
-1.000000e+00 -1.000000e+00 1.185000e+03 0.000000e+00 -1.000000e+00 -1.000000e+00 0.000000e+00 9.395544e-01 -1.000000e+00 0.000000e+00 8.650000e+02 -1.000000e+00 0.000000e+00 -1.000000e+00 -1.000000e+00 8.331749e-01 -1.000000e+00 0.000000e+00 -9.990070e+05 3.000000e+00 -1.000000e+00 -1.000000e+00 1.025000e+03 8.887298e-01 1.000000e+00 0.000000e+00 -1.000000e+00 5.000000e-01 -1.000000e+00 -9.990070e+05 5.000000e-01 9.773652e-01 9.954807e-01 -1.000000e+00 -1.000000e+00 -1.000000e+00 -1.0 0.000000e+00 9.429998e-01
-1.000000e+00 -1.000000e+00 1.185000e+03 0.000000e+00 -1.000000e+00 -1.000000e+00 0.000000e+00 1.440151e-02 -1.000000e+00 0.000000e+00 3.850000e+02 -1.000000e+00 0.000000e+00 -1.000000e+00 -1.000000e+00 1.912992e-04 -1.000000e+00 0.000000e+00 -9.990070e+05 3.000000e+00 -1.000000e+00 -1.000000e+00 7.850000e+02 1.785825e-03 0.000000e+00 0.000000e+00 -1.000000e+00 4.688644e-02 -1.000000e+00 -9.990070e+05 4.688644e-02 8.787830e-02 3.350272e-01 -1.000000e+00 -1.000000e+00 -1.000000e+00 -1.0 0.000000e+00 6.013198e-02
-1.000000e+00 -1.000000e+00 1.200000e+03 0.000000e+00 -1.000000e+00 -1.000000e+00 0.000000e+00 2.329746e-03 -1.000000e+00 0.000000e+00 6.000000e+01 -1.000000e+00 0.000000e+00 -1.000000e+00 -1.000000e+00 9.987280e-06 -1.000000e+00 0.000000e+00 -9.990070e+05 3.000000e+00 -1.000000e+00 -1.000000e+00 1.000000e+03 1.651634e-04 0.000000e+00 0.000000e+00 -1.000000e+00 1.064994e-02 -1.000000e+00 -9.990070e+05 1.064994e-02 2.430178e-02 1.515471e-01 -1.000000e+00 -1.000000e+00 -1.000000e+00 -1.0 0.000000e+00 1.381396e-02
-1.000000e+00 -1.000000e+00 1.200000e+03 0.000000e+00 -1.000000e+00 -1.000000e+00 0.000000e+00 3.266447e-02 -1.000000e+00 0.000000e+00 6.000000e+01 -1.000000e+00 0.000000e+00 -1.000000e+00 -1.000000e+00 7.761054e-04 -1.000000e+00 0.000000e+00 -9.990070e+05 3.000000e+00 -1.000000e+00 -1.000000e+00 1.060000e+03 5.394152e-03 0.000000e+00 0.000000e+00 -1.000000e+00 8.906082e-02 -1.000000e+00 -9.990070e+05 8.906082e-02 1.520660e-01 4.562171e-01 -1.000000e+00 -1.000000e+00 -1.000000e+00 -1.0 0.000000e+00 1.134351e-01
-1.000000e+00 -1.000000e+00 1.200000e+03 0.000000e+00 -1.000000e+00 -1.000000e+00 0.000000e+00 8.379005e-02 -1.000000e+00 0.000000e+00 6.000000e+01 -1.000000e+00 0.000000e+00 -1.000000e+00 -1.000000e+00 4.223272e-03 -1.000000e+00 0.000000e+00 -9.990070e+05 3.000000e+00 -1.000000e+00 -1.000000e+00 1.100000e+03 2.001390e-02 0.000000e+00 0.000000e+00 -1.000000e+00 1.789881e-01 -1.000000e+00 -9.990070e+05 1.789881e-01 2.768999e-01 6.208889e-01 -1.000000e+00 -1.000000e+00 -1.000000e+00 -1.0 0.000000e+00 2.262823e-01
-1.000000e+00 -1.000000e+00 1.200000e+03 0.000000e+00 -1.000000e+00 -1.000000e+00 0.000000e+00 1.465361e-02 -1.000000e+00 0.000000e+00 6.000000e+01 -1.000000e+00 0.000000e+00 -1.000000e+00 -1.000000e+00 1.969510e-04 -1.000000e+00 0.000000e+00 -9.990070e+05 3.000000e+00 -1.000000e+00 -1.000000e+00 1.100000e+02 1.827661e-03 0.000000e+00 0.000000e+00 -1.000000e+00 4.791004e-02 -1.000000e+00 -9.990070e+05 4.791004e-02 8.892499e-02 3.373432e-01 -1.000000e+00 -1.000000e+00 -1.000000e+00 -1.0 0.000000e+00 6.134938e-02
-1.000000e+00 -1.000000e+00 1.200000e+03 0.000000e+00 -1.000000e+00 -1.000000e+00 0.000000e+00 1.801147e-01 -1.000000e+00 0.000000e+00 6.000000e+01 -1.000000e+00 0.000000e+00 -1.000000e+00 -1.000000e+00 1.838609e-02 -1.000000e+00 0.000000e+00 -9.990070e+05 3.000000e+00 -1.000000e+00 -1.000000e+00 1.150000e+03 6.070708e-02 0.000000e+00 0.000000e+00 -1.000000e+00 3.064340e-01 -1.000000e+00 -9.990070e+05 3.064340e-01 4.359413e-01 7.625932e-01 -1.000000e+00 -1.000000e+00 -1.000000e+00 -1.0 0.000000e+00 3.840134e-01
-1.000000e+00 -1.000000e+00 1.200000e+03 0.000000e+00 -1.000000e+00 -1.000000e+00 0.000000e+00 1.851755e-01 -1.000000e+00 0.000000e+00 6.000000e+01 -1.000000e+00 0.000000e+00 -1.000000e+00 -1.000000e+00 1.943345e-02 -1.000000e+00 0.000000e+00 -9.990070e+05 3.000000e+00 -1.000000e+00 -1.000000e+00 1.190000e+03 6.325875e-02 0.000000e+00 0.000000e+00 -1.000000e+00 3.124272e-01 -1.000000e+00 -9.990070e+05 3.124272e-01 4.428572e-01 7.676300e-01 -1.000000e+00 -1.000000e+00 -1.000000e+00 -1.0 0.000000e+00 3.913049e-01
-1.000000e+00 -1.000000e+00 1.200000e+03 0.000000e+00 -1.000000e+00 -1.000000e+00 0.000000e+00 1.270894e-01 -1.000000e+00 0.000000e+00 6.000000e+01 -1.000000e+00 0.000000e+00 -1.000000e+00 -1.000000e+00 9.283375e-03 -1.000000e+00 0.000000e+00 -9.990070e+05 3.000000e+00 -1.000000e+00 -1.000000e+00 1.600000e+02 3.639161e-02 0.000000e+00 0.000000e+00 -1.000000e+00 2.416894e-01 -1.000000e+00 -9.990070e+05 2.416894e-01 3.560432e-01 6.982492e-01 -1.000000e+00 -1.000000e+00 -1.000000e+00 -1.0 0.000000e+00 3.039132e-01
-1.000000e+00 -1.000000e+00 1.200000e+03 0.000000e+00 -1.000000e+00 -1.000000e+00 0.000000e+00 7.387248e-03 -1.000000e+00 0.000000e+00 6.000000e+01 -1.000000e+00 0.000000e+00 -1.000000e+00 -1.000000e+00 6.339947e-05 -1.000000e+00 0.000000e+00 -9.990070e+05 3.000000e+00 -1.000000e+00 -1.000000e+00 2.600000e+02 7.383163e-04 0.000000e+00 0.000000e+00 -1.000000e+00 2.766086e-02 -1.000000e+00 -9.990070e+05 2.766086e-02 5.537482e-02 2.543998e-01 -1.000000e+00 -1.000000e+00 -1.000000e+00 -1.0 0.000000e+00 3.559379e-02
-1.000000e+00 -1.000000e+00 1.200000e+03 0.000000e+00 -1.000000e+00 -1.000000e+00 0.000000e+00 3.347788e-05 -1.000000e+00 0.000000e+00 6.000000e+01 -1.000000e+00 0.000000e+00 -1.000000e+00 -1.000000e+00 1.719966e-08 -1.000000e+00 0.000000e+00 -9.990070e+05 3.000000e+00 -1.000000e+00 -1.000000e+00 4.600000e+02 8.278664e-07 0.000000e+00 0.000000e+00 -1.000000e+00 2.726254e-04 -1.000000e+00 -9.990070e+05 2.726254e-04 9.755574e-04 1.620899e-02 -1.000000e+00 -1.000000e+00 -1.000000e+00 -1.0 0.000000e+00 3.609986e-04
-1.000000e+00 -1.000000e+00 1.200000e+03 0.000000e+00 -1.000000e+00 -1.000000e+00 0.000000e+00 2.239839e-06 -1.000000e+00 0.000000e+00 6.000000e+01 -1.000000e+00 0.000000e+00 -1.000000e+00 -1.000000e+00 3.716425e-10 -1.000000e+00 0.000000e+00 -9.990070e+05 3.000000e+00 -1.000000e+00 -1.000000e+00 6.600000e+02 3.156019e-08 0.000000e+00 0.000000e+00 -1.000000e+00 2.301459e-05 -1.000000e+00 -9.990070e+05 2.301459e-05 1.135750e-04 3.235671e-03 -1.000000e+00 -1.000000e+00 -1.000000e+00 -1.0 0.000000e+00 3.093582e-05
-1.000000e+00 -1.000000e+00 1.200000e+03 0.000000e+00 -1.000000e+00 -1.000000e+00 0.000000e+00 1.590757e-04 -1.000000e+00 0.000000e+00 6.000000e+01 -1.000000e+00 0.000000e+00 -1.000000e+00 -1.000000e+00 1.676704e-07 -1.000000e+00 0.000000e+00 -9.990070e+05 3.000000e+00 -1.000000e+00 -1.000000e+00 7.000000e+01 5.622620e-06 0.000000e+00 0.000000e+00 -1.000000e+00 1.076633e-03 -1.000000e+00 -9.990070e+05 1.076633e-03 3.265908e-03 3.870955e-02 -1.000000e+00 -1.000000e+00 -1.000000e+00 -1.0 0.000000e+00 1.415513e-03
-1.000000e+00 -1.000000e+00 1.200000e+03 0.000000e+00 -1.000000e+00 -1.000000e+00 0.000000e+00 7.162566e-06 -1.000000e+00 0.000000e+00 6.000000e+01 -1.000000e+00 0.000000e+00 -1.000000e+00 -1.000000e+00 1.901593e-09 -1.000000e+00 0.000000e+00 -9.990070e+05 3.000000e+00 -1.000000e+00 -1.000000e+00 8.600000e+02 1.275327e-07 0.000000e+00 0.000000e+00 -1.000000e+00 6.882966e-05 -1.000000e+00 -9.990070e+05 6.882966e-05 2.883449e-04 6.557955e-03 -1.000000e+00 -1.000000e+00 -1.000000e+00 -1.0 0.000000e+00 9.169626e-05
-1.000000e+00 -1.000000e+00 1.225000e+03 0.000000e+00 -1.000000e+00 -1.000000e+00 0.000000e+00 9.842863e-01 -1.000000e+00 0.000000e+00 9.850000e+02 -1.000000e+00 0.000000e+00 -1.000000e+00 -1.000000e+00 9.541700e-01 -1.000000e+00 0.000000e+00 -9.990070e+05 3.000000e+00 -1.000000e+00 -1.000000e+00 1.105000e+03 9.702576e-01 1.000000e+00 0.000000e+00 -1.000000e+00 5.000000e-01 -1.000000e+00 -9.990070e+05 5.000000e-01 9.942798e-01 9.988902e-01 -1.000000e+00 -1.000000e+00 -1.000000e+00 -1.0 0.000000e+00 9.845294e-01
-1.000000e+00 -1.000000e+00 1.225000e+03 0.000000e+00 -1.000000e+00 -1.000000e+00 0.000000e+00 5.806850e-06 -1.000000e+00 0.000000e+00 2.500000e+01 -1.000000e+00 0.000000e+00 -1.000000e+00 -1.000000e+00 1.413946e-09 -1.000000e+00 0.000000e+00 -9.990070e+05 3.000000e+00 -1.000000e+00 -1.000000e+00 6.250000e+02 9.903750e-08 0.000000e+00 0.000000e+00 -1.000000e+00 5.643511e-05 -1.000000e+00 -9.990070e+05 5.643511e-05 2.438966e-04 5.781189e-03 -1.000000e+00 -1.000000e+00 -1.000000e+00 -1.0 0.000000e+00 7.532037e-05
-1.000000e+00 -1.000000e+00 1.225000e+03 0.000000e+00 -1.000000e+00 -1.000000e+00 0.000000e+00 8.763794e-02 -1.000000e+00 0.000000e+00 5.050000e+02 -1.000000e+00 0.000000e+00 -1.000000e+00 -1.000000e+00 4.591396e-03 -1.000000e+00 0.000000e+00 -9.990070e+05 3.000000e+00 -1.000000e+00 -1.000000e+00 8.650000e+02 2.133298e-02 0.000000e+00 0.000000e+00 -1.000000e+00 1.852005e-01 -1.000000e+00 -9.990070e+05 1.852005e-01 2.846340e-01 6.291738e-01 -1.000000e+00 -1.000000e+00 -1.000000e+00 -1.0 0.000000e+00 2.339331e-01
-1.000000e+00 -1.000000e+00 1.265000e+03 0.000000e+00 -1.000000e+00 -1.000000e+00 0.000000e+00 3.649131e-05 -1.000000e+00 0.000000e+00 1.450000e+02 -1.000000e+00 0.000000e+00 -1.000000e+00 -1.000000e+00 1.947960e-08 -1.000000e+00 0.000000e+00 -9.990070e+05 3.000000e+00 -1.000000e+00 -1.000000e+00 7.050000e+02 9.197324e-07 0.000000e+00 0.000000e+00 -1.000000e+00 2.966712e-04 -1.000000e+00 -9.990070e+05 2.966712e-04 1.043666e-03 1.702939e-02 -1.000000e+00 -1.000000e+00 -1.000000e+00 -1.0 0.000000e+00 3.923395e-04
-1.000000e+00 -1.000000e+00 1.265000e+03 0.000000e+00 -1.000000e+00 -1.000000e+00 0.000000e+00 3.665530e-01 -1.000000e+00 0.000000e+00 6.250000e+02 -1.000000e+00 0.000000e+00 -1.000000e+00 -1.000000e+00 8.124501e-02 -1.000000e+00 0.000000e+00 -9.990070e+05 3.000000e+00 -1.000000e+00 -1.000000e+00 9.450000e+02 1.797836e-01 0.000000e+00 0.000000e+00 -1.000000e+00 4.822688e-01 -1.000000e+00 -9.990070e+05 4.822688e-01 6.402335e-01 8.837970e-01 -1.000000e+00 -1.000000e+00 -1.000000e+00 -1.0 0.000000e+00 5.993235e-01
-1.000000e+00 -1.000000e+00 1.305000e+03 0.000000e+00 -1.000000e+00 -1.000000e+00 0.000000e+00 6.891311e-01 -1.000000e+00 0.000000e+00 7.450000e+02 -1.000000e+00 0.000000e+00 -1.000000e+00 -1.000000e+00 3.602951e-01 -1.000000e+00 0.000000e+00 -9.990070e+05 3.000000e+00 -1.000000e+00 -1.000000e+00 1.025000e+03 5.089745e-01 1.000000e+00 0.000000e+00 -1.000000e+00 5.000000e-01 -1.000000e+00 -9.990070e+05 5.000000e-01 8.625898e-01 9.672008e-01 -1.000000e+00 -1.000000e+00 -1.000000e+00 -1.0 0.000000e+00 7.628528e-01
-1.000000e+00 -1.000000e+00 1.305000e+03 0.000000e+00 -1.000000e+00 -1.000000e+00 0.000000e+00 5.877808e-04 -1.000000e+00 0.000000e+00 2.650000e+02 -1.000000e+00 0.000000e+00 -1.000000e+00 -1.000000e+00 1.189599e-06 -1.000000e+00 0.000000e+00 -9.990070e+05 3.000000e+00 -1.000000e+00 -1.000000e+00 7.850000e+02 2.872278e-05 0.000000e+00 0.000000e+00 -1.000000e+00 3.309082e-03 -1.000000e+00 -9.990070e+05 3.309082e-03 8.796546e-03 7.708556e-02 -1.000000e+00 -1.000000e+00 -1.000000e+00 -1.0 0.000000e+00 4.326917e-03
-1.000000e+00 -1.000000e+00 1.345000e+03 0.000000e+00 -1.000000e+00 -1.000000e+00 0.000000e+00 8.837303e-01 -1.000000e+00 0.000000e+00 8.650000e+02 -1.000000e+00 0.000000e+00 -1.000000e+00 -1.000000e+00 7.000765e-01 -1.000000e+00 0.000000e+00 -9.990070e+05 3.000000e+00 -1.000000e+00 -1.000000e+00 1.105000e+03 7.932135e-01 1.000000e+00 0.000000e+00 -1.000000e+00 5.000000e-01 -1.000000e+00 -9.990070e+05 5.000000e-01 9.548766e-01 9.906505e-01 -1.000000e+00 -1.000000e+00 -1.000000e+00 -1.0 0.000000e+00 8.958408e-01
-1.000000e+00 -1.000000e+00 1.345000e+03 0.000000e+00 -1.000000e+00 -1.000000e+00 0.000000e+00 1.031704e-02 -1.000000e+00 0.000000e+00 3.850000e+02 -1.000000e+00 0.000000e+00 -1.000000e+00 -1.000000e+00 1.097689e-04 -1.000000e+00 0.000000e+00 -9.990070e+05 3.000000e+00 -1.000000e+00 -1.000000e+00 8.650000e+02 1.146609e-03 0.000000e+00 0.000000e+00 -1.000000e+00 3.602040e-02 -1.000000e+00 -9.990070e+05 3.602040e-02 6.987544e-02 2.926895e-01 -1.000000e+00 -1.000000e+00 -1.000000e+00 -1.0 0.000000e+00 4.628630e-02
-1.000000e+00 -1.000000e+00 1.385000e+03 0.000000e+00 -1.000000e+00 -1.000000e+00 0.000000e+00 9.147898e-01 -1.000000e+00 0.000000e+00 9.850000e+02 -1.000000e+00 0.000000e+00 -1.000000e+00 -1.000000e+00 7.718124e-01 -1.000000e+00 0.000000e+00 -9.990070e+05 3.000000e+00 -1.000000e+00 -1.000000e+00 1.185000e+03 8.455263e-01 1.000000e+00 0.000000e+00 -1.000000e+00 5.000000e-01 -1.000000e+00 -9.990070e+05 5.000000e-01 9.675840e-01 9.934216e-01 -1.000000e+00 -1.000000e+00 -1.000000e+00 -1.0 0.000000e+00 9.214805e-01
-1.000000e+00 -1.000000e+00 1.385000e+03 0.000000e+00 -1.000000e+00 -1.000000e+00 0.000000e+00 7.062670e-04 -1.000000e+00 0.000000e+00 2.500000e+01 -1.000000e+00 0.000000e+00 -1.000000e+00 -1.000000e+00 1.573392e-06 -1.000000e+00 0.000000e+00 -9.990070e+05 3.000000e+00 -1.000000e+00 -1.000000e+00 7.050000e+02 3.619598e-05 0.000000e+00 0.000000e+00 -1.000000e+00 3.891233e-03 -1.000000e+00 -9.990070e+05 3.891233e-03 1.009115e-02 8.462559e-02 -1.000000e+00 -1.000000e+00 -1.000000e+00 -1.0 0.000000e+00 5.079871e-03
-1.000000e+00 -1.000000e+00 1.385000e+03 0.000000e+00 -1.000000e+00 -1.000000e+00 0.000000e+00 8.574189e-02 -1.000000e+00 0.000000e+00 5.050000e+02 -1.000000e+00 0.000000e+00 -1.000000e+00 -1.000000e+00 4.408061e-03 -1.000000e+00 0.000000e+00 -9.990070e+05 3.000000e+00 -1.000000e+00 -1.000000e+00 9.450000e+02 2.067952e-02 0.000000e+00 0.000000e+00 -1.000000e+00 1.828929e-01 -1.000000e+00 -9.990070e+05 1.828929e-01 2.808434e-01 6.251351e-01 -1.000000e+00 -1.000000e+00 -1.000000e+00 -1.0 0.000000e+00 2.308815e-01
-1.000000e+00 -1.000000e+00 1.400000e+03 0.000000e+00 -1.000000e+00 -1.000000e+00 0.000000e+00 6.436404e-03 -1.000000e+00 0.000000e+00 6.000000e+01 -1.000000e+00 0.000000e+00 -1.000000e+00 -1.000000e+00 5.065448e-05 -1.000000e+00 0.000000e+00 -9.990070e+05 3.000000e+00 -1.000000e+00 -1.000000e+00 1.060000e+03 6.163173e-04 0.000000e+00 0.000000e+00 -1.000000e+00 2.459236e-02 -1.000000e+00 -9.990070e+05 2.459236e-02 5.026795e-02 2.397795e-01 -1.000000e+00 -1.000000e+00 -1.000000e+00 -1.0 0.000000e+00 3.170417e-02
-1.000000e+00 -1.000000e+00 1.400000e+03 0.000000e+00 -1.000000e+00 -1.000000e+00 0.000000e+00 1.274820e-01 -1.000000e+00 0.000000e+00 6.000000e+01 -1.000000e+00 0.000000e+00 -1.000000e+00 -1.000000e+00 9.338692e-03 -1.000000e+00 0.000000e+00 -9.990070e+05 3.000000e+00 -1.000000e+00 -1.000000e+00 1.100000e+02 3.655495e-02 0.000000e+00 0.000000e+00 -1.000000e+00 2.425644e-01 -1.000000e+00 -9.990070e+05 2.425644e-01 3.566934e-01 6.988231e-01 -1.000000e+00 -1.000000e+00 -1.000000e+00 -1.0 0.000000e+00 3.048800e-01
-1.000000e+00 -1.000000e+00 1.400000e+03 0.000000e+00 -1.000000e+00 -1.000000e+00 0.000000e+00 1.357042e-01 -1.000000e+00 0.000000e+00 6.000000e+01 -1.000000e+00 0.000000e+00 -1.000000e+00 -1.000000e+00 1.053737e-02 -1.000000e+00 0.000000e+00 -9.990070e+05 3.000000e+00 -1.000000e+00 -1.000000e+00 1.200000e+03 4.003428e-02 0.000000e+00 0.000000e+00 -1.000000e+00 2.524987e-01 -1.000000e+00 -9.990070e+05 2.524987e-01 3.700820e-01 7.104428e-01 -1.000000e+00 -1.000000e+00 -1.000000e+00 -1.0 0.000000e+00 3.174452e-01
-1.000000e+00 -1.000000e+00 1.400000e+03 0.000000e+00 -1.000000e+00 -1.000000e+00 0.000000e+00 3.414960e-01 -1.000000e+00 0.000000e+00 6.000000e+01 -1.000000e+00 0.000000e+00 -1.000000e+00 -1.000000e+00 6.956620e-02 -1.000000e+00 0.000000e+00 -9.990070e+05 3.000000e+00 -1.000000e+00 -1.000000e+00 1.260000e+03 1.608256e-01 0.000000e+00 0.000000e+00 -1.000000e+00 4.622928e-01 -1.000000e+00 -9.990070e+05 4.622928e-01 6.174107e-01 8.727162e-01 -1.000000e+00 -1.000000e+00 -1.000000e+00 -1.0 0.000000e+00 5.748807e-01
-1.000000e+00 -1.000000e+00 1.400000e+03 0.000000e+00 -1.000000e+00 -1.000000e+00 0.000000e+00 5.177168e-01 -1.000000e+00 0.000000e+00 6.000000e+01 -1.000000e+00 0.000000e+00 -1.000000e+00 -1.000000e+00 1.785502e-01 -1.000000e+00 0.000000e+00 -9.990070e+05 3.000000e+00 -1.000000e+00 -1.000000e+00 1.300000e+03 3.138408e-01 1.000000e+00 0.000000e+00 -1.000000e+00 5.000000e-01 -1.000000e+00 -9.990070e+05 5.000000e-01 7.583157e-01 9.332241e-01 -1.000000e+00 -1.000000e+00 -1.000000e+00 -1.0 0.000000e+00 6.746349e-01
-1.000000e+00 -1.000000e+00 1.400000e+03 0.000000e+00 -1.000000e+00 -1.000000e+00 0.000000e+00 5.737571e-01 -1.000000e+00 0.000000e+00 6.000000e+01 -1.000000e+00 0.000000e+00 -1.000000e+00 -1.000000e+00 2.283801e-01 -1.000000e+00 0.000000e+00 -9.990070e+05 3.000000e+00 -1.000000e+00 -1.000000e+00 1.350000e+03 3.723921e-01 1.000000e+00 0.000000e+00 -1.000000e+00 5.000000e-01 -1.000000e+00 -9.990070e+05 5.000000e-01 7.952933e-01 9.462352e-01 -1.000000e+00 -1.000000e+00 -1.000000e+00 -1.0 0.000000e+00 7.011428e-01
-1.000000e+00 -1.000000e+00 1.400000e+03 0.000000e+00 -1.000000e+00 -1.000000e+00 0.000000e+00 5.833462e-01 -1.000000e+00 0.000000e+00 6.000000e+01 -1.000000e+00 0.000000e+00 -1.000000e+00 -1.000000e+00 2.377705e-01 -1.000000e+00 0.000000e+00 -9.990070e+05 3.000000e+00 -1.000000e+00 -1.000000e+00 1.390000e+03 3.829092e-01 1.000000e+00 0.000000e+00 -1.000000e+00 5.000000e-01 -1.000000e+00 -9.990070e+05 5.000000e-01 8.013173e-01 9.482520e-01 -1.000000e+00 -1.000000e+00 -1.000000e+00 -1.0 0.000000e+00 7.058888e-01
-1.000000e+00 -1.000000e+00 1.400000e+03 0.000000e+00 -1.000000e+00 -1.000000e+00 0.000000e+00 3.767931e-01 -1.000000e+00 0.000000e+00 6.000000e+01 -1.000000e+00 0.000000e+00 -1.000000e+00 -1.000000e+00 8.634734e-02 -1.000000e+00 0.000000e+00 -9.990070e+05 3.000000e+00 -1.000000e+00 -1.000000e+00 1.600000e+02 1.877948e-01 0.000000e+00 0.000000e+00 -1.000000e+00 4.876332e-01 -1.000000e+00 -9.990070e+05 4.876332e-01 6.492521e-01 8.880302e-01 -1.000000e+00 -1.000000e+00 -1.000000e+00 -1.0 0.000000e+00 6.071739e-01
-1.000000e+00 -1.000000e+00 1.400000e+03 0.000000e+00 -1.000000e+00 -1.000000e+00 0.000000e+00 1.107066e-01 -1.000000e+00 0.000000e+00 6.000000e+01 -1.000000e+00 0.000000e+00 -1.000000e+00 -1.000000e+00 7.128758e-03 -1.000000e+00 0.000000e+00 -9.990070e+05 3.000000e+00 -1.000000e+00 -1.000000e+00 2.600000e+02 2.980803e-02 0.000000e+00 0.000000e+00 -1.000000e+00 2.197879e-01 -1.000000e+00 -9.990070e+05 2.197879e-01 3.279433e-01 6.725527e-01 -1.000000e+00 -1.000000e+00 -1.000000e+00 -1.0 0.000000e+00 2.766387e-01
-1.000000e+00 -1.000000e+00 1.400000e+03 0.000000e+00 -1.000000e+00 -1.000000e+00 0.000000e+00 8.513881e-03 -1.000000e+00 0.000000e+00 6.000000e+01 -1.000000e+00 0.000000e+00 -1.000000e+00 -1.000000e+00 7.998577e-05 -1.000000e+00 0.000000e+00 -9.990070e+05 3.000000e+00 -1.000000e+00 -1.000000e+00 4.600000e+02 8.898099e-04 0.000000e+00 0.000000e+00 -1.000000e+00 3.099656e-02 -1.000000e+00 -9.990070e+05 3.099656e-02 6.114874e-02 2.701730e-01 -1.000000e+00 -1.000000e+00 -1.000000e+00 -1.0 0.000000e+00 3.985384e-02
-1.000000e+00 -1.000000e+00 1.400000e+03 0.000000e+00 -1.000000e+00 -1.000000e+00 0.000000e+00 1.725723e-03 -1.000000e+00 0.000000e+00 6.000000e+01 -1.000000e+00 0.000000e+00 -1.000000e+00 -1.000000e+00 6.241404e-06 -1.000000e+00 0.000000e+00 -9.990070e+05 3.000000e+00 -1.000000e+00 -1.000000e+00 6.600000e+02 1.124611e-04 0.000000e+00 0.000000e+00 -1.000000e+00 8.292514e-03 -1.000000e+00 -9.990070e+05 8.292514e-03 1.952891e-02 1.314343e-01 -1.000000e+00 -1.000000e+00 -1.000000e+00 -1.0 0.000000e+00 1.077311e-02
-1.000000e+00 -1.000000e+00 1.400000e+03 0.000000e+00 -1.000000e+00 -1.000000e+00 0.000000e+00 1.693118e-02 -1.000000e+00 0.000000e+00 6.000000e+01 -1.000000e+00 0.000000e+00 -1.000000e+00 -1.000000e+00 2.511927e-04 -1.000000e+00 0.000000e+00 -9.990070e+05 3.000000e+00 -1.000000e+00 -1.000000e+00 7.000000e+01 2.217174e-03 0.000000e+00 0.000000e+00 -1.000000e+00 5.364359e-02 -1.000000e+00 -9.990070e+05 5.364359e-02 9.810280e-02 3.570576e-01 -1.000000e+00 -1.000000e+00 -1.000000e+00 -1.0 0.000000e+00 6.863089e-02
-1.000000e+00 -1.000000e+00 1.400000e+03 0.000000e+00 -1.000000e+00 -1.000000e+00 0.000000e+00 1.228383e-03 -1.000000e+00 0.000000e+00 6.000000e+01 -1.000000e+00 0.000000e+00 -1.000000e+00 -1.000000e+00 3.681265e-06 -1.000000e+00 0.000000e+00 -9.990070e+05 3.000000e+00 -1.000000e+00 -1.000000e+00 8.600000e+02 7.292851e-05 0.000000e+00 0.000000e+00 -1.000000e+00 6.219197e-03 -1.000000e+00 -9.990070e+05 6.219197e-03 1.521452e-02 1.114720e-01 -1.000000e+00 -1.000000e+00 -1.000000e+00 -1.0 0.000000e+00 8.096390e-03
-1.000000e+00 -1.000000e+00 1.425000e+03 0.000000e+00 -1.000000e+00 -1.000000e+00 0.000000e+00 3.306031e-01 -1.000000e+00 0.000000e+00 6.250000e+02 -1.000000e+00 0.000000e+00 -1.000000e+00 -1.000000e+00 6.483493e-02 -1.000000e+00 0.000000e+00 -9.990070e+05 3.000000e+00 -1.000000e+00 -1.000000e+00 1.025000e+03 1.528691e-01 0.000000e+00 0.000000e+00 -1.000000e+00 4.525696e-01 -1.000000e+00 -9.990070e+05 4.525696e-01 6.071353e-01 8.675502e-01 -1.000000e+00 -1.000000e+00 -1.000000e+00 -1.0 0.000000e+00 5.633375e-01
-1.000000e+00 -1.000000e+00 1.425000e+03 0.000000e+00 -1.000000e+00 -1.000000e+00 0.000000e+00 2.723506e-03 -1.000000e+00 0.000000e+00 1.450000e+02 -1.000000e+00 0.000000e+00 -1.000000e+00 -1.000000e+00 1.277527e-05 -1.000000e+00 0.000000e+00 -9.990070e+05 3.000000e+00 -1.000000e+00 -1.000000e+00 7.850000e+02 2.018824e-04 0.000000e+00 0.000000e+00 -1.000000e+00 1.210761e-02 -1.000000e+00 -9.990070e+05 1.210761e-02 2.721163e-02 1.630093e-01 -1.000000e+00 -1.000000e+00 -1.000000e+00 -1.0 0.000000e+00 1.569456e-02
-1.000000e+00 -1.000000e+00 1.465000e+03 0.000000e+00 -1.000000e+00 -1.000000e+00 0.000000e+00 5.527863e-01 -1.000000e+00 0.000000e+00 7.450000e+02 -1.000000e+00 0.000000e+00 -1.000000e+00 -1.000000e+00 2.087453e-01 -1.000000e+00 0.000000e+00 -9.990070e+05 3.000000e+00 -1.000000e+00 -1.000000e+00 1.105000e+03 3.499029e-01 1.000000e+00 0.000000e+00 -1.000000e+00 5.000000e-01 -1.000000e+00 -9.990070e+05 5.000000e-01 7.818190e-01 9.416208e-01 -1.000000e+00 -1.000000e+00 -1.000000e+00 -1.0 0.000000e+00 6.909829e-01
-1.000000e+00 -1.000000e+00 1.465000e+03 0.000000e+00 -1.000000e+00 -1.000000e+00 0.000000e+00 1.158003e-02 -1.000000e+00 0.000000e+00 2.650000e+02 -1.000000e+00 0.000000e+00 -1.000000e+00 -1.000000e+00 1.329311e-04 -1.000000e+00 0.000000e+00 -9.990070e+05 3.000000e+00 -1.000000e+00 -1.000000e+00 8.650000e+02 1.336161e-03 0.000000e+00 0.000000e+00 -1.000000e+00 3.960947e-02 -1.000000e+00 -9.990070e+05 3.960947e-02 7.567430e-02 3.068808e-01 -1.000000e+00 -1.000000e+00 -1.000000e+00 -1.0 0.000000e+00 5.083428e-02
-1.000000e+00 -1.000000e+00 1.505000e+03 0.000000e+00 -1.000000e+00 -1.000000e+00 0.000000e+00 7.908771e-01 -1.000000e+00 0.000000e+00 8.650000e+02 -1.000000e+00 0.000000e+00 -1.000000e+00 -1.000000e+00 5.165275e-01 -1.000000e+00 0.000000e+00 -9.990070e+05 3.000000e+00 -1.000000e+00 -1.000000e+00 1.185000e+03 6.486067e-01 1.000000e+00 0.000000e+00 -1.000000e+00 5.000000e-01 -1.000000e+00 -9.990070e+05 5.000000e-01 9.137490e-01 9.809307e-01 -1.000000e+00 -1.000000e+00 -1.000000e+00 -1.0 0.000000e+00 8.270458e-01
-1.000000e+00 -1.000000e+00 1.505000e+03 0.000000e+00 -1.000000e+00 -1.000000e+00 0.000000e+00 4.811045e-02 -1.000000e+00 0.000000e+00 3.850000e+02 -1.000000e+00 0.000000e+00 -1.000000e+00 -1.000000e+00 1.537769e-03 -1.000000e+00 0.000000e+00 -9.990070e+05 3.000000e+00 -1.000000e+00 -1.000000e+00 9.450000e+02 9.191698e-03 0.000000e+00 0.000000e+00 -1.000000e+00 1.196582e-01 -1.000000e+00 -9.990070e+05 1.196582e-01 1.954434e-01 5.212767e-01 -1.000000e+00 -1.000000e+00 -1.000000e+00 -1.0 0.000000e+00 1.518397e-01
-1.000000e+00 -1.000000e+00 1.545000e+03 0.000000e+00 -1.000000e+00 -1.000000e+00 0.000000e+00 1.376151e-01 -1.000000e+00 0.000000e+00 5.050000e+02 -1.000000e+00 0.000000e+00 -1.000000e+00 -1.000000e+00 1.082702e-02 -1.000000e+00 0.000000e+00 -9.990070e+05 3.000000e+00 -1.000000e+00 -1.000000e+00 1.025000e+03 4.085884e-02 0.000000e+00 0.000000e+00 -1.000000e+00 2.551813e-01 -1.000000e+00 -9.990070e+05 2.551813e-01 3.731331e-01 7.130392e-01 -1.000000e+00 -1.000000e+00 -1.000000e+00 -1.0 0.000000e+00 3.206892e-01
-1.000000e+00 -1.000000e+00 1.545000e+03 0.000000e+00 -1.000000e+00 -1.000000e+00 0.000000e+00 9.015614e-01 -1.000000e+00 0.000000e+00 9.850000e+02 -1.000000e+00 0.000000e+00 -1.000000e+00 -1.000000e+00 7.405703e-01 -1.000000e+00 0.000000e+00 -9.990070e+05 3.000000e+00 -1.000000e+00 -1.000000e+00 1.265000e+03 8.229948e-01 1.000000e+00 0.000000e+00 -1.000000e+00 5.000000e-01 -1.000000e+00 -9.990070e+05 5.000000e-01 9.622327e-01 9.922679e-01 -1.000000e+00 -1.000000e+00 -1.000000e+00 -1.0 0.000000e+00 9.103831e-01
-1.000000e+00 -1.000000e+00 1.545000e+03 0.000000e+00 -1.000000e+00 -1.000000e+00 0.000000e+00 3.049959e-02 -1.000000e+00 0.000000e+00 2.500000e+01 -1.000000e+00 0.000000e+00 -1.000000e+00 -1.000000e+00 6.886767e-04 -1.000000e+00 0.000000e+00 -9.990070e+05 3.000000e+00 -1.000000e+00 -1.000000e+00 7.850000e+02 4.911983e-03 0.000000e+00 0.000000e+00 -1.000000e+00 8.456802e-02 -1.000000e+00 -9.990070e+05 8.456802e-02 1.453685e-01 4.451740e-01 -1.000000e+00 -1.000000e+00 -1.000000e+00 -1.0 0.000000e+00 1.077555e-01
-1.000000e+00 -1.000000e+00 1.585000e+03 0.000000e+00 -1.000000e+00 -1.000000e+00 0.000000e+00 3.069476e-01 -1.000000e+00 0.000000e+00 6.250000e+02 -1.000000e+00 0.000000e+00 -1.000000e+00 -1.000000e+00 5.525306e-02 -1.000000e+00 0.000000e+00 -9.990070e+05 3.000000e+00 -1.000000e+00 -1.000000e+00 1.105000e+03 1.361844e-01 0.000000e+00 0.000000e+00 -1.000000e+00 4.328212e-01 -1.000000e+00 -9.990070e+05 4.328212e-01 5.840227e-01 8.555130e-01 -1.000000e+00 -1.000000e+00 -1.000000e+00 -1.0 0.000000e+00 5.389930e-01
-1.000000e+00 -1.000000e+00 1.585000e+03 0.000000e+00 -1.000000e+00 -1.000000e+00 0.000000e+00 5.682055e-02 -1.000000e+00 0.000000e+00 1.450000e+02 -1.000000e+00 0.000000e+00 -1.000000e+00 -1.000000e+00 2.073543e-03 -1.000000e+00 0.000000e+00 -9.990070e+05 3.000000e+00 -1.000000e+00 -1.000000e+00 8.650000e+02 1.158545e-02 0.000000e+00 0.000000e+00 -1.000000e+00 1.353863e-01 -1.000000e+00 -9.990070e+05 1.353863e-01 2.172892e-01 5.504899e-01 -1.000000e+00 -1.000000e+00 -1.000000e+00 -1.0 0.000000e+00 1.715642e-01
-1.000000e+00 -1.000000e+00 1.600000e+03 0.000000e+00 -1.000000e+00 -1.000000e+00 0.000000e+00 7.845450e-02 -1.000000e+00 0.000000e+00 6.000000e+01 -1.000000e+00 0.000000e+00 -1.000000e+00 -1.000000e+00 3.738450e-03 -1.000000e+00 0.000000e+00 -9.990070e+05 3.000000e+00 -1.000000e+00 -1.000000e+00 1.060000e+03 1.823138e-02 0.000000e+00 0.000000e+00 -1.000000e+00 1.713304e-01 -1.000000e+00 -9.990070e+05 1.713304e-01 2.658953e-01 6.087917e-01 -1.000000e+00 -1.000000e+00 -1.000000e+00 -1.0 0.000000e+00 2.165284e-01
-1.000000e+00 -1.000000e+00 1.600000e+03 0.000000e+00 -1.000000e+00 -1.000000e+00 0.000000e+00 4.855007e-01 -1.000000e+00 0.000000e+00 6.000000e+01 -1.000000e+00 0.000000e+00 -1.000000e+00 -1.000000e+00 1.535505e-01 -1.000000e+00 0.000000e+00 -9.990070e+05 3.000000e+00 -1.000000e+00 -1.000000e+00 1.100000e+02 2.823903e-01 1.000000e+00 0.000000e+00 -1.000000e+00 5.000000e-01 -1.000000e+00 -9.990070e+05 5.000000e-01 7.355737e-01 9.246665e-01 -1.000000e+00 -1.000000e+00 -1.000000e+00 -1.0 0.000000e+00 6.602842e-01
-1.000000e+00 -1.000000e+00 1.600000e+03 0.000000e+00 -1.000000e+00 -1.000000e+00 0.000000e+00 2.038536e-01 -1.000000e+00 0.000000e+00 6.000000e+01 -1.000000e+00 0.000000e+00 -1.000000e+00 -1.000000e+00 2.358252e-02 -1.000000e+00 0.000000e+00 -9.990070e+05 3.000000e+00 -1.000000e+00 -1.000000e+00 1.260000e+03 7.301445e-02 0.000000e+00 0.000000e+00 -1.000000e+00 3.328837e-01 -1.000000e+00 -9.990070e+05 3.328837e-01 4.675023e-01 7.849646e-01 -1.000000e+00 -1.000000e+00 -1.000000e+00 -1.0 0.000000e+00 4.165333e-01
-1.000000e+00 -1.000000e+00 1.600000e+03 0.000000e+00 -1.000000e+00 -1.000000e+00 0.000000e+00 5.405328e-01 -1.000000e+00 0.000000e+00 6.000000e+01 -1.000000e+00 0.000000e+00 -1.000000e+00 -1.000000e+00 1.978280e-01 -1.000000e+00 0.000000e+00 -9.990070e+05 3.000000e+00 -1.000000e+00 -1.000000e+00 1.400000e+03 3.370840e-01 1.000000e+00 0.000000e+00 -1.000000e+00 5.000000e-01 -1.000000e+00 -9.990070e+05 5.000000e-01 7.737484e-01 9.387879e-01 -1.000000e+00 -1.000000e+00 -1.000000e+00 -1.0 0.000000e+00 6.851815e-01
-1.000000e+00 -1.000000e+00 1.600000e+03 0.000000e+00 -1.000000e+00 -1.000000e+00 0.000000e+00 7.102843e-01 -1.000000e+00 0.000000e+00 6.000000e+01 -1.000000e+00 0.000000e+00 -1.000000e+00 -1.000000e+00 3.893885e-01 -1.000000e+00 0.000000e+00 -9.990070e+05 3.000000e+00 -1.000000e+00 -1.000000e+00 1.460000e+03 5.364687e-01 1.000000e+00 0.000000e+00 -1.000000e+00 5.000000e-01 -1.000000e+00 -9.990070e+05 5.000000e-01 8.738037e-01 9.703693e-01 -1.000000e+00 -1.000000e+00 -1.000000e+00 -1.0 0.000000e+00 7.753647e-01
-1.000000e+00 -1.000000e+00 1.600000e+03 0.000000e+00 -1.000000e+00 -1.000000e+00 0.000000e+00 7.955506e-01 -1.000000e+00 0.000000e+00 6.000000e+01 -1.000000e+00 0.000000e+00 -1.000000e+00 -1.000000e+00 5.247566e-01 -1.000000e+00 0.000000e+00 -9.990070e+05 3.000000e+00 -1.000000e+00 -1.000000e+00 1.500000e+03 6.554801e-01 1.000000e+00 0.000000e+00 -1.000000e+00 5.000000e-01 -1.000000e+00 -9.990070e+05 5.000000e-01 9.159385e-01 9.814773e-01 -1.000000e+00 -1.000000e+00 -1.000000e+00 -1.0 0.000000e+00 8.302549e-01
-1.000000e+00 -1.000000e+00 1.600000e+03 0.000000e+00 -1.000000e+00 -1.000000e+00 0.000000e+00 8.459255e-01 -1.000000e+00 0.000000e+00 6.000000e+01 -1.000000e+00 0.000000e+00 -1.000000e+00 -1.000000e+00 6.200497e-01 -1.000000e+00 0.000000e+00 -9.990070e+05 3.000000e+00 -1.000000e+00 -1.000000e+00 1.550000e+03 7.322571e-01 1.000000e+00 0.000000e+00 -1.000000e+00 5.000000e-01 -1.000000e+00 -9.990070e+05 5.000000e-01 9.387191e-01 9.869695e-01 -1.000000e+00 -1.000000e+00 -1.000000e+00 -1.0 0.000000e+00 8.664952e-01
-1.000000e+00 -1.000000e+00 1.600000e+03 0.000000e+00 -1.000000e+00 -1.000000e+00 0.000000e+00 8.371565e-01 -1.000000e+00 0.000000e+00 6.000000e+01 -1.000000e+00 0.000000e+00 -1.000000e+00 -1.000000e+00 6.025633e-01 -1.000000e+00 0.000000e+00 -9.990070e+05 3.000000e+00 -1.000000e+00 -1.000000e+00 1.590000e+03 7.185328e-01 1.000000e+00 0.000000e+00 -1.000000e+00 5.000000e-01 -1.000000e+00 -9.990070e+05 5.000000e-01 9.348587e-01 9.860638e-01 -1.000000e+00 -1.000000e+00 -1.000000e+00 -1.0 0.000000e+00 8.599610e-01
-1.000000e+00 -1.000000e+00 1.600000e+03 0.000000e+00 -1.000000e+00 -1.000000e+00 0.000000e+00 7.004784e-01 -1.000000e+00 0.000000e+00 6.000000e+01 -1.000000e+00 0.000000e+00 -1.000000e+00 -1.000000e+00 3.756952e-01 -1.000000e+00 0.000000e+00 -9.990070e+05 3.000000e+00 -1.000000e+00 -1.000000e+00 1.600000e+02 5.236258e-01 1.000000e+00 0.000000e+00 -1.000000e+00 5.000000e-01 -1.000000e+00 -9.990070e+05 5.000000e-01 8.686452e-01 9.689230e-01 -1.000000e+00 -1.000000e+00 -1.000000e+00 -1.0 0.000000e+00 7.695140e-01
-1.000000e+00 -1.000000e+00 1.600000e+03 0.000000e+00 -1.000000e+00 -1.000000e+00 0.000000e+00 4.686493e-01 -1.000000e+00 0.000000e+00 6.000000e+01 -1.000000e+00 0.000000e+00 -1.000000e+00 -1.000000e+00 1.414588e-01 -1.000000e+00 0.000000e+00 -9.990070e+05 3.000000e+00 -1.000000e+00 -1.000000e+00 2.600000e+02 2.665699e-01 1.000000e+00 0.000000e+00 -1.000000e+00 5.000000e-01 -1.000000e+00 -9.990070e+05 5.000000e-01 7.232058e-01 9.198285e-01 -1.000000e+00 -1.000000e+00 -1.000000e+00 -1.0 0.000000e+00 6.530183e-01
-1.000000e+00 -1.000000e+00 1.600000e+03 0.000000e+00 -1.000000e+00 -1.000000e+00 0.000000e+00 2.269873e-01 -1.000000e+00 0.000000e+00 6.000000e+01 -1.000000e+00 0.000000e+00 -1.000000e+00 -1.000000e+00 2.936006e-02 -1.000000e+00 0.000000e+00 -9.990070e+05 3.000000e+00 -1.000000e+00 -1.000000e+00 4.600000e+02 8.582573e-02 0.000000e+00 0.000000e+00 -1.000000e+00 3.569653e-01 -1.000000e+00 -9.990070e+05 3.569653e-01 4.962931e-01 8.040668e-01 -1.000000e+00 -1.000000e+00 -1.000000e+00 -1.0 0.000000e+00 4.462141e-01
-1.000000e+00 -1.000000e+00 1.600000e+03 0.000000e+00 -1.000000e+00 -1.000000e+00 0.000000e+00 1.047859e-01 -1.000000e+00 0.000000e+00 6.000000e+01 -1.000000e+00 0.000000e+00 -1.000000e+00 -1.000000e+00 6.422863e-03 -1.000000e+00 0.000000e+00 -9.990070e+05 3.000000e+00 -1.000000e+00 -1.000000e+00 6.600000e+02 2.754227e-02 0.000000e+00 0.000000e+00 -1.000000e+00 2.109562e-01 -1.000000e+00 -9.990070e+05 2.109562e-01 3.172827e-01 6.623223e-01 -1.000000e+00 -1.000000e+00 -1.000000e+00 -1.0 0.000000e+00 2.658221e-01
-1.000000e+00 -1.000000e+00 1.600000e+03 0.000000e+00 -1.000000e+00 -1.000000e+00 0.000000e+00 2.327857e-01 -1.000000e+00 0.000000e+00 6.000000e+01 -1.000000e+00 0.000000e+00 -1.000000e+00 -1.000000e+00 3.092263e-02 -1.000000e+00 0.000000e+00 -9.990070e+05 3.000000e+00 -1.000000e+00 -1.000000e+00 7.000000e+01 8.916183e-02 0.000000e+00 0.000000e+00 -1.000000e+00 3.628205e-01 -1.000000e+00 -9.990070e+05 3.628205e-01 5.032370e-01 8.084986e-01 -1.000000e+00 -1.000000e+00 -1.000000e+00 -1.0 0.000000e+00 4.534205e-01
-1.000000e+00 -1.000000e+00 1.600000e+03 0.000000e+00 -1.000000e+00 -1.000000e+00 0.000000e+00 6.994605e-02 -1.000000e+00 0.000000e+00 6.000000e+01 -1.000000e+00 0.000000e+00 -1.000000e+00 -1.000000e+00 3.026399e-03 -1.000000e+00 0.000000e+00 -9.990070e+05 3.000000e+00 -1.000000e+00 -1.000000e+00 8.600000e+02 1.550366e-02 0.000000e+00 0.000000e+00 -1.000000e+00 1.576584e-01 -1.000000e+00 -9.990070e+05 1.576584e-01 2.476051e-01 5.878331e-01 -1.000000e+00 -1.000000e+00 -1.000000e+00 -1.0 0.000000e+00 1.994433e-01
-1.000000e+00 -1.000000e+00 1.625000e+03 0.000000e+00 -1.000000e+00 -1.000000e+00 0.000000e+00 5.333500e-01 -1.000000e+00 0.000000e+00 7.450000e+02 -1.000000e+00 0.000000e+00 -1.000000e+00 -1.000000e+00 1.916138e-01 -1.000000e+00 0.000000e+00 -9.990070e+05 3.000000e+00 -1.000000e+00 -1.000000e+00 1.185000e+03 3.296793e-01 1.000000e+00 0.000000e+00 -1.000000e+00 5.000000e-01 -1.000000e+00 -9.990070e+05 5.000000e-01 7.689478e-01 9.370779e-01 -1.000000e+00 -1.000000e+00 -1.000000e+00 -1.0 0.000000e+00 6.818259e-01
-1.000000e+00 -1.000000e+00 1.625000e+03 0.000000e+00 -1.000000e+00 -1.000000e+00 0.000000e+00 1.072690e-01 -1.000000e+00 0.000000e+00 2.650000e+02 -1.000000e+00 0.000000e+00 -1.000000e+00 -1.000000e+00 6.714262e-03 -1.000000e+00 0.000000e+00 -9.990070e+05 3.000000e+00 -1.000000e+00 -1.000000e+00 9.450000e+02 2.848505e-02 0.000000e+00 0.000000e+00 -1.000000e+00 2.144755e-01 -1.000000e+00 -9.990070e+05 2.144755e-01 3.217888e-01 6.666804e-01 -1.000000e+00 -1.000000e+00 -1.000000e+00 -1.0 0.000000e+00 2.701956e-01
-1.000000e+00 -1.000000e+00 1.665000e+03 0.000000e+00 -1.000000e+00 -1.000000e+00 0.000000e+00 1.996890e-01 -1.000000e+00 0.000000e+00 3.850000e+02 -1.000000e+00 0.000000e+00 -1.000000e+00 -1.000000e+00 2.261823e-02 -1.000000e+00 0.000000e+00 -9.990070e+05 3.000000e+00 -1.000000e+00 -1.000000e+00 1.025000e+03 7.079337e-02 0.000000e+00 0.000000e+00 -1.000000e+00 3.283808e-01 -1.000000e+00 -9.990070e+05 3.283808e-01 4.621218e-01 7.812600e-01 -1.000000e+00 -1.000000e+00 -1.000000e+00 -1.0 0.000000e+00 4.109905e-01
-1.000000e+00 -1.000000e+00 1.665000e+03 0.000000e+00 -1.000000e+00 -1.000000e+00 0.000000e+00 7.444724e-01 -1.000000e+00 0.000000e+00 8.650000e+02 -1.000000e+00 0.000000e+00 -1.000000e+00 -1.000000e+00 4.400401e-01 -1.000000e+00 0.000000e+00 -9.990070e+05 3.000000e+00 -1.000000e+00 -1.000000e+00 1.265000e+03 5.825863e-01 1.000000e+00 0.000000e+00 -1.000000e+00 5.000000e-01 -1.000000e+00 -9.990070e+05 5.000000e-01 8.912691e-01 9.751252e-01 -1.000000e+00 -1.000000e+00 -1.000000e+00 -1.0 0.000000e+00 7.964779e-01
-1.000000e+00 -1.000000e+00 1.705000e+03 0.000000e+00 -1.000000e+00 -1.000000e+00 0.000000e+00 2.843701e-01 -1.000000e+00 0.000000e+00 5.050000e+02 -1.000000e+00 0.000000e+00 -1.000000e+00 -1.000000e+00 4.695844e-02 -1.000000e+00 0.000000e+00 -9.990070e+05 3.000000e+00 -1.000000e+00 -1.000000e+00 1.105000e+03 1.210187e-01 0.000000e+00 0.000000e+00 -1.000000e+00 4.130174e-01 -1.000000e+00 -9.990070e+05 4.130174e-01 5.608598e-01 8.428459e-01 -1.000000e+00 -1.000000e+00 -1.000000e+00 -1.0 0.000000e+00 5.146315e-01
-1.000000e+00 -1.000000e+00 1.705000e+03 0.000000e+00 -1.000000e+00 -1.000000e+00 0.000000e+00 8.644964e-01 -1.000000e+00 0.000000e+00 9.850000e+02 -1.000000e+00 0.000000e+00 -1.000000e+00 -1.000000e+00 6.584005e-01 -1.000000e+00 0.000000e+00 -9.990070e+05 3.000000e+00 -1.000000e+00 -1.000000e+00 1.345000e+03 7.618348e-01 1.000000e+00 0.000000e+00 -1.000000e+00 5.000000e-01 -1.000000e+00 -9.990070e+05 5.000000e-01 9.467533e-01 9.888220e-01 -1.000000e+00 -1.000000e+00 -1.000000e+00 -1.0 0.000000e+00 8.806665e-01
-1.000000e+00 -1.000000e+00 1.705000e+03 0.000000e+00 -1.000000e+00 -1.000000e+00 0.000000e+00 2.369203e-01 -1.000000e+00 0.000000e+00 2.500000e+01 -1.000000e+00 0.000000e+00 -1.000000e+00 -1.000000e+00 3.206550e-02 -1.000000e+00 0.000000e+00 -9.990070e+05 3.000000e+00 -1.000000e+00 -1.000000e+00 8.650000e+02 9.157109e-02 0.000000e+00 0.000000e+00 -1.000000e+00 3.672691e-01 -1.000000e+00 -9.990070e+05 3.672691e-01 5.081259e-01 8.115795e-01 -1.000000e+00 -1.000000e+00 -1.000000e+00 -1.0 0.000000e+00 4.587650e-01
-1.000000e+00 -1.000000e+00 1.745000e+03 0.000000e+00 -1.000000e+00 -1.000000e+00 0.000000e+00 4.338989e-01 -1.000000e+00 0.000000e+00 6.250000e+02 -1.000000e+00 0.000000e+00 -1.000000e+00 -1.000000e+00 1.185393e-01 -1.000000e+00 0.000000e+00 -9.990070e+05 3.000000e+00 -1.000000e+00 -1.000000e+00 1.185000e+03 2.352953e-01 1.000000e+00 0.000000e+00 -1.000000e+00 5.000000e-01 -1.000000e+00 -9.990070e+05 5.000000e-01 6.965945e-01 9.089650e-01 -1.000000e+00 -1.000000e+00 -1.000000e+00 -1.0 0.000000e+00 6.385284e-01
-1.000000e+00 -1.000000e+00 1.745000e+03 0.000000e+00 -1.000000e+00 -1.000000e+00 0.000000e+00 2.961040e-01 -1.000000e+00 0.000000e+00 1.450000e+02 -1.000000e+00 0.000000e+00 -1.000000e+00 -1.000000e+00 5.116806e-02 -1.000000e+00 0.000000e+00 -9.990070e+05 3.000000e+00 -1.000000e+00 -1.000000e+00 9.450000e+02 1.288081e-01 0.000000e+00 0.000000e+00 -1.000000e+00 4.234850e-01 -1.000000e+00 -9.990070e+05 4.234850e-01 5.730392e-01 8.495836e-01 -1.000000e+00 -1.000000e+00 -1.000000e+00 -1.0 0.000000e+00 5.274783e-01
-1.000000e+00 -1.000000e+00 1.785000e+03 0.000000e+00 -1.000000e+00 -1.000000e+00 0.000000e+00 3.788926e-01 -1.000000e+00 0.000000e+00 2.650000e+02 -1.000000e+00 0.000000e+00 -1.000000e+00 -1.000000e+00 8.741765e-02 -1.000000e+00 0.000000e+00 -9.990070e+05 3.000000e+00 -1.000000e+00 -1.000000e+00 1.025000e+03 1.894562e-01 0.000000e+00 0.000000e+00 -1.000000e+00 4.930048e-01 -1.000000e+00 -9.990070e+05 4.930048e-01 6.510800e-01 8.888783e-01 -1.000000e+00 -1.000000e+00 -1.000000e+00 -1.0 0.000000e+00 6.118452e-01
-1.000000e+00 -1.000000e+00 1.785000e+03 0.000000e+00 -1.000000e+00 -1.000000e+00 0.000000e+00 5.790789e-01 -1.000000e+00 0.000000e+00 7.450000e+02 -1.000000e+00 0.000000e+00 -1.000000e+00 -1.000000e+00 2.335591e-01 -1.000000e+00 0.000000e+00 -9.990070e+05 3.000000e+00 -1.000000e+00 -1.000000e+00 1.265000e+03 3.782107e-01 1.000000e+00 0.000000e+00 -1.000000e+00 5.000000e-01 -1.000000e+00 -9.990070e+05 5.000000e-01 7.986470e-01 9.473615e-01 -1.000000e+00 -1.000000e+00 -1.000000e+00 -1.0 0.000000e+00 7.037689e-01
-1.000000e+00 -1.000000e+00 1.825000e+03 0.000000e+00 -1.000000e+00 -1.000000e+00 0.000000e+00 4.636859e-01 -1.000000e+00 0.000000e+00 3.850000e+02 -1.000000e+00 0.000000e+00 -1.000000e+00 -1.000000e+00 1.380215e-01 -1.000000e+00 0.000000e+00 -9.990070e+05 3.000000e+00 -1.000000e+00 -1.000000e+00 1.105000e+03 2.619920e-01 1.000000e+00 0.000000e+00 -1.000000e+00 5.000000e-01 -1.000000e+00 -9.990070e+05 5.000000e-01 7.194980e-01 9.183523e-01 -1.000000e+00 -1.000000e+00 -1.000000e+00 -1.0 0.000000e+00 6.509086e-01
-1.000000e+00 -1.000000e+00 1.825000e+03 0.000000e+00 -1.000000e+00 -1.000000e+00 0.000000e+00 7.167271e-01 -1.000000e+00 0.000000e+00 8.650000e+02 -1.000000e+00 0.000000e+00 -1.000000e+00 -1.000000e+00 3.985839e-01 -1.000000e+00 0.000000e+00 -9.990070e+05 3.000000e+00 -1.000000e+00 -1.000000e+00 1.345000e+03 5.449995e-01 1.000000e+00 0.000000e+00 -1.000000e+00 5.000000e-01 -1.000000e+00 -9.990070e+05 5.000000e-01 8.771563e-01 9.712990e-01 -1.000000e+00 -1.000000e+00 -1.000000e+00 -1.0 0.000000e+00 7.792574e-01
-1.000000e+00 -1.000000e+00 1.865000e+03 0.000000e+00 -1.000000e+00 -1.000000e+00 0.000000e+00 5.511406e-01 -1.000000e+00 0.000000e+00 5.050000e+02 -1.000000e+00 0.000000e+00 -1.000000e+00 -1.000000e+00 2.072556e-01 -1.000000e+00 0.000000e+00 -9.990070e+05 3.000000e+00 -1.000000e+00 -1.000000e+00 1.185000e+03 3.481676e-01 1.000000e+00 0.000000e+00 -1.000000e+00 5.000000e-01 -1.000000e+00 -9.990070e+05 5.000000e-01 7.807437e-01 9.412463e-01 -1.000000e+00 -1.000000e+00 -1.000000e+00 -1.0 0.000000e+00 6.901981e-01
-1.000000e+00 -1.000000e+00 1.865000e+03 0.000000e+00 -1.000000e+00 -1.000000e+00 0.000000e+00 5.377469e-01 -1.000000e+00 0.000000e+00 2.500000e+01 -1.000000e+00 0.000000e+00 -1.000000e+00 -1.000000e+00 1.954017e-01 -1.000000e+00 0.000000e+00 -9.990070e+05 3.000000e+00 -1.000000e+00 -1.000000e+00 9.450000e+02 3.342025e-01 1.000000e+00 0.000000e+00 -1.000000e+00 5.000000e-01 -1.000000e+00 -9.990070e+05 5.000000e-01 7.718927e-01 9.381291e-01 -1.000000e+00 -1.000000e+00 -1.000000e+00 -1.0 0.000000e+00 6.838762e-01
-1.000000e+00 -1.000000e+00 1.905000e+03 0.000000e+00 -1.000000e+00 -1.000000e+00 0.000000e+00 5.987393e-01 -1.000000e+00 0.000000e+00 1.450000e+02 -1.000000e+00 0.000000e+00 -1.000000e+00 -1.000000e+00 2.534031e-01 -1.000000e+00 0.000000e+00 -9.990070e+05 3.000000e+00 -1.000000e+00 -1.000000e+00 1.025000e+03 4.001017e-01 1.000000e+00 0.000000e+00 -1.000000e+00 5.000000e-01 -1.000000e+00 -9.990070e+05 5.000000e-01 8.108134e-01 9.513742e-01 -1.000000e+00 -1.000000e+00 -1.000000e+00 -1.0 0.000000e+00 7.136431e-01
-1.000000e+00 -1.000000e+00 1.905000e+03 0.000000e+00 -1.000000e+00 -1.000000e+00 0.000000e+00 6.339680e-01 -1.000000e+00 0.000000e+00 6.250000e+02 -1.000000e+00 0.000000e+00 -1.000000e+00 -1.000000e+00 2.918841e-01 -1.000000e+00 0.000000e+00 -9.990070e+05 3.000000e+00 -1.000000e+00 -1.000000e+00 1.265000e+03 4.409051e-01 1.000000e+00 0.000000e+00 -1.000000e+00 5.000000e-01 -1.000000e+00 -9.990070e+05 5.000000e-01 8.317741e-01 9.580221e-01 -1.000000e+00 -1.000000e+00 -1.000000e+00 -1.0 0.000000e+00 7.320473e-01
-1.000000e+00 -1.000000e+00 1.945000e+03 0.000000e+00 -1.000000e+00 -1.000000e+00 0.000000e+00 6.523327e-01 -1.000000e+00 0.000000e+00 2.650000e+02 -1.000000e+00 0.000000e+00 -1.000000e+00 -1.000000e+00 3.135114e-01 -1.000000e+00 0.000000e+00 -9.990070e+05 3.000000e+00 -1.000000e+00 -1.000000e+00 1.105000e+03 4.629928e-01 1.000000e+00 0.000000e+00 -1.000000e+00 5.000000e-01 -1.000000e+00 -9.990070e+05 5.000000e-01 8.422952e-01 9.612346e-01 -1.000000e+00 -1.000000e+00 -1.000000e+00 -1.0 0.000000e+00 7.420229e-01
-1.000000e+00 -1.000000e+00 1.945000e+03 0.000000e+00 -1.000000e+00 -1.000000e+00 0.000000e+00 7.042437e-01 -1.000000e+00 0.000000e+00 7.450000e+02 -1.000000e+00 0.000000e+00 -1.000000e+00 -1.000000e+00 3.809104e-01 -1.000000e+00 0.000000e+00 -9.990070e+05 3.000000e+00 -1.000000e+00 -1.000000e+00 1.345000e+03 5.285372e-01 1.000000e+00 0.000000e+00 -1.000000e+00 5.000000e-01 -1.000000e+00 -9.990070e+05 5.000000e-01 8.706340e-01 9.694829e-01 -1.000000e+00 -1.000000e+00 -1.000000e+00 -1.0 0.000000e+00 7.717501e-01
-1.000000e+00 -1.000000e+00 1.985000e+03 0.000000e+00 -1.000000e+00 -1.000000e+00 0.000000e+00 7.030933e-01 -1.000000e+00 0.000000e+00 3.850000e+02 -1.000000e+00 0.000000e+00 -1.000000e+00 -1.000000e+00 3.793114e-01 -1.000000e+00 0.000000e+00 -9.990070e+05 3.000000e+00 -1.000000e+00 -1.000000e+00 1.185000e+03 5.270339e-01 1.000000e+00 0.000000e+00 -1.000000e+00 5.000000e-01 -1.000000e+00 -9.990070e+05 5.000000e-01 8.700274e-01 9.693124e-01 -1.000000e+00 -1.000000e+00 -1.000000e+00 -1.0 0.000000e+00 7.710655e-01
-1.000000e+00 -1.000000e+00 2.025000e+03 0.000000e+00 -1.000000e+00 -1.000000e+00 0.000000e+00 7.560314e-01 -1.000000e+00 0.000000e+00 2.500000e+01 -1.000000e+00 0.000000e+00 -1.000000e+00 -1.000000e+00 4.582309e-01 -1.000000e+00 0.000000e+00 -9.990070e+05 3.000000e+00 -1.000000e+00 -1.000000e+00 1.025000e+03 5.986576e-01 1.000000e+00 0.000000e+00 -1.000000e+00 5.000000e-01 -1.000000e+00 -9.990070e+05 5.000000e-01 8.969972e-01 9.766380e-01 -1.000000e+00 -1.000000e+00 -1.000000e+00 -1.0 0.000000e+00 8.038788e-01
-1.000000e+00 -1.000000e+00 2.025000e+03 0.000000e+00 -1.000000e+00 -1.000000e+00 0.000000e+00 7.551374e-01 -1.000000e+00 0.000000e+00 5.050000e+02 -1.000000e+00 0.000000e+00 -1.000000e+00 -1.000000e+00 4.568042e-01 -1.000000e+00 0.000000e+00 -9.990070e+05 3.000000e+00 -1.000000e+00 -1.000000e+00 1.265000e+03 5.974059e-01 1.000000e+00 0.000000e+00 -1.000000e+00 5.000000e-01 -1.000000e+00 -9.990070e+05 5.000000e-01 8.965573e-01 9.765226e-01 -1.000000e+00 -1.000000e+00 -1.000000e+00 -1.0 0.000000e+00 8.033015e-01
-1.000000e+00 -1.000000e+00 2.650000e+02 4.000000e+03 -1.000000e+00 -1.000000e+00 0.000000e+00 2.957193e-01 -1.000000e+00 1.000000e+00 1.850000e+02 -1.000000e+00 0.000000e+00 -1.000000e+00 -1.000000e+00 5.102659e-02 -1.000000e+00 1.000000e+00 -9.990070e+05 3.000000e+00 -1.000000e+00 -1.000000e+00 2.250000e+02 1.285495e-01 0.000000e+00 0.000000e+00 -1.000000e+00 1.501469e-01 -1.000000e+00 -9.990070e+05 1.501469e-01 5.726448e-01 8.493681e-01 -1.000000e+00 -1.000000e+00 -1.000000e+00 -1.0 0.000000e+00 2.979513e-01
-1.000000e+00 -1.000000e+00 3.970000e+02 0.000000e+00 -1.000000e+00 -1.000000e+00 0.000000e+00 2.490015e-01 -1.000000e+00 0.000000e+00 3.750000e+02 -1.000000e+00 0.000000e+00 -1.000000e+00 -1.000000e+00 3.554368e-02 -1.000000e+00 0.000000e+00 -9.990070e+05 3.000000e+00 -1.000000e+00 -1.000000e+00 3.860000e+02 9.875537e-02 0.000000e+00 0.000000e+00 -1.000000e+00 2.843549e-01 -1.000000e+00 -9.990070e+05 2.843549e-01 5.221244e-01 8.202245e-01 -1.000000e+00 -1.000000e+00 -1.000000e+00 -1.0 0.000000e+00 3.949403e-01
-1.000000e+00 -1.000000e+00 4.770000e+02 0.000000e+00 -1.000000e+00 -1.000000e+00 0.000000e+00 3.004546e-01 -1.000000e+00 0.000000e+00 4.550000e+02 -1.000000e+00 0.000000e+00 -1.000000e+00 -1.000000e+00 5.278427e-02 -1.000000e+00 0.000000e+00 -9.990070e+05 3.000000e+00 -1.000000e+00 -1.000000e+00 4.660000e+02 1.317470e-01 0.000000e+00 0.000000e+00 -1.000000e+00 3.542646e-01 -1.000000e+00 -9.990070e+05 3.542646e-01 5.774765e-01 8.519956e-01 -1.000000e+00 -1.000000e+00 -1.000000e+00 -1.0 0.000000e+00 4.749525e-01
-1.000000e+00 -1.000000e+00 5.050000e+02 0.000000e+00 -1.000000e+00 -1.000000e+00 0.000000e+00 4.949490e-01 -1.000000e+00 0.000000e+00 4.250000e+02 -1.000000e+00 0.000000e+00 -1.000000e+00 -1.000000e+00 1.606215e-01 -1.000000e+00 0.000000e+00 -9.990070e+05 3.000000e+00 -1.000000e+00 -1.000000e+00 4.650000e+02 2.914493e-01 0.000000e+00 0.000000e+00 -1.000000e+00 3.404389e-01 -1.000000e+00 -9.990070e+05 3.404389e-01 7.423634e-01 9.272668e-01 -1.000000e+00 -1.000000e+00 -1.000000e+00 -1.0 0.000000e+00 5.609669e-01
-1.000000e+00 -1.000000e+00 5.570000e+02 0.000000e+00 -1.000000e+00 -1.000000e+00 0.000000e+00 7.143440e-01 -1.000000e+00 0.000000e+00 5.350000e+02 -1.000000e+00 0.000000e+00 -1.000000e+00 -1.000000e+00 3.951641e-01 -1.000000e+00 0.000000e+00 -9.990070e+05 3.000000e+00 -1.000000e+00 -1.000000e+00 5.460000e+02 5.418355e-01 1.000000e+00 0.000000e+00 -1.000000e+00 5.000000e-01 -1.000000e+00 -9.990070e+05 5.000000e-01 8.759196e-01 9.709570e-01 -1.000000e+00 -1.000000e+00 -1.000000e+00 -1.0 0.000000e+00 7.778130e-01
-1.000000e+00 -1.000000e+00 6.370000e+02 0.000000e+00 -1.000000e+00 -1.000000e+00 0.000000e+00 6.480242e-01 -1.000000e+00 0.000000e+00 6.150000e+02 -1.000000e+00 0.000000e+00 -1.000000e+00 -1.000000e+00 3.083375e-01 -1.000000e+00 0.000000e+00 -9.990070e+05 3.000000e+00 -1.000000e+00 -1.000000e+00 6.260000e+02 4.577599e-01 1.000000e+00 0.000000e+00 -1.000000e+00 5.000000e-01 -1.000000e+00 -9.990070e+05 5.000000e-01 8.398509e-01 9.604956e-01 -1.000000e+00 -1.000000e+00 -1.000000e+00 -1.0 0.000000e+00 7.396582e-01
-1.000000e+00 -1.000000e+00 6.650000e+02 0.000000e+00 -1.000000e+00 -1.000000e+00 0.000000e+00 6.786484e-01 -1.000000e+00 0.000000e+00 5.850000e+02 -1.000000e+00 0.000000e+00 -1.000000e+00 -1.000000e+00 3.464841e-01 -1.000000e+00 0.000000e+00 -9.990070e+05 3.000000e+00 -1.000000e+00 -1.000000e+00 6.250000e+02 4.956389e-01 1.000000e+00 0.000000e+00 -1.000000e+00 5.000000e-01 -1.000000e+00 -9.990070e+05 5.000000e-01 8.569123e-01 9.655620e-01 -1.000000e+00 -1.000000e+00 -1.000000e+00 -1.0 0.000000e+00 7.568008e-01
-1.000000e+00 -1.000000e+00 7.170000e+02 4.000000e+03 -1.000000e+00 -1.000000e+00 0.000000e+00 7.983268e-01 -1.000000e+00 1.000000e+00 6.950000e+02 -1.000000e+00 0.000000e+00 -1.000000e+00 -1.000000e+00 5.296923e-01 -1.000000e+00 1.000000e+00 -9.990070e+05 2.000000e+00 -1.000000e+00 -1.000000e+00 7.060000e+02 6.595828e-01 1.000000e+00 0.000000e+00 -1.000000e+00 5.000000e-01 -1.000000e+00 -9.990070e+05 5.000000e-01 9.172328e-01 9.817989e-01 -1.000000e+00 -1.000000e+00 -1.000000e+00 -1.0 1.000000e+00 8.321730e-01
-1.000000e+00 -1.000000e+00 7.450000e+02 0.000000e+00 -1.000000e+00 -1.000000e+00 0.000000e+00 4.261015e-01 -1.000000e+00 0.000000e+00 5.050000e+02 -1.000000e+00 0.000000e+00 -1.000000e+00 -1.000000e+00 1.137544e-01 -1.000000e+00 0.000000e+00 -9.990070e+05 3.000000e+00 -1.000000e+00 -1.000000e+00 6.250000e+02 2.285255e-01 1.000000e+00 0.000000e+00 -1.000000e+00 5.000000e-01 -1.000000e+00 -9.990070e+05 5.000000e-01 6.904066e-01 9.063478e-01 -1.000000e+00 -1.000000e+00 -1.000000e+00 -1.0 0.000000e+00 6.353650e-01
-1.000000e+00 -1.000000e+00 7.850000e+02 0.000000e+00 -1.000000e+00 -1.000000e+00 0.000000e+00 8.801932e-01 -1.000000e+00 0.000000e+00 6.250000e+02 -1.000000e+00 0.000000e+00 -1.000000e+00 -1.000000e+00 6.922590e-01 -1.000000e+00 0.000000e+00 -9.990070e+05 3.000000e+00 -1.000000e+00 -1.000000e+00 7.050000e+02 7.873854e-01 1.000000e+00 0.000000e+00 -1.000000e+00 5.000000e-01 -1.000000e+00 -9.990070e+05 5.000000e-01 9.533976e-01 9.903209e-01 -1.000000e+00 -1.000000e+00 -1.000000e+00 -1.0 0.000000e+00 8.930112e-01
-1.000000e+00 -1.000000e+00 7.970000e+02 0.000000e+00 -1.000000e+00 -1.000000e+00 0.000000e+00 8.796711e-01 -1.000000e+00 0.000000e+00 7.750000e+02 -1.000000e+00 0.000000e+00 -1.000000e+00 -1.000000e+00 6.911109e-01 -1.000000e+00 0.000000e+00 -9.990070e+05 3.000000e+00 -1.000000e+00 -1.000000e+00 7.860000e+02 7.865273e-01 1.000000e+00 0.000000e+00 -1.000000e+00 5.000000e-01 -1.000000e+00 -9.990070e+05 5.000000e-01 9.531787e-01 9.902720e-01 -1.000000e+00 -1.000000e+00 -1.000000e+00 -1.0 0.000000e+00 8.925950e-01
-1.000000e+00 -1.000000e+00 8.250000e+02 4.000000e+03 -1.000000e+00 -1.000000e+00 0.000000e+00 9.186315e-01 -1.000000e+00 1.000000e+00 7.450000e+02 -1.000000e+00 0.000000e+00 -1.000000e+00 -1.000000e+00 7.810826e-01 -1.000000e+00 1.000000e+00 -9.990070e+05 3.000000e+00 -1.000000e+00 -1.000000e+00 7.850000e+02 8.521404e-01 1.000000e+00 0.000000e+00 -1.000000e+00 5.000000e-01 -1.000000e+00 -9.990070e+05 5.000000e-01 9.691214e-01 9.937495e-01 -1.000000e+00 -1.000000e+00 -1.000000e+00 -1.0 0.000000e+00 9.247541e-01
-1.000000e+00 -1.000000e+00 8.770000e+02 0.000000e+00 -1.000000e+00 -1.000000e+00 0.000000e+00 8.721874e-01 -1.000000e+00 0.000000e+00 8.550000e+02 -1.000000e+00 0.000000e+00 -1.000000e+00 -1.000000e+00 6.748215e-01 -1.000000e+00 0.000000e+00 -9.990070e+05 3.000000e+00 -1.000000e+00 -1.000000e+00 8.660000e+02 7.742902e-01 1.000000e+00 0.000000e+00 -1.000000e+00 5.000000e-01 -1.000000e+00 -9.990070e+05 5.000000e-01 9.500253e-01 9.895639e-01 -1.000000e+00 -1.000000e+00 -1.000000e+00 -1.0 0.000000e+00 8.866721e-01
-1.000000e+00 -1.000000e+00 9.050000e+02 0.000000e+00 -1.000000e+00 -1.000000e+00 0.000000e+00 3.995339e-01 -1.000000e+00 0.000000e+00 5.050000e+02 -1.000000e+00 0.000000e+00 -1.000000e+00 -1.000000e+00 9.838996e-02 -1.000000e+00 0.000000e+00 -9.990070e+05 3.000000e+00 -1.000000e+00 -1.000000e+00 7.050000e+02 2.061349e-01 1.000000e+00 0.000000e+00 -1.000000e+00 5.000000e-01 -1.000000e+00 -9.990070e+05 5.000000e-01 6.686828e-01 8.968794e-01 -1.000000e+00 -1.000000e+00 -1.000000e+00 -1.0 0.000000e+00 6.248180e-01
-1.000000e+00 -1.000000e+00 9.050000e+02 0.000000e+00 -1.000000e+00 -1.000000e+00 0.000000e+00 9.058009e-01 -1.000000e+00 0.000000e+00 8.250000e+02 -1.000000e+00 0.000000e+00 -1.000000e+00 -1.000000e+00 7.504696e-01 -1.000000e+00 0.000000e+00 -9.990070e+05 3.000000e+00 -1.000000e+00 -1.000000e+00 8.650000e+02 8.301749e-01 1.000000e+00 0.000000e+00 -1.000000e+00 5.000000e-01 -1.000000e+00 -9.990070e+05 5.000000e-01 9.639575e-01 9.926419e-01 -1.000000e+00 -1.000000e+00 -1.000000e+00 -1.0 0.000000e+00 9.139104e-01
-1.000000e+00 -1.000000e+00 9.450000e+02 0.000000e+00 -1.000000e+00 -1.000000e+00 0.000000e+00 7.023900e-01 -1.000000e+00 0.000000e+00 6.250000e+02 -1.000000e+00 0.000000e+00 -1.000000e+00 -1.000000e+00 3.783363e-01 -1.000000e+00 0.000000e+00 -9.990070e+05 3.000000e+00 -1.000000e+00 -1.000000e+00 7.850000e+02 5.261161e-01 1.000000e+00 0.000000e+00 -1.000000e+00 5.000000e-01 -1.000000e+00 -9.990070e+05 5.000000e-01 8.696562e-01 9.692079e-01 -1.000000e+00 -1.000000e+00 -1.000000e+00 -1.0 0.000000e+00 7.706476e-01
-1.000000e+00 -1.000000e+00 9.570000e+02 4.000000e+03 -1.000000e+00 -1.000000e+00 0.000000e+00 9.492779e-01 -1.000000e+00 1.000000e+00 9.350000e+02 -1.000000e+00 0.000000e+00 -1.000000e+00 -1.000000e+00 8.583327e-01 -1.000000e+00 1.000000e+00 -9.990070e+05 3.000000e+00 -1.000000e+00 -1.000000e+00 9.460000e+02 9.060644e-01 1.000000e+00 0.000000e+00 -1.000000e+00 5.000000e-01 -1.000000e+00 -9.990070e+05 5.000000e-01 9.811232e-01 9.962547e-01 -1.000000e+00 -1.000000e+00 -1.000000e+00 -1.0 0.000000e+00 9.517264e-01
-1.000000e+00 -1.000000e+00 9.850000e+02 0.000000e+00 -1.000000e+00 -1.000000e+00 0.000000e+00 9.297103e-01 -1.000000e+00 0.000000e+00 7.450000e+02 -1.000000e+00 0.000000e+00 -1.000000e+00 -1.000000e+00 8.083240e-01 -1.000000e+00 0.000000e+00 -9.990070e+05 3.000000e+00 -1.000000e+00 -1.000000e+00 8.650000e+02 8.713947e-01 1.000000e+00 0.000000e+00 -1.000000e+00 5.000000e-01 -1.000000e+00 -9.990070e+05 5.000000e-01 9.735136e-01 9.946775e-01 -1.000000e+00 -1.000000e+00 -1.000000e+00 -1.0 0.000000e+00 9.343265e-01
