-1.000000e+00 -1.000000e+00 1.600000e+03 0.000000e+00 -1.000000e+00 -1.000000e+00 0.000000e+00 8.168610e-01 -1.000000e+00 0.000000e+00 6.000000e+01 -1.000000e+00 0.000000e+00 -1.000000e+00 -1.000000e+00 5.635673e-01 -1.000000e+00 0.000000e+00 -9.990070e+05 3.000000e+00 -1.000000e+00 -1.000000e+00 1.060000e+03 6.873535e-01 0.000000e+00 0.000000e+00 -1.000000e+00 4.088603e-01 -1.000000e+00 -9.990070e+05 4.088603e-01 9.257560e-01 9.838879e-01 -1.000000e+00 -1.000000e+00 -1.000000e+00 -1.0 0.000000e+00 8.169993e-01
-1.000000e+00 -1.000000e+00 1.600000e+03 0.000000e+00 -1.000000e+00 -1.000000e+00 0.000000e+00 7.731790e-01 -1.000000e+00 0.000000e+00 6.000000e+01 -1.000000e+00 0.000000e+00 -1.000000e+00 -1.000000e+00 4.862557e-01 -1.000000e+00 0.000000e+00 -9.990070e+05 3.000000e+00 -1.000000e+00 -1.000000e+00 1.260000e+03 6.229535e-01 0.000000e+00 0.000000e+00 -1.000000e+00 3.866743e-01 -1.000000e+00 -9.990070e+05 3.866743e-01 9.053361e-01 9.787993e-01 -1.000000e+00 -1.000000e+00 -1.000000e+00 -1.0 0.000000e+00 7.732119e-01
-1.000000e+00 -1.000000e+00 1.600000e+03 0.000000e+00 -1.000000e+00 -1.000000e+00 0.000000e+00 7.524483e-01 -1.000000e+00 0.000000e+00 6.000000e+01 -1.000000e+00 0.000000e+00 -1.000000e+00 -1.000000e+00 4.525327e-01 -1.000000e+00 0.000000e+00 -9.990070e+05 3.000000e+00 -1.000000e+00 -1.000000e+00 1.400000e+03 5.936495e-01 0.000000e+00 0.000000e+00 -1.000000e+00 3.761642e-01 -1.000000e+00 -9.990070e+05 3.761642e-01 8.952309e-01 9.761740e-01 -1.000000e+00 -1.000000e+00 -1.000000e+00 -1.0 0.000000e+00 7.524232e-01
-1.000000e+00 -1.000000e+00 1.600000e+03 0.000000e+00 -1.000000e+00 -1.000000e+00 0.000000e+00 7.484515e-01 -1.000000e+00 0.000000e+00 6.000000e+01 -1.000000e+00 0.000000e+00 -1.000000e+00 -1.000000e+00 4.462396e-01 -1.000000e+00 0.000000e+00 -9.990070e+05 3.000000e+00 -1.000000e+00 -1.000000e+00 1.460000e+03 5.880910e-01 0.000000e+00 0.000000e+00 -1.000000e+00 3.741573e-01 -1.000000e+00 -9.990070e+05 3.741573e-01 8.932508e-01 9.756512e-01 -1.000000e+00 -1.000000e+00 -1.000000e+00 -1.0 0.000000e+00 7.484224e-01
-1.000000e+00 -1.000000e+00 1.600000e+03 0.000000e+00 -1.000000e+00 -1.000000e+00 0.000000e+00 7.411117e-01 -1.000000e+00 0.000000e+00 6.000000e+01 -1.000000e+00 0.000000e+00 -1.000000e+00 -1.000000e+00 4.348545e-01 -1.000000e+00 0.000000e+00 -9.990070e+05 3.000000e+00 -1.000000e+00 -1.000000e+00 1.500000e+03 5.779594e-01 0.000000e+00 0.000000e+00 -1.000000e+00 3.707781e-01 -1.000000e+00 -9.990070e+05 3.707781e-01 8.895872e-01 9.746766e-01 -1.000000e+00 -1.000000e+00 -1.000000e+00 -1.0 0.000000e+00 7.412083e-01
-1.000000e+00 -1.000000e+00 1.600000e+03 0.000000e+00 -1.000000e+00 -1.000000e+00 0.000000e+00 7.416882e-01 -1.000000e+00 0.000000e+00 6.000000e+01 -1.000000e+00 0.000000e+00 -1.000000e+00 -1.000000e+00 4.357407e-01 -1.000000e+00 0.000000e+00 -9.990070e+05 3.000000e+00 -1.000000e+00 -1.000000e+00 1.550000e+03 5.787516e-01 0.000000e+00 0.000000e+00 -1.000000e+00 3.707517e-01 -1.000000e+00 -9.990070e+05 3.707517e-01 8.898762e-01 9.747538e-01 -1.000000e+00 -1.000000e+00 -1.000000e+00 -1.0 0.000000e+00 7.416481e-01
-1.000000e+00 -1.000000e+00 1.600000e+03 0.000000e+00 -1.000000e+00 -1.000000e+00 0.000000e+00 7.377892e-01 -1.000000e+00 0.000000e+00 6.000000e+01 -1.000000e+00 0.000000e+00 -1.000000e+00 -1.000000e+00 4.297731e-01 -1.000000e+00 0.000000e+00 -9.990070e+05 3.000000e+00 -1.000000e+00 -1.000000e+00 1.590000e+03 5.734054e-01 0.000000e+00 0.000000e+00 -1.000000e+00 3.690097e-01 -1.000000e+00 -9.990070e+05 3.690097e-01 8.879170e-01 9.742292e-01 -1.000000e+00 -1.000000e+00 -1.000000e+00 -1.0 0.000000e+00 7.378398e-01
-1.000000e+00 -1.000000e+00 1.600000e+03 0.000000e+00 -1.000000e+00 -1.000000e+00 0.000000e+00 8.639264e-01 -1.000000e+00 0.000000e+00 6.000000e+01 -1.000000e+00 0.000000e+00 -1.000000e+00 -1.000000e+00 6.571960e-01 -1.000000e+00 0.000000e+00 -9.990070e+05 3.000000e+00 -1.000000e+00 -1.000000e+00 8.600000e+02 7.609164e-01 0.000000e+00 0.000000e+00 -1.000000e+00 4.330390e-01 -1.000000e+00 -9.990070e+05 4.330390e-01 9.465095e-01 9.887664e-01 -1.000000e+00 -1.000000e+00 -1.000000e+00 -1.0 0.000000e+00 8.641915e-01
-1.000000e+00 -1.000000e+00 2.650000e+02 4.000000e+03 -1.000000e+00 -1.000000e+00 0.000000e+00 2.653353e-02 -1.000000e+00 1.000000e+00 1.850000e+02 -1.000000e+00 0.000000e+00 -1.000000e+00 -1.000000e+00 5.409585e-04 -1.000000e+00 1.000000e+00 -9.990070e+05 3.000000e+00 -1.000000e+00 -1.000000e+00 2.250000e+02 4.063756e-03 0.000000e+00 0.000000e+00 -1.000000e+00 1.310903e-02 -1.000000e+00 -9.990070e+05 1.310903e-02 1.325885e-01 4.232212e-01 -1.000000e+00 -1.000000e+00 -1.000000e+00 -1.0 0.000000e+00 2.631578e-02
-1.000000e+00 -1.000000e+00 3.170000e+02 0.000000e+00 -1.000000e+00 -1.000000e+00 0.000000e+00 9.235337e-29 -1.000000e+00 0.000000e+00 2.950000e+02 -1.000000e+00 0.000000e+00 -1.000000e+00 -1.000000e+00 5.045882e-38 -1.000000e+00 0.000000e+00 -9.990070e+05 3.000000e+00 -1.000000e+00 -1.000000e+00 3.060000e+02 2.384739e-33 0.000000e+00 0.000000e+00 -1.000000e+00 4.651396e-29 -1.000000e+00 -9.990070e+05 4.651396e-29 2.483374e-24 3.591961e-20 -1.000000e+00 -1.000000e+00 -1.000000e+00 -1.0 0.000000e+00 9.297979e-29
-1.000000e+00 -1.000000e+00 3.450000e+02 0.000000e+00 -1.000000e+00 -1.000000e+00 0.000000e+00 5.041151e-05 -1.000000e+00 0.000000e+00 2.650000e+02 -1.000000e+00 0.000000e+00 -1.000000e+00 -1.000000e+00 3.110895e-08 -1.000000e+00 0.000000e+00 -9.990070e+05 3.000000e+00 -1.000000e+00 -1.000000e+00 3.050000e+02 1.365562e-06 0.000000e+00 0.000000e+00 -1.000000e+00 2.508509e-05 -1.000000e+00 -9.990070e+05 2.508509e-05 1.343265e-03 2.046748e-02 -1.000000e+00 -1.000000e+00 -1.000000e+00 -1.0 0.000000e+00 5.021514e-05
-1.000000e+00 -1.000000e+00 3.970000e+02 0.000000e+00 -1.000000e+00 -1.000000e+00 0.000000e+00 1.301158e-23 -1.000000e+00 0.000000e+00 3.750000e+02 -1.000000e+00 0.000000e+00 -1.000000e+00 -1.000000e+00 6.463275e-32 -1.000000e+00 0.000000e+00 -9.990070e+05 3.000000e+00 -1.000000e+00 -1.000000e+00 3.860000e+02 1.012391e-27 0.000000e+00 0.000000e+00 -1.000000e+00 7.009130e-24 -1.000000e+00 -9.990070e+05 7.009130e-24 1.163154e-19 5.605741e-16 -1.000000e+00 -1.000000e+00 -1.000000e+00 -1.0 0.000000e+00 1.393630e-23
-1.000000e+00 -1.000000e+00 4.250000e+02 0.000000e+00 -1.000000e+00 -1.000000e+00 0.000000e+00 3.140810e-06 -1.000000e+00 0.000000e+00 3.450000e+02 -1.000000e+00 0.000000e+00 -1.000000e+00 -1.000000e+00 5.961501e-10 -1.000000e+00 0.000000e+00 -9.990070e+05 3.000000e+00 -1.000000e+00 -1.000000e+00 3.850000e+02 4.732014e-08 0.000000e+00 0.000000e+00 -1.000000e+00 1.538354e-06 -1.000000e+00 -9.990070e+05 1.538354e-06 1.490772e-04 3.981519e-03 -1.000000e+00 -1.000000e+00 -1.000000e+00 -1.0 0.000000e+00 3.087156e-06
-1.000000e+00 -1.000000e+00 4.770000e+02 0.000000e+00 -1.000000e+00 -1.000000e+00 0.000000e+00 3.246490e-20 -1.000000e+00 0.000000e+00 4.550000e+02 -1.000000e+00 0.000000e+00 -1.000000e+00 -1.000000e+00 7.960296e-28 -1.000000e+00 0.000000e+00 -9.990070e+05 3.000000e+00 -1.000000e+00 -1.000000e+00 4.660000e+02 5.608688e-24 0.000000e+00 0.000000e+00 -1.000000e+00 1.638653e-20 -1.000000e+00 -9.990070e+05 1.638653e-20 1.309174e-16 2.852504e-13 -1.000000e+00 -1.000000e+00 -1.000000e+00 -1.0 0.000000e+00 3.274657e-20
-1.000000e+00 -1.000000e+00 5.050000e+02 0.000000e+00 -1.000000e+00 -1.000000e+00 0.000000e+00 1.167597e-06 -1.000000e+00 0.000000e+00 4.250000e+02 -1.000000e+00 0.000000e+00 -1.000000e+00 -1.000000e+00 1.502236e-10 -1.000000e+00 0.000000e+00 -9.990070e+05 3.000000e+00 -1.000000e+00 -1.000000e+00 4.650000e+02 1.449450e-08 0.000000e+00 0.000000e+00 -1.000000e+00 5.864479e-07 -1.000000e+00 -9.990070e+05 5.864479e-07 6.709309e-05 2.160292e-03 -1.000000e+00 -1.000000e+00 -1.000000e+00 -1.0 0.000000e+00 1.172058e-06
-1.000000e+00 -1.000000e+00 5.570000e+02 0.000000e+00 -1.000000e+00 -1.000000e+00 0.000000e+00 5.597881e-12 -1.000000e+00 0.000000e+00 5.350000e+02 -1.000000e+00 0.000000e+00 -1.000000e+00 -1.000000e+00 1.348793e-17 -1.000000e+00 0.000000e+00 -9.990070e+05 3.000000e+00 -1.000000e+00 -1.000000e+00 5.460000e+02 9.559651e-15 0.000000e+00 0.000000e+00 -1.000000e+00 2.805237e-12 -1.000000e+00 -9.990070e+05 2.805237e-12 2.301709e-09 5.171623e-07 -1.000000e+00 -1.000000e+00 -1.000000e+00 -1.0 0.000000e+00 5.609043e-12
-1.000000e+00 -1.000000e+00 5.850000e+02 4.000000e+03 -1.000000e+00 -1.000000e+00 0.000000e+00 1.971304e-04 -1.000000e+00 1.000000e+00 5.050000e+02 -1.000000e+00 0.000000e+00 -1.000000e+00 -1.000000e+00 2.304721e-07 -1.000000e+00 1.000000e+00 -9.990070e+05 2.000000e+00 -1.000000e+00 -1.000000e+00 5.450000e+02 7.335816e-06 0.000000e+00 0.000000e+00 -1.000000e+00 9.880612e-05 -1.000000e+00 -9.990070e+05 9.880612e-05 3.848454e-03 4.346328e-02 -1.000000e+00 -1.000000e+00 -1.000000e+00 -1.0 1.000000e+00 1.975151e-04
-1.000000e+00 -1.000000e+00 6.370000e+02 0.000000e+00 -1.000000e+00 -1.000000e+00 0.000000e+00 6.778111e-07 -1.000000e+00 0.000000e+00 6.150000e+02 -1.000000e+00 0.000000e+00 -1.000000e+00 -1.000000e+00 7.084733e-11 -1.000000e+00 0.000000e+00 -9.990070e+05 3.000000e+00 -1.000000e+00 -1.000000e+00 6.260000e+02 7.587064e-09 0.000000e+00 0.000000e+00 -1.000000e+00 3.394522e-07 -1.000000e+00 -9.990070e+05 3.394522e-07 4.314240e-05 1.535530e-03 -1.000000e+00 -1.000000e+00 -1.000000e+00 -1.0 0.000000e+00 6.787350e-07
-1.000000e+00 -1.000000e+00 6.650000e+02 0.000000e+00 -1.000000e+00 -1.000000e+00 0.000000e+00 1.550315e-02 -1.000000e+00 0.000000e+00 5.850000e+02 -1.000000e+00 0.000000e+00 -1.000000e+00 -1.000000e+00 2.165157e-04 -1.000000e+00 0.000000e+00 -9.990070e+05 3.000000e+00 -1.000000e+00 -1.000000e+00 6.250000e+02 1.970547e-03 0.000000e+00 0.000000e+00 -1.000000e+00 7.757587e-03 -1.000000e+00 -9.990070e+05 7.757587e-03 9.240519e-02 3.449416e-01 -1.000000e+00 -1.000000e+00 -1.000000e+00 -1.0 0.000000e+00 1.551168e-02
-1.000000e+00 -1.000000e+00 7.170000e+02 0.000000e+00 -1.000000e+00 -1.000000e+00 0.000000e+00 1.377120e-02 -1.000000e+00 0.000000e+00 6.950000e+02 -1.000000e+00 0.000000e+00 -1.000000e+00 -1.000000e+00 1.774789e-04 -1.000000e+00 0.000000e+00 -9.990070e+05 3.000000e+00 -1.000000e+00 -1.000000e+00 7.060000e+02 1.682382e-03 0.000000e+00 0.000000e+00 -1.000000e+00 6.967357e-03 -1.000000e+00 -9.990070e+05 6.967357e-03 8.523201e-02 3.291060e-01 -1.000000e+00 -1.000000e+00 -1.000000e+00 -1.0 0.000000e+00 1.388779e-02
-1.000000e+00 -1.000000e+00 7.450000e+02 0.000000e+00 -1.000000e+00 -1.000000e+00 0.000000e+00 2.325827e-01 -1.000000e+00 0.000000e+00 5.050000e+02 -1.000000e+00 0.000000e+00 -1.000000e+00 -1.000000e+00 3.086712e-02 -1.000000e+00 0.000000e+00 -9.990070e+05 3.000000e+00 -1.000000e+00 -1.000000e+00 6.250000e+02 8.904417e-02 0.000000e+00 0.000000e+00 -1.000000e+00 1.161766e-01 -1.000000e+00 -9.990070e+05 1.161766e-01 5.029956e-01 8.083457e-01 -1.000000e+00 -1.000000e+00 -1.000000e+00 -1.0 0.000000e+00 2.324620e-01
-1.000000e+00 -1.000000e+00 7.450000e+02 0.000000e+00 -1.000000e+00 -1.000000e+00 0.000000e+00 1.789909e-01 -1.000000e+00 0.000000e+00 6.650000e+02 -1.000000e+00 0.000000e+00 -1.000000e+00 -1.000000e+00 1.815789e-02 -1.000000e+00 0.000000e+00 -9.990070e+05 3.000000e+00 -1.000000e+00 -1.000000e+00 7.050000e+02 6.014581e-02 0.000000e+00 0.000000e+00 -1.000000e+00 8.939084e-02 -1.000000e+00 -9.990070e+05 8.939084e-02 4.343910e-01 7.614534e-01 -1.000000e+00 -1.000000e+00 -1.000000e+00 -1.0 0.000000e+00 1.788740e-01
-1.000000e+00 -1.000000e+00 7.850000e+02 0.000000e+00 -1.000000e+00 -1.000000e+00 0.000000e+00 2.660919e-01 -1.000000e+00 0.000000e+00 6.250000e+02 -1.000000e+00 0.000000e+00 -1.000000e+00 -1.000000e+00 4.082542e-02 -1.000000e+00 0.000000e+00 -9.990070e+05 3.000000e+00 -1.000000e+00 -1.000000e+00 7.050000e+02 1.092848e-01 0.000000e+00 0.000000e+00 -1.000000e+00 1.331820e-01 -1.000000e+00 -9.990070e+05 1.331820e-01 5.412395e-01 8.316201e-01 -1.000000e+00 -1.000000e+00 -1.000000e+00 -1.0 0.000000e+00 2.662295e-01
-1.000000e+00 -1.000000e+00 7.970000e+02 0.000000e+00 -1.000000e+00 -1.000000e+00 0.000000e+00 1.252476e-01 -1.000000e+00 0.000000e+00 7.750000e+02 -1.000000e+00 0.000000e+00 -1.000000e+00 -1.000000e+00 9.026196e-03 -1.000000e+00 0.000000e+00 -9.990070e+05 3.000000e+00 -1.000000e+00 -1.000000e+00 7.860000e+02 3.562881e-02 0.000000e+00 0.000000e+00 -1.000000e+00 6.263208e-02 -1.000000e+00 -9.990070e+05 6.263208e-02 3.529791e-01 6.955325e-01 -1.000000e+00 -1.000000e+00 -1.000000e+00 -1.0 0.000000e+00 1.252574e-01
-1.000000e+00 -1.000000e+00 8.250000e+02 0.000000e+00 -1.000000e+00 -1.000000e+00 0.000000e+00 3.357075e-01 -1.000000e+00 0.000000e+00 7.450000e+02 -1.000000e+00 0.000000e+00 -1.000000e+00 -1.000000e+00 6.702648e-02 -1.000000e+00 0.000000e+00 -9.990070e+05 3.000000e+00 -1.000000e+00 -1.000000e+00 7.850000e+02 1.565761e-01 0.000000e+00 0.000000e+00 -1.000000e+00 1.679918e-01 -1.000000e+00 -9.990070e+05 1.679918e-01 6.119781e-01 8.699989e-01 -1.000000e+00 -1.000000e+00 -1.000000e+00 -1.0 0.000000e+00 3.358363e-01
-1.000000e+00 -1.000000e+00 8.770000e+02 0.000000e+00 -1.000000e+00 -1.000000e+00 0.000000e+00 3.571524e-01 -1.000000e+00 0.000000e+00 8.550000e+02 -1.000000e+00 0.000000e+00 -1.000000e+00 -1.000000e+00 7.673111e-02 -1.000000e+00 0.000000e+00 -9.990070e+05 3.000000e+00 -1.000000e+00 -1.000000e+00 8.660000e+02 1.725639e-01 0.000000e+00 0.000000e+00 -1.000000e+00 1.788987e-01 -1.000000e+00 -9.990070e+05 1.788987e-01 6.317997e-01 8.797644e-01 -1.000000e+00 -1.000000e+00 -1.000000e+00 -1.0 0.000000e+00 3.574453e-01
-1.000000e+00 -1.000000e+00 9.050000e+02 0.000000e+00 -1.000000e+00 -1.000000e+00 0.000000e+00 5.755371e-01 -1.000000e+00 0.000000e+00 5.050000e+02 -1.000000e+00 0.000000e+00 -1.000000e+00 -1.000000e+00 2.301034e-01 -1.000000e+00 0.000000e+00 -9.990070e+05 3.000000e+00 -1.000000e+00 -1.000000e+00 7.050000e+02 3.743332e-01 0.000000e+00 0.000000e+00 -1.000000e+00 2.875735e-01 -1.000000e+00 -9.990070e+05 2.875735e-01 7.964180e-01 9.466139e-01 -1.000000e+00 -1.000000e+00 -1.000000e+00 -1.0 0.000000e+00 5.754096e-01
-1.000000e+00 -1.000000e+00 9.050000e+02 0.000000e+00 -1.000000e+00 -1.000000e+00 0.000000e+00 5.666159e-01 -1.000000e+00 0.000000e+00 8.250000e+02 -1.000000e+00 0.000000e+00 -1.000000e+00 -1.000000e+00 2.215565e-01 -1.000000e+00 0.000000e+00 -9.990070e+05 3.000000e+00 -1.000000e+00 -1.000000e+00 8.650000e+02 3.646553e-01 0.000000e+00 0.000000e+00 -1.000000e+00 2.833272e-01 -1.000000e+00 -9.990070e+05 2.833272e-01 7.907518e-01 9.446959e-01 -1.000000e+00 -1.000000e+00 -1.000000e+00 -1.0 0.000000e+00 5.666287e-01
