-1.000000e+00 -1.000000e+00 5.850000e+02 4.000000e+03 -1.000000e+00 -1.000000e+00 0.000000e+00 1.971304e-04 -1.000000e+00 1.000000e+00 5.050000e+02 -1.000000e+00 0.000000e+00 -1.000000e+00 -1.000000e+00 2.304721e-07 -1.000000e+00 1.000000e+00 -9.990070e+05 2.000000e+00 -1.000000e+00 -1.000000e+00 5.450000e+02 7.335816e-06 0.000000e+00 0.000000e+00 -1.000000e+00 9.880612e-05 -1.000000e+00 -9.990070e+05 9.880612e-05 3.848454e-03 4.346328e-02 -1.000000e+00 -1.000000e+00 -1.000000e+00 5 1.000000e+00 1.975151e-04
-1.000000e+00 -1.000000e+00 1.200000e+03 0.000000e+00 -1.000000e+00 -1.000000e+00 0.000000e+00 4.521816e-04 -1.000000e+00 0.000000e+00 6.000000e+01 -1.000000e+00 0.000000e+00 -1.000000e+00 -1.000000e+00 7.995005e-07 -1.000000e+00 0.000000e+00 -9.990070e+05 3.000000e+00 -1.000000e+00 -1.000000e+00 1.000000e+03 2.066349e-05 0.000000e+00 0.000000e+00 -1.000000e+00 1.109763e-06 -1.000000e+00 -9.990070e+05 1.109763e-06 7.223962e-03 6.736195e-02 -1.000000e+00 -1.000000e+00 -1.000000e+00 6 0.000000e+00 1.005801e-05
-1.000000e+00 -1.000000e+00 7.450000e+02 0.000000e+00 -1.000000e+00 -1.000000e+00 0.000000e+00 2.223697e-01 -1.000000e+00 0.000000e+00 5.050000e+02 -1.000000e+00 0.000000e+00 -1.000000e+00 -1.000000e+00 2.814892e-02 -1.000000e+00 0.000000e+00 -9.990070e+05 3.000000e+00 -1.000000e+00 -1.000000e+00 6.250000e+02 8.320469e-02 0.000000e+00 0.000000e+00 -1.000000e+00 2.004027e-02 -1.000000e+00 -9.990070e+05 2.004027e-02 4.906880e-01 8.004408e-01 -1.000000e+00 -1.000000e+00 -1.000000e+00 1 0.000000e+00 9.895630e-02
-1.000000e+00 -1.000000e+00 1.400000e+03 0.000000e+00 -1.000000e+00 -1.000000e+00 0.000000e+00 9.325724e-02 -1.000000e+00 0.000000e+00 6.000000e+01 -1.000000e+00 0.000000e+00 -1.000000e+00 -1.000000e+00 5.157026e-03 -1.000000e+00 0.000000e+00 -9.990070e+05 3.000000e+00 -1.000000e+00 -1.000000e+00 1.350000e+03 2.330886e-02 0.000000e+00 0.000000e+00 -1.000000e+00 9.811399e-02 -1.000000e+00 -9.990070e+05 9.811399e-02 2.956456e-01 6.406747e-01 -1.000000e+00 -1.000000e+00 -1.000000e+00 2 0.000000e+00 1.508787e-01
-1.000000e+00 -1.000000e+00 1.185000e+03 0.000000e+00 -1.000000e+00 -1.000000e+00 0.000000e+00 7.744561e-01 -1.000000e+00 0.000000e+00 8.650000e+02 -1.000000e+00 0.000000e+00 -1.000000e+00 -1.000000e+00 4.883937e-01 -1.000000e+00 0.000000e+00 -9.990070e+05 3.000000e+00 -1.000000e+00 -1.000000e+00 1.025000e+03 6.247849e-01 0.000000e+00 0.000000e+00 -1.000000e+00 1.032538e-01 -1.000000e+00 -9.990070e+05 1.032538e-01 9.059497e-01 9.789564e-01 -1.000000e+00 -1.000000e+00 -1.000000e+00 1 0.000000e+00 6.281990e-01
-1.000000e+00 -1.000000e+00 1.825000e+03 0.000000e+00 -1.000000e+00 -1.000000e+00 0.000000e+00 7.070493e-01 -1.000000e+00 0.000000e+00 8.650000e+02 -1.000000e+00 0.000000e+00 -1.000000e+00 -1.000000e+00 3.848309e-01 -1.000000e+00 0.000000e+00 -9.990070e+05 3.000000e+00 -1.000000e+00 -1.000000e+00 1.345000e+03 5.322129e-01 0.000000e+00 0.000000e+00 -1.000000e+00 1.929674e-01 -1.000000e+00 -9.990070e+05 1.929674e-01 8.721094e-01 9.698964e-01 -1.000000e+00 -1.000000e+00 -1.000000e+00 7 0.000000e+00 6.191886e-01
-1.000000e+00 -1.000000e+00 9.570000e+02 0.000000e+00 -1.000000e+00 -1.000000e+00 0.000000e+00 6.568533e-01 -1.000000e+00 0.000000e+00 9.350000e+02 -1.000000e+00 0.000000e+00 -1.000000e+00 -1.000000e+00 3.190067e-01 -1.000000e+00 0.000000e+00 -9.990070e+05 3.000000e+00 -1.000000e+00 -1.000000e+00 9.460000e+02 4.685169e-01 0.000000e+00 0.000000e+00 -1.000000e+00 4.813291e-01 -1.000000e+00 -9.990070e+05 4.813291e-01 8.448440e-01 9.620005e-01 -1.000000e+00 -1.000000e+00 -1.000000e+00 2 0.000000e+00 7.354376e-01
-1.000000e+00 -1.000000e+00 3.450000e+02 0.000000e+00 -1.000000e+00 -1.000000e+00 0.000000e+00 5.041151e-05 -1.000000e+00 0.000000e+00 2.650000e+02 -1.000000e+00 0.000000e+00 -1.000000e+00 -1.000000e+00 3.110895e-08 -1.000000e+00 0.000000e+00 -9.990070e+05 3.000000e+00 -1.000000e+00 -1.000000e+00 3.050000e+02 1.365562e-06 0.000000e+00 0.000000e+00 -1.000000e+00 2.508509e-05 -1.000000e+00 -9.990070e+05 2.508509e-05 1.343265e-03 2.046748e-02 -1.000000e+00 -1.000000e+00 -1.000000e+00 5 0.000000e+00 5.021514e-05
-1.000000e+00 -1.000000e+00 1.600000e+03 0.000000e+00 -1.000000e+00 -1.000000e+00 0.000000e+00 4.636064e-01 -1.000000e+00 0.000000e+00 6.000000e+01 -1.000000e+00 0.000000e+00 -1.000000e+00 -1.000000e+00 1.379669e-01 -1.000000e+00 0.000000e+00 -9.990070e+05 3.000000e+00 -1.000000e+00 -1.000000e+00 1.590000e+03 2.619190e-01 0.000000e+00 0.000000e+00 -1.000000e+00 3.687897e-01 -1.000000e+00 -9.990070e+05 3.687897e-01 7.194384e-01 9.183285e-01 -1.000000e+00 -1.000000e+00 -1.000000e+00 2 0.000000e+00 5.633528e-01
-1.000000e+00 -1.000000e+00 1.600000e+03 0.000000e+00 -1.000000e+00 -1.000000e+00 0.000000e+00 1.314887e-01 -1.000000e+00 0.000000e+00 6.000000e+01 -1.000000e+00 0.000000e+00 -1.000000e+00 -1.000000e+00 9.913192e-03 -1.000000e+00 0.000000e+00 -9.990070e+05 3.000000e+00 -1.000000e+00 -1.000000e+00 8.600000e+02 3.823647e-02 0.000000e+00 0.000000e+00 -1.000000e+00 2.471549e-01 -1.000000e+00 -9.990070e+05 2.471549e-01 3.632714e-01 7.045787e-01 -1.000000e+00 -1.000000e+00 -1.000000e+00 3 0.000000e+00 3.107875e-01
-1.000000e+00 -1.000000e+00 1.745000e+03 0.000000e+00 -1.000000e+00 -1.000000e+00 0.000000e+00 4.842542e-01 -1.000000e+00 0.000000e+00 6.250000e+02 -1.000000e+00 0.000000e+00 -1.000000e+00 -1.000000e+00 1.526335e-01 -1.000000e+00 0.000000e+00 -9.990070e+05 3.000000e+00 -1.000000e+00 -1.000000e+00 1.185000e+03 2.812054e-01 0.000000e+00 0.000000e+00 -1.000000e+00 1.188097e-01 -1.000000e+00 -9.990070e+05 1.188097e-01 7.346703e-01 9.243175e-01 -1.000000e+00 -1.000000e+00 -1.000000e+00 7 0.000000e+00 3.770693e-01
-1.000000e+00 -1.000000e+00 1.505000e+03 0.000000e+00 -1.000000e+00 -1.000000e+00 0.000000e+00 4.881397e-01 -1.000000e+00 0.000000e+00 8.650000e+02 -1.000000e+00 0.000000e+00 -1.000000e+00 -1.000000e+00 1.555042e-01 -1.000000e+00 0.000000e+00 -9.990070e+05 3.000000e+00 -1.000000e+00 -1.000000e+00 1.185000e+03 2.849069e-01 0.000000e+00 0.000000e+00 -1.000000e+00 4.962216e-02 -1.000000e+00 -9.990070e+05 4.962216e-02 7.374804e-01 9.254007e-01 -1.000000e+00 -1.000000e+00 -1.000000e+00 1 0.000000e+00 2.923702e-01
-1.000000e+00 -1.000000e+00 1.200000e+03 0.000000e+00 -1.000000e+00 -1.000000e+00 0.000000e+00 5.348864e-08 -1.000000e+00 0.000000e+00 6.000000e+01 -1.000000e+00 0.000000e+00 -1.000000e+00 -1.000000e+00 2.224513e-12 -1.000000e+00 0.000000e+00 -9.990070e+05 3.000000e+00 -1.000000e+00 -1.000000e+00 8.600000e+02 3.782457e-10 0.000000e+00 0.000000e+00 -1.000000e+00 2.865748e-11 -1.000000e+00 -9.990070e+05 2.865748e-11 5.363414e-06 2.983927e-04 -1.000000e+00 -1.000000e+00 -1.000000e+00 6 0.000000e+00 2.151049e-10
-1.000000e+00 -1.000000e+00 1.000000e+03 0.000000e+00 -1.000000e+00 -1.000000e+00 0.000000e+00 5.953130e-10 -1.000000e+00 0.000000e+00 6.000000e+01 -1.000000e+00 0.000000e+00 -1.000000e+00 -1.000000e+00 5.662233e-15 -1.000000e+00 0.000000e+00 -9.990070e+05 3.000000e+00 -1.000000e+00 -1.000000e+00 7.000000e+01 2.017112e-12 0.000000e+00 0.000000e+00 -1.000000e+00 2.114427e-13 -1.000000e+00 -9.990070e+05 2.114427e-13 1.238611e-07 1.416795e-05 -1.000000e+00 -1.000000e+00 -1.000000e+00 6 0.000000e+00 1.454196e-12
-1.000000e+00 -1.000000e+00 7.850000e+02 0.000000e+00 -1.000000e+00 -1.000000e+00 0.000000e+00 2.660919e-01 -1.000000e+00 0.000000e+00 6.250000e+02 -1.000000e+00 0.000000e+00 -1.000000e+00 -1.000000e+00 4.082542e-02 -1.000000e+00 0.000000e+00 -9.990070e+05 3.000000e+00 -1.000000e+00 -1.000000e+00 7.050000e+02 1.092848e-01 0.000000e+00 0.000000e+00 -1.000000e+00 1.331820e-01 -1.000000e+00 -9.990070e+05 1.331820e-01 5.412395e-01 8.316201e-01 -1.000000e+00 -1.000000e+00 -1.000000e+00 5 0.000000e+00 2.662295e-01
-1.000000e+00 -1.000000e+00 1.585000e+03 0.000000e+00 -1.000000e+00 -1.000000e+00 0.000000e+00 2.746010e-01 -1.000000e+00 0.000000e+00 6.250000e+02 -1.000000e+00 0.000000e+00 -1.000000e+00 -1.000000e+00 4.361721e-02 -1.000000e+00 0.000000e+00 -9.990070e+05 3.000000e+00 -1.000000e+00 -1.000000e+00 1.105000e+03 1.146867e-01 0.000000e+00 0.000000e+00 -1.000000e+00 5.944269e-02 -1.000000e+00 -9.990070e+05 5.944269e-02 5.504750e-01 8.369624e-01 -1.000000e+00 -1.000000e+00 -1.000000e+00 7 0.000000e+00 1.856012e-01
-1.000000e+00 -1.000000e+00 3.970000e+02 0.000000e+00 -1.000000e+00 -1.000000e+00 0.000000e+00 4.303913e-34 -1.000000e+00 0.000000e+00 3.750000e+02 -1.000000e+00 0.000000e+00 -1.000000e+00 -1.000000e+00 2.939034e-44 -1.000000e+00 0.000000e+00 -9.990070e+05 3.000000e+00 -1.000000e+00 -1.000000e+00 3.860000e+02 3.930887e-39 0.000000e+00 0.000000e+00 -1.000000e+00 1.210967e-36 -1.000000e+00 -9.990070e+05 1.210967e-36 3.267988e-29 1.332628e-24 -1.000000e+00 -1.000000e+00 -1.000000e+00 4 0.000000e+00 3.574147e-36
-1.000000e+00 -1.000000e+00 1.200000e+03 0.000000e+00 -1.000000e+00 -1.000000e+00 0.000000e+00 9.610122e-03 -1.000000e+00 0.000000e+00 6.000000e+01 -1.000000e+00 0.000000e+00 -1.000000e+00 -1.000000e+00 9.762596e-05 -1.000000e+00 0.000000e+00 -9.990070e+05 3.000000e+00 -1.000000e+00 -1.000000e+00 2.600000e+02 1.043924e-03 0.000000e+00 0.000000e+00 -1.000000e+00 1.367451e-03 -1.000000e+00 -9.990070e+05 1.367451e-03 6.652212e-02 2.842117e-01 -1.000000e+00 -1.000000e+00 -1.000000e+00 7 0.000000e+00 3.996252e-03
-1.000000e+00 -1.000000e+00 1.000000e+03 0.000000e+00 -1.000000e+00 -1.000000e+00 0.000000e+00 1.129822e-19 -1.000000e+00 0.000000e+00 6.000000e+01 -1.000000e+00 0.000000e+00 -1.000000e+00 -1.000000e+00 3.618603e-27 -1.000000e+00 0.000000e+00 -9.990070e+05 3.000000e+00 -1.000000e+00 -1.000000e+00 6.600000e+02 2.230562e-23 0.000000e+00 0.000000e+00 -1.000000e+00 8.737307e-24 -1.000000e+00 -9.990070e+05 8.737307e-24 3.988149e-16 7.609640e-13 -1.000000e+00 -1.000000e+00 -1.000000e+00 6 0.000000e+00 4.821702e-23
-1.000000e+00 -1.000000e+00 1.905000e+03 0.000000e+00 -1.000000e+00 -1.000000e+00 0.000000e+00 6.823668e-01 -1.000000e+00 0.000000e+00 1.450000e+02 -1.000000e+00 0.000000e+00 -1.000000e+00 -1.000000e+00 3.513381e-01 -1.000000e+00 0.000000e+00 -9.990070e+05 3.000000e+00 -1.000000e+00 -1.000000e+00 1.025000e+03 5.003476e-01 1.000000e+00 0.000000e+00 -1.000000e+00 5.000000e-01 -1.000000e+00 -9.990070e+05 5.000000e-01 8.589355e-01 9.661487e-01 -1.000000e+00 -1.000000e+00 -1.000000e+00 3 0.000000e+00 7.589366e-01
-1.000000e+00 -1.000000e+00 1.305000e+03 0.000000e+00 -1.000000e+00 -1.000000e+00 0.000000e+00 2.515061e-01 -1.000000e+00 0.000000e+00 7.450000e+02 -1.000000e+00 0.000000e+00 -1.000000e+00 -1.000000e+00 3.629099e-02 -1.000000e+00 0.000000e+00 -9.990070e+05 3.000000e+00 -1.000000e+00 -1.000000e+00 1.025000e+03 1.002717e-01 0.000000e+00 0.000000e+00 -1.000000e+00 1.911859e-02 -1.000000e+00 -9.990070e+05 1.911859e-02 5.249749e-01 8.219534e-01 -1.000000e+00 -1.000000e+00 -1.000000e+00 1 0.000000e+00 1.078162e-01
-1.000000e+00 -1.000000e+00 1.000000e+03 0.000000e+00 -1.000000e+00 -1.000000e+00 0.000000e+00 6.195397e-02 -1.000000e+00 0.000000e+00 6.000000e+01 -1.000000e+00 0.000000e+00 -1.000000e+00 -1.000000e+00 2.425303e-03 -1.000000e+00 0.000000e+00 -9.990070e+05 3.000000e+00 -1.000000e+00 -1.000000e+00 1.600000e+02 1.307471e-02 0.000000e+00 0.000000e+00 -1.000000e+00 1.136000e-02 -1.000000e+00 -9.990070e+05 1.136000e-02 2.294823e-01 5.659265e-01 -1.000000e+00 -1.000000e+00 -1.000000e+00 7 0.000000e+00 3.337660e-02
-1.000000e+00 -1.000000e+00 1.265000e+03 0.000000e+00 -1.000000e+00 -1.000000e+00 0.000000e+00 2.695170e-02 -1.000000e+00 0.000000e+00 6.250000e+02 -1.000000e+00 0.000000e+00 -1.000000e+00 -1.000000e+00 5.557701e-04 -1.000000e+00 0.000000e+00 -9.990070e+05 3.000000e+00 -1.000000e+00 -1.000000e+00 9.450000e+02 4.150982e-03 0.000000e+00 0.000000e+00 -1.000000e+00 1.085244e-03 -1.000000e+00 -9.990070e+05 1.085244e-03 1.339697e-01 4.256527e-01 -1.000000e+00 -1.000000e+00 -1.000000e+00 1 0.000000e+00 5.518580e-03
-1.000000e+00 -1.000000e+00 1.000000e+03 0.000000e+00 -1.000000e+00 -1.000000e+00 0.000000e+00 6.848955e-06 -1.000000e+00 0.000000e+00 6.000000e+01 -1.000000e+00 0.000000e+00 -1.000000e+00 -1.000000e+00 1.784976e-09 -1.000000e+00 0.000000e+00 -9.990070e+05 3.000000e+00 -1.000000e+00 -1.000000e+00 2.600000e+02 1.208300e-07 0.000000e+00 0.000000e+00 -1.000000e+00 9.394233e-09 -1.000000e+00 -9.990070e+05 9.394233e-09 2.782347e-04 6.384254e-03 -1.000000e+00 -1.000000e+00 -1.000000e+00 6 0.000000e+00 7.203820e-08
-1.000000e+00 -1.000000e+00 5.570000e+02 0.000000e+00 -1.000000e+00 -1.000000e+00 0.000000e+00 5.597881e-12 -1.000000e+00 0.000000e+00 5.350000e+02 -1.000000e+00 0.000000e+00 -1.000000e+00 -1.000000e+00 1.348793e-17 -1.000000e+00 0.000000e+00 -9.990070e+05 3.000000e+00 -1.000000e+00 -1.000000e+00 5.460000e+02 9.559651e-15 0.000000e+00 0.000000e+00 -1.000000e+00 2.805237e-12 -1.000000e+00 -9.990070e+05 2.805237e-12 2.301709e-09 5.171623e-07 -1.000000e+00 -1.000000e+00 -1.000000e+00 5 0.000000e+00 5.609043e-12
-1.000000e+00 -1.000000e+00 1.200000e+03 0.000000e+00 -1.000000e+00 -1.000000e+00 0.000000e+00 6.065652e-03 -1.000000e+00 0.000000e+00 6.000000e+01 -1.000000e+00 0.000000e+00 -1.000000e+00 -1.000000e+00 4.600424e-05 -1.000000e+00 0.000000e+00 -9.990070e+05 3.000000e+00 -1.000000e+00 -1.000000e+00 1.060000e+03 5.702978e-04 0.000000e+00 0.000000e+00 -1.000000e+00 8.878130e-03 -1.000000e+00 -9.990070e+05 8.878130e-03 4.820990e-02 2.336909e-01 -1.000000e+00 -1.000000e+00 -1.000000e+00 2 0.000000e+00 1.375111e-02
-1.000000e+00 -1.000000e+00 1.865000e+03 0.000000e+00 -1.000000e+00 -1.000000e+00 0.000000e+00 6.400382e-01 -1.000000e+00 0.000000e+00 5.050000e+02 -1.000000e+00 0.000000e+00 -1.000000e+00 -1.000000e+00 2.989103e-01 -1.000000e+00 0.000000e+00 -9.990070e+05 3.000000e+00 -1.000000e+00 -1.000000e+00 1.185000e+03 4.481433e-01 1.000000e+00 0.000000e+00 -1.000000e+00 5.000000e-01 -1.000000e+00 -9.990070e+05 5.000000e-01 8.352816e-01 9.591022e-01 -1.000000e+00 -1.000000e+00 -1.000000e+00 3 0.000000e+00 7.353148e-01
-1.000000e+00 -1.000000e+00 8.250000e+02 0.000000e+00 -1.000000e+00 -1.000000e+00 0.000000e+00 3.357075e-01 -1.000000e+00 0.000000e+00 7.450000e+02 -1.000000e+00 0.000000e+00 -1.000000e+00 -1.000000e+00 6.702648e-02 -1.000000e+00 0.000000e+00 -9.990070e+05 3.000000e+00 -1.000000e+00 -1.000000e+00 7.850000e+02 1.565761e-01 0.000000e+00 0.000000e+00 -1.000000e+00 1.679918e-01 -1.000000e+00 -9.990070e+05 1.679918e-01 6.119781e-01 8.699989e-01 -1.000000e+00 -1.000000e+00 -1.000000e+00 5 0.000000e+00 3.358363e-01
-1.000000e+00 -1.000000e+00 1.400000e+03 0.000000e+00 -1.000000e+00 -1.000000e+00 0.000000e+00 4.579506e-01 -1.000000e+00 0.000000e+00 6.000000e+01 -1.000000e+00 0.000000e+00 -1.000000e+00 -1.000000e+00 1.341187e-01 -1.000000e+00 0.000000e+00 -9.990070e+05 3.000000e+00 -1.000000e+00 -1.000000e+00 1.600000e+02 2.567483e-01 1.000000e+00 0.000000e+00 -1.000000e+00 5.000000e-01 -1.000000e+00 -9.990070e+05 5.000000e-01 7.151758e-01 9.166164e-01 -1.000000e+00 -1.000000e+00 -1.000000e+00 3 0.000000e+00 6.484876e-01
-1.000000e+00 -1.000000e+00 1.345000e+03 0.000000e+00 -1.000000e+00 -1.000000e+00 0.000000e+00 2.360420e-03 -1.000000e+00 0.000000e+00 3.850000e+02 -1.000000e+00 0.000000e+00 -1.000000e+00 -1.000000e+00 1.019495e-05 -1.000000e+00 0.000000e+00 -9.990070e+05 3.000000e+00 -1.000000e+00 -1.000000e+00 8.650000e+02 1.679607e-04 0.000000e+00 0.000000e+00 -1.000000e+00 6.096806e-05 -1.000000e+00 -9.990070e+05 6.096806e-05 2.453354e-02 1.524802e-01 -1.000000e+00 -1.000000e+00 -1.000000e+00 1 0.000000e+00 2.883794e-04
-1.000000e+00 -1.000000e+00 1.145000e+03 0.000000e+00 -1.000000e+00 -1.000000e+00 0.000000e+00 5.130546e-01 -1.000000e+00 0.000000e+00 7.450000e+02 -1.000000e+00 0.000000e+00 -1.000000e+00 -1.000000e+00 1.747746e-01 -1.000000e+00 0.000000e+00 -9.990070e+05 3.000000e+00 -1.000000e+00 -1.000000e+00 9.450000e+02 3.091907e-01 0.000000e+00 0.000000e+00 -1.000000e+00 5.364332e-02 -1.000000e+00 -9.990070e+05 5.364332e-02 7.550951e-01 9.320384e-01 -1.000000e+00 -1.000000e+00 -1.000000e+00 1 0.000000e+00 3.166108e-01
-1.000000e+00 -1.000000e+00 7.970000e+02 0.000000e+00 -1.000000e+00 -1.000000e+00 0.000000e+00 1.252476e-01 -1.000000e+00 0.000000e+00 7.750000e+02 -1.000000e+00 0.000000e+00 -1.000000e+00 -1.000000e+00 9.026196e-03 -1.000000e+00 0.000000e+00 -9.990070e+05 3.000000e+00 -1.000000e+00 -1.000000e+00 7.860000e+02 3.562881e-02 0.000000e+00 0.000000e+00 -1.000000e+00 6.263208e-02 -1.000000e+00 -9.990070e+05 6.263208e-02 3.529791e-01 6.955325e-01 -1.000000e+00 -1.000000e+00 -1.000000e+00 5 0.000000e+00 1.252574e-01
-1.000000e+00 -1.000000e+00 1.825000e+03 0.000000e+00 -1.000000e+00 -1.000000e+00 0.000000e+00 5.623540e-01 -1.000000e+00 0.000000e+00 3.850000e+02 -1.000000e+00 0.000000e+00 -1.000000e+00 -1.000000e+00 2.175522e-01 -1.000000e+00 0.000000e+00 -9.990070e+05 3.000000e+00 -1.000000e+00 -1.000000e+00 1.105000e+03 3.600767e-01 1.000000e+00 0.000000e+00 -1.000000e+00 5.000000e-01 -1.000000e+00 -9.990070e+05 5.000000e-01 7.880184e-01 9.437616e-01 -1.000000e+00 -1.000000e+00 -1.000000e+00 3 0.000000e+00 6.955815e-01
-1.000000e+00 -1.000000e+00 1.305000e+03 0.000000e+00 -1.000000e+00 -1.000000e+00 0.000000e+00 1.925122e-04 -1.000000e+00 0.000000e+00 2.650000e+02 -1.000000e+00 0.000000e+00 -1.000000e+00 -1.000000e+00 2.224956e-07 -1.000000e+00 0.000000e+00 -9.990070e+05 3.000000e+00 -1.000000e+00 -1.000000e+00 7.850000e+02 7.123096e-06 0.000000e+00 0.000000e+00 -1.000000e+00 3.520765e-06 -1.000000e+00 -9.990070e+05 3.520765e-06 3.779375e-03 4.291260e-02 -1.000000e+00 -1.000000e+00 -1.000000e+00 1 0.000000e+00 1.582382e-05
-1.000000e+00 -1.000000e+00 1.905000e+03 0.000000e+00 -1.000000e+00 -1.000000e+00 0.000000e+00 7.114181e-01 -1.000000e+00 0.000000e+00 6.250000e+02 -1.000000e+00 0.000000e+00 -1.000000e+00 -1.000000e+00 3.909952e-01 -1.000000e+00 0.000000e+00 -9.990070e+05 3.000000e+00 -1.000000e+00 -1.000000e+00 1.265000e+03 5.379646e-01 1.000000e+00 0.000000e+00 -1.000000e+00 5.000000e-01 -1.000000e+00 -9.990070e+05 5.000000e-01 8.743958e-01 9.705341e-01 -1.000000e+00 -1.000000e+00 -1.000000e+00 3 0.000000e+00 7.760469e-01
-1.000000e+00 -1.000000e+00 1.600000e+03 0.000000e+00 -1.000000e+00 -1.000000e+00 0.000000e+00 5.469946e-01 -1.000000e+00 0.000000e+00 6.000000e+01 -1.000000e+00 0.000000e+00 -1.000000e+00 -1.000000e+00 2.035351e-01 -1.000000e+00 0.000000e+00 -9.990070e+05 3.000000e+00 -1.000000e+00 -1.000000e+00 1.460000e+03 3.438146e-01 0.000000e+00 0.000000e+00 -1.000000e+00 4.182767e-01 -1.000000e+00 -9.990070e+05 4.182767e-01 7.780229e-01 9.402948e-01 -1.000000e+00 -1.000000e+00 -1.000000e+00 2 0.000000e+00 6.396306e-01
-1.000000e+00 -1.000000e+00 1.585000e+03 0.000000e+00 -1.000000e+00 -1.000000e+00 0.000000e+00 1.118504e-01 -1.000000e+00 0.000000e+00 1.450000e+02 -1.000000e+00 0.000000e+00 -1.000000e+00 -1.000000e+00 7.269532e-03 -1.000000e+00 0.000000e+00 -9.990070e+05 3.000000e+00 -1.000000e+00 -1.000000e+00 8.650000e+02 3.025276e-02 0.000000e+00 0.000000e+00 -1.000000e+00 2.211250e-01 -1.000000e+00 -9.990070e+05 2.211250e-01 3.299700e-01 6.744666e-01 -1.000000e+00 -1.000000e+00 -1.000000e+00 3 0.000000e+00 2.783799e-01
-1.000000e+00 -1.000000e+00 1.625000e+03 0.000000e+00 -1.000000e+00 -1.000000e+00 0.000000e+00 4.077097e-01 -1.000000e+00 0.000000e+00 7.450000e+02 -1.000000e+00 0.000000e+00 -1.000000e+00 -1.000000e+00 1.029663e-01 -1.000000e+00 0.000000e+00 -9.990070e+05 3.000000e+00 -1.000000e+00 -1.000000e+00 1.185000e+03 2.129143e-01 0.000000e+00 0.000000e+00 -1.000000e+00 3.788346e-02 -1.000000e+00 -9.990070e+05 3.788346e-02 6.754763e-01 8.998879e-01 -1.000000e+00 -1.000000e+00 -1.000000e+00 1 0.000000e+00 2.207666e-01
-1.000000e+00 -1.000000e+00 1.600000e+03 0.000000e+00 -1.000000e+00 -1.000000e+00 0.000000e+00 5.653926e-01 -1.000000e+00 0.000000e+00 6.000000e+01 -1.000000e+00 0.000000e+00 -1.000000e+00 -1.000000e+00 2.204020e-01 -1.000000e+00 0.000000e+00 -9.990070e+05 3.000000e+00 -1.000000e+00 -1.000000e+00 1.400000e+03 3.633382e-01 0.000000e+00 0.000000e+00 -1.000000e+00 4.292062e-01 -1.000000e+00 -9.990070e+05 4.292062e-01 7.899690e-01 9.444289e-01 -1.000000e+00 -1.000000e+00 -1.000000e+00 2 0.000000e+00 6.561630e-01
-1.000000e+00 -1.000000e+00 1.200000e+03 0.000000e+00 -1.000000e+00 -1.000000e+00 0.000000e+00 7.934738e-04 -1.000000e+00 0.000000e+00 6.000000e+01 -1.000000e+00 0.000000e+00 -1.000000e+00 -1.000000e+00 1.879712e-06 -1.000000e+00 0.000000e+00 -9.990070e+05 3.000000e+00 -1.000000e+00 -1.000000e+00 7.000000e+01 4.192412e-05 0.000000e+00 0.000000e+00 -1.000000e+00 9.191426e-05 -1.000000e+00 -9.990070e+05 9.191426e-05 1.100598e-02 8.974061e-02 -1.000000e+00 -1.000000e+00 -1.000000e+00 7 0.000000e+00 2.625789e-04
-1.000000e+00 -1.000000e+00 1.185000e+03 0.000000e+00 -1.000000e+00 -1.000000e+00 0.000000e+00 2.159446e-06 -1.000000e+00 0.000000e+00 3.850000e+02 -1.000000e+00 0.000000e+00 -1.000000e+00 -1.000000e+00 3.531680e-10 -1.000000e+00 0.000000e+00 -9.990070e+05 3.000000e+00 -1.000000e+00 -1.000000e+00 7.850000e+02 3.020947e-08 0.000000e+00 0.000000e+00 -1.000000e+00 2.397624e-08 -1.000000e+00 -9.990070e+05 2.397624e-08 1.102782e-04 3.163619e-03 -1.000000e+00 -1.000000e+00 -1.000000e+00 1 0.000000e+00 1.018083e-07
-1.000000e+00 -1.000000e+00 1.600000e+03 0.000000e+00 -1.000000e+00 -1.000000e+00 0.000000e+00 5.123998e-01 -1.000000e+00 0.000000e+00 6.000000e+01 -1.000000e+00 0.000000e+00 -1.000000e+00 -1.000000e+00 1.742486e-01 -1.000000e+00 0.000000e+00 -9.990070e+05 3.000000e+00 -1.000000e+00 -1.000000e+00 1.500000e+03 3.085403e-01 0.000000e+00 0.000000e+00 -1.000000e+00 3.974555e-01 -1.000000e+00 -9.990070e+05 3.974555e-01 7.546408e-01 9.318705e-01 -1.000000e+00 -1.000000e+00 -1.000000e+00 2 0.000000e+00 6.080647e-01
-1.000000e+00 -1.000000e+00 8.770000e+02 0.000000e+00 -1.000000e+00 -1.000000e+00 0.000000e+00 3.571524e-01 -1.000000e+00 0.000000e+00 8.550000e+02 -1.000000e+00 0.000000e+00 -1.000000e+00 -1.000000e+00 7.673111e-02 -1.000000e+00 0.000000e+00 -9.990070e+05 3.000000e+00 -1.000000e+00 -1.000000e+00 8.660000e+02 1.725639e-01 0.000000e+00 0.000000e+00 -1.000000e+00 1.788987e-01 -1.000000e+00 -9.990070e+05 1.788987e-01 6.317997e-01 8.797644e-01 -1.000000e+00 -1.000000e+00 -1.000000e+00 5 0.000000e+00 3.574453e-01
-1.000000e+00 -1.000000e+00 1.600000e+03 0.000000e+00 -1.000000e+00 -1.000000e+00 0.000000e+00 1.783875e-01 -1.000000e+00 0.000000e+00 6.000000e+01 -1.000000e+00 0.000000e+00 -1.000000e+00 -1.000000e+00 1.803602e-02 -1.000000e+00 0.000000e+00 -9.990070e+05 3.000000e+00 -1.000000e+00 -1.000000e+00 6.600000e+02 5.984525e-02 0.000000e+00 0.000000e+00 -1.000000e+00 3.045476e-01 -1.000000e+00 -9.990070e+05 3.045476e-01 4.335564e-01 7.608381e-01 -1.000000e+00 -1.000000e+00 -1.000000e+00 3 0.000000e+00 3.816558e-01
-1.000000e+00 -1.000000e+00 1.785000e+03 0.000000e+00 -1.000000e+00 -1.000000e+00 0.000000e+00 4.824951e-01 -1.000000e+00 0.000000e+00 2.650000e+02 -1.000000e+00 0.000000e+00 -1.000000e+00 -1.000000e+00 1.513455e-01 -1.000000e+00 0.000000e+00 -9.990070e+05 3.000000e+00 -1.000000e+00 -1.000000e+00 1.025000e+03 2.795370e-01 1.000000e+00 0.000000e+00 -1.000000e+00 5.000000e-01 -1.000000e+00 -9.990070e+05 5.000000e-01 7.333923e-01 9.238227e-01 -1.000000e+00 -1.000000e+00 -1.000000e+00 3 0.000000e+00 6.589764e-01
-1.000000e+00 -1.000000e+00 1.705000e+03 0.000000e+00 -1.000000e+00 -1.000000e+00 0.000000e+00 3.559975e-01 -1.000000e+00 0.000000e+00 5.050000e+02 -1.000000e+00 0.000000e+00 -1.000000e+00 -1.000000e+00 7.618763e-02 -1.000000e+00 0.000000e+00 -9.990070e+05 3.000000e+00 -1.000000e+00 -1.000000e+00 1.105000e+03 1.716858e-01 0.000000e+00 0.000000e+00 -1.000000e+00 8.125049e-02 -1.000000e+00 -9.990070e+05 8.125049e-02 6.307531e-01 8.792590e-01 -1.000000e+00 -1.000000e+00 -1.000000e+00 7 0.000000e+00 2.556170e-01
-1.000000e+00 -1.000000e+00 1.505000e+03 0.000000e+00 -1.000000e+00 -1.000000e+00 0.000000e+00 5.545592e-02 -1.000000e+00 0.000000e+00 3.850000e+02 -1.000000e+00 0.000000e+00 -1.000000e+00 -1.000000e+00 1.984533e-03 -1.000000e+00 0.000000e+00 -9.990070e+05 3.000000e+00 -1.000000e+00 -1.000000e+00 9.450000e+02 1.119918e-02 0.000000e+00 0.000000e+00 -1.000000e+00 9.350150e-03 -1.000000e+00 -9.990070e+05 9.350150e-03 2.139676e-01 5.461809e-01 -1.000000e+00 -1.000000e+00 -1.000000e+00 7 0.000000e+00 2.821763e-02
-1.000000e+00 -1.000000e+00 4.250000e+02 0.000000e+00 -1.000000e+00 -1.000000e+00 0.000000e+00 3.140810e-06 -1.000000e+00 0.000000e+00 3.450000e+02 -1.000000e+00 0.000000e+00 -1.000000e+00 -1.000000e+00 5.961501e-10 -1.000000e+00 0.000000e+00 -9.990070e+05 3.000000e+00 -1.000000e+00 -1.000000e+00 3.850000e+02 4.732014e-08 0.000000e+00 0.000000e+00 -1.000000e+00 1.538354e-06 -1.000000e+00 -9.990070e+05 1.538354e-06 1.490772e-04 3.981519e-03 -1.000000e+00 -1.000000e+00 -1.000000e+00 5 0.000000e+00 3.087156e-06
-1.000000e+00 -1.000000e+00 1.200000e+03 0.000000e+00 -1.000000e+00 -1.000000e+00 0.000000e+00 3.085778e-03 -1.000000e+00 0.000000e+00 6.000000e+01 -1.000000e+00 0.000000e+00 -1.000000e+00 -1.000000e+00 1.556796e-05 -1.000000e+00 0.000000e+00 -9.990070e+05 3.000000e+00 -1.000000e+00 -1.000000e+00 1.100000e+03 2.371335e-04 0.000000e+00 0.000000e+00 -1.000000e+00 4.785385e-03 -1.000000e+00 -9.990070e+05 4.785385e-03 2.977710e-02 1.726927e-01 -1.000000e+00 -1.000000e+00 -1.000000e+00 2 0.000000e+00 7.435341e-03
-1.000000e+00 -1.000000e+00 1.425000e+03 0.000000e+00 -1.000000e+00 -1.000000e+00 0.000000e+00 5.812699e-02 -1.000000e+00 0.000000e+00 6.250000e+02 -1.000000e+00 0.000000e+00 -1.000000e+00 -1.000000e+00 2.160527e-03 -1.000000e+00 0.000000e+00 -9.990070e+05 3.000000e+00 -1.000000e+00 -1.000000e+00 1.025000e+03 1.195907e-02 0.000000e+00 0.000000e+00 -1.000000e+00 2.795569e-03 -1.000000e+00 -9.990070e+05 2.795569e-03 2.204368e-01 5.545313e-01 -1.000000e+00 -1.000000e+00 -1.000000e+00 1 0.000000e+00 1.467592e-02
-1.000000e+00 -1.000000e+00 1.400000e+03 0.000000e+00 -1.000000e+00 -1.000000e+00 0.000000e+00 1.778016e-01 -1.000000e+00 0.000000e+00 6.000000e+01 -1.000000e+00 0.000000e+00 -1.000000e+00 -1.000000e+00 1.791811e-02 -1.000000e+00 0.000000e+00 -9.990070e+05 3.000000e+00 -1.000000e+00 -1.000000e+00 1.200000e+03 5.955394e-02 0.000000e+00 0.000000e+00 -1.000000e+00 1.690484e-01 -1.000000e+00 -9.990070e+05 1.690484e-01 4.327444e-01 7.602385e-01 -1.000000e+00 -1.000000e+00 -1.000000e+00 2 0.000000e+00 2.594390e-01
-1.000000e+00 -1.000000e+00 1.225000e+03 0.000000e+00 -1.000000e+00 -1.000000e+00 0.000000e+00 2.004901e-06 -1.000000e+00 0.000000e+00 2.500000e+01 -1.000000e+00 0.000000e+00 -1.000000e+00 -1.000000e+00 3.184360e-10 -1.000000e+00 0.000000e+00 -9.990070e+05 3.000000e+00 -1.000000e+00 -1.000000e+00 6.250000e+02 2.764169e-08 0.000000e+00 0.000000e+00 -1.000000e+00 1.714371e-07 -1.000000e+00 -9.990070e+05 1.714371e-07 1.038694e-04 3.021980e-03 -1.000000e+00 -1.000000e+00 -1.000000e+00 7 0.000000e+00 4.697673e-07
-1.000000e+00 -1.000000e+00 1.400000e+03 0.000000e+00 -1.000000e+00 -1.000000e+00 0.000000e+00 1.417183e-01 -1.000000e+00 0.000000e+00 6.000000e+01 -1.000000e+00 0.000000e+00 -1.000000e+00 -1.000000e+00 1.146321e-02 -1.000000e+00 0.000000e+00 -9.990070e+05 3.000000e+00 -1.000000e+00 -1.000000e+00 1.300000e+03 4.264954e-02 0.000000e+00 0.000000e+00 -1.000000e+00 1.398983e-01 -1.000000e+00 -9.990070e+05 1.398983e-01 3.796113e-01 7.184901e-01 -1.000000e+00 -1.000000e+00 -1.000000e+00 2 0.000000e+00 2.148214e-01
-1.000000e+00 -1.000000e+00 1.945000e+03 0.000000e+00 -1.000000e+00 -1.000000e+00 0.000000e+00 7.277583e-01 -1.000000e+00 0.000000e+00 2.650000e+02 -1.000000e+00 0.000000e+00 -1.000000e+00 -1.000000e+00 4.147009e-01 -1.000000e+00 0.000000e+00 -9.990070e+05 3.000000e+00 -1.000000e+00 -1.000000e+00 1.105000e+03 5.597776e-01 1.000000e+00 0.000000e+00 -1.000000e+00 5.000000e-01 -1.000000e+00 -9.990070e+05 5.000000e-01 8.828298e-01 9.728542e-01 -1.000000e+00 -1.000000e+00 -1.000000e+00 3 0.000000e+00 7.860142e-01
-1.000000e+00 -1.000000e+00 1.345000e+03 0.000000e+00 -1.000000e+00 -1.000000e+00 0.000000e+00 6.562895e-01 -1.000000e+00 0.000000e+00 8.650000e+02 -1.000000e+00 0.000000e+00 -1.000000e+00 -1.000000e+00 3.183176e-01 -1.000000e+00 0.000000e+00 -9.990070e+05 3.000000e+00 -1.000000e+00 -1.000000e+00 1.105000e+03 4.678261e-01 0.000000e+00 0.000000e+00 -1.000000e+00 7.913980e-02 -1.000000e+00 -9.990070e+05 7.913980e-02 8.445270e-01 9.619055e-01 -1.000000e+00 -1.000000e+00 -1.000000e+00 1 0.000000e+00 4.737145e-01
-1.000000e+00 -1.000000e+00 1.385000e+03 0.000000e+00 -1.000000e+00 -1.000000e+00 0.000000e+00 2.093742e-03 -1.000000e+00 0.000000e+00 2.500000e+01 -1.000000e+00 0.000000e+00 -1.000000e+00 -1.000000e+00 8.444859e-06 -1.000000e+00 0.000000e+00 -9.990070e+05 3.000000e+00 -1.000000e+00 -1.000000e+00 7.050000e+02 1.440182e-04 0.000000e+00 0.000000e+00 -1.000000e+00 2.573505e-04 -1.000000e+00 -9.990070e+05 2.573505e-04 2.248677e-02 1.441074e-01 -1.000000e+00 -1.000000e+00 -1.000000e+00 7 0.000000e+00 7.439792e-04
-1.000000e+00 -1.000000e+00 1.065000e+03 0.000000e+00 -1.000000e+00 -1.000000e+00 0.000000e+00 3.689234e-14 -1.000000e+00 0.000000e+00 2.500000e+01 -1.000000e+00 0.000000e+00 -1.000000e+00 -1.000000e+00 2.315593e-20 -1.000000e+00 0.000000e+00 -9.990070e+05 3.000000e+00 -1.000000e+00 -1.000000e+00 5.450000e+02 3.218955e-17 0.000000e+00 0.000000e+00 -1.000000e+00 5.412282e-18 -1.000000e+00 -9.990070e+05 5.412282e-18 2.960085e-11 1.292133e-08 -1.000000e+00 -1.000000e+00 -1.000000e+00 6 0.000000e+00 3.376797e-17
-1.000000e+00 -1.000000e+00 1.000000e+03 0.000000e+00 -1.000000e+00 -1.000000e+00 0.000000e+00 5.011671e-13 -1.000000e+00 0.000000e+00 6.000000e+01 -1.000000e+00 0.000000e+00 -1.000000e+00 -1.000000e+00 6.233101e-19 -1.000000e+00 0.000000e+00 -9.990070e+05 3.000000e+00 -1.000000e+00 -1.000000e+00 8.000000e+02 6.152324e-16 0.000000e+00 0.000000e+00 -1.000000e+00 1.039566e-16 -1.000000e+00 -9.990070e+05 1.039566e-16 2.862147e-10 8.911323e-08 -1.000000e+00 -1.000000e+00 -1.000000e+00 6 0.000000e+00 6.477450e-16
-1.000000e+00 -1.000000e+00 1.745000e+03 0.000000e+00 -1.000000e+00 -1.000000e+00 0.000000e+00 4.004203e-01 -1.000000e+00 0.000000e+00 1.450000e+02 -1.000000e+00 0.000000e+00 -1.000000e+00 -1.000000e+00 9.887971e-02 -1.000000e+00 0.000000e+00 -9.990070e+05 3.000000e+00 -1.000000e+00 -1.000000e+00 9.450000e+02 2.068652e-01 1.000000e+00 0.000000e+00 -1.000000e+00 5.000000e-01 -1.000000e+00 -9.990070e+05 5.000000e-01 6.694241e-01 8.972099e-01 -1.000000e+00 -1.000000e+00 -1.000000e+00 3 0.000000e+00 6.251642e-01
-1.000000e+00 -1.000000e+00 1.000000e+03 0.000000e+00 -1.000000e+00 -1.000000e+00 0.000000e+00 3.576600e-07 -1.000000e+00 0.000000e+00 6.000000e+01 -1.000000e+00 0.000000e+00 -1.000000e+00 -1.000000e+00 2.942950e-11 -1.000000e+00 0.000000e+00 -9.990070e+05 3.000000e+00 -1.000000e+00 -1.000000e+00 9.000000e+02 3.553617e-09 0.000000e+00 0.000000e+00 -1.000000e+00 7.077504e-09 -1.000000e+00 -9.990070e+05 7.077504e-09 2.561232e-05 1.023344e-03 -1.000000e+00 -1.000000e+00 -1.000000e+00 4 0.000000e+00 2.522970e-08
-1.000000e+00 -1.000000e+00 1.600000e+03 0.000000e+00 -1.000000e+00 -1.000000e+00 0.000000e+00 4.854926e-01 -1.000000e+00 0.000000e+00 6.000000e+01 -1.000000e+00 0.000000e+00 -1.000000e+00 -1.000000e+00 1.535445e-01 -1.000000e+00 0.000000e+00 -9.990070e+05 3.000000e+00 -1.000000e+00 -1.000000e+00 1.550000e+03 2.823826e-01 0.000000e+00 0.000000e+00 -1.000000e+00 3.819055e-01 -1.000000e+00 -9.990070e+05 3.819055e-01 7.355678e-01 9.246642e-01 -1.000000e+00 -1.000000e+00 -1.000000e+00 2 0.000000e+00 5.836660e-01
-1.000000e+00 -1.000000e+00 1.985000e+03 0.000000e+00 -1.000000e+00 -1.000000e+00 0.000000e+00 7.695262e-01 -1.000000e+00 0.000000e+00 3.850000e+02 -1.000000e+00 0.000000e+00 -1.000000e+00 -1.000000e+00 4.801798e-01 -1.000000e+00 0.000000e+00 -9.990070e+05 3.000000e+00 -1.000000e+00 -1.000000e+00 1.185000e+03 6.177321e-01 1.000000e+00 0.000000e+00 -1.000000e+00 5.000000e-01 -1.000000e+00 -9.990070e+05 5.000000e-01 9.035754e-01 9.783470e-01 -1.000000e+00 -1.000000e+00 -1.000000e+00 3 0.000000e+00 8.126951e-01
-1.000000e+00 -1.000000e+00 1.400000e+03 0.000000e+00 -1.000000e+00 -1.000000e+00 0.000000e+00 1.957518e-01 -1.000000e+00 0.000000e+00 6.000000e+01 -1.000000e+00 0.000000e+00 -1.000000e+00 -1.000000e+00 2.172744e-02 -1.000000e+00 0.000000e+00 -9.990070e+05 3.000000e+00 -1.000000e+00 -1.000000e+00 1.100000e+02 6.871777e-02 0.000000e+00 0.000000e+00 -1.000000e+00 3.248528e-01 -1.000000e+00 -9.990070e+05 3.248528e-01 4.569762e-01 7.776759e-01 -1.000000e+00 -1.000000e+00 -1.000000e+00 3 0.000000e+00 4.063567e-01
-1.000000e+00 -1.000000e+00 1.385000e+03 0.000000e+00 -1.000000e+00 -1.000000e+00 0.000000e+00 8.150474e-01 -1.000000e+00 0.000000e+00 9.850000e+02 -1.000000e+00 0.000000e+00 -1.000000e+00 -1.000000e+00 5.601806e-01 -1.000000e+00 0.000000e+00 -9.990070e+05 3.000000e+00 -1.000000e+00 -1.000000e+00 1.185000e+03 6.846066e-01 0.000000e+00 0.000000e+00 -1.000000e+00 1.121208e-01 -1.000000e+00 -9.990070e+05 1.121208e-01 9.249309e-01 9.836878e-01 -1.000000e+00 -1.000000e+00 -1.000000e+00 1 0.000000e+00 6.870312e-01
-1.000000e+00 -1.000000e+00 1.600000e+03 0.000000e+00 -1.000000e+00 -1.000000e+00 0.000000e+00 2.947190e-01 -1.000000e+00 0.000000e+00 6.000000e+01 -1.000000e+00 0.000000e+00 -1.000000e+00 -1.000000e+00 5.065986e-02 -1.000000e+00 0.000000e+00 -9.990070e+05 3.000000e+00 -1.000000e+00 -1.000000e+00 1.260000e+03 1.278782e-01 0.000000e+00 0.000000e+00 -1.000000e+00 4.225758e-01 -1.000000e+00 -9.990070e+05 4.225758e-01 5.716178e-01 8.488062e-01 -1.000000e+00 -1.000000e+00 -1.000000e+00 3 0.000000e+00 5.262224e-01
-1.000000e+00 -1.000000e+00 6.650000e+02 0.000000e+00 -1.000000e+00 -1.000000e+00 0.000000e+00 1.550315e-02 -1.000000e+00 0.000000e+00 5.850000e+02 -1.000000e+00 0.000000e+00 -1.000000e+00 -1.000000e+00 2.165157e-04 -1.000000e+00 0.000000e+00 -9.990070e+05 3.000000e+00 -1.000000e+00 -1.000000e+00 6.250000e+02 1.970547e-03 0.000000e+00 0.000000e+00 -1.000000e+00 7.757587e-03 -1.000000e+00 -9.990070e+05 7.757587e-03 9.240519e-02 3.449416e-01 -1.000000e+00 -1.000000e+00 -1.000000e+00 5 0.000000e+00 1.551168e-02
-1.000000e+00 -1.000000e+00 1.200000e+03 0.000000e+00 -1.000000e+00 -1.000000e+00 0.000000e+00 3.266501e-02 -1.000000e+00 0.000000e+00 6.000000e+01 -1.000000e+00 0.000000e+00 -1.000000e+00 -1.000000e+00 7.761280e-04 -1.000000e+00 0.000000e+00 -9.990070e+05 3.000000e+00 -1.000000e+00 -1.000000e+00 1.100000e+02 5.394276e-03 0.000000e+00 0.000000e+00 -1.000000e+00 8.934584e-02 -1.000000e+00 -9.990070e+05 8.934584e-02 1.520676e-01 4.562199e-01 -1.000000e+00 -1.000000e+00 -1.000000e+00 3 0.000000e+00 1.137237e-01
-1.000000e+00 -1.000000e+00 1.200000e+03 0.000000e+00 -1.000000e+00 -1.000000e+00 0.000000e+00 1.643080e-04 -1.000000e+00 0.000000e+00 6.000000e+01 -1.000000e+00 0.000000e+00 -1.000000e+00 -1.000000e+00 1.759009e-07 -1.000000e+00 0.000000e+00 -9.990070e+05 3.000000e+00 -1.000000e+00 -1.000000e+00 1.190000e+03 5.852620e-06 0.000000e+00 0.000000e+00 -1.000000e+00 3.190445e-04 -1.000000e+00 -9.990070e+05 3.190445e-04 3.347919e-03 3.939462e-02 -1.000000e+00 -1.000000e+00 -1.000000e+00 2 0.000000e+00 4.999580e-04
-1.000000e+00 -1.000000e+00 1.025000e+03 0.000000e+00 -1.000000e+00 -1.000000e+00 0.000000e+00 9.023655e-01 -1.000000e+00 0.000000e+00 8.650000e+02 -1.000000e+00 0.000000e+00 -1.000000e+00 -1.000000e+00 7.424397e-01 -1.000000e+00 0.000000e+00 -9.990070e+05 3.000000e+00 -1.000000e+00 -1.000000e+00 9.450000e+02 8.243537e-01 1.000000e+00 0.000000e+00 -1.000000e+00 5.000000e-01 -1.000000e+00 -9.990070e+05 5.000000e-01 9.625606e-01 9.923392e-01 -1.000000e+00 -1.000000e+00 -1.000000e+00 2 0.000000e+00 9.110500e-01
-1.000000e+00 -1.000000e+00 1.400000e+03 0.000000e+00 -1.000000e+00 -1.000000e+00 0.000000e+00 4.029411e-02 -1.000000e+00 0.000000e+00 6.000000e+01 -1.000000e+00 0.000000e+00 -1.000000e+00 -1.000000e+00 1.122192e-03 -1.000000e+00 0.000000e+00 -9.990070e+05 3.000000e+00 -1.000000e+00 -1.000000e+00 7.000000e+01 7.194608e-03 0.000000e+00 0.000000e+00 -1.000000e+00 1.048636e-01 -1.000000e+00 -9.990070e+05 1.048636e-01 1.743558e-01 4.909429e-01 -1.000000e+00 -1.000000e+00 -1.000000e+00 3 0.000000e+00 1.332275e-01
-1.000000e+00 -1.000000e+00 1.065000e+03 0.000000e+00 -1.000000e+00 -1.000000e+00 0.000000e+00 8.874718e-01 -1.000000e+00 0.000000e+00 9.850000e+02 -1.000000e+00 0.000000e+00 -1.000000e+00 -1.000000e+00 7.084225e-01 -1.000000e+00 0.000000e+00 -9.990070e+05 3.000000e+00 -1.000000e+00 -1.000000e+00 1.025000e+03 7.994069e-01 0.000000e+00 0.000000e+00 -1.000000e+00 2.098010e-01 -1.000000e+00 -9.990070e+05 2.098010e-01 9.564339e-01 9.909960e-01 -1.000000e+00 -1.000000e+00 -1.000000e+00 4 0.000000e+00 8.298076e-01
-1.000000e+00 -1.000000e+00 1.600000e+03 0.000000e+00 -1.000000e+00 -1.000000e+00 0.000000e+00 3.197689e-01 -1.000000e+00 0.000000e+00 6.000000e+01 -1.000000e+00 0.000000e+00 -1.000000e+00 -1.000000e+00 6.033048e-02 -1.000000e+00 0.000000e+00 -9.990070e+05 3.000000e+00 -1.000000e+00 -1.000000e+00 4.600000e+02 1.451266e-01 0.000000e+00 0.000000e+00 -1.000000e+00 4.445056e-01 -1.000000e+00 -9.990070e+05 4.445056e-01 5.966894e-01 8.621825e-01 -1.000000e+00 -1.000000e+00 -1.000000e+00 3 0.000000e+00 5.529854e-01
-1.000000e+00 -1.000000e+00 1.705000e+03 0.000000e+00 -1.000000e+00 -1.000000e+00 0.000000e+00 6.865301e-01 -1.000000e+00 0.000000e+00 9.850000e+02 -1.000000e+00 0.000000e+00 -1.000000e+00 -1.000000e+00 3.568315e-01 -1.000000e+00 0.000000e+00 -9.990070e+05 3.000000e+00 -1.000000e+00 -1.000000e+00 1.345000e+03 5.056479e-01 0.000000e+00 0.000000e+00 -1.000000e+00 8.426723e-02 -1.000000e+00 -9.990070e+05 8.426723e-02 8.611886e-01 9.667986e-01 -1.000000e+00 -1.000000e+00 -1.000000e+00 1 0.000000e+00 5.101314e-01
-1.000000e+00 -1.000000e+00 2.370000e+02 0.000000e+00 -1.000000e+00 -1.000000e+00 0.000000e+00 6.630259e-06 -1.000000e+00 0.000000e+00 2.150000e+02 -1.000000e+00 0.000000e+00 -1.000000e+00 -1.000000e+00 1.704981e-09 -1.000000e+00 0.000000e+00 -9.990070e+05 3.000000e+00 -1.000000e+00 -1.000000e+00 2.260000e+02 1.161943e-07 0.000000e+00 0.000000e+00 -1.000000e+00 7.612756e-07 -1.000000e+00 -9.990070e+05 7.612756e-07 2.711262e-04 6.261113e-03 -1.000000e+00 -1.000000e+00 -1.000000e+00 4 0.000000e+00 1.998443e-06
-1.000000e+00 -1.000000e+00 9.050000e+02 0.000000e+00 -1.000000e+00 -1.000000e+00 0.000000e+00 5.666159e-01 -1.000000e+00 0.000000e+00 8.250000e+02 -1.000000e+00 0.000000e+00 -1.000000e+00 -1.000000e+00 2.215565e-01 -1.000000e+00 0.000000e+00 -9.990070e+05 3.000000e+00 -1.000000e+00 -1.000000e+00 8.650000e+02 3.646553e-01 0.000000e+00 0.000000e+00 -1.000000e+00 2.833272e-01 -1.000000e+00 -9.990070e+05 2.833272e-01 7.907518e-01 9.446959e-01 -1.000000e+00 -1.000000e+00 -1.000000e+00 5 0.000000e+00 5.666287e-01
-1.000000e+00 -1.000000e+00 1.400000e+03 0.000000e+00 -1.000000e+00 -1.000000e+00 0.000000e+00 1.755374e-01 -1.000000e+00 0.000000e+00 6.000000e+01 -1.000000e+00 0.000000e+00 -1.000000e+00 -1.000000e+00 1.746649e-02 -1.000000e+00 0.000000e+00 -9.990070e+05 3.000000e+00 -1.000000e+00 -1.000000e+00 2.600000e+02 5.843319e-02 0.000000e+00 0.000000e+00 -1.000000e+00 3.020359e-01 -1.000000e+00 -9.990070e+05 3.020359e-01 4.295929e-01 7.579006e-01 -1.000000e+00 -1.000000e+00 -1.000000e+00 3 0.000000e+00 3.782815e-01
-1.000000e+00 -1.000000e+00 1.865000e+03 0.000000e+00 -1.000000e+00 -1.000000e+00 0.000000e+00 6.286309e-01 -1.000000e+00 0.000000e+00 2.500000e+01 -1.000000e+00 0.000000e+00 -1.000000e+00 -1.000000e+00 2.858045e-01 -1.000000e+00 0.000000e+00 -9.990070e+05 3.000000e+00 -1.000000e+00 -1.000000e+00 9.450000e+02 4.345917e-01 1.000000e+00 0.000000e+00 -1.000000e+00 5.000000e-01 -1.000000e+00 -9.990070e+05 5.000000e-01 8.286655e-01 9.570571e-01 -1.000000e+00 -1.000000e+00 -1.000000e+00 3 0.000000e+00 7.291983e-01
-1.000000e+00 -1.000000e+00 1.785000e+03 0.000000e+00 -1.000000e+00 -1.000000e+00 0.000000e+00 5.959231e-01 -1.000000e+00 0.000000e+00 7.450000e+02 -1.000000e+00 0.000000e+00 -1.000000e+00 -1.000000e+00 2.504909e-01 -1.000000e+00 0.000000e+00 -9.990070e+05 3.000000e+00 -1.000000e+00 -1.000000e+00 1.265000e+03 3.969277e-01 0.000000e+00 0.000000e+00 -1.000000e+00 1.541794e-01 -1.000000e+00 -9.990070e+05 1.541794e-01 8.090919e-01 9.508134e-01 -1.000000e+00 -1.000000e+00 -1.000000e+00 7 0.000000e+00 4.931634e-01
-1.000000e+00 -1.000000e+00 1.200000e+03 0.000000e+00 -1.000000e+00 -1.000000e+00 0.000000e+00 1.000049e-07 -1.000000e+00 0.000000e+00 6.000000e+01 -1.000000e+00 0.000000e+00 -1.000000e+00 -1.000000e+00 5.183766e-12 -1.000000e+00 0.000000e+00 -9.990070e+05 3.000000e+00 -1.000000e+00 -1.000000e+00 6.600000e+02 7.892438e-10 0.000000e+00 0.000000e+00 -1.000000e+00 6.092082e-11 -1.000000e+00 -9.990070e+05 6.092082e-11 8.994506e-06 4.496097e-04 -1.000000e+00 -1.000000e+00 -1.000000e+00 6 0.000000e+00 4.565624e-10
-1.000000e+00 -1.000000e+00 2.025000e+03 0.000000e+00 -1.000000e+00 -1.000000e+00 0.000000e+00 8.119373e-01 -1.000000e+00 0.000000e+00 5.050000e+02 -1.000000e+00 0.000000e+00 -1.000000e+00 -1.000000e+00 5.544095e-01 -1.000000e+00 0.000000e+00 -9.990070e+05 3.000000e+00 -1.000000e+00 -1.000000e+00 1.265000e+03 6.799111e-01 1.000000e+00 0.000000e+00 -1.000000e+00 5.000000e-01 -1.000000e+00 -9.990070e+05 5.000000e-01 9.235116e-01 9.833426e-01 -1.000000e+00 -1.000000e+00 -1.000000e+00 3 0.000000e+00 8.417064e-01
-1.000000e+00 -1.000000e+00 1.465000e+03 0.000000e+00 -1.000000e+00 -1.000000e+00 0.000000e+00 1.867082e-01 -1.000000e+00 0.000000e+00 7.450000e+02 -1.000000e+00 0.000000e+00 -1.000000e+00 -1.000000e+00 1.975704e-02 -1.000000e+00 0.000000e+00 -9.990070e+05 3.000000e+00 -1.000000e+00 -1.000000e+00 1.105000e+03 6.403929e-02 0.000000e+00 0.000000e+00 -1.000000e+00 1.276746e-02 -1.000000e+00 -9.990070e+05 1.276746e-02 4.449308e-01 7.691252e-01 -1.000000e+00 -1.000000e+00 -1.000000e+00 1 0.000000e+00 7.066916e-02
-1.000000e+00 -1.000000e+00 1.200000e+03 0.000000e+00 -1.000000e+00 -1.000000e+00 0.000000e+00 2.738137e-05 -1.000000e+00 0.000000e+00 6.000000e+01 -1.000000e+00 0.000000e+00 -1.000000e+00 -1.000000e+00 1.287352e-08 -1.000000e+00 0.000000e+00 -9.990070e+05 3.000000e+00 -1.000000e+00 -1.000000e+00 4.600000e+02 6.478869e-07 0.000000e+00 0.000000e+00 -1.000000e+00 2.599137e-06 -1.000000e+00 -9.990070e+05 2.599137e-06 8.332485e-04 1.443832e-02 -1.000000e+00 -1.000000e+00 -1.000000e+00 7 0.000000e+00 7.249523e-06
-1.000000e+00 -1.000000e+00 9.850000e+02 0.000000e+00 -1.000000e+00 -1.000000e+00 0.000000e+00 7.278051e-01 -1.000000e+00 0.000000e+00 7.450000e+02 -1.000000e+00 0.000000e+00 -1.000000e+00 -1.000000e+00 4.147702e-01 -1.000000e+00 0.000000e+00 -9.990070e+05 3.000000e+00 -1.000000e+00 -1.000000e+00 8.650000e+02 5.598407e-01 0.000000e+00 0.000000e+00 -1.000000e+00 9.347189e-02 -1.000000e+00 -9.990070e+05 9.347189e-02 8.828537e-01 9.728607e-01 -1.000000e+00 -1.000000e+00 -1.000000e+00 1 0.000000e+00 5.643827e-01
-1.000000e+00 -1.000000e+00 1.000000e+03 0.000000e+00 -1.000000e+00 -1.000000e+00 0.000000e+00 3.396325e-09 -1.000000e+00 0.000000e+00 6.000000e+01 -1.000000e+00 0.000000e+00 -1.000000e+00 -1.000000e+00 5.602773e-14 -1.000000e+00 0.000000e+00 -9.990070e+05 3.000000e+00 -1.000000e+00 -1.000000e+00 9.500000e+02 1.514555e-11 0.000000e+00 0.000000e+00 -1.000000e+00 4.702315e-11 -1.000000e+00 -9.990070e+05 4.702315e-11 5.379633e-07 4.698910e-05 -1.000000e+00 -1.000000e+00 -1.000000e+00 4 0.000000e+00 1.644009e-10
-1.000000e+00 -1.000000e+00 1.400000e+03 0.000000e+00 -1.000000e+00 -1.000000e+00 0.000000e+00 2.374944e-03 -1.000000e+00 0.000000e+00 6.000000e+01 -1.000000e+00 0.000000e+00 -1.000000e+00 -1.000000e+00 1.029384e-05 -1.000000e+00 0.000000e+00 -9.990070e+05 3.000000e+00 -1.000000e+00 -1.000000e+00 8.600000e+02 1.692890e-04 0.000000e+00 0.000000e+00 -1.000000e+00 2.946227e-04 -1.000000e+00 -9.990070e+05 2.946227e-04 2.464295e-02 1.529195e-01 -1.000000e+00 -1.000000e+00 -1.000000e+00 7 0.000000e+00 8.529096e-04
-1.000000e+00 -1.000000e+00 1.105000e+03 0.000000e+00 -1.000000e+00 -1.000000e+00 0.000000e+00 1.071519e-01 -1.000000e+00 0.000000e+00 6.250000e+02 -1.000000e+00 0.000000e+00 -1.000000e+00 -1.000000e+00 6.700372e-03 -1.000000e+00 0.000000e+00 -9.990070e+05 3.000000e+00 -1.000000e+00 -1.000000e+00 8.650000e+02 2.844035e-02 0.000000e+00 0.000000e+00 -1.000000e+00 6.229820e-03 -1.000000e+00 -9.990070e+05 6.229820e-03 3.215775e-01 6.664772e-01 -1.000000e+00 -1.000000e+00 -1.000000e+00 1 0.000000e+00 3.325328e-02
-1.000000e+00 -1.000000e+00 1.400000e+03 0.000000e+00 -1.000000e+00 -1.000000e+00 0.000000e+00 1.219182e-02 -1.000000e+00 0.000000e+00 6.000000e+01 -1.000000e+00 0.000000e+00 -1.000000e+00 -1.000000e+00 1.448175e-04 -1.000000e+00 0.000000e+00 -9.990070e+05 3.000000e+00 -1.000000e+00 -1.000000e+00 1.060000e+03 1.430675e-03 0.000000e+00 0.000000e+00 -1.000000e+00 1.741603e-03 -1.000000e+00 -9.990070e+05 1.741603e-03 7.840296e-02 3.133669e-01 -1.000000e+00 -1.000000e+00 -1.000000e+00 7 0.000000e+00 5.136305e-03
-1.000000e+00 -1.000000e+00 1.225000e+03 0.000000e+00 -1.000000e+00 -1.000000e+00 0.000000e+00 5.230720e-04 -1.000000e+00 0.000000e+00 5.050000e+02 -1.000000e+00 0.000000e+00 -1.000000e+00 -1.000000e+00 9.966208e-07 -1.000000e+00 0.000000e+00 -9.990070e+05 3.000000e+00 -1.000000e+00 -1.000000e+00 8.650000e+02 2.480637e-05 0.000000e+00 0.000000e+00 -1.000000e+00 1.076290e-05 -1.000000e+00 -9.990070e+05 1.076290e-05 8.059844e-03 7.261529e-02 -1.000000e+00 -1.000000e+00 -1.000000e+00 1 0.000000e+00 4.942630e-05
-1.000000e+00 -1.000000e+00 6.370000e+02 0.000000e+00 -1.000000e+00 -1.000000e+00 0.000000e+00 6.778111e-07 -1.000000e+00 0.000000e+00 6.150000e+02 -1.000000e+00 0.000000e+00 -1.000000e+00 -1.000000e+00 7.084733e-11 -1.000000e+00 0.000000e+00 -9.990070e+05 3.000000e+00 -1.000000e+00 -1.000000e+00 6.260000e+02 7.587064e-09 0.000000e+00 0.000000e+00 -1.000000e+00 3.394522e-07 -1.000000e+00 -9.990070e+05 3.394522e-07 4.314240e-05 1.535530e-03 -1.000000e+00 -1.000000e+00 -1.000000e+00 5 0.000000e+00 6.787350e-07
-1.000000e+00 -1.000000e+00 1.400000e+03 0.000000e+00 -1.000000e+00 -1.000000e+00 0.000000e+00 1.612731e-01 -1.000000e+00 0.000000e+00 6.000000e+01 -1.000000e+00 0.000000e+00 -1.000000e+00 -1.000000e+00 1.476658e-02 -1.000000e+00 0.000000e+00 -9.990070e+05 3.000000e+00 -1.000000e+00 -1.000000e+00 1.260000e+03 5.155569e-02 0.000000e+00 0.000000e+00 -1.000000e+00 1.563715e-01 -1.000000e+00 -9.990070e+05 1.563715e-01 4.092053e-01 7.423684e-01 -1.000000e+00 -1.000000e+00 -1.000000e+00 2 0.000000e+00 2.397529e-01
-1.000000e+00 -1.000000e+00 9.050000e+02 0.000000e+00 -1.000000e+00 -1.000000e+00 0.000000e+00 4.906680e-02 -1.000000e+00 0.000000e+00 5.050000e+02 -1.000000e+00 0.000000e+00 -1.000000e+00 -1.000000e+00 1.592849e-03 -1.000000e+00 0.000000e+00 -9.990070e+05 3.000000e+00 -1.000000e+00 -1.000000e+00 7.050000e+02 9.446074e-03 0.000000e+00 0.000000e+00 -1.000000e+00 2.357170e-03 -1.000000e+00 -9.990070e+05 2.357170e-03 1.979206e-01 5.246966e-01 -1.000000e+00 -1.000000e+00 -1.000000e+00 1 0.000000e+00 1.205910e-02
-1.000000e+00 -1.000000e+00 1.545000e+03 0.000000e+00 -1.000000e+00 -1.000000e+00 0.000000e+00 6.860941e-02 -1.000000e+00 0.000000e+00 2.500000e+01 -1.000000e+00 0.000000e+00 -1.000000e+00 -1.000000e+00 2.921317e-03 -1.000000e+00 0.000000e+00 -9.990070e+05 3.000000e+00 -1.000000e+00 -1.000000e+00 7.850000e+02 1.508828e-02 0.000000e+00 0.000000e+00 -1.000000e+00 1.555566e-01 -1.000000e+00 -9.990070e+05 1.555566e-01 2.446416e-01 5.843314e-01 -1.000000e+00 -1.000000e+00 -1.000000e+00 3 0.000000e+00 1.967871e-01
-1.000000e+00 -1.000000e+00 1.200000e+03 0.000000e+00 -1.000000e+00 -1.000000e+00 0.000000e+00 4.611156e-04 -1.000000e+00 0.000000e+00 6.000000e+01 -1.000000e+00 0.000000e+00 -1.000000e+00 -1.000000e+00 8.234921e-07 -1.000000e+00 0.000000e+00 -9.990070e+05 3.000000e+00 -1.000000e+00 -1.000000e+00 1.150000e+03 2.117662e-05 0.000000e+00 0.000000e+00 -1.000000e+00 8.363724e-04 -1.000000e+00 -9.990070e+05 8.363724e-04 7.331136e-03 6.804715e-02 -1.000000e+00 -1.000000e+00 -1.000000e+00 2 0.000000e+00 1.306061e-03
-1.000000e+00 -1.000000e+00 1.000000e+03 0.000000e+00 -1.000000e+00 -1.000000e+00 0.000000e+00 8.763320e-15 -1.000000e+00 0.000000e+00 6.000000e+01 -1.000000e+00 0.000000e+00 -1.000000e+00 -1.000000e+00 3.820565e-21 -1.000000e+00 0.000000e+00 -9.990070e+05 3.000000e+00 -1.000000e+00 -1.000000e+00 4.600000e+02 6.374135e-18 0.000000e+00 0.000000e+00 -1.000000e+00 1.286882e-18 -1.000000e+00 -9.990070e+05 1.286882e-18 8.428743e-12 4.406138e-09 -1.000000e+00 -1.000000e+00 -1.000000e+00 6 0.000000e+00 7.783668e-18
-1.000000e+00 -1.000000e+00 2.650000e+02 4.000000e+03 -1.000000e+00 -1.000000e+00 0.000000e+00 2.653353e-02 -1.000000e+00 1.000000e+00 1.850000e+02 -1.000000e+00 0.000000e+00 -1.000000e+00 -1.000000e+00 5.409585e-04 -1.000000e+00 1.000000e+00 -9.990070e+05 3.000000e+00 -1.000000e+00 -1.000000e+00 2.250000e+02 4.063756e-03 0.000000e+00 0.000000e+00 -1.000000e+00 1.310903e-02 -1.000000e+00 -9.990070e+05 1.310903e-02 1.325885e-01 4.232212e-01 -1.000000e+00 -1.000000e+00 -1.000000e+00 5 0.000000e+00 2.631578e-02
-1.000000e+00 -1.000000e+00 1.600000e+03 0.000000e+00 -1.000000e+00 -1.000000e+00 0.000000e+00 3.258628e-01 -1.000000e+00 0.000000e+00 6.000000e+01 -1.000000e+00 0.000000e+00 -1.000000e+00 -1.000000e+00 6.283968e-02 -1.000000e+00 0.000000e+00 -9.990070e+05 3.000000e+00 -1.000000e+00 -1.000000e+00 7.000000e+01 1.494606e-01 0.000000e+00 0.000000e+00 -1.000000e+00 4.498029e-01 -1.000000e+00 -9.990070e+05 4.498029e-01 6.025932e-01 8.652308e-01 -1.000000e+00 -1.000000e+00 -1.000000e+00 3 0.000000e+00 5.593936e-01
-1.000000e+00 -1.000000e+00 1.000000e+03 0.000000e+00 -1.000000e+00 -1.000000e+00 0.000000e+00 2.030909e-07 -1.000000e+00 0.000000e+00 6.000000e+01 -1.000000e+00 0.000000e+00 -1.000000e+00 -1.000000e+00 1.357885e-11 -1.000000e+00 0.000000e+00 -9.990070e+05 3.000000e+00 -1.000000e+00 -1.000000e+00 8.600000e+02 1.819595e-09 0.000000e+00 0.000000e+00 -1.000000e+00 1.435149e-10 -1.000000e+00 -9.990070e+05 1.435149e-10 1.611041e-05 7.117555e-04 -1.000000e+00 -1.000000e+00 -1.000000e+00 6 0.000000e+00 1.073533e-09
-1.000000e+00 -1.000000e+00 9.850000e+02 0.000000e+00 -1.000000e+00 -1.000000e+00 0.000000e+00 7.872719e-01 -1.000000e+00 0.000000e+00 9.050000e+02 -1.000000e+00 0.000000e+00 -1.000000e+00 -1.000000e+00 5.102473e-01 -1.000000e+00 0.000000e+00 -9.990070e+05 3.000000e+00 -1.000000e+00 -1.000000e+00 9.450000e+02 6.433330e-01 1.000000e+00 0.000000e+00 -1.000000e+00 5.000000e-01 -1.000000e+00 -9.990070e+05 5.000000e-01 9.120509e-01 9.805044e-01 -1.000000e+00 -1.000000e+00 -1.000000e+00 2 0.000000e+00 8.245871e-01
-1.000000e+00 -1.000000e+00 7.450000e+02 0.000000e+00 -1.000000e+00 -1.000000e+00 0.000000e+00 1.789909e-01 -1.000000e+00 0.000000e+00 6.650000e+02 -1.000000e+00 0.000000e+00 -1.000000e+00 -1.000000e+00 1.815789e-02 -1.000000e+00 0.000000e+00 -9.990070e+05 3.000000e+00 -1.000000e+00 -1.000000e+00 7.050000e+02 6.014581e-02 0.000000e+00 0.000000e+00 -1.000000e+00 8.939084e-02 -1.000000e+00 -9.990070e+05 8.939084e-02 4.343910e-01 7.614534e-01 -1.000000e+00 -1.000000e+00 -1.000000e+00 5 0.000000e+00 1.788740e-01
-1.000000e+00 -1.000000e+00 1.600000e+03 0.000000e+00 -1.000000e+00 -1.000000e+00 0.000000e+00 1.419407e-01 -1.000000e+00 0.000000e+00 6.000000e+01 -1.000000e+00 0.000000e+00 -1.000000e+00 -1.000000e+00 1.149825e-02 -1.000000e+00 0.000000e+00 -9.990070e+05 3.000000e+00 -1.000000e+00 -1.000000e+00 1.060000e+03 4.274737e-02 0.000000e+00 0.000000e+00 -1.000000e+00 2.732134e-02 -1.000000e+00 -9.990070e+05 2.732134e-02 3.799596e-01 7.187808e-01 -1.000000e+00 -1.000000e+00 -1.000000e+00 7 0.000000e+00 8.400446e-02
-1.000000e+00 -1.000000e+00 1.425000e+03 0.000000e+00 -1.000000e+00 -1.000000e+00 0.000000e+00 5.111126e-03 -1.000000e+00 0.000000e+00 1.450000e+02 -1.000000e+00 0.000000e+00 -1.000000e+00 -1.000000e+00 3.488088e-05 -1.000000e+00 0.000000e+00 -9.990070e+05 3.000000e+00 -1.000000e+00 -1.000000e+00 7.850000e+02 4.561085e-04 0.000000e+00 0.000000e+00 -1.000000e+00 6.740517e-04 -1.000000e+00 -9.990070e+05 6.740517e-04 4.271095e-02 2.168035e-01 -1.000000e+00 -1.000000e+00 -1.000000e+00 7 0.000000e+00 1.967913e-03
-1.000000e+00 -1.000000e+00 1.200000e+03 0.000000e+00 -1.000000e+00 -1.000000e+00 0.000000e+00 1.867019e-01 -1.000000e+00 0.000000e+00 6.000000e+01 -1.000000e+00 0.000000e+00 -1.000000e+00 -1.000000e+00 1.975570e-02 -1.000000e+00 0.000000e+00 -9.990070e+05 3.000000e+00 -1.000000e+00 -1.000000e+00 1.600000e+02 6.403607e-02 0.000000e+00 0.000000e+00 -1.000000e+00 3.147422e-01 -1.000000e+00 -9.990070e+05 3.147422e-01 4.449223e-01 7.691191e-01 -1.000000e+00 -1.000000e+00 -1.000000e+00 3 0.000000e+00 3.939352e-01
-1.000000e+00 -1.000000e+00 1.600000e+03 0.000000e+00 -1.000000e+00 -1.000000e+00 0.000000e+00 5.694972e-01 -1.000000e+00 0.000000e+00 6.000000e+01 -1.000000e+00 0.000000e+00 -1.000000e+00 -1.000000e+00 2.242924e-01 -1.000000e+00 0.000000e+00 -9.990070e+05 3.000000e+00 -1.000000e+00 -1.000000e+00 1.100000e+02 3.677671e-01 1.000000e+00 0.000000e+00 -1.000000e+00 5.000000e-01 -1.000000e+00 -9.990070e+05 5.000000e-01 7.925899e-01 9.453208e-01 -1.000000e+00 -1.000000e+00 -1.000000e+00 3 0.000000e+00 6.990549e-01
-1.000000e+00 -1.000000e+00 1.400000e+03 0.000000e+00 -1.000000e+00 -1.000000e+00 0.000000e+00 2.344283e-02 -1.000000e+00 0.000000e+00 6.000000e+01 -1.000000e+00 0.000000e+00 -1.000000e+00 -1.000000e+00 4.371058e-04 -1.000000e+00 0.000000e+00 -9.990070e+05 3.000000e+00 -1.000000e+00 -1.000000e+00 4.600000e+02 3.435892e-03 0.000000e+00 0.000000e+00 -1.000000e+00 6.922181e-02 -1.000000e+00 -9.990070e+05 6.922181e-02 1.221040e-01 4.042629e-01 -1.000000e+00 -1.000000e+00 -1.000000e+00 3 0.000000e+00 8.833427e-02
-1.000000e+00 -1.000000e+00 1.105000e+03 0.000000e+00 -1.000000e+00 -1.000000e+00 0.000000e+00 2.202300e-11 -1.000000e+00 0.000000e+00 1.450000e+02 -1.000000e+00 0.000000e+00 -1.000000e+00 -1.000000e+00 7.830721e-17 -1.000000e+00 0.000000e+00 -9.990070e+05 3.000000e+00 -1.000000e+00 -1.000000e+00 6.250000e+02 4.567127e-14 0.000000e+00 0.000000e+00 -1.000000e+00 5.326852e-15 -1.000000e+00 -9.990070e+05 5.326852e-15 7.464446e-09 1.384628e-06 -1.000000e+00 -1.000000e+00 -1.000000e+00 6 0.000000e+00 3.566882e-14
-1.000000e+00 -1.000000e+00 1.545000e+03 0.000000e+00 -1.000000e+00 -1.000000e+00 0.000000e+00 1.331919e-01 -1.000000e+00 0.000000e+00 5.050000e+02 -1.000000e+00 0.000000e+00 -1.000000e+00 -1.000000e+00 1.016294e-02 -1.000000e+00 0.000000e+00 -9.990070e+05 3.000000e+00 -1.000000e+00 -1.000000e+00 1.025000e+03 3.895932e-02 0.000000e+00 0.000000e+00 -1.000000e+00 2.539608e-02 -1.000000e+00 -9.990070e+05 2.539608e-02 3.660365e-01 7.069710e-01 -1.000000e+00 -1.000000e+00 -1.000000e+00 7 0.000000e+00 7.795492e-02
-1.000000e+00 -1.000000e+00 5.050000e+02 0.000000e+00 -1.000000e+00 -1.000000e+00 0.000000e+00 1.167597e-06 -1.000000e+00 0.000000e+00 4.250000e+02 -1.000000e+00 0.000000e+00 -1.000000e+00 -1.000000e+00 1.502236e-10 -1.000000e+00 0.000000e+00 -9.990070e+05 3.000000e+00 -1.000000e+00 -1.000000e+00 4.650000e+02 1.449450e-08 0.000000e+00 0.000000e+00 -1.000000e+00 5.864479e-07 -1.000000e+00 -9.990070e+05 5.864479e-07 6.709309e-05 2.160292e-03 -1.000000e+00 -1.000000e+00 -1.000000e+00 5 0.000000e+00 1.172058e-06
-1.000000e+00 -1.000000e+00 1.465000e+03 0.000000e+00 -1.000000e+00 -1.000000e+00 0.000000e+00 1.658746e-02 -1.000000e+00 0.000000e+00 2.650000e+02 -1.000000e+00 0.000000e+00 -1.000000e+00 -1.000000e+00 2.426423e-04 -1.000000e+00 0.000000e+00 -9.990070e+05 3.000000e+00 -1.000000e+00 -1.000000e+00 8.650000e+02 2.157090e-03 0.000000e+00 0.000000e+00 -1.000000e+00 2.437523e-03 -1.000000e+00 -9.990070e+05 2.437523e-03 9.674803e-02 3.542118e-01 -1.000000e+00 -1.000000e+00 -1.000000e+00 7 0.000000e+00 7.223496e-03
-1.000000e+00 -1.000000e+00 1.600000e+03 0.000000e+00 -1.000000e+00 -1.000000e+00 0.000000e+00 7.551703e-01 -1.000000e+00 0.000000e+00 6.000000e+01 -1.000000e+00 0.000000e+00 -1.000000e+00 -1.000000e+00 4.568566e-01 -1.000000e+00 0.000000e+00 -9.990070e+05 3.000000e+00 -1.000000e+00 -1.000000e+00 1.600000e+02 5.974519e-01 1.000000e+00 0.000000e+00 -1.000000e+00 5.000000e-01 -1.000000e+00 -9.990070e+05 5.000000e-01 8.965735e-01 9.765269e-01 -1.000000e+00 -1.000000e+00 -1.000000e+00 3 0.000000e+00 8.033227e-01
-1.000000e+00 -1.000000e+00 1.600000e+03 0.000000e+00 -1.000000e+00 -1.000000e+00 0.000000e+00 5.540551e-01 -1.000000e+00 0.000000e+00 6.000000e+01 -1.000000e+00 0.000000e+00 -1.000000e+00 -1.000000e+00 2.098988e-01 -1.000000e+00 0.000000e+00 -9.990070e+05 3.000000e+00 -1.000000e+00 -1.000000e+00 2.600000e+02 3.512438e-01 1.000000e+00 0.000000e+00 -1.000000e+00 5.000000e-01 -1.000000e+00 -9.990070e+05 5.000000e-01 7.826462e-01 9.419082e-01 -1.000000e+00 -1.000000e+00 -1.000000e+00 3 0.000000e+00 6.915893e-01
-1.000000e+00 -1.000000e+00 1.945000e+03 0.000000e+00 -1.000000e+00 -1.000000e+00 0.000000e+00 7.643257e-01 -1.000000e+00 0.000000e+00 7.450000e+02 -1.000000e+00 0.000000e+00 -1.000000e+00 -1.000000e+00 4.716292e-01 -1.000000e+00 0.000000e+00 -9.990070e+05 3.000000e+00 -1.000000e+00 -1.000000e+00 1.345000e+03 6.103413e-01 0.000000e+00 0.000000e+00 -1.000000e+00 2.134519e-01 -1.000000e+00 -9.990070e+05 2.134519e-01 9.010541e-01 9.776956e-01 -1.000000e+00 -1.000000e+00 -1.000000e+00 7 0.000000e+00 6.876507e-01
-1.000000e+00 -1.000000e+00 1.225000e+03 0.000000e+00 -1.000000e+00 -1.000000e+00 0.000000e+00 9.287519e-01 -1.000000e+00 0.000000e+00 9.850000e+02 -1.000000e+00 0.000000e+00 -1.000000e+00 -1.000000e+00 8.059374e-01 -1.000000e+00 0.000000e+00 -9.990070e+05 3.000000e+00 -1.000000e+00 -1.000000e+00 1.105000e+03 8.697185e-01 0.000000e+00 0.000000e+00 -1.000000e+00 1.442726e-01 -1.000000e+00 -9.990070e+05 1.442726e-01 9.731361e-01 9.945983e-01 -1.000000e+00 -1.000000e+00 -1.000000e+00 1 0.000000e+00 8.714780e-01
-1.000000e+00 -1.000000e+00 1.665000e+03 0.000000e+00 -1.000000e+00 -1.000000e+00 0.000000e+00 5.573254e-01 -1.000000e+00 0.000000e+00 8.650000e+02 -1.000000e+00 0.000000e+00 -1.000000e+00 -1.000000e+00 2.128922e-01 -1.000000e+00 0.000000e+00 -9.990070e+05 3.000000e+00 -1.000000e+00 -1.000000e+00 1.265000e+03 3.547115e-01 0.000000e+00 0.000000e+00 -1.000000e+00 6.045064e-02 -1.000000e+00 -9.990070e+05 6.045064e-02 7.847711e-01 9.426440e-01 -1.000000e+00 -1.000000e+00 -1.000000e+00 1 0.000000e+00 3.609486e-01
-1.000000e+00 -1.000000e+00 1.705000e+03 0.000000e+00 -1.000000e+00 -1.000000e+00 0.000000e+00 3.369720e-01 -1.000000e+00 0.000000e+00 2.500000e+01 -1.000000e+00 0.000000e+00 -1.000000e+00 -1.000000e+00 6.757632e-02 -1.000000e+00 0.000000e+00 -9.990070e+05 3.000000e+00 -1.000000e+00 -1.000000e+00 8.650000e+02 1.575002e-01 0.000000e+00 0.000000e+00 -1.000000e+00 4.588881e-01 -1.000000e+00 -9.990070e+05 4.588881e-01 6.131702e-01 8.705979e-01 -1.000000e+00 -1.000000e+00 -1.000000e+00 3 0.000000e+00 5.705731e-01
-1.000000e+00 -1.000000e+00 3.170000e+02 0.000000e+00 -1.000000e+00 -1.000000e+00 0.000000e+00 2.645432e-48 -1.000000e+00 0.000000e+00 2.950000e+02 -1.000000e+00 0.000000e+00 -1.000000e+00 -1.000000e+00 1.431085e-60 -1.000000e+00 0.000000e+00 -9.990070e+05 3.000000e+00 -1.000000e+00 -1.000000e+00 3.060000e+02 2.152179e-54 0.000000e+00 0.000000e+00 -1.000000e+00 1.100984e-50 -1.000000e+00 -9.990070e+05 1.100984e-50 2.250699e-42 1.025878e-36 -1.000000e+00 -1.000000e+00 -1.000000e+00 4 0.000000e+00 2.948492e-50
-1.000000e+00 -1.000000e+00 1.385000e+03 0.000000e+00 -1.000000e+00 -1.000000e+00 0.000000e+00 1.386422e-02 -1.000000e+00 0.000000e+00 5.050000e+02 -1.000000e+00 0.000000e+00 -1.000000e+00 -1.000000e+00 1.794904e-04 -1.000000e+00 0.000000e+00 -9.990070e+05 3.000000e+00 -1.000000e+00 -1.000000e+00 9.450000e+02 1.697543e-03 0.000000e+00 0.000000e+00 -1.000000e+00 4.836944e-04 -1.000000e+00 -9.990070e+05 4.836944e-04 8.562523e-02 3.299919e-01 -1.000000e+00 -1.000000e+00 -1.000000e+00 1 0.000000e+00 2.409893e-03
-1.000000e+00 -1.000000e+00 4.770000e+02 0.000000e+00 -1.000000e+00 -1.000000e+00 0.000000e+00 7.784323e-24 -1.000000e+00 0.000000e+00 4.550000e+02 -1.000000e+00 0.000000e+00 -1.000000e+00 -1.000000e+00 3.496865e-32 -1.000000e+00 0.000000e+00 -9.990070e+05 3.000000e+00 -1.000000e+00 -1.000000e+00 4.660000e+02 5.759988e-28 0.000000e+00 0.000000e+00 -1.000000e+00 2.874616e-26 -1.000000e+00 -9.990070e+05 2.874616e-26 7.316543e-20 3.707041e-16 -1.000000e+00 -1.000000e+00 -1.000000e+00 4 0.000000e+00 9.027021e-26
-1.000000e+00 -1.000000e+00 1.400000e+03 0.000000e+00 -1.000000e+00 -1.000000e+00 0.000000e+00 4.581779e-03 -1.000000e+00 0.000000e+00 6.000000e+01 -1.000000e+00 0.000000e+00 -1.000000e+00 -1.000000e+00 2.925451e-05 -1.000000e+00 0.000000e+00 -9.990070e+05 3.000000e+00 -1.000000e+00 -1.000000e+00 6.600000e+02 3.956256e-04 0.000000e+00 0.000000e+00 -1.000000e+00 5.987136e-04 -1.000000e+00 -9.990070e+05 5.987136e-04 3.951860e-02 2.065422e-01 -1.000000e+00 -1.000000e+00 -1.000000e+00 7 0.000000e+00 1.745797e-03
-1.000000e+00 -1.000000e+00 1.545000e+03 0.000000e+00 -1.000000e+00 -1.000000e+00 0.000000e+00 7.048453e-01 -1.000000e+00 0.000000e+00 9.850000e+02 -1.000000e+00 0.000000e+00 -1.000000e+00 -1.000000e+00 3.817486e-01 -1.000000e+00 0.000000e+00 -9.990070e+05 3.000000e+00 -1.000000e+00 -1.000000e+00 1.265000e+03 5.293242e-01 0.000000e+00 0.000000e+00 -1.000000e+00 8.811753e-02 -1.000000e+00 -9.990070e+05 8.811753e-02 8.709509e-01 9.695718e-01 -1.000000e+00 -1.000000e+00 -1.000000e+00 1 0.000000e+00 5.336736e-01
-1.000000e+00 -1.000000e+00 1.037000e+03 0.000000e+00 -1.000000e+00 -1.000000e+00 0.000000e+00 7.675667e-01 -1.000000e+00 0.000000e+00 1.015000e+03 -1.000000e+00 0.000000e+00 -1.000000e+00 -1.000000e+00 4.769443e-01 -1.000000e+00 0.000000e+00 -9.990070e+05 3.000000e+00 -1.000000e+00 -1.000000e+00 1.026000e+03 6.149414e-01 1.000000e+00 0.000000e+00 -1.000000e+00 5.000000e-01 -1.000000e+00 -9.990070e+05 5.000000e-01 9.026274e-01 9.781026e-01 -1.000000e+00 -1.000000e+00 -1.000000e+00 2 0.000000e+00 8.114029e-01
-1.000000e+00 -1.000000e+00 1.000000e+03 0.000000e+00 -1.000000e+00 -1.000000e+00 0.000000e+00 1.131132e-10 -1.000000e+00 0.000000e+00 6.000000e+01 -1.000000e+00 0.000000e+00 -1.000000e+00 -1.000000e+00 6.496233e-16 -1.000000e+00 0.000000e+00 -9.990070e+05 3.000000e+00 -1.000000e+00 -1.000000e+00 9.900000e+02 2.979798e-13 0.000000e+00 0.000000e+00 -1.000000e+00 1.250419e-12 -1.000000e+00 -9.990070e+05 1.250419e-12 3.022193e-08 4.428418e-06 -1.000000e+00 -1.000000e+00 -1.000000e+00 4 0.000000e+00 4.319801e-12
-1.000000e+00 -1.000000e+00 1.665000e+03 0.000000e+00 -1.000000e+00 -1.000000e+00 0.000000e+00 2.815082e-01 -1.000000e+00 0.000000e+00 3.850000e+02 -1.000000e+00 0.000000e+00 -1.000000e+00 -1.000000e+00 4.596437e-02 -1.000000e+00 0.000000e+00 -9.990070e+05 3.000000e+00 -1.000000e+00 -1.000000e+00 1.025000e+03 1.191493e-01 0.000000e+00 0.000000e+00 -1.000000e+00 6.118859e-02 -1.000000e+00 -9.990070e+05 6.118859e-02 5.578410e-01 8.411489e-01 -1.000000e+00 -1.000000e+00 -1.000000e+00 7 0.000000e+00 1.912647e-01
-1.000000e+00 -1.000000e+00 1.145000e+03 0.000000e+00 -1.000000e+00 -1.000000e+00 0.000000e+00 3.426853e-09 -1.000000e+00 0.000000e+00 2.650000e+02 -1.000000e+00 0.000000e+00 -1.000000e+00 -1.000000e+00 5.669507e-14 -1.000000e+00 0.000000e+00 -9.990070e+05 3.000000e+00 -1.000000e+00 -1.000000e+00 7.050000e+02 1.530375e-11 0.000000e+00 0.000000e+00 -1.000000e+00 1.357345e-12 -1.000000e+00 -9.990070e+05 1.357345e-12 5.420224e-07 4.727673e-05 -1.000000e+00 -1.000000e+00 -1.000000e+00 6 0.000000e+00 9.721777e-12
-1.000000e+00 -1.000000e+00 9.450000e+02 0.000000e+00 -1.000000e+00 -1.000000e+00 0.000000e+00 3.676292e-01 -1.000000e+00 0.000000e+00 6.250000e+02 -1.000000e+00 0.000000e+00 -1.000000e+00 -1.000000e+00 8.177207e-02 -1.000000e+00 0.000000e+00 -9.990070e+05 3.000000e+00 -1.000000e+00 -1.000000e+00 7.850000e+02 1.806183e-01 0.000000e+00 0.000000e+00 -1.000000e+00 3.309389e-02 -1.000000e+00 -9.990070e+05 3.309389e-02 6.411894e-01 8.842495e-01 -1.000000e+00 -1.000000e+00 -1.000000e+00 1 0.000000e+00 1.895648e-01
-1.000000e+00 -1.000000e+00 7.170000e+02 0.000000e+00 -1.000000e+00 -1.000000e+00 0.000000e+00 1.377120e-02 -1.000000e+00 0.000000e+00 6.950000e+02 -1.000000e+00 0.000000e+00 -1.000000e+00 -1.000000e+00 1.774789e-04 -1.000000e+00 0.000000e+00 -9.990070e+05 3.000000e+00 -1.000000e+00 -1.000000e+00 7.060000e+02 1.682382e-03 0.000000e+00 0.000000e+00 -1.000000e+00 6.967357e-03 -1.000000e+00 -9.990070e+05 6.967357e-03 8.523201e-02 3.291060e-01 -1.000000e+00 -1.000000e+00 -1.000000e+00 5 0.000000e+00 1.388779e-02
-1.000000e+00 -1.000000e+00 1.000000e+03 0.000000e+00 -1.000000e+00 -1.000000e+00 0.000000e+00 7.352031e-04 -1.000000e+00 0.000000e+00 6.000000e+01 -1.000000e+00 0.000000e+00 -1.000000e+00 -1.000000e+00 1.672850e-06 -1.000000e+00 0.000000e+00 -9.990070e+05 3.000000e+00 -1.000000e+00 -1.000000e+00 1.100000e+02 3.807620e-05 0.000000e+00 0.000000e+00 -1.000000e+00 2.878438e-06 -1.000000e+00 -9.990070e+05 2.878438e-06 1.039798e-02 8.635952e-02 -1.000000e+00 -1.000000e+00 -1.000000e+00 6 0.000000e+00 2.335954e-05
-1.000000e+00 -1.000000e+00 1.625000e+03 0.000000e+00 -1.000000e+00 -1.000000e+00 0.000000e+00 1.771350e-01 -1.000000e+00 0.000000e+00 2.650000e+02 -1.000000e+00 0.000000e+00 -1.000000e+00 -1.000000e+00 1.778448e-02 -1.000000e+00 0.000000e+00 -9.990070e+05 3.000000e+00 -1.000000e+00 -1.000000e+00 9.450000e+02 5.922315e-02 0.000000e+00 0.000000e+00 -1.000000e+00 3.533577e-02 -1.000000e+00 -9.990070e+05 3.533577e-02 4.318189e-01 7.595536e-01 -1.000000e+00 -1.000000e+00 -1.000000e+00 7 0.000000e+00 1.092319e-01
-1.000000e+00 -1.000000e+00 2.025000e+03 0.000000e+00 -1.000000e+00 -1.000000e+00 0.000000e+00 8.126710e-01 -1.000000e+00 0.000000e+00 2.500000e+01 -1.000000e+00 0.000000e+00 -1.000000e+00 -1.000000e+00 5.557669e-01 -1.000000e+00 0.000000e+00 -9.990070e+05 3.000000e+00 -1.000000e+00 -1.000000e+00 1.025000e+03 6.810171e-01 1.000000e+00 0.000000e+00 -1.000000e+00 5.000000e-01 -1.000000e+00 -9.990070e+05 5.000000e-01 9.238469e-01 9.834243e-01 -1.000000e+00 -1.000000e+00 -1.000000e+00 3 0.000000e+00 8.422266e-01
-1.000000e+00 -1.000000e+00 1.400000e+03 0.000000e+00 -1.000000e+00 -1.000000e+00 0.000000e+00 7.474637e-02 -1.000000e+00 0.000000e+00 6.000000e+01 -1.000000e+00 0.000000e+00 -1.000000e+00 -1.000000e+00 3.418934e-03 -1.000000e+00 0.000000e+00 -9.990070e+05 3.000000e+00 -1.000000e+00 -1.000000e+00 1.390000e+03 1.702500e-02 0.000000e+00 0.000000e+00 -1.000000e+00 8.115698e-02 -1.000000e+00 -9.990070e+05 8.115698e-02 2.580418e-01 5.999270e-01 -1.000000e+00 -1.000000e+00 -1.000000e+00 2 0.000000e+00 1.249020e-01
-1.000000e+00 -1.000000e+00 1.265000e+03 0.000000e+00 -1.000000e+00 -1.000000e+00 0.000000e+00 1.318681e-05 -1.000000e+00 0.000000e+00 1.450000e+02 -1.000000e+00 0.000000e+00 -1.000000e+00 -1.000000e+00 4.522083e-09 -1.000000e+00 0.000000e+00 -9.990070e+05 3.000000e+00 -1.000000e+00 -1.000000e+00 7.050000e+02 2.666899e-07 0.000000e+00 0.000000e+00 -1.000000e+00 1.200422e-06 -1.000000e+00 -9.990070e+05 1.200422e-06 4.682874e-04 9.426523e-03 -1.000000e+00 -1.000000e+00 -1.000000e+00 7 0.000000e+00 3.337744e-06
-1.000000e+00 -1.000000e+00 1.065000e+03 0.000000e+00 -1.000000e+00 -1.000000e+00 0.000000e+00 1.884573e-03 -1.000000e+00 0.000000e+00 5.050000e+02 -1.000000e+00 0.000000e+00 -1.000000e+00 -1.000000e+00 7.161606e-06 -1.000000e+00 0.000000e+00 -9.990070e+05 3.000000e+00 -1.000000e+00 -1.000000e+00 7.850000e+02 1.258607e-04 0.000000e+00 0.000000e+00 -1.000000e+00 4.810584e-05 -1.000000e+00 -9.990070e+05 4.810584e-05 2.082646e-02 1.370832e-01 -1.000000e+00 -1.000000e+00 -1.000000e+00 1 0.000000e+00 2.246374e-04
