-1.000000e+00 -1.000000e+00 0.000000e+00 -1.000000e+00 -1.000000e+00 0.000000e+00 3.304489e-02 -1.000000e+00 0.000000e+00 -1.000000e+00 0.000000e+00 -1.000000e+00 -1.000000e+00 7.919624e-04 1.600000e+03 -1.000000e+00 0.000000e+00 -9.990070e+05 3.000000e+00 -1.000000e+00 -1.000000e+00 5.480235e-03 0.000000e+00 0.000000e+00 -1.000000e+00 9.004505e-02 -1.000000e+00 -9.990070e+05 9.004505e-02 1.532243e-01 4.580969e-01 -1.000000e+00 -1.000000e+00 0.000000e+00 -1.000000e+00 3 0.000000e+00 1.146274e-01
-1.000000e+00 -1.000000e+00 0.000000e+00 -1.000000e+00 -1.000000e+00 6.000000e+02 6.629668e-01 -1.000000e+00 0.000000e+00 -1.000000e+00 0.000000e+00 -1.000000e+00 -1.000000e+00 3.265486e-01 2.000000e+03 -1.000000e+00 0.000000e+00 -9.990070e+05 3.000000e+00 -1.000000e+00 -1.000000e+00 4.760427e-01 1.000000e+00 0.000000e+00 -1.000000e+00 5.000000e-01 -1.000000e+00 -9.990070e+05 5.000000e-01 8.482658e-01 9.630211e-01 -1.000000e+00 -1.000000e+00 0.000000e+00 -1.000000e+00 3 0.000000e+00 7.479246e-01
-1.000000e+00 -1.000000e+00 0.000000e+00 -1.000000e+00 -1.000000e+00 4.500000e+02 5.445745e-09 -1.000000e+00 0.000000e+00 -1.000000e+00 0.000000e+00 -1.000000e+00 -1.000000e+00 1.047405e-13 1.150000e+03 -1.000000e+00 0.000000e+00 -9.990070e+05 3.000000e+00 -1.000000e+00 -1.000000e+00 2.621682e-11 0.000000e+00 0.000000e+00 -1.000000e+00 2.347159e-12 -1.000000e+00 -9.990070e+05 2.347159e-12 7.994809e-07 6.478290e-05 -1.000000e+00 -1.000000e+00 0.000000e+00 -1.000000e+00 6 0.000000e+00 1.679907e-11
-1.000000e+00 -1.000000e+00 0.000000e+00 -1.000000e+00 -1.000000e+00 7.000000e+02 1.125211e-02 -1.000000e+00 0.000000e+00 -1.000000e+00 0.000000e+00 -1.000000e+00 -1.000000e+00 1.267382e-04 1.300000e+03 -1.000000e+00 0.000000e+00 -9.990070e+05 3.000000e+00 -1.000000e+00 -1.000000e+00 1.286216e-03 0.000000e+00 0.000000e+00 -1.000000e+00 6.357789e-05 -1.000000e+00 -9.990070e+05 6.357789e-05 7.419090e-02 3.033046e-01 -1.000000e+00 -1.000000e+00 0.000000e+00 -1.000000e+00 6 0.000000e+00 6.534700e-04
-1.000000e+00 -1.000000e+00 0.000000e+00 -1.000000e+00 -1.000000e+00 1.000000e+02 5.251435e-01 -1.000000e+00 0.000000e+00 -1.000000e+00 0.000000e+00 -1.000000e+00 -1.000000e+00 1.846782e-01 1.900000e+03 -1.000000e+00 0.000000e+00 -9.990070e+05 3.000000e+00 -1.000000e+00 -1.000000e+00 3.213178e-01 1.000000e+00 0.000000e+00 -1.000000e+00 5.000000e-01 -1.000000e+00 -9.990070e+05 5.000000e-01 7.633984e-01 9.350780e-01 -1.000000e+00 -1.000000e+00 0.000000e+00 -1.000000e+00 3 0.000000e+00 6.780321e-01
-1.000000e+00 -1.000000e+00 0.000000e+00 -1.000000e+00 -1.000000e+00 5.000000e+01 3.907177e-11 -1.000000e+00 0.000000e+00 -1.000000e+00 0.000000e+00 -1.000000e+00 -1.000000e+00 1.640321e-16 1.150000e+03 -1.000000e+00 0.000000e+00 -9.990070e+05 3.000000e+00 -1.000000e+00 -1.000000e+00 8.803005e-14 0.000000e+00 0.000000e+00 -1.000000e+00 9.658019e-15 -1.000000e+00 -9.990070e+05 9.658019e-15 1.219501e-08 2.084577e-06 -1.000000e+00 -1.000000e+00 0.000000e+00 -1.000000e+00 6 0.000000e+00 6.551184e-14
-1.000000e+00 -1.000000e+00 0.000000e+00 -1.000000e+00 -1.000000e+00 5.000000e+02 4.085474e-06 -1.000000e+00 0.000000e+00 -1.000000e+00 0.000000e+00 -1.000000e+00 -1.000000e+00 8.620236e-10 7.000000e+02 -1.000000e+00 0.000000e+00 -9.990070e+05 3.000000e+00 -1.000000e+00 -1.000000e+00 6.488290e-08 0.000000e+00 0.000000e+00 -1.000000e+00 2.046492e-06 -1.000000e+00 -9.990070e+05 2.046492e-06 1.840948e-04 4.673476e-03 -1.000000e+00 -1.000000e+00 0.000000e+00 -1.000000e+00 5 0.000000e+00 4.091737e-06
-1.000000e+00 -1.000000e+00 0.000000e+00 -1.000000e+00 -1.000000e+00 7.500000e+02 2.305089e-01 -1.000000e+00 0.000000e+00 -1.000000e+00 0.000000e+00 -1.000000e+00 -1.000000e+00 3.030351e-02 1.050000e+03 -1.000000e+00 0.000000e+00 -9.990070e+05 3.000000e+00 -1.000000e+00 -1.000000e+00 8.784596e-02 0.000000e+00 0.000000e+00 -1.000000e+00 4.661215e-03 -1.000000e+00 -9.990070e+05 4.661215e-03 5.005228e-01 8.067742e-01 -1.000000e+00 -1.000000e+00 0.000000e+00 -1.000000e+00 6 0.000000e+00 5.782094e-02
-1.000000e+00 -1.000000e+00 0.000000e+00 -1.000000e+00 -1.000000e+00 5.000000e+02 1.869162e-06 -1.000000e+00 0.000000e+00 -1.000000e+00 0.000000e+00 -1.000000e+00 -1.000000e+00 2.888082e-10 9.000000e+02 -1.000000e+00 0.000000e+00 -9.990070e+05 3.000000e+00 -1.000000e+00 -1.000000e+00 2.541905e-08 0.000000e+00 0.000000e+00 -1.000000e+00 1.757177e-09 -1.000000e+00 -9.990070e+05 1.757177e-09 9.815766e-05 2.893890e-03 -1.000000e+00 -1.000000e+00 0.000000e+00 -1.000000e+00 6 0.000000e+00 1.378629e-08
-1.000000e+00 -1.000000e+00 0.000000e+00 -1.000000e+00 -1.000000e+00 6.000000e+02 9.875739e-02 -1.000000e+00 0.000000e+00 -1.000000e+00 0.000000e+00 -1.000000e+00 -1.000000e+00 5.743152e-03 1.600000e+03 -1.000000e+00 0.000000e+00 -9.990070e+05 3.000000e+00 -1.000000e+00 -1.000000e+00 2.529879e-02 0.000000e+00 0.000000e+00 -1.000000e+00 2.022738e-01 -1.000000e+00 -9.990070e+05 2.022738e-01 3.061206e-01 6.513072e-01 -1.000000e+00 -1.000000e+00 0.000000e+00 -1.000000e+00 3 0.000000e+00 2.550276e-01
-1.000000e+00 -1.000000e+00 0.000000e+00 -1.000000e+00 -1.000000e+00 8.500000e+02 6.568177e-01 -1.000000e+00 0.000000e+00 -1.000000e+00 0.000000e+00 -1.000000e+00 -1.000000e+00 3.189632e-01 1.950000e+03 -1.000000e+00 0.000000e+00 -9.990070e+05 3.000000e+00 -1.000000e+00 -1.000000e+00 4.684733e-01 1.000000e+00 0.000000e+00 -1.000000e+00 5.000000e-01 -1.000000e+00 -9.990070e+05 5.000000e-01 8.448240e-01 9.619945e-01 -1.000000e+00 -1.000000e+00 0.000000e+00 -1.000000e+00 3 0.000000e+00 7.445006e-01
-1.000000e+00 -1.000000e+00 0.000000e+00 -1.000000e+00 -1.000000e+00 9.000000e+02 6.755187e-01 -1.000000e+00 0.000000e+00 -1.000000e+00 0.000000e+00 -1.000000e+00 -1.000000e+00 3.424367e-01 1.100000e+03 -1.000000e+00 0.000000e+00 -9.990070e+05 3.000000e+00 -1.000000e+00 -1.000000e+00 4.916942e-01 0.000000e+00 0.000000e+00 -1.000000e+00 3.383398e-01 -1.000000e+00 -9.990070e+05 3.383398e-01 8.552015e-01 9.650636e-01 -1.000000e+00 -1.000000e+00 0.000000e+00 -1.000000e+00 5 0.000000e+00 6.758235e-01
-1.000000e+00 -1.000000e+00 0.000000e+00 -1.000000e+00 -1.000000e+00 0.000000e+00 5.840725e-01 -1.000000e+00 0.000000e+00 -1.000000e+00 0.000000e+00 -1.000000e+00 -1.000000e+00 2.384925e-01 1.800000e+03 -1.000000e+00 0.000000e+00 -9.990070e+05 3.000000e+00 -1.000000e+00 -1.000000e+00 3.837118e-01 0.000000e+00 0.000000e+00 -1.000000e+00 1.503692e-01 -1.000000e+00 -9.990070e+05 1.503692e-01 8.017701e-01 9.484025e-01 -1.000000e+00 -1.000000e+00 0.000000e+00 -1.000000e+00 7 0.000000e+00 4.804350e-01
-1.000000e+00 -1.000000e+00 0.000000e+00 -1.000000e+00 -1.000000e+00 5.500000e+02 6.037662e-05 -1.000000e+00 0.000000e+00 -1.000000e+00 0.000000e+00 -1.000000e+00 -1.000000e+00 4.043995e-08 1.250000e+03 -1.000000e+00 0.000000e+00 -9.990070e+05 3.000000e+00 -1.000000e+00 -1.000000e+00 1.703505e-06 0.000000e+00 0.000000e+00 -1.000000e+00 9.511850e-08 -1.000000e+00 -9.990070e+05 9.511850e-08 1.545755e-03 2.266063e-02 -1.000000e+00 -1.000000e+00 0.000000e+00 -1.000000e+00 6 0.000000e+00 8.228598e-07
-1.000000e+00 -1.000000e+00 0.000000e+00 -1.000000e+00 -1.000000e+00 8.000000e+02 4.882711e-01 -1.000000e+00 0.000000e+00 -1.000000e+00 0.000000e+00 -1.000000e+00 -1.000000e+00 1.556019e-01 1.000000e+03 -1.000000e+00 0.000000e+00 -9.990070e+05 3.000000e+00 -1.000000e+00 -1.000000e+00 2.850325e-01 0.000000e+00 0.000000e+00 -1.000000e+00 2.440995e-01 -1.000000e+00 -9.990070e+05 2.440995e-01 7.375752e-01 9.254371e-01 -1.000000e+00 -1.000000e+00 0.000000e+00 -1.000000e+00 5 0.000000e+00 4.882438e-01
-1.000000e+00 -1.000000e+00 0.000000e+00 -1.000000e+00 -1.000000e+00 5.000000e+01 2.209786e-01 -1.000000e+00 0.000000e+00 -1.000000e+00 0.000000e+00 -1.000000e+00 -1.000000e+00 2.778980e-02 1.750000e+03 -1.000000e+00 0.000000e+00 -9.990070e+05 3.000000e+00 -1.000000e+00 -1.000000e+00 8.242134e-02 0.000000e+00 0.000000e+00 -1.000000e+00 3.511692e-01 -1.000000e+00 -9.990070e+05 3.511692e-01 4.889861e-01 7.993311e-01 -1.000000e+00 -1.000000e+00 0.000000e+00 -1.000000e+00 3 0.000000e+00 4.389395e-01
-1.000000e+00 -1.000000e+00 0.000000e+00 -1.000000e+00 -1.000000e+00 4.000000e+02 4.004107e-02 -1.000000e+00 0.000000e+00 -1.000000e+00 0.000000e+00 -1.000000e+00 -1.000000e+00 1.109769e-03 1.600000e+03 -1.000000e+00 0.000000e+00 -9.990070e+05 3.000000e+00 -1.000000e+00 -1.000000e+00 7.132468e-03 0.000000e+00 0.000000e+00 -1.000000e+00 1.041559e-01 -1.000000e+00 -9.990070e+05 1.041559e-01 1.736459e-01 4.898814e-01 -1.000000e+00 -1.000000e+00 0.000000e+00 -1.000000e+00 3 0.000000e+00 1.323920e-01
-1.000000e+00 -1.000000e+00 0.000000e+00 -1.000000e+00 -1.000000e+00 8.000000e+02 6.570766e-01 -1.000000e+00 0.000000e+00 -1.000000e+00 0.000000e+00 -1.000000e+00 -1.000000e+00 3.192800e-01 1.800000e+03 -1.000000e+00 0.000000e+00 -9.990070e+05 3.000000e+00 -1.000000e+00 -1.000000e+00 4.687907e-01 0.000000e+00 0.000000e+00 -1.000000e+00 2.759626e-02 -1.000000e+00 -9.990070e+05 2.759626e-02 8.449695e-01 9.620380e-01 -1.000000e+00 -1.000000e+00 0.000000e+00 -1.000000e+00 6 0.000000e+00 3.924328e-01
-1.000000e+00 -1.000000e+00 0.000000e+00 -1.000000e+00 -1.000000e+00 4.000000e+02 6.683972e-01 -1.000000e+00 0.000000e+00 -1.000000e+00 0.000000e+00 -1.000000e+00 -1.000000e+00 3.333552e-01 2.000000e+03 -1.000000e+00 0.000000e+00 -9.990070e+05 3.000000e+00 -1.000000e+00 -1.000000e+00 4.827810e-01 1.000000e+00 0.000000e+00 -1.000000e+00 5.000000e-01 -1.000000e+00 -9.990070e+05 5.000000e-01 8.512811e-01 9.639134e-01 -1.000000e+00 -1.000000e+00 0.000000e+00 -1.000000e+00 3 0.000000e+00 7.509747e-01
-1.000000e+00 -1.000000e+00 0.000000e+00 -1.000000e+00 -1.000000e+00 6.000000e+02 1.932828e-02 -1.000000e+00 0.000000e+00 -1.000000e+00 0.000000e+00 -1.000000e+00 -1.000000e+00 3.143774e-04 8.000000e+02 -1.000000e+00 0.000000e+00 -9.990070e+05 3.000000e+00 -1.000000e+00 -1.000000e+00 2.648470e-03 0.000000e+00 0.000000e+00 -1.000000e+00 9.749698e-03 -1.000000e+00 -9.990070e+05 9.749698e-03 1.072840e-01 3.758024e-01 -1.000000e+00 -1.000000e+00 0.000000e+00 -1.000000e+00 5 0.000000e+00 1.944827e-02
-1.000000e+00 -1.000000e+00 0.000000e+00 -1.000000e+00 -1.000000e+00 9.000000e+02 4.552228e-01 -1.000000e+00 0.000000e+00 -1.000000e+00 0.000000e+00 -1.000000e+00 -1.000000e+00 1.322883e-01 1.300000e+03 -1.000000e+00 0.000000e+00 -9.990070e+05 3.000000e+00 -1.000000e+00 -1.000000e+00 2.542718e-01 0.000000e+00 0.000000e+00 -1.000000e+00 1.423362e-02 -1.000000e+00 -9.990070e+05 1.423362e-02 7.131058e-01 9.157792e-01 -1.000000e+00 -1.000000e+00 0.000000e+00 -1.000000e+00 6 0.000000e+00 1.914088e-01
-1.000000e+00 -1.000000e+00 0.000000e+00 -1.000000e+00 -1.000000e+00 5.500000e+02 1.151229e-07 -1.000000e+00 0.000000e+00 -1.000000e+00 0.000000e+00 -1.000000e+00 -1.000000e+00 6.274206e-12 6.500000e+02 -1.000000e+00 0.000000e+00 -9.990070e+05 3.000000e+00 -1.000000e+00 -1.000000e+00 9.315442e-10 0.000000e+00 0.000000e+00 -1.000000e+00 5.808861e-08 -1.000000e+00 -9.990070e+05 5.808861e-08 1.010119e-05 4.927870e-04 -1.000000e+00 -1.000000e+00 0.000000e+00 -1.000000e+00 5 0.000000e+00 1.160231e-07
-1.000000e+00 -1.000000e+00 0.000000e+00 -1.000000e+00 -1.000000e+00 8.500000e+02 4.198849e-01 -1.000000e+00 0.000000e+00 -1.000000e+00 0.000000e+00 -1.000000e+00 -1.000000e+00 1.100304e-01 9.500000e+02 -1.000000e+00 0.000000e+00 -9.990070e+05 3.000000e+00 -1.000000e+00 -1.000000e+00 2.231928e-01 0.000000e+00 0.000000e+00 -1.000000e+00 2.097606e-01 -1.000000e+00 -9.990070e+05 2.097606e-01 6.854134e-01 9.042104e-01 -1.000000e+00 -1.000000e+00 0.000000e+00 -1.000000e+00 5 0.000000e+00 4.197327e-01
-1.000000e+00 -1.000000e+00 0.000000e+00 -1.000000e+00 -1.000000e+00 2.000000e+02 6.740188e-01 -1.000000e+00 0.000000e+00 -1.000000e+00 0.000000e+00 -1.000000e+00 -1.000000e+00 3.405092e-01 2.000000e+03 -1.000000e+00 0.000000e+00 -9.990070e+05 3.000000e+00 -1.000000e+00 -1.000000e+00 4.898097e-01 1.000000e+00 0.000000e+00 -1.000000e+00 5.000000e-01 -1.000000e+00 -9.990070e+05 5.000000e-01 8.543789e-01 9.648232e-01 -1.000000e+00 -1.000000e+00 0.000000e+00 -1.000000e+00 3 0.000000e+00 7.541585e-01
-1.000000e+00 -1.000000e+00 0.000000e+00 -1.000000e+00 -1.000000e+00 5.000000e+02 1.762794e-02 -1.000000e+00 0.000000e+00 -1.000000e+00 0.000000e+00 -1.000000e+00 -1.000000e+00 2.689190e-04 1.500000e+03 -1.000000e+00 0.000000e+00 -9.990070e+05 3.000000e+00 -1.000000e+00 -1.000000e+00 2.340347e-03 0.000000e+00 0.000000e+00 -1.000000e+00 5.534712e-02 -1.000000e+00 -9.990070e+05 5.534712e-02 1.008184e-01 3.626984e-01 -1.000000e+00 -1.000000e+00 0.000000e+00 -1.000000e+00 3 0.000000e+00 7.079515e-02
-1.000000e+00 -1.000000e+00 0.000000e+00 -1.000000e+00 -1.000000e+00 5.000000e+02 1.640564e-01 -1.000000e+00 0.000000e+00 -1.000000e+00 0.000000e+00 -1.000000e+00 -1.000000e+00 1.527388e-02 1.700000e+03 -1.000000e+00 0.000000e+00 -9.990070e+05 3.000000e+00 -1.000000e+00 -1.000000e+00 5.287265e-02 0.000000e+00 0.000000e+00 -1.000000e+00 2.879388e-01 -1.000000e+00 -9.990070e+05 2.879388e-01 4.132581e-01 7.455135e-01 -1.000000e+00 -1.000000e+00 0.000000e+00 -1.000000e+00 3 0.000000e+00 3.611263e-01
-1.000000e+00 -1.000000e+00 0.000000e+00 -1.000000e+00 -1.000000e+00 7.750000e+02 1.046189e-01 -1.000000e+00 0.000000e+00 -1.000000e+00 0.000000e+00 -1.000000e+00 -1.000000e+00 6.403507e-03 8.250000e+02 -1.000000e+00 0.000000e+00 -9.990070e+05 3.000000e+00 -1.000000e+00 -1.000000e+00 2.747926e-02 0.000000e+00 0.000000e+00 -1.000000e+00 5.230539e-02 -1.000000e+00 -9.990070e+05 5.230539e-02 3.169778e-01 6.620256e-01 -1.000000e+00 -1.000000e+00 0.000000e+00 -1.000000e+00 5 0.000000e+00 1.046139e-01
-1.000000e+00 -1.000000e+00 0.000000e+00 -1.000000e+00 -1.000000e+00 1.000000e+02 2.462890e-03 -1.000000e+00 0.000000e+00 -1.000000e+00 0.000000e+00 -1.000000e+00 -1.000000e+00 1.090046e-05 1.500000e+03 -1.000000e+00 0.000000e+00 -9.990070e+05 3.000000e+00 -1.000000e+00 -1.000000e+00 1.773844e-04 0.000000e+00 0.000000e+00 -1.000000e+00 1.118780e-02 -1.000000e+00 -9.990070e+05 1.118780e-02 2.530125e-02 1.555456e-01 -1.000000e+00 -1.000000e+00 0.000000e+00 -1.000000e+00 3 0.000000e+00 1.450058e-02
-1.000000e+00 -1.000000e+00 0.000000e+00 -1.000000e+00 -1.000000e+00 1.000000e+02 1.902563e-14 -1.000000e+00 0.000000e+00 -1.000000e+00 0.000000e+00 -1.000000e+00 -1.000000e+00 1.008564e-20 1.100000e+03 -1.000000e+00 0.000000e+00 -9.990070e+05 3.000000e+00 -1.000000e+00 -1.000000e+00 1.525764e-17 0.000000e+00 0.000000e+00 -1.000000e+00 2.432917e-18 -1.000000e+00 -9.990070e+05 2.432917e-18 1.660336e-11 7.879212e-09 -1.000000e+00 -1.000000e+00 0.000000e+00 -1.000000e+00 6 0.000000e+00 1.532120e-17
-1.000000e+00 -1.000000e+00 0.000000e+00 -1.000000e+00 -1.000000e+00 5.500000e+02 3.917522e-06 -1.000000e+00 0.000000e+00 -1.000000e+00 0.000000e+00 -1.000000e+00 -1.000000e+00 8.126781e-10 1.050000e+03 -1.000000e+00 0.000000e+00 -9.990070e+05 3.000000e+00 -1.000000e+00 -1.000000e+00 6.169221e-08 0.000000e+00 0.000000e+00 -1.000000e+00 3.804911e-09 -1.000000e+00 -9.990070e+05 3.804911e-09 1.780035e-04 4.555741e-03 -1.000000e+00 -1.000000e+00 0.000000e+00 -1.000000e+00 6 0.000000e+00 3.098804e-08
-1.000000e+00 -1.000000e+00 0.000000e+00 -1.000000e+00 -1.000000e+00 2.500000e+02 5.367099e-12 -1.000000e+00 0.000000e+00 -1.000000e+00 0.000000e+00 -1.000000e+00 -1.000000e+00 1.278022e-17 1.150000e+03 -1.000000e+00 0.000000e+00 -9.990070e+05 3.000000e+00 -1.000000e+00 -1.000000e+00 9.111735e-15 0.000000e+00 0.000000e+00 -1.000000e+00 1.230169e-15 -1.000000e+00 -9.990070e+05 1.230169e-15 2.219782e-09 5.016624e-07 -1.000000e+00 -1.000000e+00 0.000000e+00 -1.000000e+00 6 0.000000e+00 7.996424e-15
-1.000000e+00 -1.000000e+00 0.000000e+00 -1.000000e+00 -1.000000e+00 8.500000e+02 2.835172e-01 -1.000000e+00 0.000000e+00 -1.000000e+00 0.000000e+00 -1.000000e+00 -1.000000e+00 4.666087e-02 1.550000e+03 -1.000000e+00 0.000000e+00 -9.990070e+05 3.000000e+00 -1.000000e+00 -1.000000e+00 1.204604e-01 0.000000e+00 0.000000e+00 -1.000000e+00 6.412978e-03 -1.000000e+00 -9.990070e+05 6.412978e-03 5.599622e-01 8.423424e-01 -1.000000e+00 -1.000000e+00 0.000000e+00 -1.000000e+00 6 0.000000e+00 8.182839e-02
-1.000000e+00 -1.000000e+00 0.000000e+00 -1.000000e+00 -1.000000e+00 7.000000e+02 2.674841e-01 -1.000000e+00 0.000000e+00 -1.000000e+00 0.000000e+00 -1.000000e+00 -1.000000e+00 4.127473e-02 1.700000e+03 -1.000000e+00 0.000000e+00 -9.990070e+05 3.000000e+00 -1.000000e+00 -1.000000e+00 1.101614e-01 0.000000e+00 0.000000e+00 -1.000000e+00 3.975243e-01 -1.000000e+00 -9.990070e+05 3.975243e-01 5.427630e-01 8.325086e-01 -1.000000e+00 -1.000000e+00 0.000000e+00 -1.000000e+00 3 0.000000e+00 4.956098e-01
-1.000000e+00 -1.000000e+00 0.000000e+00 -1.000000e+00 -1.000000e+00 6.500000e+02 1.142857e-01 -1.000000e+00 0.000000e+00 -1.000000e+00 0.000000e+00 -1.000000e+00 -1.000000e+00 7.574060e-03 1.550000e+03 -1.000000e+00 0.000000e+00 -9.990070e+05 3.000000e+00 -1.000000e+00 -1.000000e+00 3.120722e-02 0.000000e+00 0.000000e+00 -1.000000e+00 2.243381e-01 -1.000000e+00 -9.990070e+05 2.243381e-01 3.342512e-01 6.784777e-01 -1.000000e+00 -1.000000e+00 0.000000e+00 -1.000000e+00 3 0.000000e+00 2.824184e-01
-1.000000e+00 -1.000000e+00 0.000000e+00 -1.000000e+00 -1.000000e+00 5.000000e+01 1.222961e-02 -1.000000e+00 0.000000e+00 -1.000000e+00 0.000000e+00 -1.000000e+00 -1.000000e+00 1.455658e-04 1.550000e+03 -1.000000e+00 0.000000e+00 -9.990070e+05 3.000000e+00 -1.000000e+00 -1.000000e+00 1.436568e-03 0.000000e+00 0.000000e+00 -1.000000e+00 4.138943e-02 -1.000000e+00 -9.990070e+05 4.138943e-02 7.856990e-02 3.137599e-01 -1.000000e+00 -1.000000e+00 0.000000e+00 -1.000000e+00 3 0.000000e+00 5.309422e-02
-1.000000e+00 -1.000000e+00 4.000000e+03 -1.000000e+00 -1.000000e+00 7.870000e+02 6.168166e-02 -1.000000e+00 1.000000e+00 -1.000000e+00 0.000000e+00 -1.000000e+00 -1.000000e+00 2.405970e-03 8.120000e+02 -1.000000e+00 1.000000e+00 -9.990070e+05 2.000000e+00 -1.000000e+00 -1.000000e+00 1.299429e-02 0.000000e+00 0.000000e+00 -1.000000e+00 3.105409e-02 -1.000000e+00 -9.990070e+05 3.105409e-02 2.288470e-01 5.651365e-01 -1.000000e+00 -1.000000e+00 0.000000e+00 -1.000000e+00 5 1.000000e+00 6.195718e-02
-1.000000e+00 -1.000000e+00 0.000000e+00 -1.000000e+00 -1.000000e+00 3.000000e+02 5.435082e-06 -1.000000e+00 0.000000e+00 -1.000000e+00 0.000000e+00 -1.000000e+00 -1.000000e+00 1.288021e-09 1.300000e+03 -1.000000e+00 0.000000e+00 -9.990070e+05 3.000000e+00 -1.000000e+00 -1.000000e+00 9.145419e-08 0.000000e+00 0.000000e+00 -1.000000e+00 5.418293e-05 -1.000000e+00 -9.990070e+05 5.418293e-05 2.313389e-04 5.555124e-03 -1.000000e+00 -1.000000e+00 0.000000e+00 -1.000000e+00 3 0.000000e+00 7.219167e-05
-1.000000e+00 -1.000000e+00 0.000000e+00 -1.000000e+00 -1.000000e+00 8.000000e+02 1.107596e-01 -1.000000e+00 0.000000e+00 -1.000000e+00 0.000000e+00 -1.000000e+00 -1.000000e+00 7.135247e-03 1.400000e+03 -1.000000e+00 0.000000e+00 -9.990070e+05 3.000000e+00 -1.000000e+00 -1.000000e+00 2.982859e-02 0.000000e+00 0.000000e+00 -1.000000e+00 1.521555e-03 -1.000000e+00 -9.990070e+05 1.521555e-03 3.280374e-01 6.726418e-01 -1.000000e+00 -1.000000e+00 0.000000e+00 -1.000000e+00 6 0.000000e+00 1.778177e-02
-1.000000e+00 -1.000000e+00 0.000000e+00 -1.000000e+00 -1.000000e+00 2.000000e+02 5.612983e-03 -1.000000e+00 0.000000e+00 -1.000000e+00 0.000000e+00 -1.000000e+00 -1.000000e+00 4.057490e-05 1.400000e+03 -1.000000e+00 0.000000e+00 -9.990070e+05 3.000000e+00 -1.000000e+00 -1.000000e+00 5.153536e-04 0.000000e+00 0.000000e+00 -1.000000e+00 2.614471e-05 -1.000000e+00 -9.990070e+05 2.614471e-05 4.564021e-02 2.259163e-01 -1.000000e+00 -1.000000e+00 0.000000e+00 -1.000000e+00 6 0.000000e+00 2.587244e-04
-1.000000e+00 -1.000000e+00 0.000000e+00 -1.000000e+00 -1.000000e+00 2.500000e+02 2.266660e-01 -1.000000e+00 0.000000e+00 -1.000000e+00 0.000000e+00 -1.000000e+00 -1.000000e+00 2.927485e-02 1.750000e+03 -1.000000e+00 0.000000e+00 -9.990070e+05 3.000000e+00 -1.000000e+00 -1.000000e+00 8.564236e-02 0.000000e+00 0.000000e+00 -1.000000e+00 3.571452e-01 -1.000000e+00 -9.990070e+05 3.571452e-01 4.959054e-01 8.038174e-01 -1.000000e+00 -1.000000e+00 0.000000e+00 -1.000000e+00 3 0.000000e+00 4.462333e-01
-1.000000e+00 -1.000000e+00 0.000000e+00 -1.000000e+00 -1.000000e+00 3.500000e+02 6.818988e-01 -1.000000e+00 0.000000e+00 -1.000000e+00 0.000000e+00 -1.000000e+00 -1.000000e+00 3.507244e-01 1.850000e+03 -1.000000e+00 0.000000e+00 -9.990070e+05 3.000000e+00 -1.000000e+00 -1.000000e+00 4.997536e-01 0.000000e+00 0.000000e+00 -1.000000e+00 1.839099e-01 -1.000000e+00 -9.990070e+05 1.839099e-01 8.586814e-01 9.660752e-01 -1.000000e+00 -1.000000e+00 0.000000e+00 -1.000000e+00 7 0.000000e+00 5.897905e-01
-1.000000e+00 -1.000000e+00 0.000000e+00 -1.000000e+00 -1.000000e+00 6.870000e+02 9.697098e-04 -1.000000e+00 0.000000e+00 -1.000000e+00 0.000000e+00 -1.000000e+00 -1.000000e+00 2.556687e-06 7.120000e+02 -1.000000e+00 0.000000e+00 -9.990070e+05 3.000000e+00 -1.000000e+00 -1.000000e+00 5.402863e-05 0.000000e+00 0.000000e+00 -1.000000e+00 4.855316e-04 -1.000000e+00 -9.990070e+05 4.855316e-04 1.277435e-02 9.919951e-02 -1.000000e+00 -1.000000e+00 0.000000e+00 -1.000000e+00 5 0.000000e+00 9.707600e-04
-1.000000e+00 -1.000000e+00 0.000000e+00 -1.000000e+00 -1.000000e+00 3.000000e+02 3.838247e-03 -1.000000e+00 0.000000e+00 -1.000000e+00 0.000000e+00 -1.000000e+00 -1.000000e+00 2.203159e-05 1.500000e+03 -1.000000e+00 0.000000e+00 -9.990070e+05 3.000000e+00 -1.000000e+00 -1.000000e+00 3.144138e-04 0.000000e+00 0.000000e+00 -1.000000e+00 1.615412e-02 -1.000000e+00 -9.990070e+05 1.615412e-02 3.482711e-02 1.907620e-01 -1.000000e+00 -1.000000e+00 0.000000e+00 -1.000000e+00 3 0.000000e+00 2.088315e-02
-1.000000e+00 -1.000000e+00 0.000000e+00 -1.000000e+00 -1.000000e+00 9.000000e+02 3.234478e-01 -1.000000e+00 0.000000e+00 -1.000000e+00 0.000000e+00 -1.000000e+00 -1.000000e+00 6.183781e-02 1.500000e+03 -1.000000e+00 0.000000e+00 -9.990070e+05 3.000000e+00 -1.000000e+00 -1.000000e+00 1.477366e-01 0.000000e+00 0.000000e+00 -1.000000e+00 7.949748e-03 -1.000000e+00 -9.990070e+05 7.949748e-03 6.002623e-01 8.640318e-01 -1.000000e+00 -1.000000e+00 0.000000e+00 -1.000000e+00 6 0.000000e+00 1.029097e-01
-1.000000e+00 -1.000000e+00 0.000000e+00 -1.000000e+00 -1.000000e+00 0.000000e+00 4.776184e-02 -1.000000e+00 0.000000e+00 -1.000000e+00 0.000000e+00 -1.000000e+00 -1.000000e+00 1.517920e-03 2.000000e+02 -1.000000e+00 0.000000e+00 -9.990070e+05 3.000000e+00 -1.000000e+00 -1.000000e+00 9.099503e-03 0.000000e+00 0.000000e+00 -1.000000e+00 2.238199e-02 -1.000000e+00 -9.990070e+05 2.238199e-02 1.945351e-01 5.200156e-01 -1.000000e+00 -1.000000e+00 0.000000e+00 -1.000000e+00 6 0.000000e+00 4.576376e-02
-1.000000e+00 -1.000000e+00 0.000000e+00 -1.000000e+00 -1.000000e+00 5.000000e+01 6.183352e-01 -1.000000e+00 0.000000e+00 -1.000000e+00 0.000000e+00 -1.000000e+00 -1.000000e+00 2.743320e-01 1.950000e+03 -1.000000e+00 0.000000e+00 -9.990070e+05 3.000000e+00 -1.000000e+00 -1.000000e+00 4.225463e-01 1.000000e+00 0.000000e+00 -1.000000e+00 5.000000e-01 -1.000000e+00 -9.990070e+05 5.000000e-01 8.226021e-01 9.551540e-01 -1.000000e+00 -1.000000e+00 0.000000e+00 -1.000000e+00 3 0.000000e+00 7.237645e-01
-1.000000e+00 -1.000000e+00 0.000000e+00 -1.000000e+00 -1.000000e+00 3.500000e+02 1.104036e-03 -1.000000e+00 0.000000e+00 -1.000000e+00 0.000000e+00 -1.000000e+00 -1.000000e+00 3.121937e-06 1.450000e+03 -1.000000e+00 0.000000e+00 -9.990070e+05 3.000000e+00 -1.000000e+00 -1.000000e+00 6.368571e-05 0.000000e+00 0.000000e+00 -1.000000e+00 5.674361e-03 -1.000000e+00 -9.990070e+05 5.674361e-03 1.406182e-02 1.057768e-01 -1.000000e+00 -1.000000e+00 0.000000e+00 -1.000000e+00 3 0.000000e+00 7.392815e-03
-1.000000e+00 -1.000000e+00 0.000000e+00 -1.000000e+00 -1.000000e+00 0.000000e+00 1.567902e-08 -1.000000e+00 0.000000e+00 -1.000000e+00 0.000000e+00 -1.000000e+00 -1.000000e+00 4.283026e-13 4.000000e+02 -1.000000e+00 0.000000e+00 -9.990070e+05 3.000000e+00 -1.000000e+00 -1.000000e+00 8.991350e-11 0.000000e+00 0.000000e+00 -1.000000e+00 6.999840e-10 -1.000000e+00 -9.990070e+05 6.999840e-10 1.935091e-06 1.321176e-04 -1.000000e+00 -1.000000e+00 0.000000e+00 -1.000000e+00 4 0.000000e+00 2.034728e-09
-1.000000e+00 -1.000000e+00 0.000000e+00 -1.000000e+00 -1.000000e+00 9.000000e+02 5.274531e-01 -1.000000e+00 0.000000e+00 -1.000000e+00 0.000000e+00 -1.000000e+00 -1.000000e+00 1.866125e-01 1.700000e+03 -1.000000e+00 0.000000e+00 -9.990070e+05 3.000000e+00 -1.000000e+00 -1.000000e+00 3.236604e-01 0.000000e+00 0.000000e+00 -1.000000e+00 1.842443e-02 -1.000000e+00 -9.990070e+05 1.842443e-02 7.649672e-01 9.356459e-01 -1.000000e+00 -1.000000e+00 0.000000e+00 -1.000000e+00 6 0.000000e+00 2.532204e-01
-1.000000e+00 -1.000000e+00 0.000000e+00 -1.000000e+00 -1.000000e+00 1.500000e+02 2.289333e-02 -1.000000e+00 0.000000e+00 -1.000000e+00 0.000000e+00 -1.000000e+00 -1.000000e+00 4.196837e-04 1.450000e+03 -1.000000e+00 0.000000e+00 -9.990070e+05 3.000000e+00 -1.000000e+00 -1.000000e+00 3.327449e-03 0.000000e+00 0.000000e+00 -1.000000e+00 3.491479e-03 -1.000000e+00 -9.990070e+05 3.491479e-03 1.201855e-01 4.006933e-01 -1.000000e+00 -1.000000e+00 0.000000e+00 -1.000000e+00 7 0.000000e+00 1.038050e-02
-1.000000e+00 -1.000000e+00 0.000000e+00 -1.000000e+00 -1.000000e+00 5.000000e+01 3.993005e-06 -1.000000e+00 0.000000e+00 -1.000000e+00 0.000000e+00 -1.000000e+00 -1.000000e+00 8.347489e-10 1.350000e+03 -1.000000e+00 0.000000e+00 -9.990070e+05 3.000000e+00 -1.000000e+00 -1.000000e+00 6.312275e-08 0.000000e+00 0.000000e+00 -1.000000e+00 4.063947e-05 -1.000000e+00 -9.990070e+05 4.063947e-05 1.807477e-04 4.608909e-03 -1.000000e+00 -1.000000e+00 0.000000e+00 -1.000000e+00 3 0.000000e+00 5.426287e-05
-1.000000e+00 -1.000000e+00 0.000000e+00 -1.000000e+00 -1.000000e+00 9.000000e+02 6.461577e-01 -1.000000e+00 0.000000e+00 -1.000000e+00 0.000000e+00 -1.000000e+00 -1.000000e+00 3.061154e-01 1.900000e+03 -1.000000e+00 0.000000e+00 -9.990070e+05 3.000000e+00 -1.000000e+00 -1.000000e+00 4.555028e-01 1.000000e+00 0.000000e+00 -1.000000e+00 5.000000e-01 -1.000000e+00 -9.990070e+05 5.000000e-01 8.387876e-01 9.601727e-01 -1.000000e+00 -1.000000e+00 0.000000e+00 -1.000000e+00 3 0.000000e+00 7.386385e-01
-1.000000e+00 -1.000000e+00 0.000000e+00 -1.000000e+00 -1.000000e+00 2.500000e+02 6.022274e-01 -1.000000e+00 0.000000e+00 -1.000000e+00 0.000000e+00 -1.000000e+00 -1.000000e+00 2.570432e-01 1.950000e+03 -1.000000e+00 0.000000e+00 -9.990070e+05 3.000000e+00 -1.000000e+00 -1.000000e+00 4.040510e-01 1.000000e+00 0.000000e+00 -1.000000e+00 5.000000e-01 -1.000000e+00 -9.990070e+05 5.000000e-01 8.129361e-01 9.520627e-01 -1.000000e+00 -1.000000e+00 0.000000e+00 -1.000000e+00 3 0.000000e+00 7.154240e-01
-1.000000e+00 -1.000000e+00 0.000000e+00 -1.000000e+00 -1.000000e+00 0.000000e+00 2.335219e-22 -1.000000e+00 0.000000e+00 -1.000000e+00 0.000000e+00 -1.000000e+00 -1.000000e+00 2.060424e-30 1.000000e+03 -1.000000e+00 0.000000e+00 -9.990070e+05 3.000000e+00 -1.000000e+00 -1.000000e+00 2.421081e-26 0.000000e+00 0.000000e+00 -1.000000e+00 1.227817e-26 -1.000000e+00 -9.990070e+05 1.227817e-26 1.567495e-18 5.676618e-15 -1.000000e+00 -1.000000e+00 0.000000e+00 -1.000000e+00 6 0.000000e+00 6.594632e-26
-1.000000e+00 -1.000000e+00 0.000000e+00 -1.000000e+00 -1.000000e+00 8.750000e+02 3.687608e-01 -1.000000e+00 0.000000e+00 -1.000000e+00 0.000000e+00 -1.000000e+00 -1.000000e+00 8.232858e-02 9.250000e+02 -1.000000e+00 0.000000e+00 -9.990070e+05 3.000000e+00 -1.000000e+00 -1.000000e+00 1.814978e-01 0.000000e+00 0.000000e+00 -1.000000e+00 1.846239e-01 -1.000000e+00 -9.990070e+05 1.846239e-01 6.421925e-01 8.847234e-01 -1.000000e+00 -1.000000e+00 0.000000e+00 -1.000000e+00 5 0.000000e+00 3.689787e-01
-1.000000e+00 -1.000000e+00 0.000000e+00 -1.000000e+00 -1.000000e+00 5.500000e+02 1.234840e-01 -1.000000e+00 0.000000e+00 -1.000000e+00 0.000000e+00 -1.000000e+00 -1.000000e+00 8.783509e-03 1.650000e+03 -1.000000e+00 0.000000e+00 -9.990070e+05 3.000000e+00 -1.000000e+00 -1.000000e+00 3.490371e-02 0.000000e+00 0.000000e+00 -1.000000e+00 2.369339e-01 -1.000000e+00 -9.990070e+05 2.369339e-01 3.500235e-01 6.928928e-01 -1.000000e+00 -1.000000e+00 0.000000e+00 -1.000000e+00 3 0.000000e+00 2.980067e-01
-1.000000e+00 -1.000000e+00 0.000000e+00 -1.000000e+00 -1.000000e+00 8.500000e+02 5.865836e-01 -1.000000e+00 0.000000e+00 -1.000000e+00 0.000000e+00 -1.000000e+00 -1.000000e+00 2.410006e-01 1.750000e+03 -1.000000e+00 0.000000e+00 -9.990070e+05 3.000000e+00 -1.000000e+00 -1.000000e+00 3.864933e-01 0.000000e+00 0.000000e+00 -1.000000e+00 2.250014e-02 -1.000000e+00 -9.990070e+05 2.250014e-02 8.033322e-01 9.489203e-01 -1.000000e+00 -1.000000e+00 0.000000e+00 -1.000000e+00 6 0.000000e+00 3.123842e-01
-1.000000e+00 -1.000000e+00 0.000000e+00 -1.000000e+00 -1.000000e+00 7.000000e+02 1.205480e-01 -1.000000e+00 0.000000e+00 -1.000000e+00 0.000000e+00 -1.000000e+00 -1.000000e+00 8.387238e-03 9.000000e+02 -1.000000e+00 0.000000e+00 -9.990070e+05 3.000000e+00 -1.000000e+00 -1.000000e+00 3.370824e-02 0.000000e+00 0.000000e+00 -1.000000e+00 1.900131e-03 -1.000000e+00 -9.990070e+05 1.900131e-03 3.450555e-01 6.884125e-01 -1.000000e+00 -1.000000e+00 0.000000e+00 -1.000000e+00 6 0.000000e+00 2.115261e-02
-1.000000e+00 -1.000000e+00 0.000000e+00 -1.000000e+00 -1.000000e+00 6.000000e+02 1.433674e-04 -1.000000e+00 0.000000e+00 -1.000000e+00 0.000000e+00 -1.000000e+00 -1.000000e+00 1.437729e-07 1.200000e+03 -1.000000e+00 0.000000e+00 -9.990070e+05 3.000000e+00 -1.000000e+00 -1.000000e+00 4.943576e-06 0.000000e+00 0.000000e+00 -1.000000e+00 2.694285e-07 -1.000000e+00 -9.990070e+05 2.694285e-07 3.015527e-03 3.658251e-02 -1.000000e+00 -1.000000e+00 0.000000e+00 -1.000000e+00 6 0.000000e+00 2.379965e-06
-1.000000e+00 -1.000000e+00 0.000000e+00 -1.000000e+00 -1.000000e+00 5.870000e+02 8.793214e-11 -1.000000e+00 0.000000e+00 -1.000000e+00 0.000000e+00 -1.000000e+00 -1.000000e+00 4.685721e-16 6.120000e+02 -1.000000e+00 0.000000e+00 -9.990070e+05 3.000000e+00 -1.000000e+00 -1.000000e+00 2.231487e-13 0.000000e+00 0.000000e+00 -1.000000e+00 1.045890e-12 -1.000000e+00 -9.990070e+05 1.045890e-12 2.438295e-08 3.706763e-06 -1.000000e+00 -1.000000e+00 0.000000e+00 -1.000000e+00 4 0.000000e+00 3.557962e-12
-1.000000e+00 -1.000000e+00 0.000000e+00 -1.000000e+00 -1.000000e+00 0.000000e+00 8.949483e-03 -1.000000e+00 0.000000e+00 -1.000000e+00 0.000000e+00 -1.000000e+00 -1.000000e+00 8.682026e-05 1.400000e+03 -1.000000e+00 0.000000e+00 -9.990070e+05 3.000000e+00 -1.000000e+00 -1.000000e+00 9.502830e-04 0.000000e+00 0.000000e+00 -1.000000e+00 1.240987e-03 -1.000000e+00 -9.990070e+05 1.240987e-03 6.331068e-02 2.758915e-01 -1.000000e+00 -1.000000e+00 0.000000e+00 -1.000000e+00 7 0.000000e+00 3.646384e-03
-1.000000e+00 -1.000000e+00 0.000000e+00 -1.000000e+00 -1.000000e+00 4.500000e+02 5.930697e-01 -1.000000e+00 0.000000e+00 -1.000000e+00 0.000000e+00 -1.000000e+00 -1.000000e+00 2.475641e-01 1.950000e+03 -1.000000e+00 0.000000e+00 -9.990070e+05 3.000000e+00 -1.000000e+00 -1.000000e+00 3.937248e-01 1.000000e+00 0.000000e+00 -1.000000e+00 5.000000e-01 -1.000000e+00 -9.990070e+05 5.000000e-01 8.073404e-01 9.502404e-01 -1.000000e+00 -1.000000e+00 0.000000e+00 -1.000000e+00 3 0.000000e+00 7.107673e-01
-1.000000e+00 -1.000000e+00 0.000000e+00 -1.000000e+00 -1.000000e+00 7.500000e+02 1.163316e-01 -1.000000e+00 0.000000e+00 -1.000000e+00 0.000000e+00 -1.000000e+00 -1.000000e+00 7.834953e-03 8.500000e+02 -1.000000e+00 0.000000e+00 -9.990070e+05 3.000000e+00 -1.000000e+00 -1.000000e+00 3.201697e-02 0.000000e+00 0.000000e+00 -1.000000e+00 5.832656e-02 -1.000000e+00 -9.990070e+05 5.832656e-02 3.378129e-01 6.817823e-01 -1.000000e+00 -1.000000e+00 0.000000e+00 -1.000000e+00 5 0.000000e+00 1.165247e-01
-1.000000e+00 -1.000000e+00 0.000000e+00 -1.000000e+00 -1.000000e+00 7.000000e+02 9.830933e-02 -1.000000e+00 0.000000e+00 -1.000000e+00 0.000000e+00 -1.000000e+00 -1.000000e+00 5.694196e-03 1.500000e+03 -1.000000e+00 0.000000e+00 -9.990070e+05 3.000000e+00 -1.000000e+00 -1.000000e+00 2.513464e-02 0.000000e+00 0.000000e+00 -1.000000e+00 1.275877e-03 -1.000000e+00 -9.990070e+05 1.275877e-03 3.052780e-01 6.504627e-01 -1.000000e+00 -1.000000e+00 0.000000e+00 -1.000000e+00 6 0.000000e+00 1.478780e-02
-1.000000e+00 -1.000000e+00 0.000000e+00 -1.000000e+00 -1.000000e+00 0.000000e+00 3.124348e-34 -1.000000e+00 0.000000e+00 -1.000000e+00 0.000000e+00 -1.000000e+00 -1.000000e+00 2.025578e-44 6.000000e+02 -1.000000e+00 0.000000e+00 -9.990070e+05 3.000000e+00 -1.000000e+00 -1.000000e+00 2.780451e-39 0.000000e+00 0.000000e+00 -1.000000e+00 1.089240e-36 -1.000000e+00 -9.990070e+05 1.089240e-36 2.434646e-29 1.018847e-24 -1.000000e+00 -1.000000e+00 0.000000e+00 -1.000000e+00 4 0.000000e+00 3.154186e-36
-1.000000e+00 -1.000000e+00 0.000000e+00 -1.000000e+00 -1.000000e+00 4.500000e+02 1.027508e-03 -1.000000e+00 0.000000e+00 -1.000000e+00 0.000000e+00 -1.000000e+00 -1.000000e+00 2.794834e-06 1.350000e+03 -1.000000e+00 0.000000e+00 -9.990070e+05 3.000000e+00 -1.000000e+00 -1.000000e+00 5.814056e-05 0.000000e+00 0.000000e+00 -1.000000e+00 3.044238e-06 -1.000000e+00 -9.990070e+05 3.044238e-06 1.333412e-02 1.020888e-01 -1.000000e+00 -1.000000e+00 0.000000e+00 -1.000000e+00 6 0.000000e+00 2.834168e-05
-1.000000e+00 -1.000000e+00 0.000000e+00 -1.000000e+00 -1.000000e+00 7.500000e+02 3.764919e-02 -1.000000e+00 0.000000e+00 -1.000000e+00 0.000000e+00 -1.000000e+00 -1.000000e+00 9.955383e-04 1.250000e+03 -1.000000e+00 0.000000e+00 -9.990070e+05 3.000000e+00 -1.000000e+00 -1.000000e+00 6.553148e-03 0.000000e+00 0.000000e+00 -1.000000e+00 3.305804e-04 -1.000000e+00 -9.990070e+05 3.305804e-04 1.668413e-01 4.795642e-01 -1.000000e+00 -1.000000e+00 0.000000e+00 -1.000000e+00 6 0.000000e+00 3.580433e-03
-1.000000e+00 -1.000000e+00 0.000000e+00 -1.000000e+00 -1.000000e+00 0.000000e+00 3.370514e-38 -1.000000e+00 0.000000e+00 -1.000000e+00 0.000000e+00 -1.000000e+00 -1.000000e+00 5.189082e-49 8.000000e+02 -1.000000e+00 0.000000e+00 -9.990070e+05 3.000000e+00 -1.000000e+00 -1.000000e+00 1.462088e-43 0.000000e+00 0.000000e+00 -1.000000e+00 3.453434e-41 -1.000000e+00 -9.990070e+05 3.453434e-41 5.384614e-33 4.615660e-28 -1.000000e+00 -1.000000e+00 0.000000e+00 -1.000000e+00 4 0.000000e+00 1.079382e-40
-1.000000e+00 -1.000000e+00 0.000000e+00 -1.000000e+00 -1.000000e+00 2.000000e+02 3.223177e-02 -1.000000e+00 0.000000e+00 -1.000000e+00 0.000000e+00 -1.000000e+00 -1.000000e+00 7.582488e-04 1.600000e+03 -1.000000e+00 0.000000e+00 -9.990070e+05 3.000000e+00 -1.000000e+00 -1.000000e+00 5.296730e-03 0.000000e+00 0.000000e+00 -1.000000e+00 8.829674e-02 -1.000000e+00 -9.990070e+05 8.829674e-02 1.507419e-01 4.540577e-01 -1.000000e+00 -1.000000e+00 0.000000e+00 -1.000000e+00 3 0.000000e+00 1.124375e-01
-1.000000e+00 -1.000000e+00 0.000000e+00 -1.000000e+00 -1.000000e+00 4.500000e+02 2.326670e-01 -1.000000e+00 0.000000e+00 -1.000000e+00 0.000000e+00 -1.000000e+00 -1.000000e+00 3.089017e-02 1.750000e+03 -1.000000e+00 0.000000e+00 -9.990070e+05 3.000000e+00 -1.000000e+00 -1.000000e+00 8.909304e-02 0.000000e+00 0.000000e+00 -1.000000e+00 3.633375e-01 -1.000000e+00 -9.990070e+05 3.633375e-01 5.030959e-01 8.084092e-01 -1.000000e+00 -1.000000e+00 0.000000e+00 -1.000000e+00 3 0.000000e+00 4.538000e-01
-1.000000e+00 -1.000000e+00 0.000000e+00 -1.000000e+00 -1.000000e+00 1.000000e+02 1.348527e-01 -1.000000e+00 0.000000e+00 -1.000000e+00 0.000000e+00 -1.000000e+00 -1.000000e+00 1.040964e-02 1.700000e+03 -1.000000e+00 0.000000e+00 -9.990070e+05 3.000000e+00 -1.000000e+00 -1.000000e+00 3.966876e-02 0.000000e+00 0.000000e+00 -1.000000e+00 2.517389e-01 -1.000000e+00 -9.990070e+05 2.517389e-01 3.687151e-01 7.092735e-01 -1.000000e+00 -1.000000e+00 0.000000e+00 -1.000000e+00 3 0.000000e+00 3.163912e-01
-1.000000e+00 -1.000000e+00 0.000000e+00 -1.000000e+00 -1.000000e+00 2.000000e+02 5.847705e-01 -1.000000e+00 0.000000e+00 -1.000000e+00 0.000000e+00 -1.000000e+00 -1.000000e+00 2.391878e-01 1.800000e+03 -1.000000e+00 0.000000e+00 -9.990070e+05 3.000000e+00 -1.000000e+00 -1.000000e+00 3.844839e-01 0.000000e+00 0.000000e+00 -1.000000e+00 1.505517e-01 -1.000000e+00 -9.990070e+05 1.505517e-01 8.022049e-01 9.485468e-01 -1.000000e+00 -1.000000e+00 0.000000e+00 -1.000000e+00 7 0.000000e+00 4.811459e-01
-1.000000e+00 -1.000000e+00 0.000000e+00 -1.000000e+00 -1.000000e+00 8.500000e+02 1.999392e-01 -1.000000e+00 0.000000e+00 -1.000000e+00 0.000000e+00 -1.000000e+00 -1.000000e+00 2.267554e-02 1.350000e+03 -1.000000e+00 0.000000e+00 -9.990070e+05 3.000000e+00 -1.000000e+00 -1.000000e+00 7.092611e-02 0.000000e+00 0.000000e+00 -1.000000e+00 3.698942e-03 -1.000000e+00 -9.990070e+05 3.698942e-03 4.624469e-01 7.814851e-01 -1.000000e+00 -1.000000e+00 0.000000e+00 -1.000000e+00 6 0.000000e+00 4.552076e-02
-1.000000e+00 -1.000000e+00 0.000000e+00 -1.000000e+00 -1.000000e+00 6.000000e+02 1.133929e-03 -1.000000e+00 0.000000e+00 -1.000000e+00 0.000000e+00 -1.000000e+00 -1.000000e+00 3.253291e-06 1.000000e+03 -1.000000e+00 0.000000e+00 -9.990070e+05 3.000000e+00 -1.000000e+00 -1.000000e+00 6.588194e-05 0.000000e+00 0.000000e+00 -1.000000e+00 3.488906e-06 -1.000000e+00 -9.990070e+05 3.488906e-06 1.434217e-02 1.071779e-01 -1.000000e+00 -1.000000e+00 0.000000e+00 -1.000000e+00 6 0.000000e+00 3.242325e-05
-1.000000e+00 -1.000000e+00 0.000000e+00 -1.000000e+00 -1.000000e+00 6.500000e+02 2.917372e-03 -1.000000e+00 0.000000e+00 -1.000000e+00 0.000000e+00 -1.000000e+00 -1.000000e+00 1.424319e-05 1.150000e+03 -1.000000e+00 0.000000e+00 -9.990070e+05 3.000000e+00 -1.000000e+00 -1.000000e+00 2.205791e-04 0.000000e+00 0.000000e+00 -1.000000e+00 1.172481e-05 -1.000000e+00 -9.990070e+05 1.172481e-05 2.859670e-02 1.682832e-01 -1.000000e+00 -1.000000e+00 0.000000e+00 -1.000000e+00 6 0.000000e+00 1.115389e-04
-1.000000e+00 -1.000000e+00 0.000000e+00 -1.000000e+00 -1.000000e+00 2.000000e+02 6.993242e-09 -1.000000e+00 0.000000e+00 -1.000000e+00 0.000000e+00 -1.000000e+00 -1.000000e+00 1.460107e-13 1.200000e+03 -1.000000e+00 0.000000e+00 -9.990070e+05 3.000000e+00 -1.000000e+00 -1.000000e+00 3.507351e-11 0.000000e+00 0.000000e+00 -1.000000e+00 2.891525e-12 -1.000000e+00 -9.990070e+05 2.891525e-12 9.858048e-07 7.674062e-05 -1.000000e+00 -1.000000e+00 0.000000e+00 -1.000000e+00 6 0.000000e+00 2.110298e-11
-1.000000e+00 -1.000000e+00 0.000000e+00 -1.000000e+00 -1.000000e+00 1.500000e+02 6.784086e-02 -1.000000e+00 0.000000e+00 -1.000000e+00 0.000000e+00 -1.000000e+00 -1.000000e+00 2.861726e-03 1.650000e+03 -1.000000e+00 0.000000e+00 -9.990070e+05 3.000000e+00 -1.000000e+00 -1.000000e+00 1.485109e-02 0.000000e+00 0.000000e+00 -1.000000e+00 1.542971e-01 -1.000000e+00 -9.990070e+05 1.542971e-01 2.429258e-01 5.822899e-01 -1.000000e+00 -1.000000e+00 0.000000e+00 -1.000000e+00 3 0.000000e+00 1.952086e-01
-1.000000e+00 -1.000000e+00 0.000000e+00 -1.000000e+00 -1.000000e+00 4.000000e+02 4.666360e-08 -1.000000e+00 0.000000e+00 -1.000000e+00 0.000000e+00 -1.000000e+00 -1.000000e+00 1.850647e-12 1.200000e+03 -1.000000e+00 0.000000e+00 -9.990070e+05 3.000000e+00 -1.000000e+00 -1.000000e+00 3.222610e-10 0.000000e+00 0.000000e+00 -1.000000e+00 2.417137e-11 -1.000000e+00 -9.990070e+05 2.417137e-11 4.790117e-06 2.727271e-04 -1.000000e+00 -1.000000e+00 0.000000e+00 -1.000000e+00 6 0.000000e+00 1.817556e-10
-1.000000e+00 -1.000000e+00 0.000000e+00 -1.000000e+00 -1.000000e+00 8.000000e+02 3.127762e-01 -1.000000e+00 0.000000e+00 -1.000000e+00 0.000000e+00 -1.000000e+00 -1.000000e+00 5.752765e-02 1.600000e+03 -1.000000e+00 0.000000e+00 -9.990070e+05 3.000000e+00 -1.000000e+00 -1.000000e+00 1.402200e-01 0.000000e+00 0.000000e+00 -1.000000e+00 7.533057e-03 -1.000000e+00 -9.990070e+05 7.533057e-03 5.898230e-01 8.585892e-01 -1.000000e+00 -1.000000e+00 0.000000e+00 -1.000000e+00 6 0.000000e+00 9.707009e-02
-1.000000e+00 -1.000000e+00 0.000000e+00 -1.000000e+00 -1.000000e+00 1.500000e+02 2.933444e-08 -1.000000e+00 0.000000e+00 -1.000000e+00 0.000000e+00 -1.000000e+00 -1.000000e+00 9.912653e-13 1.250000e+03 -1.000000e+00 0.000000e+00 -9.990070e+05 3.000000e+00 -1.000000e+00 -1.000000e+00 1.870437e-10 0.000000e+00 0.000000e+00 -1.000000e+00 4.571820e-07 -1.000000e+00 -9.990070e+05 4.571820e-07 3.259102e-06 2.005998e-04 -1.000000e+00 -1.000000e+00 0.000000e+00 -1.000000e+00 3 0.000000e+00 6.197763e-07
-1.000000e+00 -1.000000e+00 0.000000e+00 -1.000000e+00 -1.000000e+00 1.500000e+02 6.630599e-01 -1.000000e+00 0.000000e+00 -1.000000e+00 0.000000e+00 -1.000000e+00 -1.000000e+00 3.266645e-01 1.850000e+03 -1.000000e+00 0.000000e+00 -9.990070e+05 3.000000e+00 -1.000000e+00 -1.000000e+00 4.761579e-01 0.000000e+00 0.000000e+00 -1.000000e+00 1.772669e-01 -1.000000e+00 -9.990070e+05 1.772669e-01 8.483177e-01 9.630365e-01 -1.000000e+00 -1.000000e+00 0.000000e+00 -1.000000e+00 7 0.000000e+00 5.681305e-01
-1.000000e+00 -1.000000e+00 0.000000e+00 -1.000000e+00 -1.000000e+00 7.000000e+02 5.453712e-01 -1.000000e+00 0.000000e+00 -1.000000e+00 0.000000e+00 -1.000000e+00 -1.000000e+00 2.020908e-01 1.900000e+03 -1.000000e+00 0.000000e+00 -9.990070e+05 3.000000e+00 -1.000000e+00 -1.000000e+00 3.421175e-01 1.000000e+00 0.000000e+00 -1.000000e+00 5.000000e-01 -1.000000e+00 -9.990070e+05 5.000000e-01 7.769529e-01 9.399190e-01 -1.000000e+00 -1.000000e+00 0.000000e+00 -1.000000e+00 3 0.000000e+00 6.874606e-01
-1.000000e+00 -1.000000e+00 0.000000e+00 -1.000000e+00 -1.000000e+00 1.000000e+02 6.279053e-07 -1.000000e+00 0.000000e+00 -1.000000e+00 0.000000e+00 -1.000000e+00 -1.000000e+00 6.376148e-11 1.300000e+03 -1.000000e+00 0.000000e+00 -9.990070e+05 3.000000e+00 -1.000000e+00 -1.000000e+00 6.927985e-09 0.000000e+00 0.000000e+00 -1.000000e+00 7.639016e-06 -1.000000e+00 -9.990070e+05 7.639016e-06 4.053871e-05 1.463134e-03 -1.000000e+00 -1.000000e+00 0.000000e+00 -1.000000e+00 3 0.000000e+00 1.025835e-05
-1.000000e+00 -1.000000e+00 0.000000e+00 -1.000000e+00 -1.000000e+00 3.000000e+02 2.962641e-14 -1.000000e+00 0.000000e+00 -1.000000e+00 0.000000e+00 -1.000000e+00 -1.000000e+00 1.758004e-20 1.100000e+03 -1.000000e+00 0.000000e+00 -9.990070e+05 3.000000e+00 -1.000000e+00 -1.000000e+00 2.513518e-17 0.000000e+00 0.000000e+00 -1.000000e+00 4.264737e-18 -1.000000e+00 -9.990070e+05 4.264737e-18 2.444417e-11 1.097078e-08 -1.000000e+00 -1.000000e+00 0.000000e+00 -1.000000e+00 6 0.000000e+00 2.656700e-17
-1.000000e+00 -1.000000e+00 0.000000e+00 -1.000000e+00 -1.000000e+00 8.500000e+02 4.614545e-01 -1.000000e+00 0.000000e+00 -1.000000e+00 0.000000e+00 -1.000000e+00 -1.000000e+00 1.364944e-01 1.150000e+03 -1.000000e+00 0.000000e+00 -9.990070e+05 3.000000e+00 -1.000000e+00 -1.000000e+00 2.599460e-01 0.000000e+00 0.000000e+00 -1.000000e+00 1.455969e-02 -1.000000e+00 -9.990070e+05 1.455969e-02 7.178213e-01 9.176809e-01 -1.000000e+00 -1.000000e+00 0.000000e+00 -1.000000e+00 6 0.000000e+00 1.962990e-01
-1.000000e+00 -1.000000e+00 0.000000e+00 -1.000000e+00 -1.000000e+00 5.500000e+02 1.241762e-03 -1.000000e+00 0.000000e+00 -1.000000e+00 0.000000e+00 -1.000000e+00 -1.000000e+00 3.743455e-06 8.500000e+02 -1.000000e+00 0.000000e+00 -9.990070e+05 3.000000e+00 -1.000000e+00 -1.000000e+00 7.393950e-05 0.000000e+00 0.000000e+00 -1.000000e+00 4.777467e-06 -1.000000e+00 -9.990070e+05 4.777467e-06 1.533652e-02 1.120648e-01 -1.000000e+00 -1.000000e+00 0.000000e+00 -1.000000e+00 6 0.000000e+00 4.137109e-05
-1.000000e+00 -1.000000e+00 0.000000e+00 -1.000000e+00 -1.000000e+00 5.500000e+02 2.337718e-02 -1.000000e+00 0.000000e+00 -1.000000e+00 0.000000e+00 -1.000000e+00 -1.000000e+00 4.350076e-04 1.450000e+03 -1.000000e+00 0.000000e+00 -9.990070e+05 3.000000e+00 -1.000000e+00 -1.000000e+00 3.422883e-03 0.000000e+00 0.000000e+00 -1.000000e+00 6.904360e-02 -1.000000e+00 -9.990070e+05 6.904360e-02 1.218757e-01 4.038397e-01 -1.000000e+00 -1.000000e+00 0.000000e+00 -1.000000e+00 3 0.000000e+00 8.811563e-02
-1.000000e+00 -1.000000e+00 0.000000e+00 -1.000000e+00 -1.000000e+00 7.500000e+02 6.902566e-01 -1.000000e+00 0.000000e+00 -1.000000e+00 0.000000e+00 -1.000000e+00 -1.000000e+00 3.618016e-01 1.850000e+03 -1.000000e+00 0.000000e+00 -9.990070e+05 3.000000e+00 -1.000000e+00 -1.000000e+00 5.104178e-01 0.000000e+00 0.000000e+00 -1.000000e+00 1.869909e-01 -1.000000e+00 -9.990070e+05 1.869909e-01 8.631946e-01 9.673740e-01 -1.000000e+00 -1.000000e+00 0.000000e+00 -1.000000e+00 7 0.000000e+00 5.995634e-01
-1.000000e+00 -1.000000e+00 0.000000e+00 -1.000000e+00 -1.000000e+00 8.000000e+02 1.932033e-01 -1.000000e+00 0.000000e+00 -1.000000e+00 0.000000e+00 -1.000000e+00 -1.000000e+00 2.116155e-02 1.200000e+03 -1.000000e+00 0.000000e+00 -9.990070e+05 3.000000e+00 -1.000000e+00 -1.000000e+00 6.738676e-02 0.000000e+00 0.000000e+00 -1.000000e+00 3.522633e-03 -1.000000e+00 -9.990070e+05 3.522633e-03 4.536141e-01 7.753121e-01 -1.000000e+00 -1.000000e+00 0.000000e+00 -1.000000e+00 6 0.000000e+00 4.310144e-02
-1.000000e+00 -1.000000e+00 0.000000e+00 -1.000000e+00 -1.000000e+00 8.870000e+02 3.997693e-01 -1.000000e+00 0.000000e+00 -1.000000e+00 0.000000e+00 -1.000000e+00 -1.000000e+00 9.851987e-02 9.120000e+02 -1.000000e+00 0.000000e+00 -9.990070e+05 3.000000e+00 -1.000000e+00 -1.000000e+00 2.063287e-01 0.000000e+00 0.000000e+00 -1.000000e+00 1.998052e-01 -1.000000e+00 -9.990070e+05 1.998052e-01 6.688797e-01 8.969673e-01 -1.000000e+00 -1.000000e+00 0.000000e+00 -1.000000e+00 5 0.000000e+00 3.997009e-01
-1.000000e+00 -1.000000e+00 0.000000e+00 -1.000000e+00 -1.000000e+00 0.000000e+00 6.915732e-01 -1.000000e+00 0.000000e+00 -1.000000e+00 0.000000e+00 -1.000000e+00 -1.000000e+00 3.635697e-01 2.000000e+03 -1.000000e+00 0.000000e+00 -9.990070e+05 3.000000e+00 -1.000000e+00 -1.000000e+00 5.121088e-01 1.000000e+00 0.000000e+00 -1.000000e+00 5.000000e-01 -1.000000e+00 -9.990070e+05 5.000000e-01 8.639009e-01 9.675760e-01 -1.000000e+00 -1.000000e+00 0.000000e+00 -1.000000e+00 3 0.000000e+00 7.642766e-01
-1.000000e+00 -1.000000e+00 0.000000e+00 -1.000000e+00 -1.000000e+00 4.500000e+02 2.429093e-02 -1.000000e+00 0.000000e+00 -1.000000e+00 0.000000e+00 -1.000000e+00 -1.000000e+00 4.646145e-04 1.550000e+03 -1.000000e+00 0.000000e+00 -9.990070e+05 3.000000e+00 -1.000000e+00 -1.000000e+00 3.605179e-03 0.000000e+00 0.000000e+00 -1.000000e+00 7.103722e-02 -1.000000e+00 -9.990070e+05 7.103722e-02 1.250315e-01 4.096483e-01 -1.000000e+00 -1.000000e+00 0.000000e+00 -1.000000e+00 3 0.000000e+00 9.065572e-02
-1.000000e+00 -1.000000e+00 0.000000e+00 -1.000000e+00 -1.000000e+00 7.000000e+02 3.702045e-02 -1.000000e+00 0.000000e+00 -1.000000e+00 0.000000e+00 -1.000000e+00 -1.000000e+00 9.664717e-04 1.100000e+03 -1.000000e+00 0.000000e+00 -9.990070e+05 3.000000e+00 -1.000000e+00 -1.000000e+00 6.403316e-03 0.000000e+00 0.000000e+00 -1.000000e+00 3.231609e-04 -1.000000e+00 -9.990070e+05 3.231609e-04 1.650235e-01 4.767631e-01 -1.000000e+00 -1.000000e+00 0.000000e+00 -1.000000e+00 6 0.000000e+00 3.495742e-03
-1.000000e+00 -1.000000e+00 0.000000e+00 -1.000000e+00 -1.000000e+00 6.500000e+02 9.312033e-04 -1.000000e+00 0.000000e+00 -1.000000e+00 0.000000e+00 -1.000000e+00 -1.000000e+00 2.402370e-06 7.500000e+02 -1.000000e+00 0.000000e+00 -9.990070e+05 3.000000e+00 -1.000000e+00 -1.000000e+00 5.132690e-05 0.000000e+00 0.000000e+00 -1.000000e+00 4.690580e-04 -1.000000e+00 -9.990070e+05 4.690580e-04 1.239621e-02 9.722052e-02 -1.000000e+00 -1.000000e+00 0.000000e+00 -1.000000e+00 5 0.000000e+00 9.365688e-04
-1.000000e+00 -1.000000e+00 0.000000e+00 -1.000000e+00 -1.000000e+00 0.000000e+00 1.011934e-09 -1.000000e+00 0.000000e+00 -1.000000e+00 0.000000e+00 -1.000000e+00 -1.000000e+00 1.135485e-14 1.200000e+03 -1.000000e+00 0.000000e+00 -9.990070e+05 3.000000e+00 -1.000000e+00 -1.000000e+00 3.723472e-12 0.000000e+00 0.000000e+00 -1.000000e+00 1.927913e-08 -1.000000e+00 -9.990070e+05 1.927913e-08 1.939875e-07 2.046234e-05 -1.000000e+00 -1.000000e+00 0.000000e+00 -1.000000e+00 3 0.000000e+00 2.644126e-08
-1.000000e+00 -1.000000e+00 0.000000e+00 -1.000000e+00 -1.000000e+00 7.500000e+02 2.879031e-01 -1.000000e+00 0.000000e+00 -1.000000e+00 0.000000e+00 -1.000000e+00 -1.000000e+00 4.820316e-02 1.650000e+03 -1.000000e+00 0.000000e+00 -9.990070e+05 3.000000e+00 -1.000000e+00 -1.000000e+00 1.233429e-01 0.000000e+00 0.000000e+00 -1.000000e+00 4.161581e-01 -1.000000e+00 -9.990070e+05 4.161581e-01 5.645600e-01 8.449112e-01 -1.000000e+00 -1.000000e+00 0.000000e+00 -1.000000e+00 3 0.000000e+00 5.185024e-01
-1.000000e+00 -1.000000e+00 0.000000e+00 -1.000000e+00 -1.000000e+00 2.500000e+02 1.015053e-02 -1.000000e+00 0.000000e+00 -1.000000e+00 0.000000e+00 -1.000000e+00 -1.000000e+00 1.068550e-04 1.550000e+03 -1.000000e+00 0.000000e+00 -9.990070e+05 3.000000e+00 -1.000000e+00 -1.000000e+00 1.122196e-03 0.000000e+00 0.000000e+00 -1.000000e+00 3.569824e-02 -1.000000e+00 -9.990070e+05 3.569824e-02 6.909291e-02 2.907296e-01 -1.000000e+00 -1.000000e+00 0.000000e+00 -1.000000e+00 3 0.000000e+00 4.584510e-02
-1.000000e+00 -1.000000e+00 0.000000e+00 -1.000000e+00 -1.000000e+00 2.500000e+02 5.296011e-04 -1.000000e+00 0.000000e+00 -1.000000e+00 0.000000e+00 -1.000000e+00 -1.000000e+00 1.015539e-06 1.350000e+03 -1.000000e+00 0.000000e+00 -9.990070e+05 3.000000e+00 -1.000000e+00 -1.000000e+00 2.519589e-05 0.000000e+00 0.000000e+00 -1.000000e+00 1.353628e-06 -1.000000e+00 -9.990070e+05 1.353628e-06 8.135249e-03 7.307940e-02 -1.000000e+00 -1.000000e+00 0.000000e+00 -1.000000e+00 6 0.000000e+00 1.230607e-05
-1.000000e+00 -1.000000e+00 0.000000e+00 -1.000000e+00 -1.000000e+00 6.500000e+02 2.085798e-02 -1.000000e+00 0.000000e+00 -1.000000e+00 0.000000e+00 -1.000000e+00 -1.000000e+00 3.579153e-04 9.500000e+02 -1.000000e+00 0.000000e+00 -9.990070e+05 3.000000e+00 -1.000000e+00 -1.000000e+00 2.934487e-03 0.000000e+00 0.000000e+00 -1.000000e+00 1.471948e-04 -1.000000e+00 -9.990070e+05 1.471948e-04 1.129213e-01 3.868746e-01 -1.000000e+00 -1.000000e+00 0.000000e+00 -1.000000e+00 6 0.000000e+00 1.546839e-03
-1.000000e+00 -1.000000e+00 0.000000e+00 -1.000000e+00 -1.000000e+00 6.500000e+02 5.944678e-01 -1.000000e+00 0.000000e+00 -1.000000e+00 0.000000e+00 -1.000000e+00 -1.000000e+00 2.489952e-01 1.950000e+03 -1.000000e+00 0.000000e+00 -9.990070e+05 3.000000e+00 -1.000000e+00 -1.000000e+00 3.952925e-01 1.000000e+00 0.000000e+00 -1.000000e+00 5.000000e-01 -1.000000e+00 -9.990070e+05 5.000000e-01 8.081995e-01 9.505217e-01 -1.000000e+00 -1.000000e+00 0.000000e+00 -1.000000e+00 3 0.000000e+00 7.114743e-01
-1.000000e+00 -1.000000e+00 0.000000e+00 -1.000000e+00 -1.000000e+00 4.000000e+02 5.589118e-03 -1.000000e+00 0.000000e+00 -1.000000e+00 0.000000e+00 -1.000000e+00 -1.000000e+00 4.029632e-05 1.400000e+03 -1.000000e+00 0.000000e+00 -9.990070e+05 3.000000e+00 -1.000000e+00 -1.000000e+00 5.124958e-04 0.000000e+00 0.000000e+00 -1.000000e+00 2.579192e-05 -1.000000e+00 -9.990070e+05 2.579192e-05 4.550289e-02 2.254952e-01 -1.000000e+00 -1.000000e+00 0.000000e+00 -1.000000e+00 6 0.000000e+00 2.560360e-04
-1.000000e+00 -1.000000e+00 0.000000e+00 -1.000000e+00 -1.000000e+00 7.500000e+02 7.854183e-02 -1.000000e+00 0.000000e+00 -1.000000e+00 0.000000e+00 -1.000000e+00 -1.000000e+00 3.746147e-03 1.450000e+03 -1.000000e+00 0.000000e+00 -9.990070e+05 3.000000e+00 -1.000000e+00 -1.000000e+00 1.826012e-02 0.000000e+00 0.000000e+00 -1.000000e+00 9.187878e-04 -1.000000e+00 -9.990070e+05 9.187878e-04 2.660781e-01 6.089958e-01 -1.000000e+00 -1.000000e+00 0.000000e+00 -1.000000e+00 6 0.000000e+00 1.049621e-02
-1.000000e+00 -1.000000e+00 0.000000e+00 -1.000000e+00 -1.000000e+00 3.500000e+02 9.343681e-07 -1.000000e+00 0.000000e+00 -1.000000e+00 0.000000e+00 -1.000000e+00 -1.000000e+00 1.103520e-10 1.250000e+03 -1.000000e+00 0.000000e+00 -9.990070e+05 3.000000e+00 -1.000000e+00 -1.000000e+00 1.111496e-08 0.000000e+00 0.000000e+00 -1.000000e+00 7.432714e-10 -1.000000e+00 -9.990070e+05 7.432714e-10 5.600150e-05 1.879133e-03 -1.000000e+00 -1.000000e+00 0.000000e+00 -1.000000e+00 6 0.000000e+00 5.853969e-09
-1.000000e+00 -1.000000e+00 0.000000e+00 -1.000000e+00 -1.000000e+00 6.750000e+02 3.162298e-03 -1.000000e+00 0.000000e+00 -1.000000e+00 0.000000e+00 -1.000000e+00 -1.000000e+00 1.618493e-05 7.250000e+02 -1.000000e+00 0.000000e+00 -9.990070e+05 3.000000e+00 -1.000000e+00 -1.000000e+00 2.447488e-04 0.000000e+00 0.000000e+00 -1.000000e+00 1.582825e-03 -1.000000e+00 -9.990070e+05 1.582825e-03 3.030687e-02 1.746474e-01 -1.000000e+00 -1.000000e+00 0.000000e+00 -1.000000e+00 5 0.000000e+00 3.164824e-03
-1.000000e+00 -1.000000e+00 0.000000e+00 -1.000000e+00 -1.000000e+00 3.000000e+02 1.320126e-01 -1.000000e+00 0.000000e+00 -1.000000e+00 0.000000e+00 -1.000000e+00 -1.000000e+00 9.989657e-03 1.700000e+03 -1.000000e+00 0.000000e+00 -9.990070e+05 3.000000e+00 -1.000000e+00 -1.000000e+00 3.845830e-02 0.000000e+00 0.000000e+00 -1.000000e+00 2.478654e-01 -1.000000e+00 -9.990070e+05 2.478654e-01 3.641239e-01 7.053179e-01 -1.000000e+00 -1.000000e+00 0.000000e+00 -1.000000e+00 3 0.000000e+00 3.116583e-01
-1.000000e+00 -1.000000e+00 0.000000e+00 -1.000000e+00 -1.000000e+00 5.000000e+02 4.731527e-08 -1.000000e+00 0.000000e+00 -1.000000e+00 0.000000e+00 -1.000000e+00 -1.000000e+00 1.885553e-12 1.100000e+03 -1.000000e+00 0.000000e+00 -9.990070e+05 3.000000e+00 -1.000000e+00 -1.000000e+00 3.275470e-10 0.000000e+00 0.000000e+00 -1.000000e+00 2.762570e-11 -1.000000e+00 -9.990070e+05 2.762570e-11 4.845470e-06 2.752328e-04 -1.000000e+00 -1.000000e+00 0.000000e+00 -1.000000e+00 6 0.000000e+00 2.019830e-10
-1.000000e+00 -1.000000e+00 0.000000e+00 -1.000000e+00 -1.000000e+00 5.500000e+02 6.642881e-01 -1.000000e+00 0.000000e+00 -1.000000e+00 0.000000e+00 -1.000000e+00 -1.000000e+00 3.281953e-01 1.850000e+03 -1.000000e+00 0.000000e+00 -9.990070e+05 3.000000e+00 -1.000000e+00 -1.000000e+00 4.776776e-01 0.000000e+00 0.000000e+00 -1.000000e+00 1.774711e-01 -1.000000e+00 -9.990070e+05 1.774711e-01 8.490015e-01 9.632395e-01 -1.000000e+00 -1.000000e+00 0.000000e+00 -1.000000e+00 7 0.000000e+00 5.693701e-01
-1.000000e+00 -1.000000e+00 0.000000e+00 -1.000000e+00 -1.000000e+00 3.500000e+02 7.456564e-02 -1.000000e+00 0.000000e+00 -1.000000e+00 0.000000e+00 -1.000000e+00 -1.000000e+00 3.403724e-03 1.650000e+03 -1.000000e+00 0.000000e+00 -9.990070e+05 3.000000e+00 -1.000000e+00 -1.000000e+00 1.696689e-02 0.000000e+00 0.000000e+00 -1.000000e+00 1.654239e-01 -1.000000e+00 -9.990070e+05 1.654239e-01 2.576545e-01 5.994847e-01 -1.000000e+00 -1.000000e+00 0.000000e+00 -1.000000e+00 3 0.000000e+00 2.090701e-01
-1.000000e+00 -1.000000e+00 0.000000e+00 -1.000000e+00 -1.000000e+00 6.000000e+02 6.148574e-01 -1.000000e+00 0.000000e+00 -1.000000e+00 0.000000e+00 -1.000000e+00 -1.000000e+00 2.705318e-01 1.800000e+03 -1.000000e+00 0.000000e+00 -9.990070e+05 3.000000e+00 -1.000000e+00 -1.000000e+00 4.185171e-01 0.000000e+00 0.000000e+00 -1.000000e+00 1.605909e-01 -1.000000e+00 -9.990070e+05 1.605909e-01 8.205339e-01 9.544986e-01 -1.000000e+00 -1.000000e+00 0.000000e+00 -1.000000e+00 7 0.000000e+00 5.139514e-01
-1.000000e+00 -1.000000e+00 0.000000e+00 -1.000000e+00 -1.000000e+00 5.750000e+02 1.682763e-08 -1.000000e+00 0.000000e+00 -1.000000e+00 0.000000e+00 -1.000000e+00 -1.000000e+00 4.707597e-13 6.250000e+02 -1.000000e+00 0.000000e+00 -9.990070e+05 3.000000e+00 -1.000000e+00 -1.000000e+00 9.765327e-11 0.000000e+00 0.000000e+00 -1.000000e+00 8.523042e-09 -1.000000e+00 -9.990070e+05 8.523042e-09 2.052537e-06 1.385177e-04 -1.000000e+00 -1.000000e+00 0.000000e+00 -1.000000e+00 5 0.000000e+00 1.701593e-08
-1.000000e+00 -1.000000e+00 0.000000e+00 -1.000000e+00 -1.000000e+00 6.500000e+02 9.168515e-03 -1.000000e+00 0.000000e+00 -1.000000e+00 0.000000e+00 -1.000000e+00 -1.000000e+00 9.034432e-05 1.350000e+03 -1.000000e+00 0.000000e+00 -9.990070e+05 3.000000e+00 -1.000000e+00 -1.000000e+00 9.810755e-04 0.000000e+00 0.000000e+00 -1.000000e+00 4.899474e-05 -1.000000e+00 -9.990070e+05 4.899474e-05 6.438416e-02 2.786954e-01 -1.000000e+00 -1.000000e+00 0.000000e+00 -1.000000e+00 6 0.000000e+00 4.971152e-04
-1.000000e+00 -1.000000e+00 0.000000e+00 -1.000000e+00 -1.000000e+00 4.000000e+02 5.924981e-01 -1.000000e+00 0.000000e+00 -1.000000e+00 0.000000e+00 -1.000000e+00 -1.000000e+00 2.469808e-01 1.800000e+03 -1.000000e+00 0.000000e+00 -9.990070e+05 3.000000e+00 -1.000000e+00 -1.000000e+00 3.930848e-01 0.000000e+00 0.000000e+00 -1.000000e+00 1.531686e-01 -1.000000e+00 -9.990070e+05 1.531686e-01 8.069887e-01 9.501251e-01 -1.000000e+00 -1.000000e+00 0.000000e+00 -1.000000e+00 7 0.000000e+00 4.895526e-01
-1.000000e+00 -1.000000e+00 0.000000e+00 -1.000000e+00 -1.000000e+00 3.000000e+02 5.103624e-01 -1.000000e+00 0.000000e+00 -1.000000e+00 0.000000e+00 -1.000000e+00 -1.000000e+00 1.726191e-01 1.900000e+03 -1.000000e+00 0.000000e+00 -9.990070e+05 3.000000e+00 -1.000000e+00 -1.000000e+00 3.065208e-01 1.000000e+00 0.000000e+00 -1.000000e+00 5.000000e-01 -1.000000e+00 -9.990070e+05 5.000000e-01 7.532247e-01 9.313459e-01 -1.000000e+00 -1.000000e+00 0.000000e+00 -1.000000e+00 3 0.000000e+00 6.713042e-01
-1.000000e+00 -1.000000e+00 0.000000e+00 -1.000000e+00 -1.000000e+00 6.000000e+02 1.418486e-02 -1.000000e+00 0.000000e+00 -1.000000e+00 0.000000e+00 -1.000000e+00 -1.000000e+00 1.864986e-04 1.400000e+03 -1.000000e+00 0.000000e+00 -9.990070e+05 3.000000e+00 -1.000000e+00 -1.000000e+00 1.750081e-03 0.000000e+00 0.000000e+00 -1.000000e+00 8.701737e-05 -1.000000e+00 -9.990070e+05 8.701737e-05 8.697348e-02 3.330133e-01 -1.000000e+00 -1.000000e+00 0.000000e+00 -1.000000e+00 6 0.000000e+00 9.012505e-04
-1.000000e+00 -1.000000e+00 0.000000e+00 -1.000000e+00 -1.000000e+00 6.500000e+02 2.890749e-01 -1.000000e+00 0.000000e+00 -1.000000e+00 0.000000e+00 -1.000000e+00 -1.000000e+00 4.862032e-02 1.750000e+03 -1.000000e+00 0.000000e+00 -9.990070e+05 3.000000e+00 -1.000000e+00 -1.000000e+00 1.241178e-01 0.000000e+00 0.000000e+00 -1.000000e+00 4.171132e-01 -1.000000e+00 -9.990070e+05 4.171132e-01 5.657809e-01 8.455892e-01 -1.000000e+00 -1.000000e+00 0.000000e+00 -1.000000e+00 3 0.000000e+00 5.197161e-01
-1.000000e+00 -1.000000e+00 0.000000e+00 -1.000000e+00 -1.000000e+00 8.000000e+02 6.970841e-01 -1.000000e+00 0.000000e+00 -1.000000e+00 0.000000e+00 -1.000000e+00 -1.000000e+00 3.710389e-01 2.000000e+03 -1.000000e+00 0.000000e+00 -9.990070e+05 3.000000e+00 -1.000000e+00 -1.000000e+00 5.192196e-01 1.000000e+00 0.000000e+00 -1.000000e+00 5.000000e-01 -1.000000e+00 -9.990070e+05 5.000000e-01 8.668436e-01 9.684134e-01 -1.000000e+00 -1.000000e+00 0.000000e+00 -1.000000e+00 3 0.000000e+00 7.675093e-01
-1.000000e+00 -1.000000e+00 0.000000e+00 -1.000000e+00 -1.000000e+00 5.000000e+02 5.112939e-01 -1.000000e+00 0.000000e+00 -1.000000e+00 0.000000e+00 -1.000000e+00 -1.000000e+00 1.733628e-01 1.900000e+03 -1.000000e+00 0.000000e+00 -9.990070e+05 3.000000e+00 -1.000000e+00 -1.000000e+00 3.074433e-01 1.000000e+00 0.000000e+00 -1.000000e+00 5.000000e-01 -1.000000e+00 -9.990070e+05 5.000000e-01 7.538727e-01 9.315862e-01 -1.000000e+00 -1.000000e+00 0.000000e+00 -1.000000e+00 3 0.000000e+00 6.717242e-01
