-1.000000e+00 -1.000000e+00 0.000000e+00 -1.000000e+00 -1.000000e+00 0.000000e+00 5.516857e-15 -1.000000e+00 0.000000e+00 -1.000000e+00 0.000000e+00 -1.000000e+00 -1.000000e+00 2.142656e-21 1.000000e+03 -1.000000e+00 0.000000e+00 -9.990070e+05 3.000000e+00 -1.000000e+00 -1.000000e+00 3.787722e-18 0.000000e+00 0.000000e+00 -1.000000e+00 2.765438e-15 -1.000000e+00 -9.990070e+05 2.765438e-15 5.620321e-12 3.111003e-09 -1.000000e+00 -1.000000e+00 0.000000e+00 -1.000000e+00 -1.0 0.000000e+00 5.529466e-15
-1.000000e+00 -1.000000e+00 0.000000e+00 -1.000000e+00 -1.000000e+00 6.000000e+02 1.632358e-01 -1.000000e+00 0.000000e+00 -1.000000e+00 0.000000e+00 -1.000000e+00 -1.000000e+00 1.512334e-02 1.000000e+03 -1.000000e+00 0.000000e+00 -9.990070e+05 3.000000e+00 -1.000000e+00 -1.000000e+00 5.248312e-02 0.000000e+00 0.000000e+00 -1.000000e+00 8.165802e-02 -1.000000e+00 -9.990070e+05 8.165802e-02 4.120672e-01 7.445923e-01 -1.000000e+00 -1.000000e+00 0.000000e+00 -1.000000e+00 -1.0 0.000000e+00 1.632814e-01
-1.000000e+00 -1.000000e+00 0.000000e+00 -1.000000e+00 -1.000000e+00 8.000000e+02 4.882711e-01 -1.000000e+00 0.000000e+00 -1.000000e+00 0.000000e+00 -1.000000e+00 -1.000000e+00 1.556019e-01 1.000000e+03 -1.000000e+00 0.000000e+00 -9.990070e+05 3.000000e+00 -1.000000e+00 -1.000000e+00 2.850325e-01 0.000000e+00 0.000000e+00 -1.000000e+00 2.440995e-01 -1.000000e+00 -9.990070e+05 2.440995e-01 7.375752e-01 9.254371e-01 -1.000000e+00 -1.000000e+00 0.000000e+00 -1.000000e+00 -1.0 0.000000e+00 4.882438e-01
-1.000000e+00 -1.000000e+00 0.000000e+00 -1.000000e+00 -1.000000e+00 5.500000e+02 3.772477e-02 -1.000000e+00 0.000000e+00 -1.000000e+00 0.000000e+00 -1.000000e+00 -1.000000e+00 9.990590e-04 1.050000e+03 -1.000000e+00 0.000000e+00 -9.990070e+05 3.000000e+00 -1.000000e+00 -1.000000e+00 6.571226e-03 0.000000e+00 0.000000e+00 -1.000000e+00 1.900233e-02 -1.000000e+00 -9.990070e+05 1.900233e-02 1.670590e-01 4.798983e-01 -1.000000e+00 -1.000000e+00 0.000000e+00 -1.000000e+00 -1.0 0.000000e+00 3.791306e-02
-1.000000e+00 -1.000000e+00 0.000000e+00 -1.000000e+00 -1.000000e+00 7.500000e+02 4.936039e-01 -1.000000e+00 0.000000e+00 -1.000000e+00 0.000000e+00 -1.000000e+00 -1.000000e+00 1.596018e-01 1.050000e+03 -1.000000e+00 0.000000e+00 -9.990070e+05 3.000000e+00 -1.000000e+00 -1.000000e+00 2.901514e-01 0.000000e+00 0.000000e+00 -1.000000e+00 2.468360e-01 -1.000000e+00 -9.990070e+05 2.468360e-01 7.414031e-01 9.269014e-01 -1.000000e+00 -1.000000e+00 0.000000e+00 -1.000000e+00 -1.0 0.000000e+00 4.936295e-01
-1.000000e+00 -1.000000e+00 0.000000e+00 -1.000000e+00 -1.000000e+00 1.000000e+02 7.076208e-08 -1.000000e+00 0.000000e+00 -1.000000e+00 0.000000e+00 -1.000000e+00 -1.000000e+00 3.245846e-12 1.100000e+03 -1.000000e+00 0.000000e+00 -9.990070e+05 3.000000e+00 -1.000000e+00 -1.000000e+00 5.254422e-10 0.000000e+00 0.000000e+00 -1.000000e+00 3.624027e-08 -1.000000e+00 -9.990070e+05 3.624027e-08 6.760321e-06 3.586105e-04 -1.000000e+00 -1.000000e+00 0.000000e+00 -1.000000e+00 -1.0 0.000000e+00 7.223190e-08
-1.000000e+00 -1.000000e+00 0.000000e+00 -1.000000e+00 -1.000000e+00 3.000000e+02 2.283403e-07 -1.000000e+00 0.000000e+00 -1.000000e+00 0.000000e+00 -1.000000e+00 -1.000000e+00 1.593246e-11 1.100000e+03 -1.000000e+00 0.000000e+00 -9.990070e+05 3.000000e+00 -1.000000e+00 -1.000000e+00 2.089776e-09 0.000000e+00 0.000000e+00 -1.000000e+00 1.156735e-07 -1.000000e+00 -9.990070e+05 1.156735e-07 1.773627e-05 7.675521e-04 -1.000000e+00 -1.000000e+00 0.000000e+00 -1.000000e+00 -1.0 0.000000e+00 2.308969e-07
-1.000000e+00 -1.000000e+00 0.000000e+00 -1.000000e+00 -1.000000e+00 5.000000e+02 3.869921e-03 -1.000000e+00 0.000000e+00 -1.000000e+00 0.000000e+00 -1.000000e+00 -1.000000e+00 2.232266e-05 1.100000e+03 -1.000000e+00 0.000000e+00 -9.990070e+05 3.000000e+00 -1.000000e+00 -1.000000e+00 3.177791e-04 0.000000e+00 0.000000e+00 -1.000000e+00 1.962718e-03 -1.000000e+00 -9.990070e+05 1.962718e-03 3.503251e-02 1.914719e-01 -1.000000e+00 -1.000000e+00 0.000000e+00 -1.000000e+00 -1.0 0.000000e+00 3.911448e-03
-1.000000e+00 -1.000000e+00 0.000000e+00 -1.000000e+00 -1.000000e+00 7.000000e+02 4.127483e-01 -1.000000e+00 0.000000e+00 -1.000000e+00 0.000000e+00 -1.000000e+00 -1.000000e+00 1.058532e-01 1.100000e+03 -1.000000e+00 0.000000e+00 -9.990070e+05 3.000000e+00 -1.000000e+00 -1.000000e+00 2.171413e-01 0.000000e+00 0.000000e+00 -1.000000e+00 2.063631e-01 -1.000000e+00 -9.990070e+05 2.063631e-01 6.796144e-01 9.016991e-01 -1.000000e+00 -1.000000e+00 0.000000e+00 -1.000000e+00 -1.0 0.000000e+00 4.127389e-01
-1.000000e+00 -1.000000e+00 0.000000e+00 -1.000000e+00 -1.000000e+00 9.000000e+02 6.755187e-01 -1.000000e+00 0.000000e+00 -1.000000e+00 0.000000e+00 -1.000000e+00 -1.000000e+00 3.424367e-01 1.100000e+03 -1.000000e+00 0.000000e+00 -9.990070e+05 3.000000e+00 -1.000000e+00 -1.000000e+00 4.916942e-01 0.000000e+00 0.000000e+00 -1.000000e+00 3.383398e-01 -1.000000e+00 -9.990070e+05 3.383398e-01 8.552015e-01 9.650636e-01 -1.000000e+00 -1.000000e+00 0.000000e+00 -1.000000e+00 -1.0 0.000000e+00 6.758235e-01
-1.000000e+00 -1.000000e+00 0.000000e+00 -1.000000e+00 -1.000000e+00 2.500000e+02 4.691932e-06 -1.000000e+00 0.000000e+00 -1.000000e+00 0.000000e+00 -1.000000e+00 -1.000000e+00 1.047163e-09 1.150000e+03 -1.000000e+00 0.000000e+00 -9.990070e+05 3.000000e+00 -1.000000e+00 -1.000000e+00 7.662658e-08 0.000000e+00 0.000000e+00 -1.000000e+00 2.335635e-06 -1.000000e+00 -9.990070e+05 2.335635e-06 2.056744e-04 5.082734e-03 -1.000000e+00 -1.000000e+00 0.000000e+00 -1.000000e+00 -1.0 0.000000e+00 4.674715e-06
-1.000000e+00 -1.000000e+00 0.000000e+00 -1.000000e+00 -1.000000e+00 4.500000e+02 8.740437e-04 -1.000000e+00 0.000000e+00 -1.000000e+00 0.000000e+00 -1.000000e+00 -1.000000e+00 2.179826e-06 1.150000e+03 -1.000000e+00 0.000000e+00 -9.990070e+05 3.000000e+00 -1.000000e+00 -1.000000e+00 4.737399e-05 0.000000e+00 0.000000e+00 -1.000000e+00 4.451502e-04 -1.000000e+00 -9.990070e+05 4.451502e-04 1.182671e-02 9.419652e-02 -1.000000e+00 -1.000000e+00 0.000000e+00 -1.000000e+00 -1.0 0.000000e+00 8.866662e-04
-1.000000e+00 -1.000000e+00 0.000000e+00 -1.000000e+00 -1.000000e+00 5.000000e+01 3.059357e-05 -1.000000e+00 0.000000e+00 -1.000000e+00 0.000000e+00 -1.000000e+00 -1.000000e+00 1.510368e-08 1.150000e+03 -1.000000e+00 0.000000e+00 -9.990070e+05 3.000000e+00 -1.000000e+00 -1.000000e+00 7.416925e-07 0.000000e+00 0.000000e+00 -1.000000e+00 1.535552e-05 -1.000000e+00 -9.990070e+05 1.535552e-05 9.090394e-04 1.539141e-02 -1.000000e+00 -1.000000e+00 0.000000e+00 -1.000000e+00 -1.0 0.000000e+00 3.068965e-05
-1.000000e+00 -1.000000e+00 0.000000e+00 -1.000000e+00 -1.000000e+00 6.500000e+02 2.477917e-01 -1.000000e+00 0.000000e+00 -1.000000e+00 0.000000e+00 -1.000000e+00 -1.000000e+00 3.518597e-02 1.150000e+03 -1.000000e+00 0.000000e+00 -9.990070e+05 3.000000e+00 -1.000000e+00 -1.000000e+00 9.802629e-02 0.000000e+00 0.000000e+00 -1.000000e+00 1.239129e-01 -1.000000e+00 -9.990070e+05 1.239129e-01 5.207414e-01 8.193818e-01 -1.000000e+00 -1.000000e+00 0.000000e+00 -1.000000e+00 -1.0 0.000000e+00 2.478094e-01
-1.000000e+00 -1.000000e+00 0.000000e+00 -1.000000e+00 -1.000000e+00 8.500000e+02 6.813749e-01 -1.000000e+00 0.000000e+00 -1.000000e+00 0.000000e+00 -1.000000e+00 -1.000000e+00 3.500384e-01 1.150000e+03 -1.000000e+00 0.000000e+00 -9.990070e+05 3.000000e+00 -1.000000e+00 -1.000000e+00 4.990891e-01 0.000000e+00 0.000000e+00 -1.000000e+00 3.406930e-01 -1.000000e+00 -9.990070e+05 3.406930e-01 8.583968e-01 9.659928e-01 -1.000000e+00 -1.000000e+00 0.000000e+00 -1.000000e+00 -1.0 0.000000e+00 6.813777e-01
-1.000000e+00 -1.000000e+00 0.000000e+00 -1.000000e+00 -1.000000e+00 0.000000e+00 1.952731e-03 -1.000000e+00 0.000000e+00 -1.000000e+00 0.000000e+00 -1.000000e+00 -1.000000e+00 7.570934e-06 1.200000e+03 -1.000000e+00 0.000000e+00 -9.990070e+05 3.000000e+00 -1.000000e+00 -1.000000e+00 1.317148e-04 0.000000e+00 0.000000e+00 -1.000000e+00 9.927660e-04 -1.000000e+00 -9.990070e+05 9.927660e-04 2.137321e-02 1.394207e-01 -1.000000e+00 -1.000000e+00 0.000000e+00 -1.000000e+00 -1.0 0.000000e+00 1.977735e-03
-1.000000e+00 -1.000000e+00 0.000000e+00 -1.000000e+00 -1.000000e+00 2.000000e+02 3.662380e-04 -1.000000e+00 0.000000e+00 -1.000000e+00 0.000000e+00 -1.000000e+00 -1.000000e+00 5.818381e-07 1.200000e+03 -1.000000e+00 0.000000e+00 -9.990070e+05 3.000000e+00 -1.000000e+00 -1.000000e+00 1.587044e-05 0.000000e+00 0.000000e+00 -1.000000e+00 1.834387e-04 -1.000000e+00 -9.990070e+05 1.834387e-04 6.161914e-03 6.036572e-02 -1.000000e+00 -1.000000e+00 0.000000e+00 -1.000000e+00 -1.0 0.000000e+00 3.667434e-04
-1.000000e+00 -1.000000e+00 0.000000e+00 -1.000000e+00 -1.000000e+00 4.000000e+02 1.728496e-03 -1.000000e+00 0.000000e+00 -1.000000e+00 0.000000e+00 -1.000000e+00 -1.000000e+00 6.257058e-06 1.200000e+03 -1.000000e+00 0.000000e+00 -9.990070e+05 3.000000e+00 -1.000000e+00 -1.000000e+00 1.126920e-04 0.000000e+00 0.000000e+00 -1.000000e+00 8.638750e-04 -1.000000e+00 -9.990070e+05 8.638750e-04 1.955186e-02 1.315355e-01 -1.000000e+00 -1.000000e+00 0.000000e+00 -1.000000e+00 -1.0 0.000000e+00 1.727925e-03
-1.000000e+00 -1.000000e+00 0.000000e+00 -1.000000e+00 -1.000000e+00 6.000000e+02 8.641210e-02 -1.000000e+00 0.000000e+00 -1.000000e+00 0.000000e+00 -1.000000e+00 -1.000000e+00 4.472434e-03 1.200000e+03 -1.000000e+00 0.000000e+00 -9.990070e+05 3.000000e+00 -1.000000e+00 -1.000000e+00 2.090973e-02 0.000000e+00 0.000000e+00 -1.000000e+00 4.326325e-02 -1.000000e+00 -9.990070e+05 4.326325e-02 2.821878e-01 6.265722e-01 -1.000000e+00 -1.000000e+00 0.000000e+00 -1.000000e+00 -1.0 0.000000e+00 8.648349e-02
-1.000000e+00 -1.000000e+00 0.000000e+00 -1.000000e+00 -1.000000e+00 8.000000e+02 6.275397e-01 -1.000000e+00 0.000000e+00 -1.000000e+00 0.000000e+00 -1.000000e+00 -1.000000e+00 2.845727e-01 1.200000e+03 -1.000000e+00 0.000000e+00 -9.990070e+05 3.000000e+00 -1.000000e+00 -1.000000e+00 4.333068e-01 0.000000e+00 0.000000e+00 -1.000000e+00 3.141630e-01 -1.000000e+00 -9.990070e+05 3.141630e-01 8.280270e-01 9.568580e-01 -1.000000e+00 -1.000000e+00 0.000000e+00 -1.000000e+00 -1.0 0.000000e+00 6.277708e-01
-1.000000e+00 -1.000000e+00 0.000000e+00 -1.000000e+00 -1.000000e+00 1.500000e+02 7.310494e-03 -1.000000e+00 0.000000e+00 -1.000000e+00 0.000000e+00 -1.000000e+00 -1.000000e+00 6.232757e-05 1.250000e+03 -1.000000e+00 0.000000e+00 -9.990070e+05 3.000000e+00 -1.000000e+00 -1.000000e+00 7.282632e-04 0.000000e+00 0.000000e+00 -1.000000e+00 3.661182e-03 -1.000000e+00 -9.990070e+05 3.661182e-03 5.497106e-02 2.532678e-01 -1.000000e+00 -1.000000e+00 0.000000e+00 -1.000000e+00 -1.0 0.000000e+00 7.319194e-03
-1.000000e+00 -1.000000e+00 0.000000e+00 -1.000000e+00 -1.000000e+00 3.500000e+02 7.584989e-03 -1.000000e+00 0.000000e+00 -1.000000e+00 0.000000e+00 -1.000000e+00 -1.000000e+00 6.619542e-05 1.250000e+03 -1.000000e+00 0.000000e+00 -9.990070e+05 3.000000e+00 -1.000000e+00 -1.000000e+00 7.643767e-04 0.000000e+00 0.000000e+00 -1.000000e+00 3.838666e-03 -1.000000e+00 -9.990070e+05 3.838666e-03 5.640861e-02 2.572801e-01 -1.000000e+00 -1.000000e+00 0.000000e+00 -1.000000e+00 -1.0 0.000000e+00 7.652508e-03
-1.000000e+00 -1.000000e+00 0.000000e+00 -1.000000e+00 -1.000000e+00 5.500000e+02 4.870217e-02 -1.000000e+00 0.000000e+00 -1.000000e+00 0.000000e+00 -1.000000e+00 -1.000000e+00 1.571740e-03 1.250000e+03 -1.000000e+00 0.000000e+00 -9.990070e+05 3.000000e+00 -1.000000e+00 -1.000000e+00 9.348836e-03 0.000000e+00 0.000000e+00 -1.000000e+00 2.437899e-02 -1.000000e+00 -9.990070e+05 2.437899e-02 1.969786e-01 5.233994e-01 -1.000000e+00 -1.000000e+00 0.000000e+00 -1.000000e+00 -1.0 0.000000e+00 4.873901e-02
-1.000000e+00 -1.000000e+00 0.000000e+00 -1.000000e+00 -1.000000e+00 7.500000e+02 4.747366e-01 -1.000000e+00 0.000000e+00 -1.000000e+00 0.000000e+00 -1.000000e+00 -1.000000e+00 1.457510e-01 1.250000e+03 -1.000000e+00 0.000000e+00 -9.990070e+05 3.000000e+00 -1.000000e+00 -1.000000e+00 2.722352e-01 0.000000e+00 0.000000e+00 -1.000000e+00 2.374128e-01 -1.000000e+00 -9.990070e+05 2.374128e-01 7.277124e-01 9.216066e-01 -1.000000e+00 -1.000000e+00 0.000000e+00 -1.000000e+00 -1.0 0.000000e+00 4.747710e-01
-1.000000e+00 -1.000000e+00 0.000000e+00 -1.000000e+00 -1.000000e+00 1.000000e+02 4.655599e-02 -1.000000e+00 0.000000e+00 -1.000000e+00 0.000000e+00 -1.000000e+00 -1.000000e+00 1.450211e-03 1.300000e+03 -1.000000e+00 0.000000e+00 -9.990070e+05 3.000000e+00 -1.000000e+00 -1.000000e+00 8.782810e-03 0.000000e+00 0.000000e+00 -1.000000e+00 2.328462e-02 -1.000000e+00 -9.990070e+05 2.328462e-02 1.913716e-01 5.155926e-01 -1.000000e+00 -1.000000e+00 0.000000e+00 -1.000000e+00 -1.0 0.000000e+00 4.656477e-02
-1.000000e+00 -1.000000e+00 0.000000e+00 -1.000000e+00 -1.000000e+00 3.000000e+02 3.221977e-02 -1.000000e+00 0.000000e+00 -1.000000e+00 0.000000e+00 -1.000000e+00 -1.000000e+00 7.577562e-04 1.300000e+03 -1.000000e+00 0.000000e+00 -9.990070e+05 3.000000e+00 -1.000000e+00 -1.000000e+00 5.294036e-03 0.000000e+00 0.000000e+00 -1.000000e+00 1.611139e-02 -1.000000e+00 -9.990070e+05 1.611139e-02 1.507051e-01 4.539975e-01 -1.000000e+00 -1.000000e+00 0.000000e+00 -1.000000e+00 -1.0 0.000000e+00 3.222183e-02
-1.000000e+00 -1.000000e+00 4.000000e+03 -1.000000e+00 -1.000000e+00 7.000000e+02 3.260462e-01 -1.000000e+00 1.000000e+00 -1.000000e+00 0.000000e+00 -1.000000e+00 -1.000000e+00 6.291616e-02 1.300000e+03 -1.000000e+00 1.000000e+00 -9.990070e+05 3.000000e+00 -1.000000e+00 -1.000000e+00 1.495918e-01 0.000000e+00 0.000000e+00 -1.000000e+00 1.632112e-01 -1.000000e+00 -9.990070e+05 1.632112e-01 6.027697e-01 8.653213e-01 -1.000000e+00 -1.000000e+00 0.000000e+00 -1.000000e+00 -1.0 0.000000e+00 3.262237e-01
-1.000000e+00 -1.000000e+00 0.000000e+00 -1.000000e+00 -1.000000e+00 9.000000e+02 7.801808e-01 -1.000000e+00 0.000000e+00 -1.000000e+00 0.000000e+00 -1.000000e+00 -1.000000e+00 4.980654e-01 1.300000e+03 -1.000000e+00 0.000000e+00 -9.990070e+05 3.000000e+00 -1.000000e+00 -1.000000e+00 6.330319e-01 0.000000e+00 0.000000e+00 -1.000000e+00 3.908252e-01 -1.000000e+00 -9.990070e+05 3.908252e-01 9.086877e-01 9.796543e-01 -1.000000e+00 -1.000000e+00 0.000000e+00 -1.000000e+00 -1.0 0.000000e+00 7.804582e-01
-1.000000e+00 -1.000000e+00 0.000000e+00 -1.000000e+00 -1.000000e+00 2.500000e+02 1.003176e-01 -1.000000e+00 0.000000e+00 -1.000000e+00 0.000000e+00 -1.000000e+00 -1.000000e+00 5.915310e-03 1.350000e+03 -1.000000e+00 0.000000e+00 -9.990070e+05 3.000000e+00 -1.000000e+00 -1.000000e+00 2.587321e-02 0.000000e+00 0.000000e+00 -1.000000e+00 5.039919e-02 -1.000000e+00 -9.990070e+05 5.039919e-02 3.090405e-01 6.542194e-01 -1.000000e+00 -1.000000e+00 0.000000e+00 -1.000000e+00 -1.0 0.000000e+00 1.006121e-01
-1.000000e+00 -1.000000e+00 0.000000e+00 -1.000000e+00 -1.000000e+00 4.500000e+02 1.166223e-01 -1.000000e+00 0.000000e+00 -1.000000e+00 0.000000e+00 -1.000000e+00 -1.000000e+00 7.872392e-03 1.350000e+03 -1.000000e+00 0.000000e+00 -9.990070e+05 3.000000e+00 -1.000000e+00 -1.000000e+00 3.213258e-02 0.000000e+00 0.000000e+00 -1.000000e+00 5.839743e-02 -1.000000e+00 -9.990070e+05 5.839743e-02 3.383164e-01 6.822470e-01 -1.000000e+00 -1.000000e+00 0.000000e+00 -1.000000e+00 -1.0 0.000000e+00 1.167259e-01
-1.000000e+00 -1.000000e+00 0.000000e+00 -1.000000e+00 -1.000000e+00 5.000000e+01 1.470638e-01 -1.000000e+00 0.000000e+00 -1.000000e+00 0.000000e+00 -1.000000e+00 -1.000000e+00 1.232137e-02 1.350000e+03 -1.000000e+00 0.000000e+00 -9.990070e+05 3.000000e+00 -1.000000e+00 -1.000000e+00 4.502331e-02 0.000000e+00 0.000000e+00 -1.000000e+00 7.340525e-02 -1.000000e+00 -9.990070e+05 7.340525e-02 3.879052e-01 7.253486e-01 -1.000000e+00 -1.000000e+00 0.000000e+00 -1.000000e+00 -1.0 0.000000e+00 1.469170e-01
-1.000000e+00 -1.000000e+00 0.000000e+00 -1.000000e+00 -1.000000e+00 6.500000e+02 2.600700e-01 -1.000000e+00 0.000000e+00 -1.000000e+00 0.000000e+00 -1.000000e+00 -1.000000e+00 3.891529e-02 1.350000e+03 -1.000000e+00 0.000000e+00 -9.990070e+05 3.000000e+00 -1.000000e+00 -1.000000e+00 1.055259e-01 0.000000e+00 0.000000e+00 -1.000000e+00 1.300349e-01 -1.000000e+00 -9.990070e+05 1.300349e-01 5.345925e-01 8.277099e-01 -1.000000e+00 -1.000000e+00 0.000000e+00 -1.000000e+00 -1.0 0.000000e+00 2.600699e-01
-1.000000e+00 -1.000000e+00 0.000000e+00 -1.000000e+00 -1.000000e+00 8.500000e+02 6.725165e-01 -1.000000e+00 0.000000e+00 -1.000000e+00 0.000000e+00 -1.000000e+00 -1.000000e+00 3.385865e-01 1.350000e+03 -1.000000e+00 0.000000e+00 -9.990070e+05 3.000000e+00 -1.000000e+00 -1.000000e+00 4.879260e-01 0.000000e+00 0.000000e+00 -1.000000e+00 3.368407e-01 -1.000000e+00 -9.990070e+05 3.368407e-01 8.535534e-01 9.645815e-01 -1.000000e+00 -1.000000e+00 0.000000e+00 -1.000000e+00 -1.0 0.000000e+00 6.728246e-01
-1.000000e+00 -1.000000e+00 0.000000e+00 -1.000000e+00 -1.000000e+00 0.000000e+00 2.701892e-01 -1.000000e+00 0.000000e+00 -1.000000e+00 0.000000e+00 -1.000000e+00 -1.000000e+00 4.215609e-02 1.400000e+03 -1.000000e+00 0.000000e+00 -9.990070e+05 3.000000e+00 -1.000000e+00 -1.000000e+00 1.118728e-01 0.000000e+00 0.000000e+00 -1.000000e+00 1.350596e-01 -1.000000e+00 -9.990070e+05 1.350596e-01 5.457092e-01 8.342187e-01 -1.000000e+00 -1.000000e+00 0.000000e+00 -1.000000e+00 -1.0 0.000000e+00 2.701539e-01
-1.000000e+00 -1.000000e+00 0.000000e+00 -1.000000e+00 -1.000000e+00 2.000000e+02 2.211609e-01 -1.000000e+00 0.000000e+00 -1.000000e+00 0.000000e+00 -1.000000e+00 -1.000000e+00 2.783671e-02 1.400000e+03 -1.000000e+00 0.000000e+00 -9.990070e+05 3.000000e+00 -1.000000e+00 -1.000000e+00 8.252383e-02 0.000000e+00 0.000000e+00 -1.000000e+00 1.106086e-01 -1.000000e+00 -9.990070e+05 1.106086e-01 4.892095e-01 7.994770e-01 -1.000000e+00 -1.000000e+00 0.000000e+00 -1.000000e+00 -1.0 0.000000e+00 2.211909e-01
-1.000000e+00 -1.000000e+00 0.000000e+00 -1.000000e+00 -1.000000e+00 4.000000e+02 1.989418e-01 -1.000000e+00 0.000000e+00 -1.000000e+00 0.000000e+00 -1.000000e+00 -1.000000e+00 2.244763e-02 1.400000e+03 -1.000000e+00 0.000000e+00 -9.990070e+05 3.000000e+00 -1.000000e+00 -1.000000e+00 7.039767e-02 0.000000e+00 0.000000e+00 -1.000000e+00 9.949874e-02 -1.000000e+00 -9.990070e+05 9.949874e-02 4.611498e-01 7.805861e-01 -1.000000e+00 -1.000000e+00 0.000000e+00 -1.000000e+00 -1.0 0.000000e+00 1.989722e-01
-1.000000e+00 -1.000000e+00 0.000000e+00 -1.000000e+00 -1.000000e+00 6.000000e+02 2.749785e-01 -1.000000e+00 0.000000e+00 -1.000000e+00 0.000000e+00 -1.000000e+00 -1.000000e+00 4.374360e-02 1.400000e+03 -1.000000e+00 0.000000e+00 -9.990070e+05 3.000000e+00 -1.000000e+00 -1.000000e+00 1.149288e-01 0.000000e+00 0.000000e+00 -1.000000e+00 1.375314e-01 -1.000000e+00 -9.990070e+05 1.375314e-01 5.508805e-01 8.371946e-01 -1.000000e+00 -1.000000e+00 0.000000e+00 -1.000000e+00 -1.0 0.000000e+00 2.750208e-01
-1.000000e+00 -1.000000e+00 0.000000e+00 -1.000000e+00 -1.000000e+00 8.000000e+02 5.429208e-01 -1.000000e+00 0.000000e+00 -1.000000e+00 0.000000e+00 -1.000000e+00 -1.000000e+00 1.999241e-01 1.400000e+03 -1.000000e+00 0.000000e+00 -9.990070e+05 3.000000e+00 -1.000000e+00 -1.000000e+00 3.395637e-01 0.000000e+00 0.000000e+00 -1.000000e+00 2.716500e-01 -1.000000e+00 -9.990070e+05 2.716500e-01 7.753330e-01 9.393482e-01 -1.000000e+00 -1.000000e+00 0.000000e+00 -1.000000e+00 -1.0 0.000000e+00 5.430522e-01
-1.000000e+00 -1.000000e+00 0.000000e+00 -1.000000e+00 -1.000000e+00 1.500000e+02 3.541060e-01 -1.000000e+00 0.000000e+00 -1.000000e+00 0.000000e+00 -1.000000e+00 -1.000000e+00 7.530274e-02 1.450000e+03 -1.000000e+00 0.000000e+00 -9.990070e+05 3.000000e+00 -1.000000e+00 -1.000000e+00 1.702519e-01 0.000000e+00 0.000000e+00 -1.000000e+00 1.770687e-01 -1.000000e+00 -9.990070e+05 1.770687e-01 6.290340e-01 8.784263e-01 -1.000000e+00 -1.000000e+00 0.000000e+00 -1.000000e+00 -1.0 0.000000e+00 3.541204e-01
-1.000000e+00 -1.000000e+00 0.000000e+00 -1.000000e+00 -1.000000e+00 3.500000e+02 3.145613e-01 -1.000000e+00 0.000000e+00 -1.000000e+00 0.000000e+00 -1.000000e+00 -1.000000e+00 5.823546e-02 1.450000e+03 -1.000000e+00 0.000000e+00 -9.990070e+05 3.000000e+00 -1.000000e+00 -1.000000e+00 1.414658e-01 0.000000e+00 0.000000e+00 -1.000000e+00 1.572044e-01 -1.000000e+00 -9.990070e+05 1.572044e-01 5.915854e-01 8.595164e-01 -1.000000e+00 -1.000000e+00 0.000000e+00 -1.000000e+00 -1.0 0.000000e+00 3.144884e-01
-1.000000e+00 -1.000000e+00 0.000000e+00 -1.000000e+00 -1.000000e+00 5.500000e+02 3.512152e-01 -1.000000e+00 0.000000e+00 -1.000000e+00 0.000000e+00 -1.000000e+00 -1.000000e+00 7.396271e-02 1.450000e+03 -1.000000e+00 0.000000e+00 -9.990070e+05 3.000000e+00 -1.000000e+00 -1.000000e+00 1.680705e-01 0.000000e+00 0.000000e+00 -1.000000e+00 1.755645e-01 -1.000000e+00 -9.990070e+05 1.755645e-01 6.263945e-01 8.771419e-01 -1.000000e+00 -1.000000e+00 0.000000e+00 -1.000000e+00 -1.0 0.000000e+00 3.511757e-01
-1.000000e+00 -1.000000e+00 0.000000e+00 -1.000000e+00 -1.000000e+00 7.500000e+02 4.890173e-01 -1.000000e+00 0.000000e+00 -1.000000e+00 0.000000e+00 -1.000000e+00 -1.000000e+00 1.561575e-01 1.450000e+03 -1.000000e+00 0.000000e+00 -9.990070e+05 3.000000e+00 -1.000000e+00 -1.000000e+00 2.857461e-01 0.000000e+00 0.000000e+00 -1.000000e+00 2.447451e-01 -1.000000e+00 -9.990070e+05 2.447451e-01 7.381127e-01 9.256434e-01 -1.000000e+00 -1.000000e+00 0.000000e+00 -1.000000e+00 -1.0 0.000000e+00 4.891964e-01
-1.000000e+00 -1.000000e+00 0.000000e+00 -1.000000e+00 -1.000000e+00 1.000000e+02 4.740050e-01 -1.000000e+00 0.000000e+00 -1.000000e+00 0.000000e+00 -1.000000e+00 -1.000000e+00 1.452307e-01 1.500000e+03 -1.000000e+00 0.000000e+00 -9.990070e+05 3.000000e+00 -1.000000e+00 -1.000000e+00 2.715513e-01 0.000000e+00 0.000000e+00 -1.000000e+00 2.370915e-01 -1.000000e+00 -9.990070e+05 2.370915e-01 7.271731e-01 9.213947e-01 -1.000000e+00 -1.000000e+00 0.000000e+00 -1.000000e+00 -1.0 0.000000e+00 4.740740e-01
-1.000000e+00 -1.000000e+00 0.000000e+00 -1.000000e+00 -1.000000e+00 3.000000e+02 4.388503e-01 -1.000000e+00 0.000000e+00 -1.000000e+00 0.000000e+00 -1.000000e+00 -1.000000e+00 1.216444e-01 1.500000e+03 -1.000000e+00 0.000000e+00 -9.990070e+05 3.000000e+00 -1.000000e+00 -1.000000e+00 2.396411e-01 0.000000e+00 0.000000e+00 -1.000000e+00 2.193842e-01 -1.000000e+00 -9.990070e+05 2.193842e-01 7.004814e-01 9.105911e-01 -1.000000e+00 -1.000000e+00 0.000000e+00 -1.000000e+00 -1.0 0.000000e+00 4.388169e-01
-1.000000e+00 -1.000000e+00 0.000000e+00 -1.000000e+00 -1.000000e+00 5.000000e+02 4.406671e-01 -1.000000e+00 0.000000e+00 -1.000000e+00 0.000000e+00 -1.000000e+00 -1.000000e+00 1.227969e-01 1.500000e+03 -1.000000e+00 0.000000e+00 -9.990070e+05 3.000000e+00 -1.000000e+00 -1.000000e+00 2.412449e-01 0.000000e+00 0.000000e+00 -1.000000e+00 2.203266e-01 -1.000000e+00 -9.990070e+05 2.203266e-01 7.018995e-01 9.111810e-01 -1.000000e+00 -1.000000e+00 0.000000e+00 -1.000000e+00 -1.0 0.000000e+00 4.406615e-01
-1.000000e+00 -1.000000e+00 0.000000e+00 -1.000000e+00 -1.000000e+00 7.000000e+02 5.092061e-01 -1.000000e+00 0.000000e+00 -1.000000e+00 0.000000e+00 -1.000000e+00 -1.000000e+00 1.716987e-01 1.500000e+03 -1.000000e+00 0.000000e+00 -9.990070e+05 3.000000e+00 -1.000000e+00 -1.000000e+00 3.053775e-01 0.000000e+00 0.000000e+00 -1.000000e+00 2.551324e-01 -1.000000e+00 -9.990070e+05 2.551324e-01 7.524189e-01 9.310467e-01 -1.000000e+00 -1.000000e+00 0.000000e+00 -1.000000e+00 -1.0 0.000000e+00 5.095943e-01
-1.000000e+00 -1.000000e+00 0.000000e+00 -1.000000e+00 -1.000000e+00 9.000000e+02 7.207056e-01 -1.000000e+00 0.000000e+00 -1.000000e+00 0.000000e+00 -1.000000e+00 -1.000000e+00 4.043420e-01 1.500000e+03 -1.000000e+00 0.000000e+00 -9.990070e+05 3.000000e+00 -1.000000e+00 -1.000000e+00 5.503043e-01 0.000000e+00 0.000000e+00 -1.000000e+00 3.604857e-01 -1.000000e+00 -9.990070e+05 3.604857e-01 8.792122e-01 9.718652e-01 -1.000000e+00 -1.000000e+00 0.000000e+00 -1.000000e+00 -1.0 0.000000e+00 7.207672e-01
-1.000000e+00 -1.000000e+00 0.000000e+00 -1.000000e+00 -1.000000e+00 2.500000e+02 5.523221e-01 -1.000000e+00 0.000000e+00 -1.000000e+00 0.000000e+00 -1.000000e+00 -1.000000e+00 2.083243e-01 1.550000e+03 -1.000000e+00 0.000000e+00 -9.990070e+05 3.000000e+00 -1.000000e+00 -1.000000e+00 3.494130e-01 0.000000e+00 0.000000e+00 -1.000000e+00 2.767703e-01 -1.000000e+00 -9.990070e+05 2.767703e-01 7.815159e-01 9.415153e-01 -1.000000e+00 -1.000000e+00 0.000000e+00 -1.000000e+00 -1.0 0.000000e+00 5.527374e-01
-1.000000e+00 -1.000000e+00 0.000000e+00 -1.000000e+00 -1.000000e+00 4.500000e+02 5.508050e-01 -1.000000e+00 0.000000e+00 -1.000000e+00 0.000000e+00 -1.000000e+00 -1.000000e+00 2.069527e-01 1.550000e+03 -1.000000e+00 0.000000e+00 -9.990070e+05 3.000000e+00 -1.000000e+00 -1.000000e+00 3.478142e-01 0.000000e+00 0.000000e+00 -1.000000e+00 2.757779e-01 -1.000000e+00 -9.990070e+05 2.757779e-01 7.805241e-01 9.411698e-01 -1.000000e+00 -1.000000e+00 0.000000e+00 -1.000000e+00 -1.0 0.000000e+00 5.510617e-01
-1.000000e+00 -1.000000e+00 0.000000e+00 -1.000000e+00 -1.000000e+00 5.000000e+01 5.884733e-01 -1.000000e+00 0.000000e+00 -1.000000e+00 0.000000e+00 -1.000000e+00 -1.000000e+00 2.429001e-01 1.550000e+03 -1.000000e+00 0.000000e+00 -9.990070e+05 3.000000e+00 -1.000000e+00 -1.000000e+00 3.885931e-01 0.000000e+00 0.000000e+00 -1.000000e+00 2.943291e-01 -1.000000e+00 -9.990070e+05 2.943291e-01 8.045038e-01 9.493075e-01 -1.000000e+00 -1.000000e+00 0.000000e+00 -1.000000e+00 -1.0 0.000000e+00 5.885322e-01
-1.000000e+00 -1.000000e+00 0.000000e+00 -1.000000e+00 -1.000000e+00 6.500000e+02 5.690278e-01 -1.000000e+00 0.000000e+00 -1.000000e+00 0.000000e+00 -1.000000e+00 -1.000000e+00 2.238452e-01 1.550000e+03 -1.000000e+00 0.000000e+00 -9.990070e+05 3.000000e+00 -1.000000e+00 -1.000000e+00 3.672593e-01 0.000000e+00 0.000000e+00 -1.000000e+00 2.845124e-01 -1.000000e+00 -9.990070e+05 2.845124e-01 7.922910e-01 9.452194e-01 -1.000000e+00 -1.000000e+00 0.000000e+00 -1.000000e+00 -1.0 0.000000e+00 5.690268e-01
-1.000000e+00 -1.000000e+00 0.000000e+00 -1.000000e+00 -1.000000e+00 8.500000e+02 6.777116e-01 -1.000000e+00 0.000000e+00 -1.000000e+00 0.000000e+00 -1.000000e+00 -1.000000e+00 3.452689e-01 1.550000e+03 -1.000000e+00 0.000000e+00 -9.990070e+05 3.000000e+00 -1.000000e+00 -1.000000e+00 4.944563e-01 0.000000e+00 0.000000e+00 -1.000000e+00 3.387952e-01 -1.000000e+00 -9.990070e+05 3.387952e-01 8.564010e-01 9.654133e-01 -1.000000e+00 -1.000000e+00 0.000000e+00 -1.000000e+00 -1.0 0.000000e+00 6.776799e-01
-1.000000e+00 -1.000000e+00 0.000000e+00 -1.000000e+00 -1.000000e+00 0.000000e+00 6.700428e-01 -1.000000e+00 0.000000e+00 -1.000000e+00 0.000000e+00 -1.000000e+00 -1.000000e+00 3.354379e-01 1.600000e+03 -1.000000e+00 0.000000e+00 -9.990070e+05 3.000000e+00 -1.000000e+00 -1.000000e+00 4.848328e-01 0.000000e+00 0.000000e+00 -1.000000e+00 3.349358e-01 -1.000000e+00 -9.990070e+05 3.349358e-01 8.521903e-01 9.641812e-01 -1.000000e+00 -1.000000e+00 0.000000e+00 -1.000000e+00 -1.0 0.000000e+00 6.699972e-01
-1.000000e+00 -1.000000e+00 0.000000e+00 -1.000000e+00 -1.000000e+00 2.000000e+02 6.536062e-01 -1.000000e+00 0.000000e+00 -1.000000e+00 0.000000e+00 -1.000000e+00 -1.000000e+00 3.150524e-01 1.600000e+03 -1.000000e+00 0.000000e+00 -9.990070e+05 3.000000e+00 -1.000000e+00 -1.000000e+00 4.645454e-01 0.000000e+00 0.000000e+00 -1.000000e+00 3.268417e-01 -1.000000e+00 -9.990070e+05 3.268417e-01 8.430148e-01 9.614513e-01 -1.000000e+00 -1.000000e+00 0.000000e+00 -1.000000e+00 -1.0 0.000000e+00 6.536276e-01
-1.000000e+00 -1.000000e+00 0.000000e+00 -1.000000e+00 -1.000000e+00 4.000000e+02 6.351282e-01 -1.000000e+00 0.000000e+00 -1.000000e+00 0.000000e+00 -1.000000e+00 -1.000000e+00 2.932178e-01 1.600000e+03 -1.000000e+00 0.000000e+00 -9.990070e+05 3.000000e+00 -1.000000e+00 -1.000000e+00 4.422838e-01 0.000000e+00 0.000000e+00 -1.000000e+00 3.176470e-01 -1.000000e+00 -9.990070e+05 3.176470e-01 8.324468e-01 9.582300e-01 -1.000000e+00 -1.000000e+00 0.000000e+00 -1.000000e+00 -1.0 0.000000e+00 6.351761e-01
-1.000000e+00 -1.000000e+00 0.000000e+00 -1.000000e+00 -1.000000e+00 6.000000e+02 6.391674e-01 -1.000000e+00 0.000000e+00 -1.000000e+00 0.000000e+00 -1.000000e+00 -1.000000e+00 2.978951e-01 1.600000e+03 -1.000000e+00 0.000000e+00 -9.990070e+05 3.000000e+00 -1.000000e+00 -1.000000e+00 4.471012e-01 0.000000e+00 0.000000e+00 -1.000000e+00 3.197348e-01 -1.000000e+00 -9.990070e+05 3.197348e-01 8.347803e-01 9.589484e-01 -1.000000e+00 -1.000000e+00 0.000000e+00 -1.000000e+00 -1.0 0.000000e+00 6.392541e-01
-1.000000e+00 -1.000000e+00 0.000000e+00 -1.000000e+00 -1.000000e+00 8.000000e+02 6.898391e-01 -1.000000e+00 0.000000e+00 -1.000000e+00 0.000000e+00 -1.000000e+00 -1.000000e+00 3.612422e-01 1.600000e+03 -1.000000e+00 0.000000e+00 -9.990070e+05 3.000000e+00 -1.000000e+00 -1.000000e+00 5.098821e-01 0.000000e+00 0.000000e+00 -1.000000e+00 3.448977e-01 -1.000000e+00 -9.990070e+05 3.448977e-01 8.629703e-01 9.673098e-01 -1.000000e+00 -1.000000e+00 0.000000e+00 -1.000000e+00 -1.0 0.000000e+00 6.898280e-01
-1.000000e+00 -1.000000e+00 0.000000e+00 -1.000000e+00 -1.000000e+00 1.500000e+02 7.200845e-01 -1.000000e+00 0.000000e+00 -1.000000e+00 0.000000e+00 -1.000000e+00 -1.000000e+00 4.034390e-01 1.650000e+03 -1.000000e+00 0.000000e+00 -9.990070e+05 3.000000e+00 -1.000000e+00 -1.000000e+00 5.494742e-01 0.000000e+00 0.000000e+00 -1.000000e+00 3.599888e-01 -1.000000e+00 -9.990070e+05 3.599888e-01 8.788919e-01 9.717772e-01 -1.000000e+00 -1.000000e+00 0.000000e+00 -1.000000e+00 -1.0 0.000000e+00 7.200597e-01
-1.000000e+00 -1.000000e+00 0.000000e+00 -1.000000e+00 -1.000000e+00 3.500000e+02 7.078950e-01 -1.000000e+00 0.000000e+00 -1.000000e+00 0.000000e+00 -1.000000e+00 -1.000000e+00 3.860186e-01 1.650000e+03 -1.000000e+00 0.000000e+00 -9.990070e+05 3.000000e+00 -1.000000e+00 -1.000000e+00 5.333238e-01 0.000000e+00 0.000000e+00 -1.000000e+00 3.538218e-01 -1.000000e+00 -9.990070e+05 3.538218e-01 8.725531e-01 9.700204e-01 -1.000000e+00 -1.000000e+00 0.000000e+00 -1.000000e+00 -1.0 0.000000e+00 7.078345e-01
-1.000000e+00 -1.000000e+00 0.000000e+00 -1.000000e+00 -1.000000e+00 5.500000e+02 7.027085e-01 -1.000000e+00 0.000000e+00 -1.000000e+00 0.000000e+00 -1.000000e+00 -1.000000e+00 3.787777e-01 1.650000e+03 -1.000000e+00 0.000000e+00 -9.990070e+05 3.000000e+00 -1.000000e+00 -1.000000e+00 5.265317e-01 0.000000e+00 0.000000e+00 -1.000000e+00 3.513125e-01 -1.000000e+00 -9.990070e+05 3.513125e-01 8.698243e-01 9.692553e-01 -1.000000e+00 -1.000000e+00 0.000000e+00 -1.000000e+00 -1.0 0.000000e+00 7.026881e-01
-1.000000e+00 -1.000000e+00 0.000000e+00 -1.000000e+00 -1.000000e+00 7.500000e+02 7.239092e-01 -1.000000e+00 0.000000e+00 -1.000000e+00 0.000000e+00 -1.000000e+00 -1.000000e+00 4.090232e-01 1.650000e+03 -1.000000e+00 0.000000e+00 -9.990070e+05 3.000000e+00 -1.000000e+00 -1.000000e+00 5.545964e-01 0.000000e+00 0.000000e+00 -1.000000e+00 3.619313e-01 -1.000000e+00 -9.990070e+05 3.619313e-01 8.808597e-01 9.723167e-01 -1.000000e+00 -1.000000e+00 0.000000e+00 -1.000000e+00 -1.0 0.000000e+00 7.238985e-01
-1.000000e+00 -1.000000e+00 0.000000e+00 -1.000000e+00 -1.000000e+00 1.000000e+02 7.829054e-01 -1.000000e+00 0.000000e+00 -1.000000e+00 0.000000e+00 -1.000000e+00 -1.000000e+00 5.027194e-01 1.700000e+03 -1.000000e+00 0.000000e+00 -9.990070e+05 3.000000e+00 -1.000000e+00 -1.000000e+00 6.369786e-01 0.000000e+00 0.000000e+00 -1.000000e+00 3.917260e-01 -1.000000e+00 -9.990070e+05 3.917260e-01 9.099836e-01 9.799828e-01 -1.000000e+00 -1.000000e+00 0.000000e+00 -1.000000e+00 -1.0 0.000000e+00 7.830075e-01
-1.000000e+00 -1.000000e+00 0.000000e+00 -1.000000e+00 -1.000000e+00 3.000000e+02 7.694574e-01 -1.000000e+00 0.000000e+00 -1.000000e+00 0.000000e+00 -1.000000e+00 -1.000000e+00 4.800660e-01 1.700000e+03 -1.000000e+00 0.000000e+00 -9.990070e+05 3.000000e+00 -1.000000e+00 -1.000000e+00 6.176340e-01 0.000000e+00 0.000000e+00 -1.000000e+00 3.846493e-01 -1.000000e+00 -9.990070e+05 3.846493e-01 9.035421e-01 9.783384e-01 -1.000000e+00 -1.000000e+00 0.000000e+00 -1.000000e+00 -1.0 0.000000e+00 7.694262e-01
-1.000000e+00 -1.000000e+00 0.000000e+00 -1.000000e+00 -1.000000e+00 5.000000e+02 7.583470e-01 -1.000000e+00 0.000000e+00 -1.000000e+00 0.000000e+00 -1.000000e+00 -1.000000e+00 4.619422e-01 1.700000e+03 -1.000000e+00 0.000000e+00 -9.990070e+05 3.000000e+00 -1.000000e+00 -1.000000e+00 6.019067e-01 0.000000e+00 0.000000e+00 -1.000000e+00 3.791114e-01 -1.000000e+00 -9.990070e+05 3.791114e-01 8.981343e-01 9.769356e-01 -1.000000e+00 -1.000000e+00 0.000000e+00 -1.000000e+00 -1.0 0.000000e+00 7.583216e-01
-1.000000e+00 -1.000000e+00 0.000000e+00 -1.000000e+00 -1.000000e+00 7.000000e+02 7.667332e-01 -1.000000e+00 0.000000e+00 -1.000000e+00 0.000000e+00 -1.000000e+00 -1.000000e+00 4.755732e-01 1.700000e+03 -1.000000e+00 0.000000e+00 -9.990070e+05 3.000000e+00 -1.000000e+00 -1.000000e+00 6.137566e-01 0.000000e+00 0.000000e+00 -1.000000e+00 3.834503e-01 -1.000000e+00 -9.990070e+05 3.834503e-01 9.022235e-01 9.779982e-01 -1.000000e+00 -1.000000e+00 0.000000e+00 -1.000000e+00 -1.0 0.000000e+00 7.667665e-01
-1.000000e+00 -1.000000e+00 0.000000e+00 -1.000000e+00 -1.000000e+00 9.000000e+02 8.033876e-01 -1.000000e+00 0.000000e+00 -1.000000e+00 0.000000e+00 -1.000000e+00 -1.000000e+00 5.387816e-01 1.700000e+03 -1.000000e+00 0.000000e+00 -9.990070e+05 3.000000e+00 -1.000000e+00 -1.000000e+00 6.670998e-01 0.000000e+00 0.000000e+00 -1.000000e+00 4.018857e-01 -1.000000e+00 -9.990070e+05 4.018857e-01 9.195804e-01 9.823793e-01 -1.000000e+00 -1.000000e+00 0.000000e+00 -1.000000e+00 -1.0 0.000000e+00 8.034534e-01
-1.000000e+00 -1.000000e+00 0.000000e+00 -1.000000e+00 -1.000000e+00 2.500000e+02 8.156255e-01 -1.000000e+00 0.000000e+00 -1.000000e+00 0.000000e+00 -1.000000e+00 -1.000000e+00 5.612585e-01 1.750000e+03 -1.000000e+00 0.000000e+00 -9.990070e+05 3.000000e+00 -1.000000e+00 -1.000000e+00 6.854815e-01 0.000000e+00 0.000000e+00 -1.000000e+00 4.084081e-01 -1.000000e+00 -9.990070e+05 4.084081e-01 9.251941e-01 9.837517e-01 -1.000000e+00 -1.000000e+00 0.000000e+00 -1.000000e+00 -1.0 0.000000e+00 8.158182e-01
-1.000000e+00 -1.000000e+00 0.000000e+00 -1.000000e+00 -1.000000e+00 4.500000e+02 8.088167e-01 -1.000000e+00 0.000000e+00 -1.000000e+00 0.000000e+00 -1.000000e+00 -1.000000e+00 5.486654e-01 1.750000e+03 -1.000000e+00 0.000000e+00 -9.990070e+05 3.000000e+00 -1.000000e+00 -1.000000e+00 6.752186e-01 0.000000e+00 0.000000e+00 -1.000000e+00 4.048091e-01 -1.000000e+00 -9.990070e+05 4.048091e-01 9.220817e-01 9.829935e-01 -1.000000e+00 -1.000000e+00 0.000000e+00 -1.000000e+00 -1.0 0.000000e+00 8.089507e-01
-1.000000e+00 -1.000000e+00 0.000000e+00 -1.000000e+00 -1.000000e+00 5.000000e+01 8.286379e-01 -1.000000e+00 0.000000e+00 -1.000000e+00 0.000000e+00 -1.000000e+00 -1.000000e+00 5.859478e-01 1.750000e+03 -1.000000e+00 0.000000e+00 -9.990070e+05 3.000000e+00 -1.000000e+00 -1.000000e+00 7.053470e-01 0.000000e+00 0.000000e+00 -1.000000e+00 4.144677e-01 -1.000000e+00 -9.990070e+05 4.144677e-01 9.310669e-01 9.851643e-01 -1.000000e+00 -1.000000e+00 0.000000e+00 -1.000000e+00 -1.0 0.000000e+00 8.286830e-01
-1.000000e+00 -1.000000e+00 0.000000e+00 -1.000000e+00 -1.000000e+00 6.500000e+02 8.069575e-01 -1.000000e+00 0.000000e+00 -1.000000e+00 0.000000e+00 -1.000000e+00 -1.000000e+00 5.452650e-01 1.750000e+03 -1.000000e+00 0.000000e+00 -9.990070e+05 3.000000e+00 -1.000000e+00 -1.000000e+00 6.724319e-01 0.000000e+00 0.000000e+00 -1.000000e+00 4.038647e-01 -1.000000e+00 -9.990070e+05 4.038647e-01 9.212271e-01 9.827841e-01 -1.000000e+00 -1.000000e+00 0.000000e+00 -1.000000e+00 -1.0 0.000000e+00 8.070876e-01
-1.000000e+00 -1.000000e+00 0.000000e+00 -1.000000e+00 -1.000000e+00 8.500000e+02 8.244974e-01 -1.000000e+00 0.000000e+00 -1.000000e+00 0.000000e+00 -1.000000e+00 -1.000000e+00 5.780020e-01 1.750000e+03 -1.000000e+00 0.000000e+00 -9.990070e+05 3.000000e+00 -1.000000e+00 -1.000000e+00 6.989898e-01 0.000000e+00 0.000000e+00 -1.000000e+00 4.123431e-01 -1.000000e+00 -9.990070e+05 4.123431e-01 9.292089e-01 9.847199e-01 -1.000000e+00 -1.000000e+00 0.000000e+00 -1.000000e+00 -1.0 0.000000e+00 8.245267e-01
-1.000000e+00 -1.000000e+00 0.000000e+00 -1.000000e+00 -1.000000e+00 0.000000e+00 8.645713e-01 -1.000000e+00 0.000000e+00 -1.000000e+00 0.000000e+00 -1.000000e+00 -1.000000e+00 6.585588e-01 1.800000e+03 -1.000000e+00 0.000000e+00 -9.990070e+05 3.000000e+00 -1.000000e+00 -1.000000e+00 7.619555e-01 0.000000e+00 0.000000e+00 -1.000000e+00 4.335634e-01 -1.000000e+00 -9.990070e+05 4.335634e-01 9.467853e-01 9.888293e-01 -1.000000e+00 -1.000000e+00 0.000000e+00 -1.000000e+00 -1.0 0.000000e+00 8.648849e-01
-1.000000e+00 -1.000000e+00 0.000000e+00 -1.000000e+00 -1.000000e+00 2.000000e+02 8.588483e-01 -1.000000e+00 0.000000e+00 -1.000000e+00 0.000000e+00 -1.000000e+00 -1.000000e+00 6.465440e-01 1.800000e+03 -1.000000e+00 0.000000e+00 -9.990070e+05 3.000000e+00 -1.000000e+00 -1.000000e+00 7.527650e-01 0.000000e+00 0.000000e+00 -1.000000e+00 4.287545e-01 -1.000000e+00 -9.990070e+05 4.287545e-01 9.443299e-01 9.882678e-01 -1.000000e+00 -1.000000e+00 0.000000e+00 -1.000000e+00 -1.0 0.000000e+00 8.586776e-01
-1.000000e+00 -1.000000e+00 0.000000e+00 -1.000000e+00 -1.000000e+00 4.000000e+02 8.474343e-01 -1.000000e+00 0.000000e+00 -1.000000e+00 0.000000e+00 -1.000000e+00 -1.000000e+00 6.230983e-01 1.800000e+03 -1.000000e+00 0.000000e+00 -9.990070e+05 3.000000e+00 -1.000000e+00 -1.000000e+00 7.346342e-01 0.000000e+00 0.000000e+00 -1.000000e+00 4.240017e-01 -1.000000e+00 -9.990070e+05 4.240017e-01 9.393790e-01 9.871233e-01 -1.000000e+00 -1.000000e+00 0.000000e+00 -1.000000e+00 -1.0 0.000000e+00 8.475121e-01
-1.000000e+00 -1.000000e+00 0.000000e+00 -1.000000e+00 -1.000000e+00 6.000000e+02 8.486238e-01 -1.000000e+00 0.000000e+00 -1.000000e+00 0.000000e+00 -1.000000e+00 -1.000000e+00 6.255100e-01 1.800000e+03 -1.000000e+00 0.000000e+00 -9.990070e+05 3.000000e+00 -1.000000e+00 -1.000000e+00 7.365114e-01 0.000000e+00 0.000000e+00 -1.000000e+00 4.246409e-01 -1.000000e+00 -9.990070e+05 4.246409e-01 9.398983e-01 9.872442e-01 -1.000000e+00 -1.000000e+00 0.000000e+00 -1.000000e+00 -1.0 0.000000e+00 8.487132e-01
-1.000000e+00 -1.000000e+00 0.000000e+00 -1.000000e+00 -1.000000e+00 8.000000e+02 8.566448e-01 -1.000000e+00 0.000000e+00 -1.000000e+00 0.000000e+00 -1.000000e+00 -1.000000e+00 6.419643e-01 1.800000e+03 -1.000000e+00 0.000000e+00 -9.990070e+05 3.000000e+00 -1.000000e+00 -1.000000e+00 7.492441e-01 0.000000e+00 0.000000e+00 -1.000000e+00 4.295959e-01 -1.000000e+00 -9.990070e+05 4.295959e-01 9.433796e-01 9.880495e-01 -1.000000e+00 -1.000000e+00 0.000000e+00 -1.000000e+00 -1.0 0.000000e+00 8.569738e-01
-1.000000e+00 -1.000000e+00 0.000000e+00 -1.000000e+00 -1.000000e+00 1.500000e+02 8.874015e-01 -1.000000e+00 0.000000e+00 -1.000000e+00 0.000000e+00 -1.000000e+00 -1.000000e+00 7.082650e-01 1.850000e+03 -1.000000e+00 0.000000e+00 -9.990070e+05 3.000000e+00 -1.000000e+00 -1.000000e+00 7.992903e-01 0.000000e+00 0.000000e+00 -1.000000e+00 4.431068e-01 -1.000000e+00 -9.990070e+05 4.431068e-01 9.564047e-01 9.909895e-01 -1.000000e+00 -1.000000e+00 0.000000e+00 -1.000000e+00 -1.0 0.000000e+00 8.872783e-01
-1.000000e+00 -1.000000e+00 0.000000e+00 -1.000000e+00 -1.000000e+00 3.500000e+02 8.812309e-01 -1.000000e+00 0.000000e+00 -1.000000e+00 0.000000e+00 -1.000000e+00 -1.000000e+00 6.945452e-01 1.850000e+03 -1.000000e+00 0.000000e+00 -9.990070e+05 3.000000e+00 -1.000000e+00 -1.000000e+00 7.890926e-01 0.000000e+00 0.000000e+00 -1.000000e+00 4.412639e-01 -1.000000e+00 -9.990070e+05 4.412639e-01 9.538322e-01 9.904179e-01 -1.000000e+00 -1.000000e+00 0.000000e+00 -1.000000e+00 -1.0 0.000000e+00 8.813721e-01
-1.000000e+00 -1.000000e+00 0.000000e+00 -1.000000e+00 -1.000000e+00 5.500000e+02 8.786513e-01 -1.000000e+00 0.000000e+00 -1.000000e+00 0.000000e+00 -1.000000e+00 -1.000000e+00 6.888731e-01 1.850000e+03 -1.000000e+00 0.000000e+00 -9.990070e+05 3.000000e+00 -1.000000e+00 -1.000000e+00 7.848531e-01 0.000000e+00 0.000000e+00 -1.000000e+00 4.400908e-01 -1.000000e+00 -9.990070e+05 4.400908e-01 9.527508e-01 9.901763e-01 -1.000000e+00 -1.000000e+00 0.000000e+00 -1.000000e+00 -1.0 0.000000e+00 8.788212e-01
-1.000000e+00 -1.000000e+00 0.000000e+00 -1.000000e+00 -1.000000e+00 7.500000e+02 8.799957e-01 -1.000000e+00 0.000000e+00 -1.000000e+00 0.000000e+00 -1.000000e+00 -1.000000e+00 6.918244e-01 1.850000e+03 -1.000000e+00 0.000000e+00 -9.990070e+05 3.000000e+00 -1.000000e+00 -1.000000e+00 7.870607e-01 0.000000e+00 0.000000e+00 -1.000000e+00 4.407103e-01 -1.000000e+00 -9.990070e+05 4.407103e-01 9.533148e-01 9.903024e-01 -1.000000e+00 -1.000000e+00 0.000000e+00 -1.000000e+00 -1.0 0.000000e+00 8.801522e-01
-1.000000e+00 -1.000000e+00 0.000000e+00 -1.000000e+00 -1.000000e+00 1.000000e+02 9.116722e-01 -1.000000e+00 0.000000e+00 -1.000000e+00 0.000000e+00 -1.000000e+00 -1.000000e+00 7.643554e-01 1.900000e+03 -1.000000e+00 0.000000e+00 -9.990070e+05 3.000000e+00 -1.000000e+00 -1.000000e+00 8.401824e-01 0.000000e+00 0.000000e+00 -1.000000e+00 4.555240e-01 -1.000000e+00 -9.990070e+05 4.555240e-01 9.663309e-01 9.931532e-01 -1.000000e+00 -1.000000e+00 0.000000e+00 -1.000000e+00 -1.0 0.000000e+00 9.116206e-01
-1.000000e+00 -1.000000e+00 0.000000e+00 -1.000000e+00 -1.000000e+00 3.000000e+02 9.056127e-01 -1.000000e+00 0.000000e+00 -1.000000e+00 0.000000e+00 -1.000000e+00 -1.000000e+00 7.500279e-01 1.900000e+03 -1.000000e+00 0.000000e+00 -9.990070e+05 3.000000e+00 -1.000000e+00 -1.000000e+00 8.298554e-01 0.000000e+00 0.000000e+00 -1.000000e+00 4.523530e-01 -1.000000e+00 -9.990070e+05 4.523530e-01 9.638811e-01 9.926253e-01 -1.000000e+00 -1.000000e+00 0.000000e+00 -1.000000e+00 -1.0 0.000000e+00 9.055329e-01
-1.000000e+00 -1.000000e+00 0.000000e+00 -1.000000e+00 -1.000000e+00 5.000000e+02 9.037903e-01 -1.000000e+00 0.000000e+00 -1.000000e+00 0.000000e+00 -1.000000e+00 -1.000000e+00 7.457616e-01 1.900000e+03 -1.000000e+00 0.000000e+00 -9.990070e+05 3.000000e+00 -1.000000e+00 -1.000000e+00 8.267649e-01 0.000000e+00 0.000000e+00 -1.000000e+00 4.512586e-01 -1.000000e+00 -9.990070e+05 4.512586e-01 9.631407e-01 9.924650e-01 -1.000000e+00 -1.000000e+00 0.000000e+00 -1.000000e+00 -1.0 0.000000e+00 9.036762e-01
-1.000000e+00 -1.000000e+00 0.000000e+00 -1.000000e+00 -1.000000e+00 7.000000e+02 9.016779e-01 -1.000000e+00 0.000000e+00 -1.000000e+00 0.000000e+00 -1.000000e+00 -1.000000e+00 7.408409e-01 1.900000e+03 -1.000000e+00 0.000000e+00 -9.990070e+05 3.000000e+00 -1.000000e+00 -1.000000e+00 8.231917e-01 0.000000e+00 0.000000e+00 -1.000000e+00 4.501820e-01 -1.000000e+00 -9.990070e+05 4.501820e-01 9.622803e-01 9.922783e-01 -1.000000e+00 -1.000000e+00 0.000000e+00 -1.000000e+00 -1.0 0.000000e+00 9.015578e-01
-1.000000e+00 -1.000000e+00 0.000000e+00 -1.000000e+00 -1.000000e+00 9.000000e+02 9.053009e-01 -1.000000e+00 0.000000e+00 -1.000000e+00 0.000000e+00 -1.000000e+00 -1.000000e+00 7.492967e-01 1.900000e+03 -1.000000e+00 0.000000e+00 -9.990070e+05 3.000000e+00 -1.000000e+00 -1.000000e+00 8.293262e-01 0.000000e+00 0.000000e+00 -1.000000e+00 4.524023e-01 -1.000000e+00 -9.990070e+05 4.524023e-01 9.637546e-01 9.925980e-01 -1.000000e+00 -1.000000e+00 0.000000e+00 -1.000000e+00 -1.0 0.000000e+00 9.052571e-01
-1.000000e+00 -1.000000e+00 0.000000e+00 -1.000000e+00 -1.000000e+00 2.500000e+02 9.277438e-01 -1.000000e+00 0.000000e+00 -1.000000e+00 0.000000e+00 -1.000000e+00 -1.000000e+00 8.034330e-01 1.950000e+03 -1.000000e+00 0.000000e+00 -9.990070e+05 3.000000e+00 -1.000000e+00 -1.000000e+00 8.679574e-01 0.000000e+00 0.000000e+00 -1.000000e+00 4.638266e-01 -1.000000e+00 -9.990070e+05 4.638266e-01 9.727384e-01 9.945147e-01 -1.000000e+00 -1.000000e+00 0.000000e+00 -1.000000e+00 -1.0 0.000000e+00 9.277376e-01
-1.000000e+00 -1.000000e+00 0.000000e+00 -1.000000e+00 -1.000000e+00 4.500000e+02 9.232776e-01 -1.000000e+00 0.000000e+00 -1.000000e+00 0.000000e+00 -1.000000e+00 -1.000000e+00 7.924142e-01 1.950000e+03 -1.000000e+00 0.000000e+00 -9.990070e+05 3.000000e+00 -1.000000e+00 -1.000000e+00 8.601823e-01 0.000000e+00 0.000000e+00 -1.000000e+00 4.612854e-01 -1.000000e+00 -9.990070e+05 4.612854e-01 9.709708e-01 9.941418e-01 -1.000000e+00 -1.000000e+00 0.000000e+00 -1.000000e+00 -1.0 0.000000e+00 9.232264e-01
-1.000000e+00 -1.000000e+00 0.000000e+00 -1.000000e+00 -1.000000e+00 5.000000e+01 9.300008e-01 -1.000000e+00 0.000000e+00 -1.000000e+00 0.000000e+00 -1.000000e+00 -1.000000e+00 8.090485e-01 1.950000e+03 -1.000000e+00 0.000000e+00 -9.990070e+05 3.000000e+00 -1.000000e+00 -1.000000e+00 8.719032e-01 0.000000e+00 0.000000e+00 -1.000000e+00 4.649520e-01 -1.000000e+00 -9.990070e+05 4.649520e-01 9.736279e-01 9.947015e-01 -1.000000e+00 -1.000000e+00 0.000000e+00 -1.000000e+00 -1.0 0.000000e+00 9.299943e-01
-1.000000e+00 -1.000000e+00 0.000000e+00 -1.000000e+00 -1.000000e+00 6.500000e+02 9.201775e-01 -1.000000e+00 0.000000e+00 -1.000000e+00 0.000000e+00 -1.000000e+00 -1.000000e+00 7.848385e-01 1.950000e+03 -1.000000e+00 0.000000e+00 -9.990070e+05 3.000000e+00 -1.000000e+00 -1.000000e+00 8.548112e-01 0.000000e+00 0.000000e+00 -1.000000e+00 4.597746e-01 -1.000000e+00 -9.990070e+05 4.597746e-01 9.697380e-01 9.938806e-01 -1.000000e+00 -1.000000e+00 0.000000e+00 -1.000000e+00 -1.0 0.000000e+00 9.201302e-01
-1.000000e+00 -1.000000e+00 0.000000e+00 -1.000000e+00 -1.000000e+00 8.500000e+02 9.229028e-01 -1.000000e+00 0.000000e+00 -1.000000e+00 0.000000e+00 -1.000000e+00 -1.000000e+00 7.914952e-01 1.950000e+03 -1.000000e+00 0.000000e+00 -9.990070e+05 3.000000e+00 -1.000000e+00 -1.000000e+00 8.595319e-01 0.000000e+00 0.000000e+00 -1.000000e+00 4.610903e-01 -1.000000e+00 -9.990070e+05 4.610903e-01 9.708220e-01 9.941104e-01 -1.000000e+00 -1.000000e+00 0.000000e+00 -1.000000e+00 -1.0 0.000000e+00 9.228502e-01
-1.000000e+00 -1.000000e+00 0.000000e+00 -1.000000e+00 -1.000000e+00 0.000000e+00 9.449423e-01 -1.000000e+00 0.000000e+00 -1.000000e+00 0.000000e+00 -1.000000e+00 -1.000000e+00 8.470391e-01 2.000000e+03 -1.000000e+00 0.000000e+00 -9.990070e+05 3.000000e+00 -1.000000e+00 -1.000000e+00 8.983089e-01 0.000000e+00 0.000000e+00 -1.000000e+00 4.731027e-01 -1.000000e+00 -9.990070e+05 4.731027e-01 9.794532e-01 9.959119e-01 -1.000000e+00 -1.000000e+00 0.000000e+00 -1.000000e+00 -1.0 0.000000e+00 9.450089e-01
-1.000000e+00 -1.000000e+00 0.000000e+00 -1.000000e+00 -1.000000e+00 2.000000e+02 9.418136e-01 -1.000000e+00 0.000000e+00 -1.000000e+00 0.000000e+00 -1.000000e+00 -1.000000e+00 8.389655e-01 2.000000e+03 -1.000000e+00 0.000000e+00 -9.990070e+05 3.000000e+00 -1.000000e+00 -1.000000e+00 8.927385e-01 0.000000e+00 0.000000e+00 -1.000000e+00 4.711738e-01 -1.000000e+00 -9.990070e+05 4.711738e-01 9.782425e-01 9.956622e-01 -1.000000e+00 -1.000000e+00 0.000000e+00 -1.000000e+00 -1.0 0.000000e+00 9.418433e-01
-1.000000e+00 -1.000000e+00 0.000000e+00 -1.000000e+00 -1.000000e+00 4.000000e+02 9.388023e-01 -1.000000e+00 0.000000e+00 -1.000000e+00 0.000000e+00 -1.000000e+00 -1.000000e+00 8.312545e-01 2.000000e+03 -1.000000e+00 0.000000e+00 -9.990070e+05 3.000000e+00 -1.000000e+00 -1.000000e+00 8.873978e-01 0.000000e+00 0.000000e+00 -1.000000e+00 4.692981e-01 -1.000000e+00 -9.990070e+05 4.692981e-01 9.770726e-01 9.954200e-01 -1.000000e+00 -1.000000e+00 0.000000e+00 -1.000000e+00 -1.0 0.000000e+00 9.387902e-01
-1.000000e+00 -1.000000e+00 0.000000e+00 -1.000000e+00 -1.000000e+00 6.000000e+02 9.371681e-01 -1.000000e+00 0.000000e+00 -1.000000e+00 0.000000e+00 -1.000000e+00 -1.000000e+00 8.270942e-01 2.000000e+03 -1.000000e+00 0.000000e+00 -9.990070e+05 3.000000e+00 -1.000000e+00 -1.000000e+00 8.845079e-01 0.000000e+00 0.000000e+00 -1.000000e+00 4.683639e-01 -1.000000e+00 -9.990070e+05 4.683639e-01 9.764359e-01 9.952878e-01 -1.000000e+00 -1.000000e+00 0.000000e+00 -1.000000e+00 -1.0 0.000000e+00 9.371417e-01
-1.000000e+00 -1.000000e+00 0.000000e+00 -1.000000e+00 -1.000000e+00 8.000000e+02 9.372698e-01 -1.000000e+00 0.000000e+00 -1.000000e+00 0.000000e+00 -1.000000e+00 -1.000000e+00 8.273526e-01 2.000000e+03 -1.000000e+00 0.000000e+00 -9.990070e+05 3.000000e+00 -1.000000e+00 -1.000000e+00 8.846876e-01 0.000000e+00 0.000000e+00 -1.000000e+00 4.684206e-01 -1.000000e+00 -9.990070e+05 4.684206e-01 9.764756e-01 9.952961e-01 -1.000000e+00 -1.000000e+00 0.000000e+00 -1.000000e+00 -1.0 0.000000e+00 9.372441e-01
-1.000000e+00 -1.000000e+00 4.000000e+03 -1.000000e+00 -1.000000e+00 0.000000e+00 5.767870e-02 -1.000000e+00 1.000000e+00 -1.000000e+00 0.000000e+00 -1.000000e+00 -1.000000e+00 2.130484e-03 2.000000e+02 -1.000000e+00 1.000000e+00 -9.990070e+05 3.000000e+00 -1.000000e+00 -1.000000e+00 1.183045e-02 0.000000e+00 0.000000e+00 -1.000000e+00 2.871044e-02 -1.000000e+00 -9.990070e+05 2.871044e-02 2.193603e-01 5.531536e-01 -1.000000e+00 -1.000000e+00 0.000000e+00 -1.000000e+00 -1.0 0.000000e+00 5.751088e-02
-1.000000e+00 -1.000000e+00 0.000000e+00 -1.000000e+00 -1.000000e+00 0.000000e+00 7.295204e-06 -1.000000e+00 0.000000e+00 -1.000000e+00 0.000000e+00 -1.000000e+00 -1.000000e+00 1.951579e-09 4.000000e+02 -1.000000e+00 0.000000e+00 -9.990070e+05 3.000000e+00 -1.000000e+00 -1.000000e+00 1.303865e-07 0.000000e+00 0.000000e+00 -1.000000e+00 3.649215e-06 -1.000000e+00 -9.990070e+05 3.649215e-06 2.925923e-04 6.630443e-03 -1.000000e+00 -1.000000e+00 0.000000e+00 -1.000000e+00 -1.0 0.000000e+00 7.297881e-06
-1.000000e+00 -1.000000e+00 0.000000e+00 -1.000000e+00 -1.000000e+00 0.000000e+00 2.031437e-22 -1.000000e+00 0.000000e+00 -1.000000e+00 0.000000e+00 -1.000000e+00 -1.000000e+00 1.742711e-30 6.000000e+02 -1.000000e+00 0.000000e+00 -9.990070e+05 3.000000e+00 -1.000000e+00 -1.000000e+00 2.076759e-26 0.000000e+00 0.000000e+00 -1.000000e+00 1.060378e-22 -1.000000e+00 -9.990070e+05 1.060378e-22 1.382830e-18 5.078358e-15 -1.000000e+00 -1.000000e+00 0.000000e+00 -1.000000e+00 -1.0 0.000000e+00 2.113381e-22
-1.000000e+00 -1.000000e+00 0.000000e+00 -1.000000e+00 -1.000000e+00 5.870000e+02 1.762866e-09 -1.000000e+00 0.000000e+00 -1.000000e+00 0.000000e+00 -1.000000e+00 -1.000000e+00 2.356939e-14 6.120000e+02 -1.000000e+00 0.000000e+00 -9.990070e+05 3.000000e+00 -1.000000e+00 -1.000000e+00 7.079049e-12 0.000000e+00 0.000000e+00 -1.000000e+00 8.938202e-10 -1.000000e+00 -9.990070e+05 8.938202e-10 3.098478e-07 2.999539e-05 -1.000000e+00 -1.000000e+00 0.000000e+00 -1.000000e+00 -1.0 0.000000e+00 1.784423e-09
-1.000000e+00 -1.000000e+00 0.000000e+00 -1.000000e+00 -1.000000e+00 5.750000e+02 1.682763e-08 -1.000000e+00 0.000000e+00 -1.000000e+00 0.000000e+00 -1.000000e+00 -1.000000e+00 4.707597e-13 6.250000e+02 -1.000000e+00 0.000000e+00 -9.990070e+05 3.000000e+00 -1.000000e+00 -1.000000e+00 9.765327e-11 0.000000e+00 0.000000e+00 -1.000000e+00 8.523042e-09 -1.000000e+00 -9.990070e+05 8.523042e-09 2.052537e-06 1.385177e-04 -1.000000e+00 -1.000000e+00 0.000000e+00 -1.000000e+00 -1.0 0.000000e+00 1.701593e-08
-1.000000e+00 -1.000000e+00 0.000000e+00 -1.000000e+00 -1.000000e+00 5.500000e+02 1.151229e-07 -1.000000e+00 0.000000e+00 -1.000000e+00 0.000000e+00 -1.000000e+00 -1.000000e+00 6.274206e-12 6.500000e+02 -1.000000e+00 0.000000e+00 -9.990070e+05 3.000000e+00 -1.000000e+00 -1.000000e+00 9.315442e-10 0.000000e+00 0.000000e+00 -1.000000e+00 5.808861e-08 -1.000000e+00 -9.990070e+05 5.808861e-08 1.010119e-05 4.927870e-04 -1.000000e+00 -1.000000e+00 0.000000e+00 -1.000000e+00 -1.0 0.000000e+00 1.160231e-07
-1.000000e+00 -1.000000e+00 0.000000e+00 -1.000000e+00 -1.000000e+00 5.000000e+02 4.085474e-06 -1.000000e+00 0.000000e+00 -1.000000e+00 0.000000e+00 -1.000000e+00 -1.000000e+00 8.620236e-10 7.000000e+02 -1.000000e+00 0.000000e+00 -9.990070e+05 3.000000e+00 -1.000000e+00 -1.000000e+00 6.488290e-08 0.000000e+00 0.000000e+00 -1.000000e+00 2.046492e-06 -1.000000e+00 -9.990070e+05 2.046492e-06 1.840948e-04 4.673476e-03 -1.000000e+00 -1.000000e+00 0.000000e+00 -1.000000e+00 -1.0 0.000000e+00 4.091737e-06
-1.000000e+00 -1.000000e+00 0.000000e+00 -1.000000e+00 -1.000000e+00 6.870000e+02 9.697098e-04 -1.000000e+00 0.000000e+00 -1.000000e+00 0.000000e+00 -1.000000e+00 -1.000000e+00 2.556687e-06 7.120000e+02 -1.000000e+00 0.000000e+00 -9.990070e+05 3.000000e+00 -1.000000e+00 -1.000000e+00 5.402863e-05 0.000000e+00 0.000000e+00 -1.000000e+00 4.855316e-04 -1.000000e+00 -9.990070e+05 4.855316e-04 1.277435e-02 9.919951e-02 -1.000000e+00 -1.000000e+00 0.000000e+00 -1.000000e+00 -1.0 0.000000e+00 9.707600e-04
-1.000000e+00 -1.000000e+00 0.000000e+00 -1.000000e+00 -1.000000e+00 6.750000e+02 3.162298e-03 -1.000000e+00 0.000000e+00 -1.000000e+00 0.000000e+00 -1.000000e+00 -1.000000e+00 1.618493e-05 7.250000e+02 -1.000000e+00 0.000000e+00 -9.990070e+05 3.000000e+00 -1.000000e+00 -1.000000e+00 2.447488e-04 0.000000e+00 0.000000e+00 -1.000000e+00 1.582825e-03 -1.000000e+00 -9.990070e+05 1.582825e-03 3.030687e-02 1.746474e-01 -1.000000e+00 -1.000000e+00 0.000000e+00 -1.000000e+00 -1.0 0.000000e+00 3.164824e-03
-1.000000e+00 -1.000000e+00 0.000000e+00 -1.000000e+00 -1.000000e+00 6.500000e+02 9.312033e-04 -1.000000e+00 0.000000e+00 -1.000000e+00 0.000000e+00 -1.000000e+00 -1.000000e+00 2.402370e-06 7.500000e+02 -1.000000e+00 0.000000e+00 -9.990070e+05 3.000000e+00 -1.000000e+00 -1.000000e+00 5.132690e-05 0.000000e+00 0.000000e+00 -1.000000e+00 4.690580e-04 -1.000000e+00 -9.990070e+05 4.690580e-04 1.239621e-02 9.722052e-02 -1.000000e+00 -1.000000e+00 0.000000e+00 -1.000000e+00 -1.0 0.000000e+00 9.365688e-04
-1.000000e+00 -1.000000e+00 0.000000e+00 -1.000000e+00 -1.000000e+00 0.000000e+00 4.251166e-22 -1.000000e+00 0.000000e+00 -1.000000e+00 0.000000e+00 -1.000000e+00 -1.000000e+00 4.234567e-30 8.000000e+02 -1.000000e+00 0.000000e+00 -9.990070e+05 3.000000e+00 -1.000000e+00 -1.000000e+00 4.682803e-26 0.000000e+00 0.000000e+00 -1.000000e+00 2.227766e-22 -1.000000e+00 -9.990070e+05 2.227766e-22 2.686103e-18 9.158255e-15 -1.000000e+00 -1.000000e+00 0.000000e+00 -1.000000e+00 -1.0 0.000000e+00 4.438501e-22
-1.000000e+00 -1.000000e+00 0.000000e+00 -1.000000e+00 -1.000000e+00 6.000000e+02 1.932828e-02 -1.000000e+00 0.000000e+00 -1.000000e+00 0.000000e+00 -1.000000e+00 -1.000000e+00 3.143774e-04 8.000000e+02 -1.000000e+00 0.000000e+00 -9.990070e+05 3.000000e+00 -1.000000e+00 -1.000000e+00 2.648470e-03 0.000000e+00 0.000000e+00 -1.000000e+00 9.749698e-03 -1.000000e+00 -9.990070e+05 9.749698e-03 1.072840e-01 3.758024e-01 -1.000000e+00 -1.000000e+00 0.000000e+00 -1.000000e+00 -1.0 0.000000e+00 1.944827e-02
-1.000000e+00 -1.000000e+00 4.000000e+03 -1.000000e+00 -1.000000e+00 7.870000e+02 6.168166e-02 -1.000000e+00 1.000000e+00 -1.000000e+00 0.000000e+00 -1.000000e+00 -1.000000e+00 2.405970e-03 8.120000e+02 -1.000000e+00 1.000000e+00 -9.990070e+05 2.000000e+00 -1.000000e+00 -1.000000e+00 1.299429e-02 0.000000e+00 0.000000e+00 -1.000000e+00 3.105409e-02 -1.000000e+00 -9.990070e+05 3.105409e-02 2.288470e-01 5.651365e-01 -1.000000e+00 -1.000000e+00 0.000000e+00 -1.000000e+00 -1.0 1.000000e+00 6.195718e-02
-1.000000e+00 -1.000000e+00 0.000000e+00 -1.000000e+00 -1.000000e+00 7.750000e+02 1.046189e-01 -1.000000e+00 0.000000e+00 -1.000000e+00 0.000000e+00 -1.000000e+00 -1.000000e+00 6.403507e-03 8.250000e+02 -1.000000e+00 0.000000e+00 -9.990070e+05 3.000000e+00 -1.000000e+00 -1.000000e+00 2.747926e-02 0.000000e+00 0.000000e+00 -1.000000e+00 5.230539e-02 -1.000000e+00 -9.990070e+05 5.230539e-02 3.169778e-01 6.620256e-01 -1.000000e+00 -1.000000e+00 0.000000e+00 -1.000000e+00 -1.0 0.000000e+00 1.046139e-01
-1.000000e+00 -1.000000e+00 0.000000e+00 -1.000000e+00 -1.000000e+00 5.500000e+02 2.901852e-02 -1.000000e+00 0.000000e+00 -1.000000e+00 0.000000e+00 -1.000000e+00 -1.000000e+00 6.316231e-04 8.500000e+02 -1.000000e+00 0.000000e+00 -9.990070e+05 3.000000e+00 -1.000000e+00 -1.000000e+00 4.589807e-03 0.000000e+00 0.000000e+00 -1.000000e+00 1.450711e-02 -1.000000e+00 -9.990070e+05 1.450711e-02 1.406772e-01 4.372544e-01 -1.000000e+00 -1.000000e+00 0.000000e+00 -1.000000e+00 -1.0 0.000000e+00 2.901557e-02
-1.000000e+00 -1.000000e+00 0.000000e+00 -1.000000e+00 -1.000000e+00 7.500000e+02 1.163316e-01 -1.000000e+00 0.000000e+00 -1.000000e+00 0.000000e+00 -1.000000e+00 -1.000000e+00 7.834953e-03 8.500000e+02 -1.000000e+00 0.000000e+00 -9.990070e+05 3.000000e+00 -1.000000e+00 -1.000000e+00 3.201697e-02 0.000000e+00 0.000000e+00 -1.000000e+00 5.832656e-02 -1.000000e+00 -9.990070e+05 5.832656e-02 3.378129e-01 6.817823e-01 -1.000000e+00 -1.000000e+00 0.000000e+00 -1.000000e+00 -1.0 0.000000e+00 1.165247e-01
-1.000000e+00 -1.000000e+00 0.000000e+00 -1.000000e+00 -1.000000e+00 5.000000e+02 7.292856e-03 -1.000000e+00 0.000000e+00 -1.000000e+00 0.000000e+00 -1.000000e+00 -1.000000e+00 6.208232e-05 9.000000e+02 -1.000000e+00 0.000000e+00 -9.990070e+05 3.000000e+00 -1.000000e+00 -1.000000e+00 7.259581e-04 0.000000e+00 0.000000e+00 -1.000000e+00 3.681305e-03 -1.000000e+00 -9.990070e+05 3.681305e-03 5.487808e-02 2.530066e-01 -1.000000e+00 -1.000000e+00 0.000000e+00 -1.000000e+00 -1.0 0.000000e+00 7.343947e-03
-1.000000e+00 -1.000000e+00 0.000000e+00 -1.000000e+00 -1.000000e+00 7.000000e+02 1.296517e-01 -1.000000e+00 0.000000e+00 -1.000000e+00 0.000000e+00 -1.000000e+00 -1.000000e+00 9.647522e-03 9.000000e+02 -1.000000e+00 0.000000e+00 -9.990070e+05 3.000000e+00 -1.000000e+00 -1.000000e+00 3.746218e-02 0.000000e+00 0.000000e+00 -1.000000e+00 6.524184e-02 -1.000000e+00 -9.990070e+05 6.524184e-02 3.602683e-01 7.019624e-01 -1.000000e+00 -1.000000e+00 0.000000e+00 -1.000000e+00 -1.0 0.000000e+00 1.301431e-01
-1.000000e+00 -1.000000e+00 0.000000e+00 -1.000000e+00 -1.000000e+00 8.870000e+02 3.997693e-01 -1.000000e+00 0.000000e+00 -1.000000e+00 0.000000e+00 -1.000000e+00 -1.000000e+00 9.851987e-02 9.120000e+02 -1.000000e+00 0.000000e+00 -9.990070e+05 3.000000e+00 -1.000000e+00 -1.000000e+00 2.063287e-01 0.000000e+00 0.000000e+00 -1.000000e+00 1.998052e-01 -1.000000e+00 -9.990070e+05 1.998052e-01 6.688797e-01 8.969673e-01 -1.000000e+00 -1.000000e+00 0.000000e+00 -1.000000e+00 -1.0 0.000000e+00 3.997009e-01
-1.000000e+00 -1.000000e+00 0.000000e+00 -1.000000e+00 -1.000000e+00 8.750000e+02 3.687608e-01 -1.000000e+00 0.000000e+00 -1.000000e+00 0.000000e+00 -1.000000e+00 -1.000000e+00 8.232858e-02 9.250000e+02 -1.000000e+00 0.000000e+00 -9.990070e+05 3.000000e+00 -1.000000e+00 -1.000000e+00 1.814978e-01 0.000000e+00 0.000000e+00 -1.000000e+00 1.846239e-01 -1.000000e+00 -9.990070e+05 1.846239e-01 6.421925e-01 8.847234e-01 -1.000000e+00 -1.000000e+00 0.000000e+00 -1.000000e+00 -1.0 0.000000e+00 3.689787e-01
-1.000000e+00 -1.000000e+00 0.000000e+00 -1.000000e+00 -1.000000e+00 6.500000e+02 2.092401e-01 -1.000000e+00 0.000000e+00 -1.000000e+00 0.000000e+00 -1.000000e+00 -1.000000e+00 2.486360e-02 9.500000e+02 -1.000000e+00 0.000000e+00 -9.990070e+05 3.000000e+00 -1.000000e+00 -1.000000e+00 7.592586e-02 0.000000e+00 0.000000e+00 -1.000000e+00 1.047205e-01 -1.000000e+00 -9.990070e+05 1.047205e-01 4.743686e-01 7.896294e-01 -1.000000e+00 -1.000000e+00 0.000000e+00 -1.000000e+00 -1.0 0.000000e+00 2.093485e-01
-1.000000e+00 -1.000000e+00 0.000000e+00 -1.000000e+00 -1.000000e+00 8.500000e+02 4.198849e-01 -1.000000e+00 0.000000e+00 -1.000000e+00 0.000000e+00 -1.000000e+00 -1.000000e+00 1.100304e-01 9.500000e+02 -1.000000e+00 0.000000e+00 -9.990070e+05 3.000000e+00 -1.000000e+00 -1.000000e+00 2.231928e-01 0.000000e+00 0.000000e+00 -1.000000e+00 2.097606e-01 -1.000000e+00 -9.990070e+05 2.097606e-01 6.854134e-01 9.042104e-01 -1.000000e+00 -1.000000e+00 0.000000e+00 -1.000000e+00 -1.0 0.000000e+00 4.197327e-01
