-1.000000e+00 -1.000000e+00 0.000000e+00 -1.000000e+00 -1.000000e+00 0.000000e+00 1.593381e-01 -1.000000e+00 0.000000e+00 -1.000000e+00 0.000000e+00 -1.000000e+00 -1.000000e+00 1.441942e-02 1.600000e+03 -1.000000e+00 0.000000e+00 -9.990070e+05 3.000000e+00 -1.000000e+00 -1.000000e+00 5.064729e-02 0.000000e+00 0.000000e+00 -1.000000e+00 2.825712e-01 -1.000000e+00 -9.990070e+05 2.825712e-01 4.063655e-01 7.401471e-01 -1.000000e+00 -1.000000e+00 0.000000e+00 -1.000000e+00 3 0.000000e+00 3.544020e-01
-1.000000e+00 -1.000000e+00 0.000000e+00 -1.000000e+00 -1.000000e+00 6.000000e+02 8.181601e-01 -1.000000e+00 0.000000e+00 -1.000000e+00 0.000000e+00 -1.000000e+00 -1.000000e+00 5.660030e-01 2.000000e+03 -1.000000e+00 0.000000e+00 -9.990070e+05 3.000000e+00 -1.000000e+00 -1.000000e+00 6.893250e-01 1.000000e+00 0.000000e+00 -1.000000e+00 5.000000e-01 -1.000000e+00 -9.990070e+05 5.000000e-01 9.263458e-01 9.840306e-01 -1.000000e+00 -1.000000e+00 0.000000e+00 -1.000000e+00 3 0.000000e+00 8.461383e-01
-1.000000e+00 -1.000000e+00 0.000000e+00 -1.000000e+00 -1.000000e+00 4.500000e+02 5.477191e-06 -1.000000e+00 0.000000e+00 -1.000000e+00 0.000000e+00 -1.000000e+00 -1.000000e+00 1.302107e-09 1.150000e+03 -1.000000e+00 0.000000e+00 -9.990070e+05 3.000000e+00 -1.000000e+00 -1.000000e+00 9.230779e-08 0.000000e+00 0.000000e+00 -1.000000e+00 5.665294e-09 -1.000000e+00 -9.990070e+05 5.665294e-09 2.327702e-04 5.581050e-03 -1.000000e+00 -1.000000e+00 0.000000e+00 -1.000000e+00 6 0.000000e+00 4.634682e-08
-1.000000e+00 -1.000000e+00 0.000000e+00 -1.000000e+00 -1.000000e+00 7.000000e+02 7.339660e-02 -1.000000e+00 0.000000e+00 -1.000000e+00 0.000000e+00 -1.000000e+00 -1.000000e+00 3.306160e-03 1.300000e+03 -1.000000e+00 0.000000e+00 -9.990070e+05 3.000000e+00 -1.000000e+00 -1.000000e+00 1.659259e-02 0.000000e+00 0.000000e+00 -1.000000e+00 8.334365e-04 -1.000000e+00 -9.990070e+05 8.334365e-04 2.551389e-01 5.965997e-01 -1.000000e+00 -1.000000e+00 0.000000e+00 -1.000000e+00 6 0.000000e+00 9.477976e-03
-1.000000e+00 -1.000000e+00 0.000000e+00 -1.000000e+00 -1.000000e+00 1.000000e+02 7.242173e-01 -1.000000e+00 0.000000e+00 -1.000000e+00 0.000000e+00 -1.000000e+00 -1.000000e+00 4.094755e-01 1.900000e+03 -1.000000e+00 0.000000e+00 -9.990070e+05 3.000000e+00 -1.000000e+00 -1.000000e+00 5.550101e-01 1.000000e+00 0.000000e+00 -1.000000e+00 5.000000e-01 -1.000000e+00 -9.990070e+05 5.000000e-01 8.810177e-01 9.723600e-01 -1.000000e+00 -1.000000e+00 0.000000e+00 -1.000000e+00 3 0.000000e+00 7.838325e-01
-1.000000e+00 -1.000000e+00 0.000000e+00 -1.000000e+00 -1.000000e+00 5.000000e+01 2.238508e-07 -1.000000e+00 0.000000e+00 -1.000000e+00 0.000000e+00 -1.000000e+00 -1.000000e+00 1.550652e-11 1.150000e+03 -1.000000e+00 0.000000e+00 -9.990070e+05 3.000000e+00 -1.000000e+00 -1.000000e+00 2.041309e-09 0.000000e+00 0.000000e+00 -1.000000e+00 2.874135e-06 -1.000000e+00 -9.990070e+05 2.874135e-06 1.744974e-05 7.578062e-04 -1.000000e+00 -1.000000e+00 0.000000e+00 -1.000000e+00 3 0.000000e+00 3.884704e-06
-1.000000e+00 -1.000000e+00 0.000000e+00 -1.000000e+00 -1.000000e+00 5.000000e+02 5.518349e-04 -1.000000e+00 0.000000e+00 -1.000000e+00 0.000000e+00 -1.000000e+00 -1.000000e+00 1.080900e-06 7.000000e+02 -1.000000e+00 0.000000e+00 -9.990070e+05 3.000000e+00 -1.000000e+00 -1.000000e+00 2.653198e-05 0.000000e+00 0.000000e+00 -1.000000e+00 2.797273e-04 -1.000000e+00 -9.990070e+05 2.797273e-04 8.390174e-03 7.463714e-02 -1.000000e+00 -1.000000e+00 0.000000e+00 -1.000000e+00 5 0.000000e+00 5.578079e-04
-1.000000e+00 -1.000000e+00 0.000000e+00 -1.000000e+00 -1.000000e+00 7.500000e+02 3.881692e-01 -1.000000e+00 0.000000e+00 -1.000000e+00 0.000000e+00 -1.000000e+00 -1.000000e+00 9.224714e-02 1.050000e+03 -1.000000e+00 0.000000e+00 -9.990070e+05 3.000000e+00 -1.000000e+00 -1.000000e+00 1.968746e-01 0.000000e+00 0.000000e+00 -1.000000e+00 1.083134e-02 -1.000000e+00 -9.990070e+05 1.083134e-02 6.590727e-01 8.925485e-01 -1.000000e+00 -1.000000e+00 0.000000e+00 -1.000000e+00 6 0.000000e+00 1.427285e-01
-1.000000e+00 -1.000000e+00 0.000000e+00 -1.000000e+00 -1.000000e+00 5.000000e+02 1.456441e-04 -1.000000e+00 0.000000e+00 -1.000000e+00 0.000000e+00 -1.000000e+00 -1.000000e+00 1.471597e-07 9.000000e+02 -1.000000e+00 0.000000e+00 -9.990070e+05 3.000000e+00 -1.000000e+00 -1.000000e+00 5.040897e-06 0.000000e+00 0.000000e+00 -1.000000e+00 2.741930e-07 -1.000000e+00 -9.990070e+05 2.741930e-07 3.052222e-03 3.689772e-02 -1.000000e+00 -1.000000e+00 0.000000e+00 -1.000000e+00 6 0.000000e+00 2.424232e-06
-1.000000e+00 -1.000000e+00 0.000000e+00 -1.000000e+00 -1.000000e+00 6.000000e+02 2.834584e-01 -1.000000e+00 0.000000e+00 -1.000000e+00 0.000000e+00 -1.000000e+00 -1.000000e+00 4.664040e-02 1.600000e+03 -1.000000e+00 0.000000e+00 -9.990070e+05 3.000000e+00 -1.000000e+00 -1.000000e+00 1.204219e-01 0.000000e+00 0.000000e+00 -1.000000e+00 4.126685e-01 -1.000000e+00 -9.990070e+05 4.126685e-01 5.599002e-01 8.423077e-01 -1.000000e+00 -1.000000e+00 0.000000e+00 -1.000000e+00 3 0.000000e+00 5.139954e-01
-1.000000e+00 -1.000000e+00 0.000000e+00 -1.000000e+00 -1.000000e+00 8.500000e+02 8.090823e-01 -1.000000e+00 0.000000e+00 -1.000000e+00 0.000000e+00 -1.000000e+00 -1.000000e+00 5.491525e-01 1.950000e+03 -1.000000e+00 0.000000e+00 -9.990070e+05 3.000000e+00 -1.000000e+00 -1.000000e+00 6.756173e-01 1.000000e+00 0.000000e+00 -1.000000e+00 5.000000e-01 -1.000000e+00 -9.990070e+05 5.000000e-01 9.222037e-01 9.830233e-01 -1.000000e+00 -1.000000e+00 0.000000e+00 -1.000000e+00 3 0.000000e+00 8.396886e-01
-1.000000e+00 -1.000000e+00 0.000000e+00 -1.000000e+00 -1.000000e+00 9.000000e+02 7.684738e-01 -1.000000e+00 0.000000e+00 -1.000000e+00 0.000000e+00 -1.000000e+00 -1.000000e+00 4.784401e-01 1.100000e+03 -1.000000e+00 0.000000e+00 -9.990070e+05 3.000000e+00 -1.000000e+00 -1.000000e+00 6.162324e-01 0.000000e+00 0.000000e+00 -1.000000e+00 3.841970e-01 -1.000000e+00 -9.990070e+05 3.841970e-01 9.030665e-01 9.782159e-01 -1.000000e+00 -1.000000e+00 0.000000e+00 -1.000000e+00 5 0.000000e+00 7.684580e-01
-1.000000e+00 -1.000000e+00 0.000000e+00 -1.000000e+00 -1.000000e+00 0.000000e+00 7.521794e-01 -1.000000e+00 0.000000e+00 -1.000000e+00 0.000000e+00 -1.000000e+00 -1.000000e+00 4.521071e-01 1.800000e+03 -1.000000e+00 0.000000e+00 -9.990070e+05 3.000000e+00 -1.000000e+00 -1.000000e+00 5.932746e-01 0.000000e+00 0.000000e+00 -1.000000e+00 2.090979e-01 -1.000000e+00 -9.990070e+05 2.090979e-01 8.950980e-01 9.761390e-01 -1.000000e+00 -1.000000e+00 0.000000e+00 -1.000000e+00 7 0.000000e+00 6.729294e-01
-1.000000e+00 -1.000000e+00 0.000000e+00 -1.000000e+00 -1.000000e+00 5.500000e+02 2.988661e-03 -1.000000e+00 0.000000e+00 -1.000000e+00 0.000000e+00 -1.000000e+00 -1.000000e+00 1.479841e-05 1.250000e+03 -1.000000e+00 0.000000e+00 -9.990070e+05 3.000000e+00 -1.000000e+00 -1.000000e+00 2.275520e-04 0.000000e+00 0.000000e+00 -1.000000e+00 1.157171e-05 -1.000000e+00 -9.990070e+05 1.157171e-05 2.909887e-02 1.701684e-01 -1.000000e+00 -1.000000e+00 0.000000e+00 -1.000000e+00 6 0.000000e+00 1.120811e-04
-1.000000e+00 -1.000000e+00 0.000000e+00 -1.000000e+00 -1.000000e+00 8.000000e+02 6.196897e-01 -1.000000e+00 0.000000e+00 -1.000000e+00 0.000000e+00 -1.000000e+00 -1.000000e+00 2.758224e-01 1.000000e+03 -1.000000e+00 0.000000e+00 -9.990070e+05 3.000000e+00 -1.000000e+00 -1.000000e+00 4.241211e-01 0.000000e+00 0.000000e+00 -1.000000e+00 3.101124e-01 -1.000000e+00 -9.990070e+05 3.101124e-01 8.234049e-01 9.554076e-01 -1.000000e+00 -1.000000e+00 0.000000e+00 -1.000000e+00 5 0.000000e+00 6.198497e-01
-1.000000e+00 -1.000000e+00 0.000000e+00 -1.000000e+00 -1.000000e+00 5.000000e+01 4.599418e-01 -1.000000e+00 0.000000e+00 -1.000000e+00 0.000000e+00 -1.000000e+00 -1.000000e+00 1.354654e-01 1.750000e+03 -1.000000e+00 0.000000e+00 -9.990070e+05 3.000000e+00 -1.000000e+00 -1.000000e+00 2.585633e-01 1.000000e+00 0.000000e+00 -1.000000e+00 5.000000e-01 -1.000000e+00 -9.990070e+05 5.000000e-01 7.166811e-01 9.172229e-01 -1.000000e+00 -1.000000e+00 0.000000e+00 -1.000000e+00 3 0.000000e+00 6.493261e-01
-1.000000e+00 -1.000000e+00 0.000000e+00 -1.000000e+00 -1.000000e+00 4.000000e+02 1.763704e-01 -1.000000e+00 0.000000e+00 -1.000000e+00 0.000000e+00 -1.000000e+00 -1.000000e+00 1.763188e-02 1.600000e+03 -1.000000e+00 0.000000e+00 -9.990070e+05 3.000000e+00 -1.000000e+00 -1.000000e+00 5.884457e-02 0.000000e+00 0.000000e+00 -1.000000e+00 3.026793e-01 -1.000000e+00 -9.990070e+05 3.026793e-01 4.307549e-01 7.587645e-01 -1.000000e+00 -1.000000e+00 0.000000e+00 -1.000000e+00 3 0.000000e+00 3.791894e-01
-1.000000e+00 -1.000000e+00 0.000000e+00 -1.000000e+00 -1.000000e+00 8.000000e+02 8.018436e-01 -1.000000e+00 0.000000e+00 -1.000000e+00 0.000000e+00 -1.000000e+00 -1.000000e+00 5.359958e-01 1.800000e+03 -1.000000e+00 0.000000e+00 -9.990070e+05 3.000000e+00 -1.000000e+00 -1.000000e+00 6.648011e-01 0.000000e+00 0.000000e+00 -1.000000e+00 4.129579e-02 -1.000000e+00 -9.990070e+05 4.129579e-02 9.188658e-01 9.822030e-01 -1.000000e+00 -1.000000e+00 0.000000e+00 -1.000000e+00 6 0.000000e+00 6.003373e-01
-1.000000e+00 -1.000000e+00 0.000000e+00 -1.000000e+00 -1.000000e+00 4.000000e+02 8.212943e-01 -1.000000e+00 0.000000e+00 -1.000000e+00 0.000000e+00 -1.000000e+00 -1.000000e+00 5.719127e-01 2.000000e+03 -1.000000e+00 0.000000e+00 -9.990070e+05 3.000000e+00 -1.000000e+00 -1.000000e+00 6.940949e-01 1.000000e+00 0.000000e+00 -1.000000e+00 5.000000e-01 -1.000000e+00 -9.990070e+05 5.000000e-01 9.277646e-01 9.843729e-01 -1.000000e+00 -1.000000e+00 0.000000e+00 -1.000000e+00 3 0.000000e+00 8.483882e-01
-1.000000e+00 -1.000000e+00 0.000000e+00 -1.000000e+00 -1.000000e+00 6.000000e+02 9.198135e-02 -1.000000e+00 0.000000e+00 -1.000000e+00 0.000000e+00 -1.000000e+00 -1.000000e+00 5.025663e-03 8.000000e+02 -1.000000e+00 0.000000e+00 -9.990070e+05 3.000000e+00 -1.000000e+00 -1.000000e+00 2.285511e-02 0.000000e+00 0.000000e+00 -1.000000e+00 4.601047e-02 -1.000000e+00 -9.990070e+05 4.601047e-02 2.931737e-01 6.381223e-01 -1.000000e+00 -1.000000e+00 0.000000e+00 -1.000000e+00 5 0.000000e+00 9.200588e-02
-1.000000e+00 -1.000000e+00 0.000000e+00 -1.000000e+00 -1.000000e+00 9.000000e+02 6.126365e-01 -1.000000e+00 0.000000e+00 -1.000000e+00 0.000000e+00 -1.000000e+00 -1.000000e+00 2.681245e-01 1.300000e+03 -1.000000e+00 0.000000e+00 -9.990070e+05 3.000000e+00 -1.000000e+00 -1.000000e+00 4.159544e-01 0.000000e+00 0.000000e+00 -1.000000e+00 2.429371e-02 -1.000000e+00 -9.990070e+05 2.429371e-02 8.192078e-01 9.540766e-01 -1.000000e+00 -1.000000e+00 0.000000e+00 -1.000000e+00 6 0.000000e+00 3.405324e-01
-1.000000e+00 -1.000000e+00 0.000000e+00 -1.000000e+00 -1.000000e+00 5.500000e+02 4.970475e-05 -1.000000e+00 0.000000e+00 -1.000000e+00 0.000000e+00 -1.000000e+00 -1.000000e+00 3.047766e-08 6.500000e+02 -1.000000e+00 0.000000e+00 -9.990070e+05 3.000000e+00 -1.000000e+00 -1.000000e+00 1.342151e-06 0.000000e+00 0.000000e+00 -1.000000e+00 2.538287e-05 -1.000000e+00 -9.990070e+05 2.538287e-05 1.328564e-03 2.030452e-02 -1.000000e+00 -1.000000e+00 0.000000e+00 -1.000000e+00 5 0.000000e+00 5.056653e-05
-1.000000e+00 -1.000000e+00 0.000000e+00 -1.000000e+00 -1.000000e+00 8.500000e+02 5.612208e-01 -1.000000e+00 0.000000e+00 -1.000000e+00 0.000000e+00 -1.000000e+00 -1.000000e+00 2.164960e-01 9.500000e+02 -1.000000e+00 0.000000e+00 -9.990070e+05 3.000000e+00 -1.000000e+00 -1.000000e+00 3.588642e-01 0.000000e+00 0.000000e+00 -1.000000e+00 2.810139e-01 -1.000000e+00 -9.990070e+05 2.810139e-01 7.872888e-01 9.435112e-01 -1.000000e+00 -1.000000e+00 0.000000e+00 -1.000000e+00 5 0.000000e+00 5.614915e-01
-1.000000e+00 -1.000000e+00 0.000000e+00 -1.000000e+00 -1.000000e+00 2.000000e+02 8.245211e-01 -1.000000e+00 0.000000e+00 -1.000000e+00 0.000000e+00 -1.000000e+00 -1.000000e+00 5.780471e-01 2.000000e+03 -1.000000e+00 0.000000e+00 -9.990070e+05 3.000000e+00 -1.000000e+00 -1.000000e+00 6.990260e-01 1.000000e+00 0.000000e+00 -1.000000e+00 5.000000e-01 -1.000000e+00 -9.990070e+05 5.000000e-01 9.292195e-01 9.847225e-01 -1.000000e+00 -1.000000e+00 0.000000e+00 -1.000000e+00 3 0.000000e+00 8.507171e-01
-1.000000e+00 -1.000000e+00 0.000000e+00 -1.000000e+00 -1.000000e+00 5.000000e+02 1.038699e-01 -1.000000e+00 0.000000e+00 -1.000000e+00 0.000000e+00 -1.000000e+00 -1.000000e+00 6.317053e-03 1.500000e+03 -1.000000e+00 0.000000e+00 -9.990070e+05 3.000000e+00 -1.000000e+00 -1.000000e+00 2.719722e-02 0.000000e+00 0.000000e+00 -1.000000e+00 2.098877e-01 -1.000000e+00 -9.990070e+05 2.098877e-01 3.156072e-01 6.606890e-01 -1.000000e+00 -1.000000e+00 0.000000e+00 -1.000000e+00 3 0.000000e+00 2.644195e-01
-1.000000e+00 -1.000000e+00 0.000000e+00 -1.000000e+00 -1.000000e+00 5.000000e+02 3.878715e-01 -1.000000e+00 0.000000e+00 -1.000000e+00 0.000000e+00 -1.000000e+00 -1.000000e+00 9.208960e-02 1.700000e+03 -1.000000e+00 0.000000e+00 -9.990070e+05 3.000000e+00 -1.000000e+00 -1.000000e+00 1.966346e-01 1.000000e+00 0.000000e+00 -1.000000e+00 5.000000e-01 -1.000000e+00 -9.990070e+05 5.000000e-01 6.588183e-01 8.924326e-01 -1.000000e+00 -1.000000e+00 0.000000e+00 -1.000000e+00 3 0.000000e+00 6.202979e-01
-1.000000e+00 -1.000000e+00 0.000000e+00 -1.000000e+00 -1.000000e+00 7.750000e+02 2.403855e-01 -1.000000e+00 0.000000e+00 -1.000000e+00 0.000000e+00 -1.000000e+00 -1.000000e+00 3.304186e-02 8.250000e+02 -1.000000e+00 0.000000e+00 -9.990070e+05 3.000000e+00 -1.000000e+00 -1.000000e+00 9.360971e-02 0.000000e+00 0.000000e+00 -1.000000e+00 1.203034e-01 -1.000000e+00 -9.990070e+05 1.203034e-01 5.121840e-01 8.141124e-01 -1.000000e+00 -1.000000e+00 0.000000e+00 -1.000000e+00 5 0.000000e+00 2.405008e-01
-1.000000e+00 -1.000000e+00 0.000000e+00 -1.000000e+00 -1.000000e+00 1.000000e+02 3.488832e-02 -1.000000e+00 0.000000e+00 -1.000000e+00 0.000000e+00 -1.000000e+00 -1.000000e+00 8.708857e-04 1.500000e+03 -1.000000e+00 0.000000e+00 -9.990070e+05 3.000000e+00 -1.000000e+00 -1.000000e+00 5.902978e-03 0.000000e+00 0.000000e+00 -1.000000e+00 9.395919e-02 -1.000000e+00 -9.990070e+05 9.395919e-02 1.587630e-01 4.669661e-01 -1.000000e+00 -1.000000e+00 0.000000e+00 -1.000000e+00 3 0.000000e+00 1.195289e-01
-1.000000e+00 -1.000000e+00 0.000000e+00 -1.000000e+00 -1.000000e+00 1.000000e+02 1.099705e-09 -1.000000e+00 0.000000e+00 -1.000000e+00 0.000000e+00 -1.000000e+00 -1.000000e+00 1.266611e-14 1.100000e+03 -1.000000e+00 0.000000e+00 -9.990070e+05 3.000000e+00 -1.000000e+00 -1.000000e+00 4.099470e-12 0.000000e+00 0.000000e+00 -1.000000e+00 3.773604e-13 -1.000000e+00 -9.990070e+05 3.773604e-13 2.081043e-07 2.167240e-05 -1.000000e+00 -1.000000e+00 0.000000e+00 -1.000000e+00 6 0.000000e+00 2.672400e-12
-1.000000e+00 -1.000000e+00 0.000000e+00 -1.000000e+00 -1.000000e+00 5.500000e+02 3.653385e-04 -1.000000e+00 0.000000e+00 -1.000000e+00 0.000000e+00 -1.000000e+00 -1.000000e+00 5.796900e-07 1.050000e+03 -1.000000e+00 0.000000e+00 -9.990070e+05 3.000000e+00 -1.000000e+00 -1.000000e+00 1.582172e-05 0.000000e+00 0.000000e+00 -1.000000e+00 8.399178e-07 -1.000000e+00 -9.990070e+05 8.399178e-07 6.150473e-03 6.028815e-02 -1.000000e+00 -1.000000e+00 0.000000e+00 -1.000000e+00 6 0.000000e+00 7.610828e-06
-1.000000e+00 -1.000000e+00 0.000000e+00 -1.000000e+00 -1.000000e+00 2.500000e+02 5.395491e-08 -1.000000e+00 0.000000e+00 -1.000000e+00 0.000000e+00 -1.000000e+00 -1.000000e+00 2.250706e-12 1.150000e+03 -1.000000e+00 0.000000e+00 -9.990070e+05 3.000000e+00 -1.000000e+00 -1.000000e+00 3.821190e-10 0.000000e+00 0.000000e+00 -1.000000e+00 2.671180e-11 -1.000000e+00 -9.990070e+05 2.671180e-11 5.402086e-06 3.001022e-04 -1.000000e+00 -1.000000e+00 0.000000e+00 -1.000000e+00 6 0.000000e+00 2.044484e-10
-1.000000e+00 -1.000000e+00 0.000000e+00 -1.000000e+00 -1.000000e+00 8.500000e+02 4.993970e-01 -1.000000e+00 0.000000e+00 -1.000000e+00 0.000000e+00 -1.000000e+00 -1.000000e+00 1.640243e-01 1.550000e+03 -1.000000e+00 0.000000e+00 -9.990070e+05 3.000000e+00 -1.000000e+00 -1.000000e+00 2.957613e-01 0.000000e+00 0.000000e+00 -1.000000e+00 1.666517e-02 -1.000000e+00 -9.990070e+05 1.666517e-02 7.455248e-01 9.284643e-01 -1.000000e+00 -1.000000e+00 0.000000e+00 -1.000000e+00 6 0.000000e+00 2.277860e-01
-1.000000e+00 -1.000000e+00 0.000000e+00 -1.000000e+00 -1.000000e+00 7.000000e+02 4.962310e-01 -1.000000e+00 0.000000e+00 -1.000000e+00 0.000000e+00 -1.000000e+00 -1.000000e+00 1.615973e-01 1.700000e+03 -1.000000e+00 0.000000e+00 -9.990070e+05 3.000000e+00 -1.000000e+00 -1.000000e+00 2.926890e-01 1.000000e+00 0.000000e+00 -1.000000e+00 5.000000e-01 -1.000000e+00 -9.990070e+05 5.000000e-01 7.432769e-01 9.276137e-01 -1.000000e+00 -1.000000e+00 0.000000e+00 -1.000000e+00 3 0.000000e+00 6.649957e-01
-1.000000e+00 -1.000000e+00 0.000000e+00 -1.000000e+00 -1.000000e+00 6.500000e+02 2.987197e-01 -1.000000e+00 0.000000e+00 -1.000000e+00 0.000000e+00 -1.000000e+00 -1.000000e+00 5.213613e-02 1.550000e+03 -1.000000e+00 0.000000e+00 -9.990070e+05 3.000000e+00 -1.000000e+00 -1.000000e+00 1.305717e-01 0.000000e+00 0.000000e+00 -1.000000e+00 4.264150e-01 -1.000000e+00 -9.990070e+05 4.264150e-01 5.757120e-01 8.510392e-01 -1.000000e+00 -1.000000e+00 0.000000e+00 -1.000000e+00 3 0.000000e+00 5.307913e-01
-1.000000e+00 -1.000000e+00 0.000000e+00 -1.000000e+00 -1.000000e+00 5.000000e+01 8.958417e-02 -1.000000e+00 0.000000e+00 -1.000000e+00 0.000000e+00 -1.000000e+00 -1.000000e+00 4.783522e-03 1.550000e+03 -1.000000e+00 0.000000e+00 -9.990070e+05 3.000000e+00 -1.000000e+00 -1.000000e+00 2.201071e-02 0.000000e+00 0.000000e+00 -1.000000e+00 1.887654e-01 -1.000000e+00 -9.990070e+05 1.887654e-01 2.884848e-01 6.332344e-01 -1.000000e+00 -1.000000e+00 0.000000e+00 -1.000000e+00 3 0.000000e+00 2.381886e-01
-1.000000e+00 -1.000000e+00 0.000000e+00 -1.000000e+00 -1.000000e+00 7.870000e+02 1.778695e-01 -1.000000e+00 0.000000e+00 -1.000000e+00 0.000000e+00 -1.000000e+00 -1.000000e+00 1.793175e-02 8.120000e+02 -1.000000e+00 0.000000e+00 -9.990070e+05 3.000000e+00 -1.000000e+00 -1.000000e+00 5.958768e-02 0.000000e+00 0.000000e+00 -1.000000e+00 8.893970e-02 -1.000000e+00 -9.990070e+05 8.893970e-02 4.328386e-01 7.603081e-01 -1.000000e+00 -1.000000e+00 0.000000e+00 -1.000000e+00 5 0.000000e+00 1.778750e-01
-1.000000e+00 -1.000000e+00 0.000000e+00 -1.000000e+00 -1.000000e+00 3.000000e+02 5.712207e-04 -1.000000e+00 0.000000e+00 -1.000000e+00 0.000000e+00 -1.000000e+00 -1.000000e+00 1.139062e-06 1.300000e+03 -1.000000e+00 0.000000e+00 -9.990070e+05 3.000000e+00 -1.000000e+00 -1.000000e+00 2.770885e-05 0.000000e+00 0.000000e+00 -1.000000e+00 3.261341e-03 -1.000000e+00 -9.990070e+05 3.261341e-03 8.610193e-03 7.596795e-02 -1.000000e+00 -1.000000e+00 0.000000e+00 -1.000000e+00 3 0.000000e+00 4.259489e-03
-1.000000e+00 -1.000000e+00 0.000000e+00 -1.000000e+00 -1.000000e+00 8.000000e+02 2.836222e-01 -1.000000e+00 0.000000e+00 -1.000000e+00 0.000000e+00 -1.000000e+00 -1.000000e+00 4.669746e-02 1.400000e+03 -1.000000e+00 0.000000e+00 -9.990070e+05 3.000000e+00 -1.000000e+00 -1.000000e+00 1.205291e-01 0.000000e+00 0.000000e+00 -1.000000e+00 6.419069e-03 -1.000000e+00 -9.990070e+05 6.419069e-03 5.600728e-01 8.424045e-01 -1.000000e+00 -1.000000e+00 0.000000e+00 -1.000000e+00 6 0.000000e+00 8.189025e-02
-1.000000e+00 -1.000000e+00 0.000000e+00 -1.000000e+00 -1.000000e+00 2.000000e+02 5.242419e-02 -1.000000e+00 0.000000e+00 -1.000000e+00 0.000000e+00 -1.000000e+00 -1.000000e+00 1.793529e-03 1.400000e+03 -1.000000e+00 0.000000e+00 -9.990070e+05 3.000000e+00 -1.000000e+00 -1.000000e+00 1.035579e-02 0.000000e+00 0.000000e+00 -1.000000e+00 8.776027e-03 -1.000000e+00 -9.990070e+05 8.776027e-03 2.064584e-01 5.362681e-01 -1.000000e+00 -1.000000e+00 0.000000e+00 -1.000000e+00 7 0.000000e+00 2.645995e-02
-1.000000e+00 -1.000000e+00 0.000000e+00 -1.000000e+00 -1.000000e+00 2.500000e+02 4.656622e-01 -1.000000e+00 0.000000e+00 -1.000000e+00 0.000000e+00 -1.000000e+00 -1.000000e+00 1.393835e-01 1.750000e+03 -1.000000e+00 0.000000e+00 -9.990070e+05 3.000000e+00 -1.000000e+00 -1.000000e+00 2.638104e-01 1.000000e+00 0.000000e+00 -1.000000e+00 5.000000e-01 -1.000000e+00 -9.990070e+05 5.000000e-01 7.209780e-01 9.189430e-01 -1.000000e+00 -1.000000e+00 0.000000e+00 -1.000000e+00 3 0.000000e+00 6.517470e-01
-1.000000e+00 -1.000000e+00 0.000000e+00 -1.000000e+00 -1.000000e+00 3.500000e+02 8.178576e-01 -1.000000e+00 0.000000e+00 -1.000000e+00 0.000000e+00 -1.000000e+00 -1.000000e+00 5.654350e-01 1.850000e+03 -1.000000e+00 0.000000e+00 -9.990070e+05 3.000000e+00 -1.000000e+00 -1.000000e+00 6.888655e-01 0.000000e+00 0.000000e+00 -1.000000e+00 2.336755e-01 -1.000000e+00 -9.990070e+05 2.336755e-01 9.262085e-01 9.839974e-01 -1.000000e+00 -1.000000e+00 0.000000e+00 -1.000000e+00 7 0.000000e+00 7.543448e-01
-1.000000e+00 -1.000000e+00 0.000000e+00 -1.000000e+00 -1.000000e+00 6.870000e+02 1.476963e-02 -1.000000e+00 0.000000e+00 -1.000000e+00 0.000000e+00 -1.000000e+00 -1.000000e+00 1.995758e-04 7.120000e+02 -1.000000e+00 0.000000e+00 -9.990070e+05 3.000000e+00 -1.000000e+00 -1.000000e+00 1.847002e-03 0.000000e+00 0.000000e+00 -1.000000e+00 7.393617e-03 -1.000000e+00 -9.990070e+05 7.393617e-03 8.940451e-02 3.383994e-01 -1.000000e+00 -1.000000e+00 0.000000e+00 -1.000000e+00 5 0.000000e+00 1.478216e-02
-1.000000e+00 -1.000000e+00 0.000000e+00 -1.000000e+00 -1.000000e+00 3.000000e+02 4.459616e-02 -1.000000e+00 0.000000e+00 -1.000000e+00 0.000000e+00 -1.000000e+00 -1.000000e+00 1.343293e-03 1.500000e+03 -1.000000e+00 0.000000e+00 -9.990070e+05 3.000000e+00 -1.000000e+00 -1.000000e+00 8.275473e-03 0.000000e+00 0.000000e+00 -1.000000e+00 1.131326e-01 -1.000000e+00 -9.990070e+05 1.131326e-01 1.861553e-01 5.081929e-01 -1.000000e+00 -1.000000e+00 0.000000e+00 -1.000000e+00 3 0.000000e+00 1.436271e-01
-1.000000e+00 -1.000000e+00 0.000000e+00 -1.000000e+00 -1.000000e+00 9.000000e+02 5.283440e-01 -1.000000e+00 0.000000e+00 -1.000000e+00 0.000000e+00 -1.000000e+00 -1.000000e+00 1.873623e-01 1.500000e+03 -1.000000e+00 0.000000e+00 -9.990070e+05 3.000000e+00 -1.000000e+00 -1.000000e+00 3.245662e-01 0.000000e+00 0.000000e+00 -1.000000e+00 1.841560e-02 -1.000000e+00 -9.990070e+05 1.841560e-02 7.655709e-01 9.358639e-01 -1.000000e+00 -1.000000e+00 0.000000e+00 -1.000000e+00 6 0.000000e+00 2.538501e-01
-1.000000e+00 -1.000000e+00 0.000000e+00 -1.000000e+00 -1.000000e+00 0.000000e+00 8.990091e-02 -1.000000e+00 0.000000e+00 -1.000000e+00 0.000000e+00 -1.000000e+00 -1.000000e+00 4.815168e-03 2.000000e+02 -1.000000e+00 0.000000e+00 -9.990070e+05 3.000000e+00 -1.000000e+00 -1.000000e+00 2.212167e-02 0.000000e+00 0.000000e+00 -1.000000e+00 4.368483e-02 -1.000000e+00 -9.990070e+05 4.368483e-02 2.891077e-01 6.338873e-01 -1.000000e+00 -1.000000e+00 0.000000e+00 -1.000000e+00 1 0.000000e+00 8.832228e-02
-1.000000e+00 -1.000000e+00 0.000000e+00 -1.000000e+00 -1.000000e+00 5.000000e+01 7.858939e-01 -1.000000e+00 0.000000e+00 -1.000000e+00 0.000000e+00 -1.000000e+00 -1.000000e+00 5.078624e-01 1.950000e+03 -1.000000e+00 0.000000e+00 -9.990070e+05 3.000000e+00 -1.000000e+00 -1.000000e+00 6.413237e-01 1.000000e+00 0.000000e+00 -1.000000e+00 5.000000e-01 -1.000000e+00 -9.990070e+05 5.000000e-01 9.113998e-01 9.803404e-01 -1.000000e+00 -1.000000e+00 0.000000e+00 -1.000000e+00 3 0.000000e+00 8.236512e-01
-1.000000e+00 -1.000000e+00 0.000000e+00 -1.000000e+00 -1.000000e+00 3.500000e+02 2.048125e-02 -1.000000e+00 0.000000e+00 -1.000000e+00 0.000000e+00 -1.000000e+00 -1.000000e+00 3.469622e-04 1.450000e+03 -1.000000e+00 0.000000e+00 -9.990070e+05 3.000000e+00 -1.000000e+00 -1.000000e+00 2.863292e-03 0.000000e+00 0.000000e+00 -1.000000e+00 6.213740e-02 -1.000000e+00 -9.990070e+05 6.213740e-02 1.115478e-01 3.842059e-01 -1.000000e+00 -1.000000e+00 0.000000e+00 -1.000000e+00 3 0.000000e+00 7.941858e-02
-1.000000e+00 -1.000000e+00 0.000000e+00 -1.000000e+00 -1.000000e+00 0.000000e+00 6.444741e-07 -1.000000e+00 0.000000e+00 -1.000000e+00 0.000000e+00 -1.000000e+00 -1.000000e+00 6.609067e-11 4.000000e+02 -1.000000e+00 0.000000e+00 -9.990070e+05 3.000000e+00 -1.000000e+00 -1.000000e+00 7.145715e-09 0.000000e+00 0.000000e+00 -1.000000e+00 3.421401e-08 -1.000000e+00 -9.990070e+05 3.421401e-08 4.140744e-05 1.487409e-03 -1.000000e+00 -1.000000e+00 0.000000e+00 -1.000000e+00 4 0.000000e+00 1.012175e-07
-1.000000e+00 -1.000000e+00 0.000000e+00 -1.000000e+00 -1.000000e+00 9.000000e+02 7.085073e-01 -1.000000e+00 0.000000e+00 -1.000000e+00 0.000000e+00 -1.000000e+00 -1.000000e+00 3.868801e-01 1.700000e+03 -1.000000e+00 0.000000e+00 -9.990070e+05 3.000000e+00 -1.000000e+00 -1.000000e+00 5.341287e-01 0.000000e+00 0.000000e+00 -1.000000e+00 3.223097e-02 -1.000000e+00 -9.990070e+05 3.223097e-02 8.728739e-01 9.701100e-01 -1.000000e+00 -1.000000e+00 0.000000e+00 -1.000000e+00 6 0.000000e+00 4.598412e-01
-1.000000e+00 -1.000000e+00 0.000000e+00 -1.000000e+00 -1.000000e+00 1.500000e+02 1.136495e-01 -1.000000e+00 0.000000e+00 -1.000000e+00 0.000000e+00 -1.000000e+00 -1.000000e+00 7.493873e-03 1.450000e+03 -1.000000e+00 0.000000e+00 -9.990070e+05 3.000000e+00 -1.000000e+00 -1.000000e+00 3.095689e-02 0.000000e+00 0.000000e+00 -1.000000e+00 2.116279e-02 -1.000000e+00 -9.990070e+05 2.116279e-02 3.331371e-01 6.774381e-01 -1.000000e+00 -1.000000e+00 0.000000e+00 -1.000000e+00 7 0.000000e+00 6.472457e-02
-1.000000e+00 -1.000000e+00 0.000000e+00 -1.000000e+00 -1.000000e+00 5.000000e+01 5.455141e-04 -1.000000e+00 0.000000e+00 -1.000000e+00 0.000000e+00 -1.000000e+00 -1.000000e+00 1.062171e-06 1.350000e+03 -1.000000e+00 0.000000e+00 -9.990070e+05 3.000000e+00 -1.000000e+00 -1.000000e+00 2.615064e-05 0.000000e+00 0.000000e+00 -1.000000e+00 3.119602e-03 -1.000000e+00 -9.990070e+05 3.119602e-03 8.317989e-03 7.419779e-02 -1.000000e+00 -1.000000e+00 0.000000e+00 -1.000000e+00 3 0.000000e+00 4.078020e-03
-1.000000e+00 -1.000000e+00 0.000000e+00 -1.000000e+00 -1.000000e+00 9.000000e+02 8.003969e-01 -1.000000e+00 0.000000e+00 -1.000000e+00 0.000000e+00 -1.000000e+00 -1.000000e+00 5.333957e-01 1.900000e+03 -1.000000e+00 0.000000e+00 -9.990070e+05 3.000000e+00 -1.000000e+00 -1.000000e+00 6.626515e-01 1.000000e+00 0.000000e+00 -1.000000e+00 5.000000e-01 -1.000000e+00 -9.990070e+05 5.000000e-01 9.181949e-01 9.820372e-01 -1.000000e+00 -1.000000e+00 0.000000e+00 -1.000000e+00 3 0.000000e+00 8.336090e-01
-1.000000e+00 -1.000000e+00 0.000000e+00 -1.000000e+00 -1.000000e+00 2.500000e+02 7.760125e-01 -1.000000e+00 0.000000e+00 -1.000000e+00 0.000000e+00 -1.000000e+00 -1.000000e+00 4.910089e-01 1.950000e+03 -1.000000e+00 0.000000e+00 -9.990070e+05 3.000000e+00 -1.000000e+00 -1.000000e+00 6.270210e-01 1.000000e+00 0.000000e+00 -1.000000e+00 5.000000e-01 -1.000000e+00 -9.990070e+05 5.000000e-01 9.066961e-01 9.791472e-01 -1.000000e+00 -1.000000e+00 0.000000e+00 -1.000000e+00 3 0.000000e+00 8.170018e-01
-1.000000e+00 -1.000000e+00 0.000000e+00 -1.000000e+00 -1.000000e+00 0.000000e+00 5.928740e-16 -1.000000e+00 0.000000e+00 -1.000000e+00 0.000000e+00 -1.000000e+00 -1.000000e+00 1.333836e-22 1.000000e+03 -1.000000e+00 0.000000e+00 -9.990070e+05 3.000000e+00 -1.000000e+00 -1.000000e+00 3.099099e-19 0.000000e+00 0.000000e+00 -1.000000e+00 6.768654e-20 -1.000000e+00 -9.990070e+05 6.768654e-20 7.925719e-13 5.749144e-10 -1.000000e+00 -1.000000e+00 0.000000e+00 -1.000000e+00 6 0.000000e+00 4.047614e-19
-1.000000e+00 -1.000000e+00 0.000000e+00 -1.000000e+00 -1.000000e+00 8.750000e+02 5.171254e-01 -1.000000e+00 0.000000e+00 -1.000000e+00 0.000000e+00 -1.000000e+00 -1.000000e+00 1.780683e-01 9.250000e+02 -1.000000e+00 0.000000e+00 -9.990070e+05 3.000000e+00 -1.000000e+00 -1.000000e+00 3.132491e-01 0.000000e+00 0.000000e+00 -1.000000e+00 2.585228e-01 -1.000000e+00 -9.990070e+05 2.585228e-01 7.579084e-01 9.330746e-01 -1.000000e+00 -1.000000e+00 0.000000e+00 -1.000000e+00 5 0.000000e+00 5.170965e-01
-1.000000e+00 -1.000000e+00 0.000000e+00 -1.000000e+00 -1.000000e+00 5.500000e+02 3.270137e-01 -1.000000e+00 0.000000e+00 -1.000000e+00 0.000000e+00 -1.000000e+00 -1.000000e+00 6.332058e-02 1.650000e+03 -1.000000e+00 0.000000e+00 -9.990070e+05 3.000000e+00 -1.000000e+00 -1.000000e+00 1.502851e-01 0.000000e+00 0.000000e+00 -1.000000e+00 4.508030e-01 -1.000000e+00 -9.990070e+05 4.508030e-01 6.036999e-01 8.657980e-01 -1.000000e+00 -1.000000e+00 0.000000e+00 -1.000000e+00 3 0.000000e+00 5.606004e-01
-1.000000e+00 -1.000000e+00 0.000000e+00 -1.000000e+00 -1.000000e+00 8.500000e+02 7.538110e-01 -1.000000e+00 0.000000e+00 -1.000000e+00 0.000000e+00 -1.000000e+00 -1.000000e+00 4.546934e-01 1.750000e+03 -1.000000e+00 0.000000e+00 -9.990070e+05 3.000000e+00 -1.000000e+00 -1.000000e+00 5.955513e-01 0.000000e+00 0.000000e+00 -1.000000e+00 3.640367e-02 -1.000000e+00 -9.990070e+05 3.640367e-02 8.959036e-01 9.763510e-01 -1.000000e+00 -1.000000e+00 0.000000e+00 -1.000000e+00 6 0.000000e+00 5.246935e-01
-1.000000e+00 -1.000000e+00 0.000000e+00 -1.000000e+00 -1.000000e+00 7.000000e+02 2.457172e-01 -1.000000e+00 0.000000e+00 -1.000000e+00 0.000000e+00 -1.000000e+00 -1.000000e+00 3.457748e-02 9.000000e+02 -1.000000e+00 0.000000e+00 -9.990070e+05 3.000000e+00 -1.000000e+00 -1.000000e+00 9.678105e-02 0.000000e+00 0.000000e+00 -1.000000e+00 5.500439e-03 -1.000000e+00 -9.990070e+05 5.500439e-03 5.183602e-01 8.179252e-01 -1.000000e+00 -1.000000e+00 0.000000e+00 -1.000000e+00 6 0.000000e+00 6.586725e-02
-1.000000e+00 -1.000000e+00 0.000000e+00 -1.000000e+00 -1.000000e+00 6.000000e+02 4.665510e-03 -1.000000e+00 0.000000e+00 -1.000000e+00 0.000000e+00 -1.000000e+00 -1.000000e+00 3.011811e-05 1.200000e+03 -1.000000e+00 0.000000e+00 -9.990070e+05 3.000000e+00 -1.000000e+00 -1.000000e+00 4.050503e-04 0.000000e+00 0.000000e+00 -1.000000e+00 2.032923e-05 -1.000000e+00 -9.990070e+05 2.032923e-05 4.003114e-02 2.082142e-01 -1.000000e+00 -1.000000e+00 0.000000e+00 -1.000000e+00 6 0.000000e+00 2.007754e-04
-1.000000e+00 -1.000000e+00 0.000000e+00 -1.000000e+00 -1.000000e+00 5.870000e+02 4.698112e-07 -1.000000e+00 0.000000e+00 -1.000000e+00 0.000000e+00 -1.000000e+00 -1.000000e+00 4.278464e-11 6.120000e+02 -1.000000e+00 0.000000e+00 -9.990070e+05 3.000000e+00 -1.000000e+00 -1.000000e+00 4.909891e-09 0.000000e+00 0.000000e+00 -1.000000e+00 1.028680e-08 -1.000000e+00 -9.990070e+05 1.028680e-08 3.200340e-05 1.217486e-03 -1.000000e+00 -1.000000e+00 0.000000e+00 -1.000000e+00 4 0.000000e+00 3.612876e-08
-1.000000e+00 -1.000000e+00 0.000000e+00 -1.000000e+00 -1.000000e+00 0.000000e+00 6.171513e-02 -1.000000e+00 0.000000e+00 -1.000000e+00 0.000000e+00 -1.000000e+00 -1.000000e+00 2.408342e-03 1.400000e+03 -1.000000e+00 0.000000e+00 -9.990070e+05 3.000000e+00 -1.000000e+00 -1.000000e+00 1.300417e-02 0.000000e+00 0.000000e+00 -1.000000e+00 1.053842e-02 -1.000000e+00 -9.990070e+05 1.053842e-02 2.289252e-01 5.652338e-01 -1.000000e+00 -1.000000e+00 0.000000e+00 -1.000000e+00 7 0.000000e+00 3.187704e-02
-1.000000e+00 -1.000000e+00 0.000000e+00 -1.000000e+00 -1.000000e+00 4.500000e+02 7.703503e-01 -1.000000e+00 0.000000e+00 -1.000000e+00 0.000000e+00 -1.000000e+00 -1.000000e+00 4.815456e-01 1.950000e+03 -1.000000e+00 0.000000e+00 -9.990070e+05 3.000000e+00 -1.000000e+00 -1.000000e+00 6.189080e-01 1.000000e+00 0.000000e+00 -1.000000e+00 5.000000e-01 -1.000000e+00 -9.990070e+05 5.000000e-01 9.039734e-01 9.784494e-01 -1.000000e+00 -1.000000e+00 0.000000e+00 -1.000000e+00 3 0.000000e+00 8.132398e-01
-1.000000e+00 -1.000000e+00 0.000000e+00 -1.000000e+00 -1.000000e+00 7.500000e+02 2.586473e-01 -1.000000e+00 0.000000e+00 -1.000000e+00 0.000000e+00 -1.000000e+00 -1.000000e+00 3.847186e-02 8.500000e+02 -1.000000e+00 0.000000e+00 -9.990070e+05 3.000000e+00 -1.000000e+00 -1.000000e+00 1.046456e-01 0.000000e+00 0.000000e+00 -1.000000e+00 1.297011e-01 -1.000000e+00 -9.990070e+05 1.297011e-01 5.330084e-01 8.267698e-01 -1.000000e+00 -1.000000e+00 0.000000e+00 -1.000000e+00 5 0.000000e+00 2.590325e-01
-1.000000e+00 -1.000000e+00 0.000000e+00 -1.000000e+00 -1.000000e+00 7.000000e+02 2.838471e-01 -1.000000e+00 0.000000e+00 -1.000000e+00 0.000000e+00 -1.000000e+00 -1.000000e+00 4.677582e-02 1.500000e+03 -1.000000e+00 0.000000e+00 -9.990070e+05 3.000000e+00 -1.000000e+00 -1.000000e+00 1.206762e-01 0.000000e+00 0.000000e+00 -1.000000e+00 6.386745e-03 -1.000000e+00 -9.990070e+05 6.386745e-03 5.603095e-01 8.425374e-01 -1.000000e+00 -1.000000e+00 0.000000e+00 -1.000000e+00 6 0.000000e+00 8.182807e-02
-1.000000e+00 -1.000000e+00 0.000000e+00 -1.000000e+00 -1.000000e+00 0.000000e+00 2.075768e-26 -1.000000e+00 0.000000e+00 -1.000000e+00 0.000000e+00 -1.000000e+00 -1.000000e+00 3.023050e-35 6.000000e+02 -1.000000e+00 0.000000e+00 -9.990070e+05 3.000000e+00 -1.000000e+00 -1.000000e+00 8.748615e-31 0.000000e+00 0.000000e+00 -1.000000e+00 1.033304e-28 -1.000000e+00 -9.990070e+05 1.033304e-28 3.422162e-22 3.037542e-18 -1.000000e+00 -1.000000e+00 0.000000e+00 -1.000000e+00 4 0.000000e+00 3.069080e-28
-1.000000e+00 -1.000000e+00 0.000000e+00 -1.000000e+00 -1.000000e+00 4.500000e+02 2.026030e-02 -1.000000e+00 0.000000e+00 -1.000000e+00 0.000000e+00 -1.000000e+00 -1.000000e+00 3.406080e-04 1.350000e+03 -1.000000e+00 0.000000e+00 -9.990070e+05 3.000000e+00 -1.000000e+00 -1.000000e+00 2.821763e-03 0.000000e+00 0.000000e+00 -1.000000e+00 1.405330e-04 -1.000000e+00 -9.990070e+05 1.405330e-04 1.107378e-01 3.826235e-01 -1.000000e+00 -1.000000e+00 0.000000e+00 -1.000000e+00 6 0.000000e+00 1.479511e-03
-1.000000e+00 -1.000000e+00 0.000000e+00 -1.000000e+00 -1.000000e+00 7.500000e+02 1.392236e-01 -1.000000e+00 0.000000e+00 -1.000000e+00 0.000000e+00 -1.000000e+00 -1.000000e+00 1.107409e-02 1.250000e+03 -1.000000e+00 0.000000e+00 -9.990070e+05 3.000000e+00 -1.000000e+00 -1.000000e+00 4.155754e-02 0.000000e+00 0.000000e+00 -1.000000e+00 2.153162e-03 -1.000000e+00 -9.990070e+05 2.153162e-03 3.756845e-01 7.151959e-01 -1.000000e+00 -1.000000e+00 0.000000e+00 -1.000000e+00 6 0.000000e+00 2.551359e-02
-1.000000e+00 -1.000000e+00 0.000000e+00 -1.000000e+00 -1.000000e+00 0.000000e+00 8.791464e-27 -1.000000e+00 0.000000e+00 -1.000000e+00 0.000000e+00 -1.000000e+00 -1.000000e+00 1.092705e-35 8.000000e+02 -1.000000e+00 0.000000e+00 -9.990070e+05 3.000000e+00 -1.000000e+00 -1.000000e+00 3.423178e-31 0.000000e+00 0.000000e+00 -1.000000e+00 3.709330e-31 -1.000000e+00 -9.990070e+05 3.709330e-31 1.568640e-22 1.506665e-18 -1.000000e+00 -1.000000e+00 0.000000e+00 -1.000000e+00 6 0.000000e+00 1.840189e-30
-1.000000e+00 -1.000000e+00 0.000000e+00 -1.000000e+00 -1.000000e+00 2.000000e+02 1.573010e-01 -1.000000e+00 0.000000e+00 -1.000000e+00 0.000000e+00 -1.000000e+00 -1.000000e+00 1.405879e-02 1.600000e+03 -1.000000e+00 0.000000e+00 -9.990070e+05 3.000000e+00 -1.000000e+00 -1.000000e+00 4.969734e-02 0.000000e+00 0.000000e+00 -1.000000e+00 2.800703e-01 -1.000000e+00 -9.990070e+05 2.800703e-01 4.033556e-01 7.377771e-01 -1.000000e+00 -1.000000e+00 0.000000e+00 -1.000000e+00 3 0.000000e+00 3.513283e-01
-1.000000e+00 -1.000000e+00 0.000000e+00 -1.000000e+00 -1.000000e+00 4.500000e+02 4.717510e-01 -1.000000e+00 0.000000e+00 -1.000000e+00 0.000000e+00 -1.000000e+00 -1.000000e+00 1.436352e-01 1.750000e+03 -1.000000e+00 0.000000e+00 -9.990070e+05 3.000000e+00 -1.000000e+00 -1.000000e+00 2.694495e-01 1.000000e+00 0.000000e+00 -1.000000e+00 5.000000e-01 -1.000000e+00 -9.990070e+05 5.000000e-01 7.255076e-01 9.207389e-01 -1.000000e+00 -1.000000e+00 0.000000e+00 -1.000000e+00 3 0.000000e+00 6.543436e-01
-1.000000e+00 -1.000000e+00 0.000000e+00 -1.000000e+00 -1.000000e+00 1.000000e+02 3.514594e-01 -1.000000e+00 0.000000e+00 -1.000000e+00 0.000000e+00 -1.000000e+00 -1.000000e+00 7.407529e-02 1.700000e+03 -1.000000e+00 0.000000e+00 -9.990070e+05 3.000000e+00 -1.000000e+00 -1.000000e+00 1.682543e-01 0.000000e+00 0.000000e+00 -1.000000e+00 4.715639e-01 -1.000000e+00 -9.990070e+05 4.715639e-01 6.266180e-01 8.772509e-01 -1.000000e+00 -1.000000e+00 0.000000e+00 -1.000000e+00 3 0.000000e+00 5.856321e-01
-1.000000e+00 -1.000000e+00 0.000000e+00 -1.000000e+00 -1.000000e+00 2.000000e+02 7.526618e-01 -1.000000e+00 0.000000e+00 -1.000000e+00 0.000000e+00 -1.000000e+00 -1.000000e+00 4.528707e-01 1.800000e+03 -1.000000e+00 0.000000e+00 -9.990070e+05 3.000000e+00 -1.000000e+00 -1.000000e+00 5.939473e-01 0.000000e+00 0.000000e+00 -1.000000e+00 2.092845e-01 -1.000000e+00 -9.990070e+05 2.092845e-01 8.953364e-01 9.762017e-01 -1.000000e+00 -1.000000e+00 0.000000e+00 -1.000000e+00 7 0.000000e+00 6.735196e-01
-1.000000e+00 -1.000000e+00 0.000000e+00 -1.000000e+00 -1.000000e+00 8.500000e+02 3.868939e-01 -1.000000e+00 0.000000e+00 -1.000000e+00 0.000000e+00 -1.000000e+00 -1.000000e+00 9.157349e-02 1.350000e+03 -1.000000e+00 0.000000e+00 -9.990070e+05 3.000000e+00 -1.000000e+00 -1.000000e+00 1.958473e-01 0.000000e+00 0.000000e+00 -1.000000e+00 1.071864e-02 -1.000000e+00 -9.990070e+05 1.071864e-02 6.579820e-01 8.920513e-01 -1.000000e+00 -1.000000e+00 0.000000e+00 -1.000000e+00 6 0.000000e+00 1.416804e-01
-1.000000e+00 -1.000000e+00 0.000000e+00 -1.000000e+00 -1.000000e+00 6.000000e+02 1.309257e-02 -1.000000e+00 0.000000e+00 -1.000000e+00 0.000000e+00 -1.000000e+00 -1.000000e+00 1.630983e-04 1.000000e+03 -1.000000e+00 0.000000e+00 -9.990070e+05 3.000000e+00 -1.000000e+00 -1.000000e+00 1.572894e-03 0.000000e+00 0.000000e+00 -1.000000e+00 7.969661e-05 -1.000000e+00 -9.990070e+05 7.969661e-05 8.233384e-02 3.225096e-01 -1.000000e+00 -1.000000e+00 0.000000e+00 -1.000000e+00 6 0.000000e+00 8.156542e-04
-1.000000e+00 -1.000000e+00 0.000000e+00 -1.000000e+00 -1.000000e+00 6.500000e+02 2.689117e-02 -1.000000e+00 0.000000e+00 -1.000000e+00 0.000000e+00 -1.000000e+00 -1.000000e+00 5.536149e-04 1.150000e+03 -1.000000e+00 0.000000e+00 -9.990070e+05 3.000000e+00 -1.000000e+00 -1.000000e+00 4.138323e-03 0.000000e+00 0.000000e+00 -1.000000e+00 2.097356e-04 -1.000000e+00 -9.990070e+05 2.097356e-04 1.337703e-01 4.253025e-01 -1.000000e+00 -1.000000e+00 0.000000e+00 -1.000000e+00 6 0.000000e+00 2.222921e-03
-1.000000e+00 -1.000000e+00 0.000000e+00 -1.000000e+00 -1.000000e+00 2.000000e+02 8.908127e-06 -1.000000e+00 0.000000e+00 -1.000000e+00 0.000000e+00 -1.000000e+00 -1.000000e+00 2.589531e-09 1.200000e+03 -1.000000e+00 0.000000e+00 -9.990070e+05 3.000000e+00 -1.000000e+00 -1.000000e+00 1.659363e-07 0.000000e+00 0.000000e+00 -1.000000e+00 1.024262e-08 -1.000000e+00 -9.990070e+05 1.024262e-08 3.430204e-04 7.470824e-03 -1.000000e+00 -1.000000e+00 0.000000e+00 -1.000000e+00 6 0.000000e+00 8.405294e-08
-1.000000e+00 -1.000000e+00 0.000000e+00 -1.000000e+00 -1.000000e+00 1.500000e+02 2.404725e-01 -1.000000e+00 0.000000e+00 -1.000000e+00 0.000000e+00 -1.000000e+00 -1.000000e+00 3.306660e-02 1.650000e+03 -1.000000e+00 0.000000e+00 -9.990070e+05 3.000000e+00 -1.000000e+00 -1.000000e+00 9.366113e-02 0.000000e+00 0.000000e+00 -1.000000e+00 3.714716e-01 -1.000000e+00 -9.990070e+05 3.714716e-01 5.122855e-01 8.141754e-01 -1.000000e+00 -1.000000e+00 0.000000e+00 -1.000000e+00 3 0.000000e+00 4.636548e-01
-1.000000e+00 -1.000000e+00 0.000000e+00 -1.000000e+00 -1.000000e+00 4.000000e+02 3.087517e-05 -1.000000e+00 0.000000e+00 -1.000000e+00 0.000000e+00 -1.000000e+00 -1.000000e+00 1.530450e-08 1.200000e+03 -1.000000e+00 0.000000e+00 -9.990070e+05 3.000000e+00 -1.000000e+00 -1.000000e+00 7.500269e-07 0.000000e+00 0.000000e+00 -1.000000e+00 4.367926e-08 -1.000000e+00 -9.990070e+05 4.367926e-08 9.155948e-04 1.547273e-02 -1.000000e+00 -1.000000e+00 0.000000e+00 -1.000000e+00 6 0.000000e+00 3.697122e-07
-1.000000e+00 -1.000000e+00 0.000000e+00 -1.000000e+00 -1.000000e+00 8.000000e+02 5.327516e-01 -1.000000e+00 0.000000e+00 -1.000000e+00 0.000000e+00 -1.000000e+00 -1.000000e+00 1.911021e-01 1.600000e+03 -1.000000e+00 0.000000e+00 -9.990070e+05 3.000000e+00 -1.000000e+00 -1.000000e+00 3.290660e-01 0.000000e+00 0.000000e+00 -1.000000e+00 1.867499e-02 -1.000000e+00 -9.990070e+05 1.867499e-02 7.685455e-01 9.369338e-01 -1.000000e+00 -1.000000e+00 0.000000e+00 -1.000000e+00 6 0.000000e+00 2.579220e-01
-1.000000e+00 -1.000000e+00 0.000000e+00 -1.000000e+00 -1.000000e+00 1.500000e+02 1.549549e-05 -1.000000e+00 0.000000e+00 -1.000000e+00 0.000000e+00 -1.000000e+00 -1.000000e+00 5.692173e-09 1.250000e+03 -1.000000e+00 0.000000e+00 -9.990070e+05 3.000000e+00 -1.000000e+00 -1.000000e+00 3.242920e-07 0.000000e+00 0.000000e+00 -1.000000e+00 1.377206e-04 -1.000000e+00 -9.990070e+05 1.377206e-04 5.320479e-04 1.036508e-02 -1.000000e+00 -1.000000e+00 0.000000e+00 -1.000000e+00 3 0.000000e+00 1.828807e-04
-1.000000e+00 -1.000000e+00 0.000000e+00 -1.000000e+00 -1.000000e+00 1.500000e+02 8.063932e-01 -1.000000e+00 0.000000e+00 -1.000000e+00 0.000000e+00 -1.000000e+00 -1.000000e+00 5.442363e-01 1.850000e+03 -1.000000e+00 0.000000e+00 -9.990070e+05 3.000000e+00 -1.000000e+00 -1.000000e+00 6.715874e-01 0.000000e+00 0.000000e+00 -1.000000e+00 2.292938e-01 -1.000000e+00 -9.990070e+05 2.292938e-01 9.209673e-01 9.827204e-01 -1.000000e+00 -1.000000e+00 0.000000e+00 -1.000000e+00 7 0.000000e+00 7.398617e-01
-1.000000e+00 -1.000000e+00 0.000000e+00 -1.000000e+00 -1.000000e+00 7.000000e+02 7.373330e-01 -1.000000e+00 0.000000e+00 -1.000000e+00 0.000000e+00 -1.000000e+00 -1.000000e+00 4.290789e-01 1.900000e+03 -1.000000e+00 0.000000e+00 -9.990070e+05 3.000000e+00 -1.000000e+00 -1.000000e+00 5.727817e-01 1.000000e+00 0.000000e+00 -1.000000e+00 5.000000e-01 -1.000000e+00 -9.990070e+05 5.000000e-01 8.876871e-01 9.741674e-01 -1.000000e+00 -1.000000e+00 0.000000e+00 -1.000000e+00 3 0.000000e+00 7.919745e-01
-1.000000e+00 -1.000000e+00 0.000000e+00 -1.000000e+00 -1.000000e+00 1.000000e+02 1.417353e-04 -1.000000e+00 0.000000e+00 -1.000000e+00 0.000000e+00 -1.000000e+00 -1.000000e+00 1.413615e-07 1.300000e+03 -1.000000e+00 0.000000e+00 -9.990070e+05 3.000000e+00 -1.000000e+00 -1.000000e+00 4.874045e-06 0.000000e+00 0.000000e+00 -1.000000e+00 9.748805e-04 -1.000000e+00 -9.990070e+05 9.748805e-04 2.989133e-03 3.635502e-02 -1.000000e+00 -1.000000e+00 0.000000e+00 -1.000000e+00 3 0.000000e+00 1.282193e-03
-1.000000e+00 -1.000000e+00 0.000000e+00 -1.000000e+00 -1.000000e+00 3.000000e+02 1.166267e-09 -1.000000e+00 0.000000e+00 -1.000000e+00 0.000000e+00 -1.000000e+00 -1.000000e+00 1.368326e-14 1.100000e+03 -1.000000e+00 0.000000e+00 -9.990070e+05 3.000000e+00 -1.000000e+00 -1.000000e+00 4.387855e-12 0.000000e+00 0.000000e+00 -1.000000e+00 4.264986e-13 -1.000000e+00 -9.990070e+05 4.264986e-13 2.186896e-07 2.256954e-05 -1.000000e+00 -1.000000e+00 0.000000e+00 -1.000000e+00 6 0.000000e+00 2.985366e-12
-1.000000e+00 -1.000000e+00 0.000000e+00 -1.000000e+00 -1.000000e+00 8.500000e+02 6.051036e-01 -1.000000e+00 0.000000e+00 -1.000000e+00 0.000000e+00 -1.000000e+00 -1.000000e+00 2.600722e-01 1.150000e+03 -1.000000e+00 0.000000e+00 -9.990070e+05 3.000000e+00 -1.000000e+00 -1.000000e+00 4.073224e-01 0.000000e+00 0.000000e+00 -1.000000e+00 2.373908e-02 -1.000000e+00 -9.990070e+05 2.373908e-02 8.146784e-01 9.526251e-01 -1.000000e+00 -1.000000e+00 0.000000e+00 -1.000000e+00 6 0.000000e+00 3.321572e-01
-1.000000e+00 -1.000000e+00 0.000000e+00 -1.000000e+00 -1.000000e+00 5.500000e+02 1.032136e-02 -1.000000e+00 0.000000e+00 -1.000000e+00 0.000000e+00 -1.000000e+00 -1.000000e+00 1.098448e-04 8.500000e+02 -1.000000e+00 0.000000e+00 -9.990070e+05 3.000000e+00 -1.000000e+00 -1.000000e+00 1.147243e-03 0.000000e+00 0.000000e+00 -1.000000e+00 6.750141e-05 -1.000000e+00 -9.990070e+05 6.750141e-05 6.989565e-02 2.927399e-01 -1.000000e+00 -1.000000e+00 0.000000e+00 -1.000000e+00 6 0.000000e+00 6.414367e-04
-1.000000e+00 -1.000000e+00 0.000000e+00 -1.000000e+00 -1.000000e+00 5.500000e+02 1.158064e-01 -1.000000e+00 0.000000e+00 -1.000000e+00 0.000000e+00 -1.000000e+00 -1.000000e+00 7.767532e-03 1.450000e+03 -1.000000e+00 0.000000e+00 -9.990070e+05 3.000000e+00 -1.000000e+00 -1.000000e+00 3.180840e-02 0.000000e+00 0.000000e+00 -1.000000e+00 2.266272e-01 -1.000000e+00 -9.990070e+05 2.266272e-01 3.369015e-01 6.809395e-01 -1.000000e+00 -1.000000e+00 0.000000e+00 -1.000000e+00 3 0.000000e+00 2.851954e-01
-1.000000e+00 -1.000000e+00 0.000000e+00 -1.000000e+00 -1.000000e+00 7.500000e+02 8.226536e-01 -1.000000e+00 0.000000e+00 -1.000000e+00 0.000000e+00 -1.000000e+00 -1.000000e+00 5.744907e-01 1.850000e+03 -1.000000e+00 0.000000e+00 -9.990070e+05 3.000000e+00 -1.000000e+00 -1.000000e+00 6.961697e-01 0.000000e+00 0.000000e+00 -1.000000e+00 2.355394e-01 -1.000000e+00 -9.990070e+05 2.355394e-01 9.283782e-01 9.845205e-01 -1.000000e+00 -1.000000e+00 0.000000e+00 -1.000000e+00 7 0.000000e+00 7.604459e-01
-1.000000e+00 -1.000000e+00 0.000000e+00 -1.000000e+00 -1.000000e+00 8.000000e+02 3.600313e-01 -1.000000e+00 0.000000e+00 -1.000000e+00 0.000000e+00 -1.000000e+00 -1.000000e+00 7.809636e-02 1.200000e+03 -1.000000e+00 0.000000e+00 -9.990070e+05 3.000000e+00 -1.000000e+00 -1.000000e+00 1.747612e-01 0.000000e+00 0.000000e+00 -1.000000e+00 9.540993e-03 -1.000000e+00 -9.990070e+05 9.540993e-03 6.343985e-01 8.810147e-01 -1.000000e+00 -1.000000e+00 0.000000e+00 -1.000000e+00 6 0.000000e+00 1.246264e-01
-1.000000e+00 -1.000000e+00 0.000000e+00 -1.000000e+00 -1.000000e+00 8.870000e+02 5.421469e-01 -1.000000e+00 0.000000e+00 -1.000000e+00 0.000000e+00 -1.000000e+00 -1.000000e+00 1.992432e-01 9.120000e+02 -1.000000e+00 0.000000e+00 -9.990070e+05 3.000000e+00 -1.000000e+00 -1.000000e+00 3.387591e-01 0.000000e+00 0.000000e+00 -1.000000e+00 2.709752e-01 -1.000000e+00 -9.990070e+05 2.709752e-01 7.748201e-01 9.391671e-01 -1.000000e+00 -1.000000e+00 0.000000e+00 -1.000000e+00 5 0.000000e+00 5.420787e-01
-1.000000e+00 -1.000000e+00 0.000000e+00 -1.000000e+00 -1.000000e+00 0.000000e+00 8.345837e-01 -1.000000e+00 0.000000e+00 -1.000000e+00 0.000000e+00 -1.000000e+00 -1.000000e+00 5.975068e-01 2.000000e+03 -1.000000e+00 0.000000e+00 -9.990070e+05 3.000000e+00 -1.000000e+00 -1.000000e+00 7.145352e-01 1.000000e+00 0.000000e+00 -1.000000e+00 5.000000e-01 -1.000000e+00 -9.990070e+05 5.000000e-01 9.337179e-01 9.857942e-01 -1.000000e+00 -1.000000e+00 0.000000e+00 -1.000000e+00 3 0.000000e+00 8.580625e-01
-1.000000e+00 -1.000000e+00 0.000000e+00 -1.000000e+00 -1.000000e+00 4.500000e+02 1.296441e-01 -1.000000e+00 0.000000e+00 -1.000000e+00 0.000000e+00 -1.000000e+00 -1.000000e+00 9.646441e-03 1.550000e+03 -1.000000e+00 0.000000e+00 -9.990070e+05 3.000000e+00 -1.000000e+00 -1.000000e+00 3.745902e-02 0.000000e+00 0.000000e+00 -1.000000e+00 2.451972e-01 -1.000000e+00 -9.990070e+05 2.451972e-01 3.602560e-01 7.019516e-01 -1.000000e+00 -1.000000e+00 0.000000e+00 -1.000000e+00 3 0.000000e+00 3.082116e-01
-1.000000e+00 -1.000000e+00 0.000000e+00 -1.000000e+00 -1.000000e+00 7.000000e+02 1.273604e-01 -1.000000e+00 0.000000e+00 -1.000000e+00 0.000000e+00 -1.000000e+00 -1.000000e+00 9.321535e-03 1.100000e+03 -1.000000e+00 0.000000e+00 -9.990070e+05 3.000000e+00 -1.000000e+00 -1.000000e+00 3.650431e-02 0.000000e+00 0.000000e+00 -1.000000e+00 1.878338e-03 -1.000000e+00 -9.990070e+05 1.878338e-03 3.564921e-01 6.986455e-01 -1.000000e+00 -1.000000e+00 0.000000e+00 -1.000000e+00 6 0.000000e+00 2.214283e-02
-1.000000e+00 -1.000000e+00 0.000000e+00 -1.000000e+00 -1.000000e+00 6.500000e+02 1.545030e-02 -1.000000e+00 0.000000e+00 -1.000000e+00 0.000000e+00 -1.000000e+00 -1.000000e+00 2.152753e-04 7.500000e+02 -1.000000e+00 0.000000e+00 -9.990070e+05 3.000000e+00 -1.000000e+00 -1.000000e+00 1.961574e-03 0.000000e+00 0.000000e+00 -1.000000e+00 7.737566e-03 -1.000000e+00 -9.990070e+05 7.737566e-03 9.219075e-02 3.444778e-01 -1.000000e+00 -1.000000e+00 0.000000e+00 -1.000000e+00 5 0.000000e+00 1.546793e-02
-1.000000e+00 -1.000000e+00 0.000000e+00 -1.000000e+00 -1.000000e+00 0.000000e+00 1.118447e-06 -1.000000e+00 0.000000e+00 -1.000000e+00 0.000000e+00 -1.000000e+00 -1.000000e+00 1.415340e-10 1.200000e+03 -1.000000e+00 0.000000e+00 -9.990070e+05 3.000000e+00 -1.000000e+00 -1.000000e+00 1.377018e-08 0.000000e+00 0.000000e+00 -1.000000e+00 1.227400e-05 -1.000000e+00 -9.990070e+05 1.227400e-05 6.479514e-05 2.103034e-03 -1.000000e+00 -1.000000e+00 0.000000e+00 -1.000000e+00 3 0.000000e+00 1.653369e-05
-1.000000e+00 -1.000000e+00 0.000000e+00 -1.000000e+00 -1.000000e+00 7.500000e+02 5.070354e-01 -1.000000e+00 0.000000e+00 -1.000000e+00 0.000000e+00 -1.000000e+00 -1.000000e+00 1.699801e-01 1.650000e+03 -1.000000e+00 0.000000e+00 -9.990070e+05 3.000000e+00 -1.000000e+00 -1.000000e+00 3.032368e-01 1.000000e+00 0.000000e+00 -1.000000e+00 5.000000e-01 -1.000000e+00 -9.990070e+05 5.000000e-01 7.509024e-01 9.304820e-01 -1.000000e+00 -1.000000e+00 0.000000e+00 -1.000000e+00 3 0.000000e+00 6.698083e-01
-1.000000e+00 -1.000000e+00 0.000000e+00 -1.000000e+00 -1.000000e+00 2.500000e+02 8.089486e-02 -1.000000e+00 0.000000e+00 -1.000000e+00 0.000000e+00 -1.000000e+00 -1.000000e+00 3.956513e-03 1.550000e+03 -1.000000e+00 0.000000e+00 -9.990070e+05 3.000000e+00 -1.000000e+00 -1.000000e+00 1.903989e-02 0.000000e+00 0.000000e+00 -1.000000e+00 1.756669e-01 -1.000000e+00 -9.990070e+05 1.756669e-01 2.709704e-01 6.144167e-01 -1.000000e+00 -1.000000e+00 0.000000e+00 -1.000000e+00 3 0.000000e+00 2.217911e-01
-1.000000e+00 -1.000000e+00 0.000000e+00 -1.000000e+00 -1.000000e+00 2.500000e+02 1.397194e-02 -1.000000e+00 0.000000e+00 -1.000000e+00 0.000000e+00 -1.000000e+00 -1.000000e+00 1.818322e-04 1.350000e+03 -1.000000e+00 0.000000e+00 -9.990070e+05 3.000000e+00 -1.000000e+00 -1.000000e+00 1.715146e-03 0.000000e+00 0.000000e+00 -1.000000e+00 8.580774e-05 -1.000000e+00 -9.990070e+05 8.580774e-05 8.607945e-02 3.310126e-01 -1.000000e+00 -1.000000e+00 0.000000e+00 -1.000000e+00 6 0.000000e+00 8.856891e-04
-1.000000e+00 -1.000000e+00 0.000000e+00 -1.000000e+00 -1.000000e+00 6.500000e+02 8.284190e-02 -1.000000e+00 0.000000e+00 -1.000000e+00 0.000000e+00 -1.000000e+00 -1.000000e+00 4.134947e-03 9.500000e+02 -1.000000e+00 0.000000e+00 -9.990070e+05 3.000000e+00 -1.000000e+00 -1.000000e+00 1.969316e-02 0.000000e+00 0.000000e+00 -1.000000e+00 1.002202e-03 -1.000000e+00 -9.990070e+05 1.002202e-03 2.749687e-01 6.187926e-01 -1.000000e+00 -1.000000e+00 0.000000e+00 -1.000000e+00 6 0.000000e+00 1.142957e-02
-1.000000e+00 -1.000000e+00 0.000000e+00 -1.000000e+00 -1.000000e+00 6.500000e+02 7.712116e-01 -1.000000e+00 0.000000e+00 -1.000000e+00 0.000000e+00 -1.000000e+00 -1.000000e+00 4.829761e-01 1.950000e+03 -1.000000e+00 0.000000e+00 -9.990070e+05 3.000000e+00 -1.000000e+00 -1.000000e+00 6.201382e-01 1.000000e+00 0.000000e+00 -1.000000e+00 5.000000e-01 -1.000000e+00 -9.990070e+05 5.000000e-01 9.043888e-01 9.785562e-01 -1.000000e+00 -1.000000e+00 0.000000e+00 -1.000000e+00 3 0.000000e+00 8.138098e-01
-1.000000e+00 -1.000000e+00 0.000000e+00 -1.000000e+00 -1.000000e+00 4.000000e+02 5.552164e-02 -1.000000e+00 0.000000e+00 -1.000000e+00 0.000000e+00 -1.000000e+00 -1.000000e+00 1.988776e-03 1.400000e+03 -1.000000e+00 0.000000e+00 -9.990070e+05 3.000000e+00 -1.000000e+00 -1.000000e+00 1.121769e-02 0.000000e+00 0.000000e+00 -1.000000e+00 5.579196e-04 -1.000000e+00 -9.990070e+05 5.579196e-04 2.141284e-01 5.463906e-01 -1.000000e+00 -1.000000e+00 0.000000e+00 -1.000000e+00 6 0.000000e+00 6.244464e-03
-1.000000e+00 -1.000000e+00 0.000000e+00 -1.000000e+00 -1.000000e+00 7.500000e+02 2.450358e-01 -1.000000e+00 0.000000e+00 -1.000000e+00 0.000000e+00 -1.000000e+00 -1.000000e+00 3.437897e-02 1.450000e+03 -1.000000e+00 0.000000e+00 -9.990070e+05 3.000000e+00 -1.000000e+00 -1.000000e+00 9.637343e-02 0.000000e+00 0.000000e+00 -1.000000e+00 5.074383e-03 -1.000000e+00 -9.990070e+05 5.074383e-03 5.175754e-01 8.174435e-01 -1.000000e+00 -1.000000e+00 0.000000e+00 -1.000000e+00 6 0.000000e+00 6.380312e-02
-1.000000e+00 -1.000000e+00 0.000000e+00 -1.000000e+00 -1.000000e+00 3.500000e+02 2.335855e-04 -1.000000e+00 0.000000e+00 -1.000000e+00 0.000000e+00 -1.000000e+00 -1.000000e+00 2.966962e-07 1.250000e+03 -1.000000e+00 0.000000e+00 -9.990070e+05 3.000000e+00 -1.000000e+00 -1.000000e+00 9.057779e-06 0.000000e+00 0.000000e+00 -1.000000e+00 4.959229e-07 -1.000000e+00 -9.990070e+05 4.959229e-07 4.380290e-03 4.759892e-02 -1.000000e+00 -1.000000e+00 0.000000e+00 -1.000000e+00 6 0.000000e+00 4.410405e-06
-1.000000e+00 -1.000000e+00 0.000000e+00 -1.000000e+00 -1.000000e+00 6.750000e+02 3.003330e-02 -1.000000e+00 0.000000e+00 -1.000000e+00 0.000000e+00 -1.000000e+00 -1.000000e+00 6.704720e-04 7.250000e+02 -1.000000e+00 0.000000e+00 -9.990070e+05 3.000000e+00 -1.000000e+00 -1.000000e+00 4.809868e-03 0.000000e+00 0.000000e+00 -1.000000e+00 1.506190e-02 -1.000000e+00 -9.990070e+05 1.506190e-02 1.439015e-01 4.427141e-01 -1.000000e+00 -1.000000e+00 0.000000e+00 -1.000000e+00 5 0.000000e+00 3.009518e-02
-1.000000e+00 -1.000000e+00 0.000000e+00 -1.000000e+00 -1.000000e+00 3.000000e+02 3.478179e-01 -1.000000e+00 0.000000e+00 -1.000000e+00 0.000000e+00 -1.000000e+00 -1.000000e+00 7.240691e-02 1.700000e+03 -1.000000e+00 0.000000e+00 -9.990070e+05 3.000000e+00 -1.000000e+00 -1.000000e+00 1.655224e-01 0.000000e+00 0.000000e+00 -1.000000e+00 4.684305e-01 -1.000000e+00 -9.990070e+05 4.684305e-01 6.232736e-01 8.756139e-01 -1.000000e+00 -1.000000e+00 0.000000e+00 -1.000000e+00 3 0.000000e+00 5.819018e-01
-1.000000e+00 -1.000000e+00 0.000000e+00 -1.000000e+00 -1.000000e+00 5.000000e+02 1.887629e-05 -1.000000e+00 0.000000e+00 -1.000000e+00 0.000000e+00 -1.000000e+00 -1.000000e+00 7.547917e-09 1.100000e+03 -1.000000e+00 0.000000e+00 -9.990070e+05 3.000000e+00 -1.000000e+00 -1.000000e+00 4.120738e-07 0.000000e+00 0.000000e+00 -1.000000e+00 2.428451e-08 -1.000000e+00 -9.990070e+05 2.428451e-08 6.217746e-04 1.163440e-02 -1.000000e+00 -1.000000e+00 0.000000e+00 -1.000000e+00 6 0.000000e+00 2.036242e-07
-1.000000e+00 -1.000000e+00 0.000000e+00 -1.000000e+00 -1.000000e+00 5.500000e+02 8.068384e-01 -1.000000e+00 0.000000e+00 -1.000000e+00 0.000000e+00 -1.000000e+00 -1.000000e+00 5.450478e-01 1.850000e+03 -1.000000e+00 0.000000e+00 -9.990070e+05 3.000000e+00 -1.000000e+00 -1.000000e+00 6.722536e-01 0.000000e+00 0.000000e+00 -1.000000e+00 2.294640e-01 -1.000000e+00 -9.990070e+05 2.294640e-01 9.211723e-01 9.827707e-01 -1.000000e+00 -1.000000e+00 0.000000e+00 -1.000000e+00 7 0.000000e+00 7.404223e-01
-1.000000e+00 -1.000000e+00 0.000000e+00 -1.000000e+00 -1.000000e+00 3.500000e+02 2.523714e-01 -1.000000e+00 0.000000e+00 -1.000000e+00 0.000000e+00 -1.000000e+00 -1.000000e+00 3.655128e-02 1.650000e+03 -1.000000e+00 0.000000e+00 -9.990070e+05 3.000000e+00 -1.000000e+00 -1.000000e+00 1.007977e-01 0.000000e+00 0.000000e+00 -1.000000e+00 3.832927e-01 -1.000000e+00 -9.990070e+05 3.832927e-01 5.259557e-01 8.225458e-01 -1.000000e+00 -1.000000e+00 0.000000e+00 -1.000000e+00 3 0.000000e+00 4.780907e-01
-1.000000e+00 -1.000000e+00 0.000000e+00 -1.000000e+00 -1.000000e+00 6.000000e+02 7.721520e-01 -1.000000e+00 0.000000e+00 -1.000000e+00 0.000000e+00 -1.000000e+00 -1.000000e+00 4.845417e-01 1.800000e+03 -1.000000e+00 0.000000e+00 -9.990070e+05 3.000000e+00 -1.000000e+00 -1.000000e+00 6.214830e-01 0.000000e+00 0.000000e+00 -1.000000e+00 2.164941e-01 -1.000000e+00 -9.990070e+05 2.164941e-01 9.048419e-01 9.786726e-01 -1.000000e+00 -1.000000e+00 0.000000e+00 -1.000000e+00 7 0.000000e+00 6.973179e-01
-1.000000e+00 -1.000000e+00 0.000000e+00 -1.000000e+00 -1.000000e+00 5.750000e+02 1.497431e-05 -1.000000e+00 0.000000e+00 -1.000000e+00 0.000000e+00 -1.000000e+00 -1.000000e+00 5.420841e-09 6.250000e+02 -1.000000e+00 0.000000e+00 -9.990070e+05 3.000000e+00 -1.000000e+00 -1.000000e+00 3.111121e-07 0.000000e+00 0.000000e+00 -1.000000e+00 7.594636e-06 -1.000000e+00 -9.990070e+05 7.594636e-06 5.178482e-04 1.015890e-02 -1.000000e+00 -1.000000e+00 0.000000e+00 -1.000000e+00 5 0.000000e+00 1.515131e-05
-1.000000e+00 -1.000000e+00 0.000000e+00 -1.000000e+00 -1.000000e+00 6.500000e+02 6.948957e-02 -1.000000e+00 0.000000e+00 -1.000000e+00 0.000000e+00 -1.000000e+00 -1.000000e+00 2.990307e-03 1.350000e+03 -1.000000e+00 0.000000e+00 -9.990070e+05 3.000000e+00 -1.000000e+00 -1.000000e+00 1.536140e-02 0.000000e+00 0.000000e+00 -1.000000e+00 7.677201e-04 -1.000000e+00 -9.990070e+05 7.677201e-04 2.465959e-01 5.866441e-01 -1.000000e+00 -1.000000e+00 0.000000e+00 -1.000000e+00 6 0.000000e+00 8.716227e-03
-1.000000e+00 -1.000000e+00 0.000000e+00 -1.000000e+00 -1.000000e+00 4.000000e+02 7.577061e-01 -1.000000e+00 0.000000e+00 -1.000000e+00 0.000000e+00 -1.000000e+00 -1.000000e+00 4.609126e-01 1.800000e+03 -1.000000e+00 0.000000e+00 -9.990070e+05 3.000000e+00 -1.000000e+00 -1.000000e+00 6.010063e-01 0.000000e+00 0.000000e+00 -1.000000e+00 2.111000e-01 -1.000000e+00 -9.990070e+05 2.111000e-01 8.978199e-01 9.768534e-01 -1.000000e+00 -1.000000e+00 0.000000e+00 -1.000000e+00 7 0.000000e+00 6.796256e-01
-1.000000e+00 -1.000000e+00 0.000000e+00 -1.000000e+00 -1.000000e+00 3.000000e+02 7.144415e-01 -1.000000e+00 0.000000e+00 -1.000000e+00 0.000000e+00 -1.000000e+00 -1.000000e+00 3.953036e-01 1.900000e+03 -1.000000e+00 0.000000e+00 -9.990070e+05 3.000000e+00 -1.000000e+00 -1.000000e+00 5.419648e-01 1.000000e+00 0.000000e+00 -1.000000e+00 5.000000e-01 -1.000000e+00 -9.990070e+05 5.000000e-01 8.759703e-01 9.709710e-01 -1.000000e+00 -1.000000e+00 0.000000e+00 -1.000000e+00 3 0.000000e+00 7.778720e-01
-1.000000e+00 -1.000000e+00 0.000000e+00 -1.000000e+00 -1.000000e+00 6.000000e+02 9.258574e-02 -1.000000e+00 0.000000e+00 -1.000000e+00 0.000000e+00 -1.000000e+00 -1.000000e+00 5.087675e-03 1.400000e+03 -1.000000e+00 0.000000e+00 -9.990070e+05 3.000000e+00 -1.000000e+00 -1.000000e+00 2.306968e-02 0.000000e+00 0.000000e+00 -1.000000e+00 1.160547e-03 -1.000000e+00 -9.990070e+05 1.160547e-03 2.943467e-01 6.393356e-01 -1.000000e+00 -1.000000e+00 0.000000e+00 -1.000000e+00 6 0.000000e+00 1.344608e-02
-1.000000e+00 -1.000000e+00 0.000000e+00 -1.000000e+00 -1.000000e+00 6.500000e+02 5.250777e-01 -1.000000e+00 0.000000e+00 -1.000000e+00 0.000000e+00 -1.000000e+00 -1.000000e+00 1.846232e-01 1.750000e+03 -1.000000e+00 0.000000e+00 -9.990070e+05 3.000000e+00 -1.000000e+00 -1.000000e+00 3.212511e-01 1.000000e+00 0.000000e+00 -1.000000e+00 5.000000e-01 -1.000000e+00 -9.990070e+05 5.000000e-01 7.633536e-01 9.350617e-01 -1.000000e+00 -1.000000e+00 0.000000e+00 -1.000000e+00 3 0.000000e+00 6.780018e-01
-1.000000e+00 -1.000000e+00 0.000000e+00 -1.000000e+00 -1.000000e+00 8.000000e+02 8.376628e-01 -1.000000e+00 0.000000e+00 -1.000000e+00 0.000000e+00 -1.000000e+00 -1.000000e+00 6.035622e-01 2.000000e+03 -1.000000e+00 0.000000e+00 -9.990070e+05 3.000000e+00 -1.000000e+00 -1.000000e+00 7.193209e-01 1.000000e+00 0.000000e+00 -1.000000e+00 5.000000e-01 -1.000000e+00 -9.990070e+05 5.000000e-01 9.350828e-01 9.861167e-01 -1.000000e+00 -1.000000e+00 0.000000e+00 -1.000000e+00 3 0.000000e+00 8.603355e-01
-1.000000e+00 -1.000000e+00 0.000000e+00 -1.000000e+00 -1.000000e+00 5.000000e+02 7.150665e-01 -1.000000e+00 0.000000e+00 -1.000000e+00 0.000000e+00 -1.000000e+00 -1.000000e+00 3.961986e-01 1.900000e+03 -1.000000e+00 0.000000e+00 -9.990070e+05 3.000000e+00 -1.000000e+00 -1.000000e+00 5.427937e-01 1.000000e+00 0.000000e+00 -1.000000e+00 5.000000e-01 -1.000000e+00 -9.990070e+05 5.000000e-01 8.762950e-01 9.710609e-01 -1.000000e+00 -1.000000e+00 0.000000e+00 -1.000000e+00 3 0.000000e+00 7.782504e-01
