-1.000000e+00 -1.000000e+00 0.000000e+00 -1.000000e+00 -1.000000e+00 0.000000e+00 7.453407e-02 -1.000000e+00 0.000000e+00 -1.000000e+00 0.000000e+00 -1.000000e+00 -1.000000e+00 3.401072e-03 1.600000e+03 -1.000000e+00 0.000000e+00 -9.990070e+05 3.000000e+00 -1.000000e+00 -1.000000e+00 1.695675e-02 0.000000e+00 0.000000e+00 -1.000000e+00 1.653862e-01 -1.000000e+00 -9.990070e+05 1.653862e-01 2.575868e-01 5.994074e-01 -1.000000e+00 -1.000000e+00 0.000000e+00 -1.000000e+00 3 0.000000e+00 2.090193e-01
-1.000000e+00 -1.000000e+00 0.000000e+00 -1.000000e+00 -1.000000e+00 6.000000e+02 7.383079e-01 -1.000000e+00 0.000000e+00 -1.000000e+00 0.000000e+00 -1.000000e+00 -1.000000e+00 4.305634e-01 2.000000e+03 -1.000000e+00 0.000000e+00 -9.990070e+05 3.000000e+00 -1.000000e+00 -1.000000e+00 5.741150e-01 1.000000e+00 0.000000e+00 -1.000000e+00 5.000000e-01 -1.000000e+00 -9.990070e+05 5.000000e-01 8.881782e-01 9.742993e-01 -1.000000e+00 -1.000000e+00 0.000000e+00 -1.000000e+00 3 0.000000e+00 7.925864e-01
-1.000000e+00 -1.000000e+00 0.000000e+00 -1.000000e+00 -1.000000e+00 4.500000e+02 1.745826e-07 -1.000000e+00 0.000000e+00 -1.000000e+00 0.000000e+00 -1.000000e+00 -1.000000e+00 1.104998e-11 1.150000e+03 -1.000000e+00 0.000000e+00 -9.990070e+05 3.000000e+00 -1.000000e+00 -1.000000e+00 1.522015e-09 0.000000e+00 0.000000e+00 -1.000000e+00 1.170014e-10 -1.000000e+00 -9.990070e+05 1.170014e-10 1.422856e-05 6.455484e-04 -1.000000e+00 -1.000000e+00 0.000000e+00 -1.000000e+00 6 0.000000e+00 8.801592e-10
-1.000000e+00 -1.000000e+00 0.000000e+00 -1.000000e+00 -1.000000e+00 7.000000e+02 2.976220e-02 -1.000000e+00 0.000000e+00 -1.000000e+00 0.000000e+00 -1.000000e+00 -1.000000e+00 6.599902e-04 1.300000e+03 -1.000000e+00 0.000000e+00 -9.990070e+05 3.000000e+00 -1.000000e+00 -1.000000e+00 4.750786e-03 0.000000e+00 0.000000e+00 -1.000000e+00 2.352233e-04 -1.000000e+00 -9.990070e+05 2.352233e-04 1.430444e-01 4.412700e-01 -1.000000e+00 -1.000000e+00 0.000000e+00 -1.000000e+00 6 0.000000e+00 2.535159e-03
-1.000000e+00 -1.000000e+00 0.000000e+00 -1.000000e+00 -1.000000e+00 1.000000e+02 6.196809e-01 -1.000000e+00 0.000000e+00 -1.000000e+00 0.000000e+00 -1.000000e+00 -1.000000e+00 2.758126e-01 1.900000e+03 -1.000000e+00 0.000000e+00 -9.990070e+05 3.000000e+00 -1.000000e+00 -1.000000e+00 4.241107e-01 1.000000e+00 0.000000e+00 -1.000000e+00 5.000000e-01 -1.000000e+00 -9.990070e+05 5.000000e-01 8.233996e-01 9.554059e-01 -1.000000e+00 -1.000000e+00 0.000000e+00 -1.000000e+00 3 0.000000e+00 7.244701e-01
-1.000000e+00 -1.000000e+00 0.000000e+00 -1.000000e+00 -1.000000e+00 5.000000e+01 3.337594e-09 -1.000000e+00 0.000000e+00 -1.000000e+00 0.000000e+00 -1.000000e+00 -1.000000e+00 5.474948e-14 1.150000e+03 -1.000000e+00 0.000000e+00 -9.990070e+05 3.000000e+00 -1.000000e+00 -1.000000e+00 1.484188e-11 0.000000e+00 0.000000e+00 -1.000000e+00 1.332367e-12 -1.000000e+00 -9.990070e+05 1.332367e-12 5.301374e-07 4.643334e-05 -1.000000e+00 -1.000000e+00 0.000000e+00 -1.000000e+00 6 0.000000e+00 9.516484e-12
-1.000000e+00 -1.000000e+00 0.000000e+00 -1.000000e+00 -1.000000e+00 5.000000e+02 5.440664e-05 -1.000000e+00 0.000000e+00 -1.000000e+00 0.000000e+00 -1.000000e+00 -1.000000e+00 3.475478e-08 7.000000e+02 -1.000000e+00 0.000000e+00 -9.990070e+05 3.000000e+00 -1.000000e+00 -1.000000e+00 1.499323e-06 0.000000e+00 0.000000e+00 -1.000000e+00 2.731057e-05 -1.000000e+00 -9.990070e+05 2.731057e-05 1.425482e-03 2.136923e-02 -1.000000e+00 -1.000000e+00 0.000000e+00 -1.000000e+00 5 0.000000e+00 5.458091e-05
-1.000000e+00 -1.000000e+00 0.000000e+00 -1.000000e+00 -1.000000e+00 7.500000e+02 3.018177e-01 -1.000000e+00 0.000000e+00 -1.000000e+00 0.000000e+00 -1.000000e+00 -1.000000e+00 5.329691e-02 1.050000e+03 -1.000000e+00 0.000000e+00 -9.990070e+05 3.000000e+00 -1.000000e+00 -1.000000e+00 1.326735e-01 0.000000e+00 0.000000e+00 -1.000000e+00 7.146174e-03 -1.000000e+00 -9.990070e+05 7.146174e-03 5.788583e-01 8.527421e-01 -1.000000e+00 -1.000000e+00 0.000000e+00 -1.000000e+00 6 0.000000e+00 9.138391e-02
-1.000000e+00 -1.000000e+00 0.000000e+00 -1.000000e+00 -1.000000e+00 5.000000e+02 1.623615e-05 -1.000000e+00 0.000000e+00 -1.000000e+00 0.000000e+00 -1.000000e+00 -1.000000e+00 6.084738e-09 9.000000e+02 -1.000000e+00 0.000000e+00 -9.990070e+05 3.000000e+00 -1.000000e+00 -1.000000e+00 3.431909e-07 0.000000e+00 0.000000e+00 -1.000000e+00 2.042532e-08 -1.000000e+00 -9.990070e+05 2.042532e-08 5.520480e-04 1.065291e-02 -1.000000e+00 -1.000000e+00 0.000000e+00 -1.000000e+00 6 0.000000e+00 1.704765e-07
-1.000000e+00 -1.000000e+00 0.000000e+00 -1.000000e+00 -1.000000e+00 6.000000e+02 1.703747e-01 -1.000000e+00 0.000000e+00 -1.000000e+00 0.000000e+00 -1.000000e+00 -1.000000e+00 1.646049e-02 1.600000e+03 -1.000000e+00 0.000000e+00 -9.990070e+05 3.000000e+00 -1.000000e+00 -1.000000e+00 5.590738e-02 0.000000e+00 0.000000e+00 -1.000000e+00 2.956187e-01 -1.000000e+00 -9.990070e+05 2.956187e-01 4.223221e-01 7.524434e-01 -1.000000e+00 -1.000000e+00 0.000000e+00 -1.000000e+00 3 0.000000e+00 3.705203e-01
-1.000000e+00 -1.000000e+00 0.000000e+00 -1.000000e+00 -1.000000e+00 8.500000e+02 7.307391e-01 -1.000000e+00 0.000000e+00 -1.000000e+00 0.000000e+00 -1.000000e+00 -1.000000e+00 4.191379e-01 1.950000e+03 -1.000000e+00 0.000000e+00 -9.990070e+05 3.000000e+00 -1.000000e+00 -1.000000e+00 5.638083e-01 1.000000e+00 0.000000e+00 -1.000000e+00 5.000000e-01 -1.000000e+00 -9.990070e+05 5.000000e-01 8.843486e-01 9.732666e-01 -1.000000e+00 -1.000000e+00 0.000000e+00 -1.000000e+00 3 0.000000e+00 7.878601e-01
-1.000000e+00 -1.000000e+00 0.000000e+00 -1.000000e+00 -1.000000e+00 9.000000e+02 7.215716e-01 -1.000000e+00 0.000000e+00 -1.000000e+00 0.000000e+00 -1.000000e+00 -1.000000e+00 4.056035e-01 1.100000e+03 -1.000000e+00 0.000000e+00 -9.990070e+05 3.000000e+00 -1.000000e+00 -1.000000e+00 5.514628e-01 0.000000e+00 0.000000e+00 -1.000000e+00 3.609347e-01 -1.000000e+00 -9.990070e+05 3.609347e-01 8.796582e-01 9.719876e-01 -1.000000e+00 -1.000000e+00 0.000000e+00 -1.000000e+00 5 0.000000e+00 7.216404e-01
-1.000000e+00 -1.000000e+00 0.000000e+00 -1.000000e+00 -1.000000e+00 0.000000e+00 6.645014e-01 -1.000000e+00 0.000000e+00 -1.000000e+00 0.000000e+00 -1.000000e+00 -1.000000e+00 3.284617e-01 1.800000e+03 -1.000000e+00 0.000000e+00 -9.990070e+05 3.000000e+00 -1.000000e+00 -1.000000e+00 4.779418e-01 0.000000e+00 0.000000e+00 -1.000000e+00 1.777823e-01 -1.000000e+00 -9.990070e+05 1.777823e-01 8.491201e-01 9.632746e-01 -1.000000e+00 -1.000000e+00 0.000000e+00 -1.000000e+00 7 0.000000e+00 5.697851e-01
-1.000000e+00 -1.000000e+00 0.000000e+00 -1.000000e+00 -1.000000e+00 5.500000e+02 4.468078e-04 -1.000000e+00 0.000000e+00 -1.000000e+00 0.000000e+00 -1.000000e+00 -1.000000e+00 7.851904e-07 1.250000e+03 -1.000000e+00 0.000000e+00 -9.990070e+05 3.000000e+00 -1.000000e+00 -1.000000e+00 2.035615e-05 0.000000e+00 0.000000e+00 -1.000000e+00 1.072476e-06 -1.000000e+00 -9.990070e+05 1.072476e-06 7.159227e-03 6.694634e-02 -1.000000e+00 -1.000000e+00 0.000000e+00 -1.000000e+00 6 0.000000e+00 9.782599e-06
-1.000000e+00 -1.000000e+00 0.000000e+00 -1.000000e+00 -1.000000e+00 8.000000e+02 5.523941e-01 -1.000000e+00 0.000000e+00 -1.000000e+00 0.000000e+00 -1.000000e+00 -1.000000e+00 2.083896e-01 1.000000e+03 -1.000000e+00 0.000000e+00 -9.990070e+05 3.000000e+00 -1.000000e+00 -1.000000e+00 3.494890e-01 0.000000e+00 0.000000e+00 -1.000000e+00 2.762579e-01 -1.000000e+00 -9.990070e+05 2.762579e-01 7.815630e-01 9.415317e-01 -1.000000e+00 -1.000000e+00 0.000000e+00 -1.000000e+00 5 0.000000e+00 5.524356e-01
-1.000000e+00 -1.000000e+00 0.000000e+00 -1.000000e+00 -1.000000e+00 5.000000e+01 3.232466e-01 -1.000000e+00 0.000000e+00 -1.000000e+00 0.000000e+00 -1.000000e+00 -1.000000e+00 6.175478e-02 1.750000e+03 -1.000000e+00 0.000000e+00 -9.990070e+05 3.000000e+00 -1.000000e+00 -1.000000e+00 1.475933e-01 0.000000e+00 0.000000e+00 -1.000000e+00 4.473666e-01 -1.000000e+00 -9.990070e+05 4.473666e-01 6.000676e-01 8.639314e-01 -1.000000e+00 -1.000000e+00 0.000000e+00 -1.000000e+00 3 0.000000e+00 5.565228e-01
-1.000000e+00 -1.000000e+00 0.000000e+00 -1.000000e+00 -1.000000e+00 4.000000e+02 8.621026e-02 -1.000000e+00 0.000000e+00 -1.000000e+00 0.000000e+00 -1.000000e+00 -1.000000e+00 4.452997e-03 1.600000e+03 -1.000000e+00 0.000000e+00 -9.990070e+05 3.000000e+00 -1.000000e+00 -1.000000e+00 2.084031e-02 0.000000e+00 0.000000e+00 -1.000000e+00 1.835190e-01 -1.000000e+00 -9.990070e+05 1.835190e-01 2.817834e-01 6.261405e-01 -1.000000e+00 -1.000000e+00 0.000000e+00 -1.000000e+00 3 0.000000e+00 2.316890e-01
-1.000000e+00 -1.000000e+00 0.000000e+00 -1.000000e+00 -1.000000e+00 8.000000e+02 7.275463e-01 -1.000000e+00 0.000000e+00 -1.000000e+00 0.000000e+00 -1.000000e+00 -1.000000e+00 4.143865e-01 1.800000e+03 -1.000000e+00 0.000000e+00 -9.990070e+05 3.000000e+00 -1.000000e+00 -1.000000e+00 5.594915e-01 0.000000e+00 0.000000e+00 -1.000000e+00 3.397550e-02 -1.000000e+00 -9.990070e+05 3.397550e-02 8.827216e-01 9.728247e-01 -1.000000e+00 -1.000000e+00 0.000000e+00 -1.000000e+00 6 0.000000e+00 4.864356e-01
-1.000000e+00 -1.000000e+00 0.000000e+00 -1.000000e+00 -1.000000e+00 4.000000e+02 7.426719e-01 -1.000000e+00 0.000000e+00 -1.000000e+00 0.000000e+00 -1.000000e+00 -1.000000e+00 4.372561e-01 2.000000e+03 -1.000000e+00 0.000000e+00 -9.990070e+05 3.000000e+00 -1.000000e+00 -1.000000e+00 5.801048e-01 1.000000e+00 0.000000e+00 -1.000000e+00 5.000000e-01 -1.000000e+00 -9.990070e+05 5.000000e-01 8.903689e-01 9.748853e-01 -1.000000e+00 -1.000000e+00 0.000000e+00 -1.000000e+00 3 0.000000e+00 7.953373e-01
-1.000000e+00 -1.000000e+00 0.000000e+00 -1.000000e+00 -1.000000e+00 6.000000e+02 4.453354e-02 -1.000000e+00 0.000000e+00 -1.000000e+00 0.000000e+00 -1.000000e+00 -1.000000e+00 1.339941e-03 8.000000e+02 -1.000000e+00 0.000000e+00 -9.990070e+05 3.000000e+00 -1.000000e+00 -1.000000e+00 8.259415e-03 0.000000e+00 0.000000e+00 -1.000000e+00 2.228585e-02 -1.000000e+00 -9.990070e+05 2.228585e-02 1.859870e-01 5.079520e-01 -1.000000e+00 -1.000000e+00 0.000000e+00 -1.000000e+00 5 0.000000e+00 4.455891e-02
-1.000000e+00 -1.000000e+00 0.000000e+00 -1.000000e+00 -1.000000e+00 9.000000e+02 5.306669e-01 -1.000000e+00 0.000000e+00 -1.000000e+00 0.000000e+00 -1.000000e+00 -1.000000e+00 1.893271e-01 1.300000e+03 -1.000000e+00 0.000000e+00 -9.990070e+05 3.000000e+00 -1.000000e+00 -1.000000e+00 3.269340e-01 0.000000e+00 0.000000e+00 -1.000000e+00 1.862227e-02 -1.000000e+00 -9.990070e+05 1.862227e-02 7.671411e-01 9.364296e-01 -1.000000e+00 -1.000000e+00 0.000000e+00 -1.000000e+00 6 0.000000e+00 2.562067e-01
-1.000000e+00 -1.000000e+00 0.000000e+00 -1.000000e+00 -1.000000e+00 5.500000e+02 2.718013e-06 -1.000000e+00 0.000000e+00 -1.000000e+00 0.000000e+00 -1.000000e+00 -1.000000e+00 4.869619e-10 6.500000e+02 -1.000000e+00 0.000000e+00 -9.990070e+05 3.000000e+00 -1.000000e+00 -1.000000e+00 3.978992e-08 0.000000e+00 0.000000e+00 -1.000000e+00 1.386084e-06 -1.000000e+00 -9.990070e+05 1.386084e-06 1.327201e-04 3.644241e-03 -1.000000e+00 -1.000000e+00 0.000000e+00 -1.000000e+00 5 0.000000e+00 2.763266e-06
-1.000000e+00 -1.000000e+00 0.000000e+00 -1.000000e+00 -1.000000e+00 8.500000e+02 4.881502e-01 -1.000000e+00 0.000000e+00 -1.000000e+00 0.000000e+00 -1.000000e+00 -1.000000e+00 1.555120e-01 9.500000e+02 -1.000000e+00 0.000000e+00 -9.990070e+05 3.000000e+00 -1.000000e+00 -1.000000e+00 2.849170e-01 0.000000e+00 0.000000e+00 -1.000000e+00 2.440429e-01 -1.000000e+00 -9.990070e+05 2.440429e-01 7.374880e-01 9.254036e-01 -1.000000e+00 -1.000000e+00 0.000000e+00 -1.000000e+00 5 0.000000e+00 4.881258e-01
-1.000000e+00 -1.000000e+00 0.000000e+00 -1.000000e+00 -1.000000e+00 2.000000e+02 7.469317e-01 -1.000000e+00 0.000000e+00 -1.000000e+00 0.000000e+00 -1.000000e+00 -1.000000e+00 4.438641e-01 2.000000e+03 -1.000000e+00 0.000000e+00 -9.990070e+05 3.000000e+00 -1.000000e+00 -1.000000e+00 5.859851e-01 1.000000e+00 0.000000e+00 -1.000000e+00 5.000000e-01 -1.000000e+00 -9.990070e+05 5.000000e-01 8.924951e-01 9.754509e-01 -1.000000e+00 -1.000000e+00 0.000000e+00 -1.000000e+00 3 0.000000e+00 7.980411e-01
-1.000000e+00 -1.000000e+00 0.000000e+00 -1.000000e+00 -1.000000e+00 5.000000e+02 4.392550e-02 -1.000000e+00 0.000000e+00 -1.000000e+00 0.000000e+00 -1.000000e+00 -1.000000e+00 1.307596e-03 1.500000e+03 -1.000000e+00 0.000000e+00 -9.990070e+05 3.000000e+00 -1.000000e+00 -1.000000e+00 8.103981e-03 0.000000e+00 0.000000e+00 -1.000000e+00 1.118594e-01 -1.000000e+00 -9.990070e+05 1.118594e-01 1.843481e-01 5.055979e-01 -1.000000e+00 -1.000000e+00 0.000000e+00 -1.000000e+00 3 0.000000e+00 1.420267e-01
-1.000000e+00 -1.000000e+00 0.000000e+00 -1.000000e+00 -1.000000e+00 5.000000e+02 2.562834e-01 -1.000000e+00 0.000000e+00 -1.000000e+00 0.000000e+00 -1.000000e+00 -1.000000e+00 3.774166e-02 1.700000e+03 -1.000000e+00 0.000000e+00 -9.990070e+05 3.000000e+00 -1.000000e+00 -1.000000e+00 1.031894e-01 0.000000e+00 0.000000e+00 -1.000000e+00 3.868181e-01 -1.000000e+00 -9.990070e+05 3.868181e-01 5.303642e-01 8.251936e-01 -1.000000e+00 -1.000000e+00 0.000000e+00 -1.000000e+00 3 0.000000e+00 4.825160e-01
-1.000000e+00 -1.000000e+00 0.000000e+00 -1.000000e+00 -1.000000e+00 7.750000e+02 1.629077e-01 -1.000000e+00 0.000000e+00 -1.000000e+00 0.000000e+00 -1.000000e+00 -1.000000e+00 1.506337e-02 8.250000e+02 -1.000000e+00 0.000000e+00 -9.990070e+05 3.000000e+00 -1.000000e+00 -1.000000e+00 5.232764e-02 0.000000e+00 0.000000e+00 -1.000000e+00 8.139574e-02 -1.000000e+00 -9.990070e+05 8.139574e-02 4.115900e-01 7.442225e-01 -1.000000e+00 -1.000000e+00 0.000000e+00 -1.000000e+00 5 0.000000e+00 1.628416e-01
-1.000000e+00 -1.000000e+00 0.000000e+00 -1.000000e+00 -1.000000e+00 1.000000e+02 9.611697e-03 -1.000000e+00 0.000000e+00 -1.000000e+00 0.000000e+00 -1.000000e+00 -1.000000e+00 9.765235e-05 1.500000e+03 -1.000000e+00 0.000000e+00 -9.990070e+05 3.000000e+00 -1.000000e+00 -1.000000e+00 1.044150e-03 0.000000e+00 0.000000e+00 -1.000000e+00 3.415564e-02 -1.000000e+00 -9.990070e+05 3.415564e-02 6.652969e-02 2.842311e-01 -1.000000e+00 -1.000000e+00 0.000000e+00 -1.000000e+00 3 0.000000e+00 4.388355e-02
-1.000000e+00 -1.000000e+00 0.000000e+00 -1.000000e+00 -1.000000e+00 1.000000e+02 4.502711e-12 -1.000000e+00 0.000000e+00 -1.000000e+00 0.000000e+00 -1.000000e+00 -1.000000e+00 1.020821e-17 1.100000e+03 -1.000000e+00 0.000000e+00 -9.990070e+05 3.000000e+00 -1.000000e+00 -1.000000e+00 7.459205e-15 0.000000e+00 0.000000e+00 -1.000000e+00 8.744822e-16 -1.000000e+00 -9.990070e+05 8.744822e-16 1.908247e-09 4.418204e-07 -1.000000e+00 -1.000000e+00 0.000000e+00 -1.000000e+00 6 0.000000e+00 5.839835e-15
-1.000000e+00 -1.000000e+00 0.000000e+00 -1.000000e+00 -1.000000e+00 5.500000e+02 3.891112e-05 -1.000000e+00 0.000000e+00 -1.000000e+00 0.000000e+00 -1.000000e+00 -1.000000e+00 2.137452e-08 1.050000e+03 -1.000000e+00 0.000000e+00 -9.990070e+05 3.000000e+00 -1.000000e+00 -1.000000e+00 9.947826e-07 0.000000e+00 0.000000e+00 -1.000000e+00 5.701153e-08 -1.000000e+00 -9.990070e+05 5.701153e-08 1.097423e-03 1.766586e-02 -1.000000e+00 -1.000000e+00 0.000000e+00 -1.000000e+00 6 0.000000e+00 4.863438e-07
-1.000000e+00 -1.000000e+00 0.000000e+00 -1.000000e+00 -1.000000e+00 2.500000e+02 5.484139e-10 -1.000000e+00 0.000000e+00 -1.000000e+00 0.000000e+00 -1.000000e+00 -1.000000e+00 5.085433e-15 1.150000e+03 -1.000000e+00 0.000000e+00 -9.990070e+05 3.000000e+00 -1.000000e+00 -1.000000e+00 1.834823e-12 0.000000e+00 0.000000e+00 -1.000000e+00 1.916587e-13 -1.000000e+00 -9.990070e+05 1.916587e-13 1.155475e-07 1.338253e-05 -1.000000e+00 -1.000000e+00 0.000000e+00 -1.000000e+00 6 0.000000e+00 1.318917e-12
-1.000000e+00 -1.000000e+00 0.000000e+00 -1.000000e+00 -1.000000e+00 8.500000e+02 3.808153e-01 -1.000000e+00 0.000000e+00 -1.000000e+00 0.000000e+00 -1.000000e+00 -1.000000e+00 8.840517e-02 1.550000e+03 -1.000000e+00 0.000000e+00 -9.990070e+05 3.000000e+00 -1.000000e+00 -1.000000e+00 1.909834e-01 0.000000e+00 0.000000e+00 -1.000000e+00 1.043470e-02 -1.000000e+00 -9.990070e+05 1.043470e-02 6.527478e-01 8.896493e-01 -1.000000e+00 -1.000000e+00 0.000000e+00 -1.000000e+00 6 0.000000e+00 1.376716e-01
-1.000000e+00 -1.000000e+00 0.000000e+00 -1.000000e+00 -1.000000e+00 7.000000e+02 3.682140e-01 -1.000000e+00 0.000000e+00 -1.000000e+00 0.000000e+00 -1.000000e+00 -1.000000e+00 8.205939e-02 1.700000e+03 -1.000000e+00 0.000000e+00 -9.990070e+05 3.000000e+00 -1.000000e+00 -1.000000e+00 1.810726e-01 0.000000e+00 0.000000e+00 -1.000000e+00 4.847736e-01 -1.000000e+00 -9.990070e+05 4.847736e-01 6.417081e-01 8.844947e-01 -1.000000e+00 -1.000000e+00 0.000000e+00 -1.000000e+00 3 0.000000e+00 6.017851e-01
-1.000000e+00 -1.000000e+00 0.000000e+00 -1.000000e+00 -1.000000e+00 6.500000e+02 1.877067e-01 -1.000000e+00 0.000000e+00 -1.000000e+00 0.000000e+00 -1.000000e+00 -1.000000e+00 1.996945e-02 1.550000e+03 -1.000000e+00 0.000000e+00 -9.990070e+05 3.000000e+00 -1.000000e+00 -1.000000e+00 6.454972e-02 0.000000e+00 0.000000e+00 -1.000000e+00 3.154900e-01 -1.000000e+00 -9.990070e+05 3.154900e-01 4.462766e-01 7.700919e-01 -1.000000e+00 -1.000000e+00 0.000000e+00 -1.000000e+00 3 0.000000e+00 3.949962e-01
-1.000000e+00 -1.000000e+00 0.000000e+00 -1.000000e+00 -1.000000e+00 5.000000e+01 3.414575e-02 -1.000000e+00 0.000000e+00 -1.000000e+00 0.000000e+00 -1.000000e+00 -1.000000e+00 8.386786e-04 1.550000e+03 -1.000000e+00 0.000000e+00 -9.990070e+05 3.000000e+00 -1.000000e+00 -1.000000e+00 5.731578e-03 0.000000e+00 0.000000e+00 -1.000000e+00 9.235414e-02 -1.000000e+00 -9.990070e+05 9.235414e-02 1.565465e-01 4.634400e-01 -1.000000e+00 -1.000000e+00 0.000000e+00 -1.000000e+00 3 0.000000e+00 1.175281e-01
-1.000000e+00 -1.000000e+00 0.000000e+00 -1.000000e+00 -1.000000e+00 7.870000e+02 1.083396e-01 -1.000000e+00 0.000000e+00 -1.000000e+00 0.000000e+00 -1.000000e+00 -1.000000e+00 6.841967e-03 8.120000e+02 -1.000000e+00 0.000000e+00 -9.990070e+05 3.000000e+00 -1.000000e+00 -1.000000e+00 2.889486e-02 0.000000e+00 0.000000e+00 -1.000000e+00 5.438238e-02 -1.000000e+00 -9.990070e+05 5.438238e-02 3.237159e-01 6.685289e-01 -1.000000e+00 -1.000000e+00 0.000000e+00 -1.000000e+00 5 0.000000e+00 1.085974e-01
-1.000000e+00 -1.000000e+00 0.000000e+00 -1.000000e+00 -1.000000e+00 3.000000e+02 5.733094e-05 -1.000000e+00 0.000000e+00 -1.000000e+00 0.000000e+00 -1.000000e+00 -1.000000e+00 3.750477e-08 1.300000e+03 -1.000000e+00 0.000000e+00 -9.990070e+05 3.000000e+00 -1.000000e+00 -1.000000e+00 1.598713e-06 0.000000e+00 0.000000e+00 -1.000000e+00 4.416920e-04 -1.000000e+00 -9.990070e+05 4.416920e-04 1.484764e-03 2.200971e-02 -1.000000e+00 -1.000000e+00 0.000000e+00 -1.000000e+00 3 0.000000e+00 5.830919e-04
-1.000000e+00 -1.000000e+00 0.000000e+00 -1.000000e+00 -1.000000e+00 8.000000e+02 1.806558e-01 -1.000000e+00 0.000000e+00 -1.000000e+00 0.000000e+00 -1.000000e+00 -1.000000e+00 1.849654e-02 1.400000e+03 -1.000000e+00 0.000000e+00 -9.990070e+05 3.000000e+00 -1.000000e+00 -1.000000e+00 6.097803e-02 0.000000e+00 0.000000e+00 -1.000000e+00 3.174517e-03 -1.000000e+00 -9.990070e+05 3.174517e-03 4.366859e-01 7.631392e-01 -1.000000e+00 -1.000000e+00 0.000000e+00 -1.000000e+00 6 0.000000e+00 3.862126e-02
-1.000000e+00 -1.000000e+00 0.000000e+00 -1.000000e+00 -1.000000e+00 2.000000e+02 1.857815e-02 -1.000000e+00 0.000000e+00 -1.000000e+00 0.000000e+00 -1.000000e+00 -1.000000e+00 2.939398e-04 1.400000e+03 -1.000000e+00 0.000000e+00 -9.990070e+05 3.000000e+00 -1.000000e+00 -1.000000e+00 2.511240e-03 0.000000e+00 0.000000e+00 -1.000000e+00 1.250067e-04 -1.000000e+00 -9.990070e+05 1.250067e-04 1.044588e-01 3.701315e-01 -1.000000e+00 -1.000000e+00 0.000000e+00 -1.000000e+00 6 0.000000e+00 1.310671e-03
-1.000000e+00 -1.000000e+00 0.000000e+00 -1.000000e+00 -1.000000e+00 2.500000e+02 3.292983e-01 -1.000000e+00 0.000000e+00 -1.000000e+00 0.000000e+00 -1.000000e+00 -1.000000e+00 6.428191e-02 1.750000e+03 -1.000000e+00 0.000000e+00 -9.990070e+05 3.000000e+00 -1.000000e+00 -1.000000e+00 1.519276e-01 0.000000e+00 0.000000e+00 -1.000000e+00 4.525833e-01 -1.000000e+00 -9.990070e+05 4.525833e-01 6.058894e-01 8.669162e-01 -1.000000e+00 -1.000000e+00 0.000000e+00 -1.000000e+00 3 0.000000e+00 5.628381e-01
-1.000000e+00 -1.000000e+00 0.000000e+00 -1.000000e+00 -1.000000e+00 3.500000e+02 7.481340e-01 -1.000000e+00 0.000000e+00 -1.000000e+00 0.000000e+00 -1.000000e+00 -1.000000e+00 4.457425e-01 1.850000e+03 -1.000000e+00 0.000000e+00 -9.990070e+05 3.000000e+00 -1.000000e+00 -1.000000e+00 5.876507e-01 0.000000e+00 0.000000e+00 -1.000000e+00 2.077042e-01 -1.000000e+00 -9.990070e+05 2.077042e-01 8.930930e-01 9.756094e-01 -1.000000e+00 -1.000000e+00 0.000000e+00 -1.000000e+00 7 0.000000e+00 6.680825e-01
-1.000000e+00 -1.000000e+00 0.000000e+00 -1.000000e+00 -1.000000e+00 6.870000e+02 4.036896e-03 -1.000000e+00 0.000000e+00 -1.000000e+00 0.000000e+00 -1.000000e+00 -1.000000e+00 2.388183e-05 7.120000e+02 -1.000000e+00 0.000000e+00 -9.990070e+05 3.000000e+00 -1.000000e+00 -1.000000e+00 3.356621e-04 0.000000e+00 0.000000e+00 -1.000000e+00 2.061677e-03 -1.000000e+00 -9.990070e+05 2.061677e-03 3.610672e-02 1.951549e-01 -1.000000e+00 -1.000000e+00 0.000000e+00 -1.000000e+00 5 0.000000e+00 4.101439e-03
-1.000000e+00 -1.000000e+00 0.000000e+00 -1.000000e+00 -1.000000e+00 3.000000e+02 1.353380e-02 -1.000000e+00 0.000000e+00 -1.000000e+00 0.000000e+00 -1.000000e+00 -1.000000e+00 1.723891e-04 1.500000e+03 -1.000000e+00 0.000000e+00 -9.990070e+05 3.000000e+00 -1.000000e+00 -1.000000e+00 1.643855e-03 0.000000e+00 0.000000e+00 -1.000000e+00 4.488937e-02 -1.000000e+00 -9.990070e+05 4.488937e-02 8.422408e-02 3.268254e-01 -1.000000e+00 -1.000000e+00 0.000000e+00 -1.000000e+00 3 0.000000e+00 5.753637e-02
-1.000000e+00 -1.000000e+00 0.000000e+00 -1.000000e+00 -1.000000e+00 9.000000e+02 4.174211e-01 -1.000000e+00 0.000000e+00 -1.000000e+00 0.000000e+00 -1.000000e+00 -1.000000e+00 1.085765e-01 1.500000e+03 -1.000000e+00 0.000000e+00 -9.990070e+05 3.000000e+00 -1.000000e+00 -1.000000e+00 2.210951e-01 0.000000e+00 0.000000e+00 -1.000000e+00 1.219445e-02 -1.000000e+00 -9.990070e+05 1.219445e-02 6.834195e-01 9.033505e-01 -1.000000e+00 -1.000000e+00 0.000000e+00 -1.000000e+00 6 0.000000e+00 1.627499e-01
-1.000000e+00 -1.000000e+00 0.000000e+00 -1.000000e+00 -1.000000e+00 0.000000e+00 6.769866e-02 -1.000000e+00 0.000000e+00 -1.000000e+00 0.000000e+00 -1.000000e+00 -1.000000e+00 2.850766e-03 2.000000e+02 -1.000000e+00 0.000000e+00 -9.990070e+05 3.000000e+00 -1.000000e+00 -1.000000e+00 1.480734e-02 0.000000e+00 0.000000e+00 -1.000000e+00 3.240418e-02 -1.000000e+00 -9.990070e+05 3.240418e-02 2.426074e-01 5.819099e-01 -1.000000e+00 -1.000000e+00 0.000000e+00 -1.000000e+00 6 0.000000e+00 6.583632e-02
-1.000000e+00 -1.000000e+00 0.000000e+00 -1.000000e+00 -1.000000e+00 5.000000e+01 6.992333e-01 -1.000000e+00 0.000000e+00 -1.000000e+00 0.000000e+00 -1.000000e+00 -1.000000e+00 3.739821e-01 1.950000e+03 -1.000000e+00 0.000000e+00 -9.990070e+05 3.000000e+00 -1.000000e+00 -1.000000e+00 5.220071e-01 1.000000e+00 0.000000e+00 -1.000000e+00 5.000000e-01 -1.000000e+00 -9.990070e+05 5.000000e-01 8.679852e-01 9.687366e-01 -1.000000e+00 -1.000000e+00 0.000000e+00 -1.000000e+00 3 0.000000e+00 7.687774e-01
-1.000000e+00 -1.000000e+00 0.000000e+00 -1.000000e+00 -1.000000e+00 3.500000e+02 4.928379e-03 -1.000000e+00 0.000000e+00 -1.000000e+00 0.000000e+00 -1.000000e+00 -1.000000e+00 3.289392e-05 1.450000e+03 -1.000000e+00 0.000000e+00 -9.990070e+05 3.000000e+00 -1.000000e+00 -1.000000e+00 4.349888e-04 0.000000e+00 0.000000e+00 -1.000000e+00 1.979685e-02 -1.000000e+00 -9.990070e+05 1.979685e-02 4.162143e-02 2.133417e-01 -1.000000e+00 -1.000000e+00 0.000000e+00 -1.000000e+00 3 0.000000e+00 2.556115e-02
-1.000000e+00 -1.000000e+00 0.000000e+00 -1.000000e+00 -1.000000e+00 0.000000e+00 9.208357e-08 -1.000000e+00 0.000000e+00 -1.000000e+00 0.000000e+00 -1.000000e+00 -1.000000e+00 4.635402e-12 4.000000e+02 -1.000000e+00 0.000000e+00 -9.990070e+05 3.000000e+00 -1.000000e+00 -1.000000e+00 7.161973e-10 0.000000e+00 0.000000e+00 -1.000000e+00 4.537256e-09 -1.000000e+00 -9.990070e+05 4.537256e-09 8.402641e-06 4.260411e-04 -1.000000e+00 -1.000000e+00 0.000000e+00 -1.000000e+00 4 0.000000e+00 1.324515e-08
-1.000000e+00 -1.000000e+00 0.000000e+00 -1.000000e+00 -1.000000e+00 9.000000e+02 6.141275e-01 -1.000000e+00 0.000000e+00 -1.000000e+00 0.000000e+00 -1.000000e+00 -1.000000e+00 2.697389e-01 1.700000e+03 -1.000000e+00 0.000000e+00 -9.990070e+05 3.000000e+00 -1.000000e+00 -1.000000e+00 4.176739e-01 0.000000e+00 0.000000e+00 -1.000000e+00 2.451586e-02 -1.000000e+00 -9.990070e+05 2.451586e-02 8.200985e-01 9.543602e-01 -1.000000e+00 -1.000000e+00 0.000000e+00 -1.000000e+00 6 0.000000e+00 3.424966e-01
-1.000000e+00 -1.000000e+00 0.000000e+00 -1.000000e+00 -1.000000e+00 1.500000e+02 5.211284e-02 -1.000000e+00 0.000000e+00 -1.000000e+00 0.000000e+00 -1.000000e+00 -1.000000e+00 1.774439e-03 1.450000e+03 -1.000000e+00 0.000000e+00 -9.990070e+05 3.000000e+00 -1.000000e+00 -1.000000e+00 1.027035e-02 0.000000e+00 0.000000e+00 -1.000000e+00 8.725217e-03 -1.000000e+00 -9.990070e+05 8.725217e-03 2.056767e-01 5.352222e-01 -1.000000e+00 -1.000000e+00 0.000000e+00 -1.000000e+00 7 0.000000e+00 2.629456e-02
-1.000000e+00 -1.000000e+00 0.000000e+00 -1.000000e+00 -1.000000e+00 5.000000e+01 4.827175e-05 -1.000000e+00 0.000000e+00 -1.000000e+00 0.000000e+00 -1.000000e+00 -1.000000e+00 2.921053e-08 1.350000e+03 -1.000000e+00 0.000000e+00 -9.990070e+05 3.000000e+00 -1.000000e+00 -1.000000e+00 1.294923e-06 0.000000e+00 0.000000e+00 -1.000000e+00 3.767696e-04 -1.000000e+00 -9.990070e+05 3.767696e-04 1.298606e-03 1.997074e-02 -1.000000e+00 -1.000000e+00 0.000000e+00 -1.000000e+00 3 0.000000e+00 4.981602e-04
-1.000000e+00 -1.000000e+00 0.000000e+00 -1.000000e+00 -1.000000e+00 9.000000e+02 7.209525e-01 -1.000000e+00 0.000000e+00 -1.000000e+00 0.000000e+00 -1.000000e+00 -1.000000e+00 4.047013e-01 1.900000e+03 -1.000000e+00 0.000000e+00 -9.990070e+05 3.000000e+00 -1.000000e+00 -1.000000e+00 5.506344e-01 1.000000e+00 0.000000e+00 -1.000000e+00 5.000000e-01 -1.000000e+00 -9.990070e+05 5.000000e-01 8.793394e-01 9.719001e-01 -1.000000e+00 -1.000000e+00 0.000000e+00 -1.000000e+00 3 0.000000e+00 7.818318e-01
-1.000000e+00 -1.000000e+00 0.000000e+00 -1.000000e+00 -1.000000e+00 2.500000e+02 6.859251e-01 -1.000000e+00 0.000000e+00 -1.000000e+00 0.000000e+00 -1.000000e+00 -1.000000e+00 3.560293e-01 1.950000e+03 -1.000000e+00 0.000000e+00 -9.990070e+05 3.000000e+00 -1.000000e+00 -1.000000e+00 5.048758e-01 1.000000e+00 0.000000e+00 -1.000000e+00 5.000000e-01 -1.000000e+00 -9.990070e+05 5.000000e-01 8.608620e-01 9.667046e-01 -1.000000e+00 -1.000000e+00 0.000000e+00 -1.000000e+00 3 0.000000e+00 7.609916e-01
-1.000000e+00 -1.000000e+00 0.000000e+00 -1.000000e+00 -1.000000e+00 0.000000e+00 3.343132e-19 -1.000000e+00 0.000000e+00 -1.000000e+00 0.000000e+00 -1.000000e+00 -1.000000e+00 1.355105e-26 1.000000e+03 -1.000000e+00 0.000000e+00 -9.990070e+05 3.000000e+00 -1.000000e+00 -1.000000e+00 7.424306e-23 0.000000e+00 0.000000e+00 -1.000000e+00 2.451819e-23 -1.000000e+00 -9.990070e+05 2.451819e-23 1.049401e-15 1.781277e-12 -1.000000e+00 -1.000000e+00 0.000000e+00 -1.000000e+00 6 0.000000e+00 1.385151e-22
-1.000000e+00 -1.000000e+00 0.000000e+00 -1.000000e+00 -1.000000e+00 8.750000e+02 4.392908e-01 -1.000000e+00 0.000000e+00 -1.000000e+00 0.000000e+00 -1.000000e+00 -1.000000e+00 1.219232e-01 9.250000e+02 -1.000000e+00 0.000000e+00 -9.990070e+05 3.000000e+00 -1.000000e+00 -1.000000e+00 2.400295e-01 0.000000e+00 0.000000e+00 -1.000000e+00 2.201316e-01 -1.000000e+00 -9.990070e+05 2.201316e-01 7.008256e-01 9.107345e-01 -1.000000e+00 -1.000000e+00 0.000000e+00 -1.000000e+00 5 0.000000e+00 4.396870e-01
-1.000000e+00 -1.000000e+00 0.000000e+00 -1.000000e+00 -1.000000e+00 5.500000e+02 2.044591e-01 -1.000000e+00 0.000000e+00 -1.000000e+00 0.000000e+00 -1.000000e+00 -1.000000e+00 2.372460e-02 1.650000e+03 -1.000000e+00 0.000000e+00 -9.990070e+05 3.000000e+00 -1.000000e+00 -1.000000e+00 7.333950e-02 0.000000e+00 0.000000e+00 -1.000000e+00 3.340660e-01 -1.000000e+00 -9.990070e+05 3.340660e-01 4.682792e-01 7.854960e-01 -1.000000e+00 -1.000000e+00 0.000000e+00 -1.000000e+00 3 0.000000e+00 4.177851e-01
-1.000000e+00 -1.000000e+00 0.000000e+00 -1.000000e+00 -1.000000e+00 8.500000e+02 6.676734e-01 -1.000000e+00 0.000000e+00 -1.000000e+00 0.000000e+00 -1.000000e+00 -1.000000e+00 3.324420e-01 1.750000e+03 -1.000000e+00 0.000000e+00 -9.990070e+05 3.000000e+00 -1.000000e+00 -1.000000e+00 4.818800e-01 0.000000e+00 0.000000e+00 -1.000000e+00 2.872517e-02 -1.000000e+00 -9.990070e+05 2.872517e-02 8.508805e-01 9.637953e-01 -1.000000e+00 -1.000000e+00 0.000000e+00 -1.000000e+00 6 0.000000e+00 4.062406e-01
-1.000000e+00 -1.000000e+00 0.000000e+00 -1.000000e+00 -1.000000e+00 7.000000e+02 1.738071e-01 -1.000000e+00 0.000000e+00 -1.000000e+00 0.000000e+00 -1.000000e+00 -1.000000e+00 1.712564e-02 9.000000e+02 -1.000000e+00 0.000000e+00 -9.990070e+05 3.000000e+00 -1.000000e+00 -1.000000e+00 5.758203e-02 0.000000e+00 0.000000e+00 -1.000000e+00 3.249493e-03 -1.000000e+00 -9.990070e+05 3.249493e-03 4.271693e-01 7.560914e-01 -1.000000e+00 -1.000000e+00 0.000000e+00 -1.000000e+00 6 0.000000e+00 3.748318e-02
-1.000000e+00 -1.000000e+00 0.000000e+00 -1.000000e+00 -1.000000e+00 6.000000e+02 8.529330e-04 -1.000000e+00 0.000000e+00 -1.000000e+00 0.000000e+00 -1.000000e+00 -1.000000e+00 2.099638e-06 1.200000e+03 -1.000000e+00 0.000000e+00 -9.990070e+05 3.000000e+00 -1.000000e+00 -1.000000e+00 4.593196e-05 0.000000e+00 0.000000e+00 -1.000000e+00 2.387435e-06 -1.000000e+00 -9.990070e+05 2.387435e-06 1.161378e-02 9.305186e-02 -1.000000e+00 -1.000000e+00 0.000000e+00 -1.000000e+00 6 0.000000e+00 2.218923e-05
-1.000000e+00 -1.000000e+00 0.000000e+00 -1.000000e+00 -1.000000e+00 5.870000e+02 7.483762e-09 -1.000000e+00 0.000000e+00 -1.000000e+00 0.000000e+00 -1.000000e+00 -1.000000e+00 1.597826e-13 6.120000e+02 -1.000000e+00 0.000000e+00 -9.990070e+05 3.000000e+00 -1.000000e+00 -1.000000e+00 3.795417e-11 0.000000e+00 0.000000e+00 -1.000000e+00 1.189416e-10 -1.000000e+00 -9.990070e+05 1.189416e-10 1.043355e-06 8.033904e-05 -1.000000e+00 -1.000000e+00 0.000000e+00 -1.000000e+00 4 0.000000e+00 4.109054e-10
-1.000000e+00 -1.000000e+00 0.000000e+00 -1.000000e+00 -1.000000e+00 0.000000e+00 2.404198e-02 -1.000000e+00 0.000000e+00 -1.000000e+00 0.000000e+00 -1.000000e+00 -1.000000e+00 4.564617e-04 1.400000e+03 -1.000000e+00 0.000000e+00 -9.990070e+05 3.000000e+00 -1.000000e+00 -1.000000e+00 3.555247e-03 0.000000e+00 0.000000e+00 -1.000000e+00 3.676379e-03 -1.000000e+00 -9.990070e+05 3.676379e-03 1.241762e-01 4.080826e-01 -1.000000e+00 -1.000000e+00 0.000000e+00 -1.000000e+00 7 0.000000e+00 1.094835e-02
-1.000000e+00 -1.000000e+00 0.000000e+00 -1.000000e+00 -1.000000e+00 4.500000e+02 6.783224e-01 -1.000000e+00 0.000000e+00 -1.000000e+00 0.000000e+00 -1.000000e+00 -1.000000e+00 3.460609e-01 1.950000e+03 -1.000000e+00 0.000000e+00 -9.990070e+05 3.000000e+00 -1.000000e+00 -1.000000e+00 4.952272e-01 1.000000e+00 0.000000e+00 -1.000000e+00 5.000000e-01 -1.000000e+00 -9.990070e+05 5.000000e-01 8.567344e-01 9.655103e-01 -1.000000e+00 -1.000000e+00 0.000000e+00 -1.000000e+00 3 0.000000e+00 7.566142e-01
-1.000000e+00 -1.000000e+00 4.000000e+03 -1.000000e+00 -1.000000e+00 7.500000e+02 1.779977e-01 -1.000000e+00 1.000000e+00 -1.000000e+00 0.000000e+00 -1.000000e+00 -1.000000e+00 1.795751e-02 8.500000e+02 -1.000000e+00 1.000000e+00 -9.990070e+05 3.000000e+00 -1.000000e+00 -1.000000e+00 5.965136e-02 0.000000e+00 0.000000e+00 -1.000000e+00 8.904294e-02 -1.000000e+00 -9.990070e+05 8.904294e-02 4.330163e-01 7.604394e-01 -1.000000e+00 -1.000000e+00 0.000000e+00 -1.000000e+00 5 0.000000e+00 1.780470e-01
-1.000000e+00 -1.000000e+00 0.000000e+00 -1.000000e+00 -1.000000e+00 7.000000e+02 1.711801e-01 -1.000000e+00 0.000000e+00 -1.000000e+00 0.000000e+00 -1.000000e+00 -1.000000e+00 1.661526e-02 1.500000e+03 -1.000000e+00 0.000000e+00 -9.990070e+05 3.000000e+00 -1.000000e+00 -1.000000e+00 5.629867e-02 0.000000e+00 0.000000e+00 -1.000000e+00 2.912526e-03 -1.000000e+00 -9.990070e+05 2.912526e-03 4.234642e-01 7.533066e-01 -1.000000e+00 -1.000000e+00 0.000000e+00 -1.000000e+00 6 0.000000e+00 3.534233e-02
-1.000000e+00 -1.000000e+00 0.000000e+00 -1.000000e+00 -1.000000e+00 0.000000e+00 2.319947e-30 -1.000000e+00 0.000000e+00 -1.000000e+00 0.000000e+00 -1.000000e+00 -1.000000e+00 6.660224e-40 6.000000e+02 -1.000000e+00 0.000000e+00 -9.990070e+05 3.000000e+00 -1.000000e+00 -1.000000e+00 4.343102e-35 0.000000e+00 0.000000e+00 -1.000000e+00 8.825591e-33 -1.000000e+00 -9.990070e+05 8.825591e-33 8.601093e-26 1.714334e-21 -1.000000e+00 -1.000000e+00 0.000000e+00 -1.000000e+00 4 0.000000e+00 2.604064e-32
-1.000000e+00 -1.000000e+00 0.000000e+00 -1.000000e+00 -1.000000e+00 4.500000e+02 4.820806e-03 -1.000000e+00 0.000000e+00 -1.000000e+00 0.000000e+00 -1.000000e+00 -1.000000e+00 3.174619e-05 1.350000e+03 -1.000000e+00 0.000000e+00 -9.990070e+05 3.000000e+00 -1.000000e+00 -1.000000e+00 4.226736e-04 0.000000e+00 0.000000e+00 -1.000000e+00 2.134520e-05 -1.000000e+00 -9.990070e+05 2.134520e-05 4.097401e-02 2.112652e-01 -1.000000e+00 -1.000000e+00 0.000000e+00 -1.000000e+00 6 0.000000e+00 2.105160e-04
-1.000000e+00 -1.000000e+00 0.000000e+00 -1.000000e+00 -1.000000e+00 7.500000e+02 7.401787e-02 -1.000000e+00 0.000000e+00 -1.000000e+00 0.000000e+00 -1.000000e+00 -1.000000e+00 3.357834e-03 1.250000e+03 -1.000000e+00 0.000000e+00 -9.990070e+05 3.000000e+00 -1.000000e+00 -1.000000e+00 1.679117e-02 0.000000e+00 0.000000e+00 -1.000000e+00 8.567373e-04 -1.000000e+00 -9.990070e+05 8.567373e-04 2.564781e-01 5.981381e-01 -1.000000e+00 -1.000000e+00 0.000000e+00 -1.000000e+00 6 0.000000e+00 9.668611e-03
-1.000000e+00 -1.000000e+00 0.000000e+00 -1.000000e+00 -1.000000e+00 0.000000e+00 1.273361e-31 -1.000000e+00 0.000000e+00 -1.000000e+00 0.000000e+00 -1.000000e+00 -1.000000e+00 2.228889e-41 8.000000e+02 -1.000000e+00 0.000000e+00 -9.990070e+05 3.000000e+00 -1.000000e+00 -1.000000e+00 1.861604e-36 0.000000e+00 0.000000e+00 -1.000000e+00 2.413074e-34 -1.000000e+00 -9.990070e+05 2.413074e-34 6.043442e-27 1.541405e-22 -1.000000e+00 -1.000000e+00 0.000000e+00 -1.000000e+00 4 0.000000e+00 7.510143e-34
-1.000000e+00 -1.000000e+00 0.000000e+00 -1.000000e+00 -1.000000e+00 2.000000e+02 7.315715e-02 -1.000000e+00 0.000000e+00 -1.000000e+00 0.000000e+00 -1.000000e+00 -1.000000e+00 3.286350e-03 1.600000e+03 -1.000000e+00 0.000000e+00 -9.990070e+05 3.000000e+00 -1.000000e+00 -1.000000e+00 1.651625e-02 0.000000e+00 0.000000e+00 -1.000000e+00 1.631025e-01 -1.000000e+00 -9.990070e+05 1.631025e-01 2.546214e-01 5.960036e-01 -1.000000e+00 -1.000000e+00 0.000000e+00 -1.000000e+00 3 0.000000e+00 2.061854e-01
-1.000000e+00 -1.000000e+00 0.000000e+00 -1.000000e+00 -1.000000e+00 4.500000e+02 3.356182e-01 -1.000000e+00 0.000000e+00 -1.000000e+00 0.000000e+00 -1.000000e+00 -1.000000e+00 6.698776e-02 1.750000e+03 -1.000000e+00 0.000000e+00 -9.990070e+05 3.000000e+00 -1.000000e+00 -1.000000e+00 1.565109e-01 0.000000e+00 0.000000e+00 -1.000000e+00 4.578319e-01 -1.000000e+00 -9.990070e+05 4.578319e-01 6.118938e-01 8.699565e-01 -1.000000e+00 -1.000000e+00 0.000000e+00 -1.000000e+00 3 0.000000e+00 5.692536e-01
-1.000000e+00 -1.000000e+00 0.000000e+00 -1.000000e+00 -1.000000e+00 1.000000e+02 2.216193e-01 -1.000000e+00 0.000000e+00 -1.000000e+00 0.000000e+00 -1.000000e+00 -1.000000e+00 2.795486e-02 1.700000e+03 -1.000000e+00 0.000000e+00 -9.990070e+05 3.000000e+00 -1.000000e+00 -1.000000e+00 8.278175e-02 0.000000e+00 0.000000e+00 -1.000000e+00 3.521144e-01 -1.000000e+00 -9.990070e+05 3.521144e-01 4.897707e-01 7.998431e-01 -1.000000e+00 -1.000000e+00 0.000000e+00 -1.000000e+00 3 0.000000e+00 4.399900e-01
-1.000000e+00 -1.000000e+00 0.000000e+00 -1.000000e+00 -1.000000e+00 2.000000e+02 6.656067e-01 -1.000000e+00 0.000000e+00 -1.000000e+00 0.000000e+00 -1.000000e+00 -1.000000e+00 3.298448e-01 1.800000e+03 -1.000000e+00 0.000000e+00 -9.990070e+05 3.000000e+00 -1.000000e+00 -1.000000e+00 4.793121e-01 0.000000e+00 0.000000e+00 -1.000000e+00 1.778764e-01 -1.000000e+00 -9.990070e+05 1.778764e-01 8.497344e-01 9.634566e-01 -1.000000e+00 -1.000000e+00 0.000000e+00 -1.000000e+00 7 0.000000e+00 5.708373e-01
-1.000000e+00 -1.000000e+00 0.000000e+00 -1.000000e+00 -1.000000e+00 8.500000e+02 2.816212e-01 -1.000000e+00 0.000000e+00 -1.000000e+00 0.000000e+00 -1.000000e+00 -1.000000e+00 4.600338e-02 1.350000e+03 -1.000000e+00 0.000000e+00 -9.990070e+05 3.000000e+00 -1.000000e+00 -1.000000e+00 1.192229e-01 0.000000e+00 0.000000e+00 -1.000000e+00 6.371162e-03 -1.000000e+00 -9.990070e+05 6.371162e-03 5.579606e-01 8.412163e-01 -1.000000e+00 -1.000000e+00 0.000000e+00 -1.000000e+00 6 0.000000e+00 8.100581e-02
-1.000000e+00 -1.000000e+00 0.000000e+00 -1.000000e+00 -1.000000e+00 6.000000e+02 3.945335e-03 -1.000000e+00 0.000000e+00 -1.000000e+00 0.000000e+00 -1.000000e+00 -1.000000e+00 2.302171e-05 1.000000e+03 -1.000000e+00 0.000000e+00 -9.990070e+05 3.000000e+00 -1.000000e+00 -1.000000e+00 3.258264e-04 0.000000e+00 0.000000e+00 -1.000000e+00 1.682930e-05 -1.000000e+00 -9.990070e+05 1.682930e-05 3.551945e-02 1.931474e-01 -1.000000e+00 -1.000000e+00 0.000000e+00 -1.000000e+00 6 0.000000e+00 1.634042e-04
-1.000000e+00 -1.000000e+00 0.000000e+00 -1.000000e+00 -1.000000e+00 6.500000e+02 9.121431e-03 -1.000000e+00 0.000000e+00 -1.000000e+00 0.000000e+00 -1.000000e+00 -1.000000e+00 8.958186e-05 1.150000e+03 -1.000000e+00 0.000000e+00 -9.990070e+05 3.000000e+00 -1.000000e+00 -1.000000e+00 9.744348e-04 0.000000e+00 0.000000e+00 -1.000000e+00 4.954811e-05 -1.000000e+00 -9.990070e+05 4.954811e-05 6.415415e-02 2.780966e-01 -1.000000e+00 -1.000000e+00 0.000000e+00 -1.000000e+00 6 0.000000e+00 4.987763e-04
-1.000000e+00 -1.000000e+00 0.000000e+00 -1.000000e+00 -1.000000e+00 2.000000e+02 2.605391e-07 -1.000000e+00 0.000000e+00 -1.000000e+00 0.000000e+00 -1.000000e+00 -1.000000e+00 1.907722e-11 1.200000e+03 -1.000000e+00 0.000000e+00 -9.990070e+05 3.000000e+00 -1.000000e+00 -1.000000e+00 2.442449e-09 0.000000e+00 0.000000e+00 -1.000000e+00 1.738815e-10 -1.000000e+00 -9.990070e+05 1.738815e-10 1.976184e-05 8.354652e-04 -1.000000e+00 -1.000000e+00 0.000000e+00 -1.000000e+00 6 0.000000e+00 1.336423e-09
-1.000000e+00 -1.000000e+00 0.000000e+00 -1.000000e+00 -1.000000e+00 1.500000e+02 1.307032e-01 -1.000000e+00 0.000000e+00 -1.000000e+00 0.000000e+00 -1.000000e+00 -1.000000e+00 9.799118e-03 1.650000e+03 -1.000000e+00 0.000000e+00 -9.990070e+05 3.000000e+00 -1.000000e+00 -1.000000e+00 3.790469e-02 0.000000e+00 0.000000e+00 -1.000000e+00 2.464112e-01 -1.000000e+00 -9.990070e+05 2.464112e-01 3.619899e-01 7.034645e-01 -1.000000e+00 -1.000000e+00 0.000000e+00 -1.000000e+00 3 0.000000e+00 3.097726e-01
-1.000000e+00 -1.000000e+00 0.000000e+00 -1.000000e+00 -1.000000e+00 4.000000e+02 1.253146e-06 -1.000000e+00 0.000000e+00 -1.000000e+00 0.000000e+00 -1.000000e+00 -1.000000e+00 1.656946e-10 1.200000e+03 -1.000000e+00 0.000000e+00 -9.990070e+05 3.000000e+00 -1.000000e+00 -1.000000e+00 1.576956e-08 0.000000e+00 0.000000e+00 -1.000000e+00 1.048200e-09 -1.000000e+00 -9.990070e+05 1.048200e-09 7.104783e-05 2.257726e-03 -1.000000e+00 -1.000000e+00 0.000000e+00 -1.000000e+00 6 0.000000e+00 8.286421e-09
-1.000000e+00 -1.000000e+00 0.000000e+00 -1.000000e+00 -1.000000e+00 8.000000e+02 4.128039e-01 -1.000000e+00 0.000000e+00 -1.000000e+00 0.000000e+00 -1.000000e+00 -1.000000e+00 1.058854e-01 1.600000e+03 -1.000000e+00 0.000000e+00 -9.990070e+05 3.000000e+00 -1.000000e+00 -1.000000e+00 2.171882e-01 0.000000e+00 0.000000e+00 -1.000000e+00 1.197855e-02 -1.000000e+00 -9.990070e+05 1.197855e-02 6.796599e-01 9.017190e-01 -1.000000e+00 -1.000000e+00 0.000000e+00 -1.000000e+00 6 0.000000e+00 1.595079e-01
-1.000000e+00 -1.000000e+00 0.000000e+00 -1.000000e+00 -1.000000e+00 1.500000e+02 6.853353e-07 -1.000000e+00 0.000000e+00 -1.000000e+00 0.000000e+00 -1.000000e+00 -1.000000e+00 7.193369e-11 1.250000e+03 -1.000000e+00 0.000000e+00 -9.990070e+05 3.000000e+00 -1.000000e+00 -1.000000e+00 7.687268e-09 0.000000e+00 0.000000e+00 -1.000000e+00 8.252484e-06 -1.000000e+00 -9.990070e+05 8.252484e-06 4.353167e-05 1.546263e-03 -1.000000e+00 -1.000000e+00 0.000000e+00 -1.000000e+00 3 0.000000e+00 1.108167e-05
-1.000000e+00 -1.000000e+00 0.000000e+00 -1.000000e+00 -1.000000e+00 1.500000e+02 7.326966e-01 -1.000000e+00 0.000000e+00 -1.000000e+00 0.000000e+00 -1.000000e+00 -1.000000e+00 4.220708e-01 1.850000e+03 -1.000000e+00 0.000000e+00 -9.990070e+05 3.000000e+00 -1.000000e+00 -1.000000e+00 5.664640e-01 0.000000e+00 0.000000e+00 -1.000000e+00 2.020243e-01 -1.000000e+00 -9.990070e+05 2.020243e-01 8.853428e-01 9.735357e-01 -1.000000e+00 -1.000000e+00 0.000000e+00 -1.000000e+00 7 0.000000e+00 6.494880e-01
-1.000000e+00 -1.000000e+00 0.000000e+00 -1.000000e+00 -1.000000e+00 7.000000e+02 6.369075e-01 -1.000000e+00 0.000000e+00 -1.000000e+00 0.000000e+00 -1.000000e+00 -1.000000e+00 2.952716e-01 1.900000e+03 -1.000000e+00 0.000000e+00 -9.990070e+05 3.000000e+00 -1.000000e+00 -1.000000e+00 4.444025e-01 1.000000e+00 0.000000e+00 -1.000000e+00 5.000000e-01 -1.000000e+00 -9.990070e+05 5.000000e-01 8.334764e-01 9.585475e-01 -1.000000e+00 -1.000000e+00 0.000000e+00 -1.000000e+00 3 0.000000e+00 7.336259e-01
-1.000000e+00 -1.000000e+00 0.000000e+00 -1.000000e+00 -1.000000e+00 1.000000e+02 9.644917e-06 -1.000000e+00 0.000000e+00 -1.000000e+00 0.000000e+00 -1.000000e+00 -1.000000e+00 2.898508e-09 1.300000e+03 -1.000000e+00 0.000000e+00 -9.990070e+05 3.000000e+00 -1.000000e+00 -1.000000e+00 1.826588e-07 0.000000e+00 0.000000e+00 -1.000000e+00 9.030621e-05 -1.000000e+00 -9.990070e+05 9.030621e-05 3.653879e-04 7.832714e-03 -1.000000e+00 -1.000000e+00 0.000000e+00 -1.000000e+00 3 0.000000e+00 1.201137e-04
-1.000000e+00 -1.000000e+00 0.000000e+00 -1.000000e+00 -1.000000e+00 3.000000e+02 5.777704e-12 -1.000000e+00 0.000000e+00 -1.000000e+00 0.000000e+00 -1.000000e+00 -1.000000e+00 1.404517e-17 1.100000e+03 -1.000000e+00 0.000000e+00 -9.990070e+05 3.000000e+00 -1.000000e+00 -1.000000e+00 9.910494e-15 0.000000e+00 0.000000e+00 -1.000000e+00 1.287375e-15 -1.000000e+00 -9.990070e+05 1.287375e-15 2.365212e-09 5.291138e-07 -1.000000e+00 -1.000000e+00 0.000000e+00 -1.000000e+00 6 0.000000e+00 8.430882e-15
-1.000000e+00 -1.000000e+00 0.000000e+00 -1.000000e+00 -1.000000e+00 8.500000e+02 5.302276e-01 -1.000000e+00 0.000000e+00 -1.000000e+00 0.000000e+00 -1.000000e+00 -1.000000e+00 1.889544e-01 1.150000e+03 -1.000000e+00 0.000000e+00 -9.990070e+05 3.000000e+00 -1.000000e+00 -1.000000e+00 3.264855e-01 0.000000e+00 0.000000e+00 -1.000000e+00 1.866111e-02 -1.000000e+00 -9.990070e+05 1.866111e-02 7.668445e-01 9.363229e-01 -1.000000e+00 -1.000000e+00 0.000000e+00 -1.000000e+00 6 0.000000e+00 2.559994e-01
-1.000000e+00 -1.000000e+00 0.000000e+00 -1.000000e+00 -1.000000e+00 5.500000e+02 3.592806e-03 -1.000000e+00 0.000000e+00 -1.000000e+00 0.000000e+00 -1.000000e+00 -1.000000e+00 1.982741e-05 8.500000e+02 -1.000000e+00 0.000000e+00 -9.990070e+05 3.000000e+00 -1.000000e+00 -1.000000e+00 2.886353e-04 0.000000e+00 0.000000e+00 -1.000000e+00 1.790792e-05 -1.000000e+00 -9.990070e+05 1.790792e-05 3.321695e-02 1.851323e-01 -1.000000e+00 -1.000000e+00 0.000000e+00 -1.000000e+00 6 0.000000e+00 1.612903e-04
-1.000000e+00 -1.000000e+00 0.000000e+00 -1.000000e+00 -1.000000e+00 5.500000e+02 5.320680e-02 -1.000000e+00 0.000000e+00 -1.000000e+00 0.000000e+00 -1.000000e+00 -1.000000e+00 1.841944e-03 1.450000e+03 -1.000000e+00 0.000000e+00 -9.990070e+05 3.000000e+00 -1.000000e+00 -1.000000e+00 1.057154e-02 0.000000e+00 0.000000e+00 -1.000000e+00 1.291656e-01 -1.000000e+00 -9.990070e+05 1.291656e-01 2.084144e-01 5.388736e-01 -1.000000e+00 -1.000000e+00 0.000000e+00 -1.000000e+00 3 0.000000e+00 1.637117e-01
-1.000000e+00 -1.000000e+00 0.000000e+00 -1.000000e+00 -1.000000e+00 7.500000e+02 7.549499e-01 -1.000000e+00 0.000000e+00 -1.000000e+00 0.000000e+00 -1.000000e+00 -1.000000e+00 4.565054e-01 1.850000e+03 -1.000000e+00 0.000000e+00 -9.990070e+05 3.000000e+00 -1.000000e+00 -1.000000e+00 5.971435e-01 0.000000e+00 0.000000e+00 -1.000000e+00 2.102161e-01 -1.000000e+00 -9.990070e+05 2.102161e-01 8.964649e-01 9.764984e-01 -1.000000e+00 -1.000000e+00 0.000000e+00 -1.000000e+00 7 0.000000e+00 6.763467e-01
-1.000000e+00 -1.000000e+00 0.000000e+00 -1.000000e+00 -1.000000e+00 8.000000e+02 2.665147e-01 -1.000000e+00 0.000000e+00 -1.000000e+00 0.000000e+00 -1.000000e+00 -1.000000e+00 4.096156e-02 1.200000e+03 -1.000000e+00 0.000000e+00 -9.990070e+05 3.000000e+00 -1.000000e+00 -1.000000e+00 1.095507e-01 0.000000e+00 0.000000e+00 -1.000000e+00 5.838519e-03 -1.000000e+00 -9.990070e+05 5.838519e-03 5.417027e-01 8.318906e-01 -1.000000e+00 -1.000000e+00 0.000000e+00 -1.000000e+00 6 0.000000e+00 7.374051e-02
-1.000000e+00 -1.000000e+00 0.000000e+00 -1.000000e+00 -1.000000e+00 8.870000e+02 4.677086e-01 -1.000000e+00 0.000000e+00 -1.000000e+00 0.000000e+00 -1.000000e+00 -1.000000e+00 1.408030e-01 9.120000e+02 -1.000000e+00 0.000000e+00 -9.990070e+05 3.000000e+00 -1.000000e+00 -1.000000e+00 2.656994e-01 0.000000e+00 0.000000e+00 -1.000000e+00 2.342362e-01 -1.000000e+00 -9.990070e+05 2.342362e-01 7.225053e-01 9.195505e-01 -1.000000e+00 -1.000000e+00 0.000000e+00 -1.000000e+00 5 0.000000e+00 4.680073e-01
-1.000000e+00 -1.000000e+00 0.000000e+00 -1.000000e+00 -1.000000e+00 0.000000e+00 7.612804e-01 -1.000000e+00 0.000000e+00 -1.000000e+00 0.000000e+00 -1.000000e+00 -1.000000e+00 4.666761e-01 2.000000e+03 -1.000000e+00 0.000000e+00 -9.990070e+05 3.000000e+00 -1.000000e+00 -1.000000e+00 6.060368e-01 1.000000e+00 0.000000e+00 -1.000000e+00 5.000000e-01 -1.000000e+00 -9.990070e+05 5.000000e-01 8.995697e-01 9.773099e-01 -1.000000e+00 -1.000000e+00 0.000000e+00 -1.000000e+00 3 0.000000e+00 8.072852e-01
-1.000000e+00 -1.000000e+00 0.000000e+00 -1.000000e+00 -1.000000e+00 4.500000e+02 5.763710e-02 -1.000000e+00 0.000000e+00 -1.000000e+00 0.000000e+00 -1.000000e+00 -1.000000e+00 2.127706e-03 1.550000e+03 -1.000000e+00 0.000000e+00 -9.990070e+05 3.000000e+00 -1.000000e+00 -1.000000e+00 1.181854e-02 0.000000e+00 0.000000e+00 -1.000000e+00 1.369461e-01 -1.000000e+00 -9.990070e+05 1.369461e-01 2.192602e-01 5.530253e-01 -1.000000e+00 -1.000000e+00 0.000000e+00 -1.000000e+00 3 0.000000e+00 1.734835e-01
-1.000000e+00 -1.000000e+00 0.000000e+00 -1.000000e+00 -1.000000e+00 7.000000e+02 6.989543e-02 -1.000000e+00 0.000000e+00 -1.000000e+00 0.000000e+00 -1.000000e+00 -1.000000e+00 3.022386e-03 1.100000e+03 -1.000000e+00 0.000000e+00 -9.990070e+05 3.000000e+00 -1.000000e+00 -1.000000e+00 1.548786e-02 0.000000e+00 0.000000e+00 -1.000000e+00 7.891742e-04 -1.000000e+00 -9.990070e+05 7.891742e-04 2.474933e-01 5.877016e-01 -1.000000e+00 -1.000000e+00 0.000000e+00 -1.000000e+00 6 0.000000e+00 8.872781e-03
-1.000000e+00 -1.000000e+00 0.000000e+00 -1.000000e+00 -1.000000e+00 6.500000e+02 4.158840e-03 -1.000000e+00 0.000000e+00 -1.000000e+00 0.000000e+00 -1.000000e+00 -1.000000e+00 2.504662e-05 7.500000e+02 -1.000000e+00 0.000000e+00 -9.990070e+05 3.000000e+00 -1.000000e+00 -1.000000e+00 3.488711e-04 0.000000e+00 0.000000e+00 -1.000000e+00 2.087715e-03 -1.000000e+00 -9.990070e+05 2.087715e-03 3.688238e-02 1.977843e-01 -1.000000e+00 -1.000000e+00 0.000000e+00 -1.000000e+00 5 0.000000e+00 4.171235e-03
-1.000000e+00 -1.000000e+00 0.000000e+00 -1.000000e+00 -1.000000e+00 0.000000e+00 3.345578e-08 -1.000000e+00 0.000000e+00 -1.000000e+00 0.000000e+00 -1.000000e+00 -1.000000e+00 1.182715e-12 1.200000e+03 -1.000000e+00 0.000000e+00 -9.990070e+05 3.000000e+00 -1.000000e+00 -1.000000e+00 2.181756e-10 0.000000e+00 0.000000e+00 -1.000000e+00 4.997234e-07 -1.000000e+00 -9.990070e+05 4.997234e-07 3.635033e-06 2.188754e-04 -1.000000e+00 -1.000000e+00 0.000000e+00 -1.000000e+00 3 0.000000e+00 6.791205e-07
-1.000000e+00 -1.000000e+00 0.000000e+00 -1.000000e+00 -1.000000e+00 7.500000e+02 3.856215e-01 -1.000000e+00 0.000000e+00 -1.000000e+00 0.000000e+00 -1.000000e+00 -1.000000e+00 9.090444e-02 1.650000e+03 -1.000000e+00 0.000000e+00 -9.990070e+05 3.000000e+00 -1.000000e+00 -1.000000e+00 1.948247e-01 0.000000e+00 0.000000e+00 -1.000000e+00 4.994209e-01 -1.000000e+00 -9.990070e+05 4.994209e-01 6.568912e-01 8.915529e-01 -1.000000e+00 -1.000000e+00 0.000000e+00 -1.000000e+00 3 0.000000e+00 6.190210e-01
-1.000000e+00 -1.000000e+00 0.000000e+00 -1.000000e+00 -1.000000e+00 2.500000e+02 2.958529e-02 -1.000000e+00 0.000000e+00 -1.000000e+00 0.000000e+00 -1.000000e+00 -1.000000e+00 6.531906e-04 1.550000e+03 -1.000000e+00 0.000000e+00 -9.990070e+05 3.000000e+00 -1.000000e+00 -1.000000e+00 4.712346e-03 0.000000e+00 0.000000e+00 -1.000000e+00 8.281845e-02 -1.000000e+00 -9.990070e+05 8.281845e-02 1.424834e-01 4.403220e-01 -1.000000e+00 -1.000000e+00 0.000000e+00 -1.000000e+00 3 0.000000e+00 1.054994e-01
-1.000000e+00 -1.000000e+00 0.000000e+00 -1.000000e+00 -1.000000e+00 2.500000e+02 2.887479e-03 -1.000000e+00 0.000000e+00 -1.000000e+00 0.000000e+00 -1.000000e+00 -1.000000e+00 1.401283e-05 1.350000e+03 -1.000000e+00 0.000000e+00 -9.990070e+05 3.000000e+00 -1.000000e+00 -1.000000e+00 2.176707e-04 0.000000e+00 0.000000e+00 -1.000000e+00 1.114074e-05 -1.000000e+00 -9.990070e+05 1.114074e-05 2.838501e-02 1.674843e-01 -1.000000e+00 -1.000000e+00 0.000000e+00 -1.000000e+00 6 0.000000e+00 1.075244e-04
-1.000000e+00 -1.000000e+00 0.000000e+00 -1.000000e+00 -1.000000e+00 6.500000e+02 4.240418e-02 -1.000000e+00 0.000000e+00 -1.000000e+00 0.000000e+00 -1.000000e+00 -1.000000e+00 1.228303e-03 9.500000e+02 -1.000000e+00 0.000000e+00 -9.990070e+05 3.000000e+00 -1.000000e+00 -1.000000e+00 7.719043e-03 0.000000e+00 0.000000e+00 -1.000000e+00 3.891055e-04 -1.000000e+00 -9.990070e+05 3.891055e-04 1.802055e-01 4.995860e-01 -1.000000e+00 -1.000000e+00 0.000000e+00 -1.000000e+00 6 0.000000e+00 4.247361e-03
-1.000000e+00 -1.000000e+00 0.000000e+00 -1.000000e+00 -1.000000e+00 6.500000e+02 6.794796e-01 -1.000000e+00 0.000000e+00 -1.000000e+00 0.000000e+00 -1.000000e+00 -1.000000e+00 3.475650e-01 1.950000e+03 -1.000000e+00 0.000000e+00 -9.990070e+05 3.000000e+00 -1.000000e+00 -1.000000e+00 4.966894e-01 1.000000e+00 0.000000e+00 -1.000000e+00 5.000000e-01 -1.000000e+00 -9.990070e+05 5.000000e-01 8.573655e-01 9.656937e-01 -1.000000e+00 -1.000000e+00 0.000000e+00 -1.000000e+00 3 0.000000e+00 7.572772e-01
-1.000000e+00 -1.000000e+00 0.000000e+00 -1.000000e+00 -1.000000e+00 4.000000e+02 1.845372e-02 -1.000000e+00 0.000000e+00 -1.000000e+00 0.000000e+00 -1.000000e+00 -1.000000e+00 2.906080e-04 1.400000e+03 -1.000000e+00 0.000000e+00 -9.990070e+05 3.000000e+00 -1.000000e+00 -1.000000e+00 2.488674e-03 0.000000e+00 0.000000e+00 -1.000000e+00 1.235824e-04 -1.000000e+00 -9.990070e+05 1.235824e-04 1.039861e-01 3.691745e-01 -1.000000e+00 -1.000000e+00 0.000000e+00 -1.000000e+00 6 0.000000e+00 1.296743e-03
-1.000000e+00 -1.000000e+00 0.000000e+00 -1.000000e+00 -1.000000e+00 7.500000e+02 1.423510e-01 -1.000000e+00 0.000000e+00 -1.000000e+00 0.000000e+00 -1.000000e+00 -1.000000e+00 1.156304e-02 1.450000e+03 -1.000000e+00 0.000000e+00 -9.990070e+05 3.000000e+00 -1.000000e+00 -1.000000e+00 4.292806e-02 0.000000e+00 0.000000e+00 -1.000000e+00 2.201941e-03 -1.000000e+00 -9.990070e+05 2.201941e-03 3.806013e-01 7.193158e-01 -1.000000e+00 -1.000000e+00 0.000000e+00 -1.000000e+00 6 0.000000e+00 2.630676e-02
-1.000000e+00 -1.000000e+00 0.000000e+00 -1.000000e+00 -1.000000e+00 3.500000e+02 1.561949e-05 -1.000000e+00 0.000000e+00 -1.000000e+00 0.000000e+00 -1.000000e+00 -1.000000e+00 5.757331e-09 1.250000e+03 -1.000000e+00 0.000000e+00 -9.990070e+05 3.000000e+00 -1.000000e+00 -1.000000e+00 3.274425e-07 0.000000e+00 0.000000e+00 -1.000000e+00 1.965816e-08 -1.000000e+00 -9.990070e+05 1.965816e-08 5.354108e-04 1.041369e-02 -1.000000e+00 -1.000000e+00 0.000000e+00 -1.000000e+00 6 0.000000e+00 1.635842e-07
-1.000000e+00 -1.000000e+00 0.000000e+00 -1.000000e+00 -1.000000e+00 6.750000e+02 1.050635e-02 -1.000000e+00 0.000000e+00 -1.000000e+00 0.000000e+00 -1.000000e+00 -1.000000e+00 1.131213e-04 7.250000e+02 -1.000000e+00 0.000000e+00 -9.990070e+05 3.000000e+00 -1.000000e+00 -1.000000e+00 1.174530e-03 0.000000e+00 0.000000e+00 -1.000000e+00 5.248904e-03 -1.000000e+00 -9.990070e+05 5.248904e-03 7.075975e-02 2.948910e-01 -1.000000e+00 -1.000000e+00 0.000000e+00 -1.000000e+00 5 0.000000e+00 1.050018e-02
-1.000000e+00 -1.000000e+00 0.000000e+00 -1.000000e+00 -1.000000e+00 3.000000e+02 2.181727e-01 -1.000000e+00 0.000000e+00 -1.000000e+00 0.000000e+00 -1.000000e+00 -1.000000e+00 2.707341e-02 1.700000e+03 -1.000000e+00 0.000000e+00 -9.990070e+05 3.000000e+00 -1.000000e+00 -1.000000e+00 8.084995e-02 0.000000e+00 0.000000e+00 -1.000000e+00 3.483608e-01 -1.000000e+00 -9.990070e+05 3.483608e-01 4.855339e-01 7.970675e-01 -1.000000e+00 -1.000000e+00 0.000000e+00 -1.000000e+00 3 0.000000e+00 4.354463e-01
-1.000000e+00 -1.000000e+00 0.000000e+00 -1.000000e+00 -1.000000e+00 5.000000e+02 9.822935e-07 -1.000000e+00 0.000000e+00 -1.000000e+00 0.000000e+00 -1.000000e+00 -1.000000e+00 1.182563e-10 1.100000e+03 -1.000000e+00 0.000000e+00 -9.990070e+05 3.000000e+00 -1.000000e+00 -1.000000e+00 1.179711e-08 0.000000e+00 0.000000e+00 -1.000000e+00 8.286982e-10 -1.000000e+00 -9.990070e+05 8.286982e-10 5.832141e-05 1.938982e-03 -1.000000e+00 -1.000000e+00 0.000000e+00 -1.000000e+00 6 0.000000e+00 6.444714e-09
-1.000000e+00 -1.000000e+00 0.000000e+00 -1.000000e+00 -1.000000e+00 5.500000e+02 7.333036e-01 -1.000000e+00 0.000000e+00 -1.000000e+00 0.000000e+00 -1.000000e+00 -1.000000e+00 4.229834e-01 1.850000e+03 -1.000000e+00 0.000000e+00 -9.990070e+05 3.000000e+00 -1.000000e+00 -1.000000e+00 5.672889e-01 0.000000e+00 0.000000e+00 -1.000000e+00 2.022423e-01 -1.000000e+00 -9.990070e+05 2.022423e-01 8.856505e-01 9.736188e-01 -1.000000e+00 -1.000000e+00 0.000000e+00 -1.000000e+00 7 0.000000e+00 6.502130e-01
-1.000000e+00 -1.000000e+00 0.000000e+00 -1.000000e+00 -1.000000e+00 3.500000e+02 1.402364e-01 -1.000000e+00 0.000000e+00 -1.000000e+00 0.000000e+00 -1.000000e+00 -1.000000e+00 1.123120e-02 1.650000e+03 -1.000000e+00 0.000000e+00 -9.990070e+05 3.000000e+00 -1.000000e+00 -1.000000e+00 4.199965e-02 0.000000e+00 0.000000e+00 -1.000000e+00 2.588087e-01 -1.000000e+00 -9.990070e+05 2.588087e-01 3.772831e-01 7.165407e-01 -1.000000e+00 -1.000000e+00 0.000000e+00 -1.000000e+00 3 0.000000e+00 3.250821e-01
-1.000000e+00 -1.000000e+00 0.000000e+00 -1.000000e+00 -1.000000e+00 6.000000e+02 6.903471e-01 -1.000000e+00 0.000000e+00 -1.000000e+00 0.000000e+00 -1.000000e+00 -1.000000e+00 3.619229e-01 1.800000e+03 -1.000000e+00 0.000000e+00 -9.990070e+05 3.000000e+00 -1.000000e+00 -1.000000e+00 5.105338e-01 0.000000e+00 0.000000e+00 -1.000000e+00 1.870529e-01 -1.000000e+00 -9.990070e+05 1.870529e-01 8.632431e-01 9.673879e-01 -1.000000e+00 -1.000000e+00 0.000000e+00 -1.000000e+00 7 0.000000e+00 5.996887e-01
-1.000000e+00 -1.000000e+00 0.000000e+00 -1.000000e+00 -1.000000e+00 5.750000e+02 5.846125e-07 -1.000000e+00 0.000000e+00 -1.000000e+00 0.000000e+00 -1.000000e+00 -1.000000e+00 5.778814e-11 6.250000e+02 -1.000000e+00 0.000000e+00 -9.990070e+05 3.000000e+00 -1.000000e+00 -1.000000e+00 6.364370e-09 0.000000e+00 0.000000e+00 -1.000000e+00 2.920765e-07 -1.000000e+00 -9.990070e+05 2.920765e-07 3.824746e-05 1.398507e-03 -1.000000e+00 -1.000000e+00 0.000000e+00 -1.000000e+00 5 0.000000e+00 5.842237e-07
-1.000000e+00 -1.000000e+00 0.000000e+00 -1.000000e+00 -1.000000e+00 6.500000e+02 2.629402e-02 -1.000000e+00 0.000000e+00 -1.000000e+00 0.000000e+00 -1.000000e+00 -1.000000e+00 5.325564e-04 1.350000e+03 -1.000000e+00 0.000000e+00 -9.990070e+05 3.000000e+00 -1.000000e+00 -1.000000e+00 4.014037e-03 0.000000e+00 0.000000e+00 -1.000000e+00 1.991215e-04 -1.000000e+00 -9.990070e+05 1.991215e-04 1.317935e-01 4.218150e-01 -1.000000e+00 -1.000000e+00 0.000000e+00 -1.000000e+00 6 0.000000e+00 2.129254e-03
-1.000000e+00 -1.000000e+00 0.000000e+00 -1.000000e+00 -1.000000e+00 4.000000e+02 6.716545e-01 -1.000000e+00 0.000000e+00 -1.000000e+00 0.000000e+00 -1.000000e+00 -1.000000e+00 3.374869e-01 1.800000e+03 -1.000000e+00 0.000000e+00 -9.990070e+05 3.000000e+00 -1.000000e+00 -1.000000e+00 4.868470e-01 0.000000e+00 0.000000e+00 -1.000000e+00 1.802763e-01 -1.000000e+00 -9.990070e+05 1.802763e-01 8.530790e-01 9.644423e-01 -1.000000e+00 -1.000000e+00 0.000000e+00 -1.000000e+00 7 0.000000e+00 5.779692e-01
-1.000000e+00 -1.000000e+00 0.000000e+00 -1.000000e+00 -1.000000e+00 3.000000e+02 6.069625e-01 -1.000000e+00 0.000000e+00 -1.000000e+00 0.000000e+00 -1.000000e+00 -1.000000e+00 2.620432e-01 1.900000e+03 -1.000000e+00 0.000000e+00 -9.990070e+05 3.000000e+00 -1.000000e+00 -1.000000e+00 4.094439e-01 1.000000e+00 0.000000e+00 -1.000000e+00 5.000000e-01 -1.000000e+00 -9.990070e+05 5.000000e-01 8.158007e-01 9.529862e-01 -1.000000e+00 -1.000000e+00 0.000000e+00 -1.000000e+00 3 0.000000e+00 7.178558e-01
-1.000000e+00 -1.000000e+00 0.000000e+00 -1.000000e+00 -1.000000e+00 6.000000e+02 3.770779e-02 -1.000000e+00 0.000000e+00 -1.000000e+00 0.000000e+00 -1.000000e+00 -1.000000e+00 9.982677e-04 1.400000e+03 -1.000000e+00 0.000000e+00 -9.990070e+05 3.000000e+00 -1.000000e+00 -1.000000e+00 6.567164e-03 0.000000e+00 0.000000e+00 -1.000000e+00 3.262336e-04 -1.000000e+00 -9.990070e+05 3.262336e-04 1.670101e-01 4.798233e-01 -1.000000e+00 -1.000000e+00 0.000000e+00 -1.000000e+00 6 0.000000e+00 3.560397e-03
-1.000000e+00 -1.000000e+00 0.000000e+00 -1.000000e+00 -1.000000e+00 6.500000e+02 3.937305e-01 -1.000000e+00 0.000000e+00 -1.000000e+00 0.000000e+00 -1.000000e+00 -1.000000e+00 9.522170e-02 1.750000e+03 -1.000000e+00 0.000000e+00 -9.990070e+05 3.000000e+00 -1.000000e+00 -1.000000e+00 2.013824e-01 1.000000e+00 0.000000e+00 -1.000000e+00 5.000000e-01 -1.000000e+00 -9.990070e+05 5.000000e-01 6.638000e-01 8.946900e-01 -1.000000e+00 -1.000000e+00 0.000000e+00 -1.000000e+00 3 0.000000e+00 6.225605e-01
-1.000000e+00 -1.000000e+00 0.000000e+00 -1.000000e+00 -1.000000e+00 8.000000e+02 7.656514e-01 -1.000000e+00 0.000000e+00 -1.000000e+00 0.000000e+00 -1.000000e+00 -1.000000e+00 4.737979e-01 2.000000e+03 -1.000000e+00 0.000000e+00 -9.990070e+05 3.000000e+00 -1.000000e+00 -1.000000e+00 6.122206e-01 1.000000e+00 0.000000e+00 -1.000000e+00 5.000000e-01 -1.000000e+00 -9.990070e+05 5.000000e-01 9.016985e-01 9.778625e-01 -1.000000e+00 -1.000000e+00 0.000000e+00 -1.000000e+00 3 0.000000e+00 8.101439e-01
-1.000000e+00 -1.000000e+00 0.000000e+00 -1.000000e+00 -1.000000e+00 5.000000e+02 6.077770e-01 -1.000000e+00 0.000000e+00 -1.000000e+00 0.000000e+00 -1.000000e+00 -1.000000e+00 2.629102e-01 1.900000e+03 -1.000000e+00 0.000000e+00 -9.990070e+05 3.000000e+00 -1.000000e+00 -1.000000e+00 4.103753e-01 1.000000e+00 0.000000e+00 -1.000000e+00 5.000000e-01 -1.000000e+00 -9.990070e+05 5.000000e-01 8.162915e-01 9.531438e-01 -1.000000e+00 -1.000000e+00 0.000000e+00 -1.000000e+00 3 0.000000e+00 7.182758e-01
