-1.000000e+00 -1.000000e+00 1.020000e+03 0.000000e+00 -1.000000e+00 -1.000000e+00 0.000000e+00 3.421232e-01 -1.000000e+00 0.000000e+00 1.300000e+02 1.000000e+00 -1.000000e+00 0.000000e+00 -1.000000e+00 -1.000000e+00 6.984489e-02 -1.000000e+00 0.000000e+00 -9.990070e+05 3.000000e+00 -1.000000e+00 -1.000000e+00 1.612890e-01 0.000000e+00 0.000000e+00 -1.000000e+00 1.709804e-01 -1.000000e+00 -9.990070e+05 1.709804e-01 6.179956e-01 8.730069e-01 -1.000000e+00 -1.000000e+00 -1.000000e+00 -1.0 0.000000e+00 3.420481e-01
-1.000000e+00 -1.000000e+00 1.040000e+03 0.000000e+00 -1.000000e+00 -1.000000e+00 0.000000e+00 1.769476e-02 -1.000000e+00 0.000000e+00 5.600000e+02 1.000000e+00 -1.000000e+00 0.000000e+00 -1.000000e+00 -1.000000e+00 2.706467e-04 -1.000000e+00 0.000000e+00 -9.990070e+05 3.000000e+00 -1.000000e+00 -1.000000e+00 2.352256e-03 0.000000e+00 0.000000e+00 -1.000000e+00 8.957592e-03 -1.000000e+00 -9.990070e+05 8.957592e-03 1.010767e-01 3.632307e-01 -1.000000e+00 -1.000000e+00 -1.000000e+00 -1.0 0.000000e+00 1.784999e-02
-1.000000e+00 -1.000000e+00 1.090000e+03 0.000000e+00 -1.000000e+00 -1.000000e+00 0.000000e+00 3.645725e-04 -1.000000e+00 0.000000e+00 8.100000e+02 1.000000e+00 -1.000000e+00 0.000000e+00 -1.000000e+00 -1.000000e+00 5.778628e-07 -1.000000e+00 0.000000e+00 -9.990070e+05 3.000000e+00 -1.000000e+00 -1.000000e+00 1.578026e-05 0.000000e+00 0.000000e+00 -1.000000e+00 1.870017e-04 -1.000000e+00 -9.990070e+05 1.870017e-04 6.140724e-03 6.022202e-02 -1.000000e+00 -1.000000e+00 -1.000000e+00 -1.0 0.000000e+00 3.720132e-04
-1.000000e+00 -1.000000e+00 1.095000e+03 4.000000e+03 -1.000000e+00 -1.000000e+00 0.000000e+00 3.652343e-01 -1.000000e+00 1.000000e+00 2.050000e+02 1.000000e+00 -1.000000e+00 0.000000e+00 -1.000000e+00 -1.000000e+00 8.060207e-02 -1.000000e+00 1.000000e+00 -9.990070e+05 3.000000e+00 -1.000000e+00 -1.000000e+00 1.787630e-01 0.000000e+00 0.000000e+00 -1.000000e+00 1.825295e-01 -1.000000e+00 -9.990070e+05 1.825295e-01 6.390595e-01 8.832399e-01 -1.000000e+00 -1.000000e+00 -1.000000e+00 -1.0 0.000000e+00 3.651554e-01
-1.000000e+00 -1.000000e+00 1.135000e+03 0.000000e+00 -1.000000e+00 -1.000000e+00 0.000000e+00 8.846419e-05 -1.000000e+00 0.000000e+00 1.065000e+03 1.000000e+00 -1.000000e+00 0.000000e+00 -1.000000e+00 -1.000000e+00 7.065675e-08 -1.000000e+00 0.000000e+00 -9.990070e+05 3.000000e+00 -1.000000e+00 -1.000000e+00 2.724215e-06 0.000000e+00 0.000000e+00 -1.000000e+00 4.479795e-05 -1.000000e+00 -9.990070e+05 4.479795e-05 2.078650e-03 2.805257e-02 -1.000000e+00 -1.000000e+00 -1.000000e+00 -1.0 0.000000e+00 8.937736e-05
-1.000000e+00 -1.000000e+00 1.145000e+03 0.000000e+00 -1.000000e+00 -1.000000e+00 0.000000e+00 1.906493e-01 -1.000000e+00 0.000000e+00 4.550000e+02 1.000000e+00 -1.000000e+00 0.000000e+00 -1.000000e+00 -1.000000e+00 2.060281e-02 -1.000000e+00 0.000000e+00 -9.990070e+05 3.000000e+00 -1.000000e+00 -1.000000e+00 6.606276e-02 0.000000e+00 0.000000e+00 -1.000000e+00 9.541750e-02 -1.000000e+00 -9.990070e+05 9.541750e-02 4.502194e-01 7.729075e-01 -1.000000e+00 -1.000000e+00 -1.000000e+00 -1.0 0.000000e+00 1.907516e-01
-1.000000e+00 -1.000000e+00 1.190000e+03 0.000000e+00 -1.000000e+00 -1.000000e+00 0.000000e+00 1.291129e-01 -1.000000e+00 0.000000e+00 7.100000e+02 1.000000e+00 -1.000000e+00 0.000000e+00 -1.000000e+00 -1.000000e+00 9.570336e-03 -1.000000e+00 0.000000e+00 -9.990070e+05 3.000000e+00 -1.000000e+00 -1.000000e+00 3.723617e-02 0.000000e+00 0.000000e+00 -1.000000e+00 6.468115e-02 -1.000000e+00 -9.990070e+05 6.468115e-02 3.593835e-01 7.011879e-01 -1.000000e+00 -1.000000e+00 -1.000000e+00 -1.0 0.000000e+00 1.292604e-01
-1.000000e+00 -1.000000e+00 1.200000e+03 0.000000e+00 -1.000000e+00 -1.000000e+00 0.000000e+00 6.862346e-01 -1.000000e+00 0.000000e+00 1.000000e+02 1.000000e+00 -1.000000e+00 0.000000e+00 -1.000000e+00 -1.000000e+00 3.564395e-01 -1.000000e+00 0.000000e+00 -9.990070e+05 3.000000e+00 -1.000000e+00 -1.000000e+00 5.052707e-01 0.000000e+00 0.000000e+00 -1.000000e+00 3.430190e-01 -1.000000e+00 -9.990070e+05 3.430190e-01 8.610291e-01 9.667527e-01 -1.000000e+00 -1.000000e+00 -1.000000e+00 -1.0 0.000000e+00 6.861844e-01
-1.000000e+00 -1.000000e+00 1.240000e+03 0.000000e+00 -1.000000e+00 -1.000000e+00 0.000000e+00 6.266340e-02 -1.000000e+00 0.000000e+00 9.600000e+02 1.000000e+00 -1.000000e+00 0.000000e+00 -1.000000e+00 -1.000000e+00 2.476022e-03 -1.000000e+00 0.000000e+00 -9.990070e+05 3.000000e+00 -1.000000e+00 -1.000000e+00 1.328495e-02 0.000000e+00 0.000000e+00 -1.000000e+00 3.136386e-02 -1.000000e+00 -9.990070e+05 3.136386e-02 2.311317e-01 5.679702e-01 -1.000000e+00 -1.000000e+00 -1.000000e+00 -1.0 0.000000e+00 6.270491e-02
-1.000000e+00 -1.000000e+00 1.245000e+03 0.000000e+00 -1.000000e+00 -1.000000e+00 0.000000e+00 7.511871e-01 -1.000000e+00 0.000000e+00 3.550000e+02 1.000000e+00 -1.000000e+00 0.000000e+00 -1.000000e+00 -1.000000e+00 4.505396e-01 -1.000000e+00 0.000000e+00 -9.990070e+05 3.000000e+00 -1.000000e+00 -1.000000e+00 5.918923e-01 0.000000e+00 0.000000e+00 -1.000000e+00 3.759979e-01 -1.000000e+00 -9.990070e+05 3.759979e-01 8.946072e-01 9.760096e-01 -1.000000e+00 -1.000000e+00 -1.000000e+00 -1.0 0.000000e+00 7.513569e-01
-1.000000e+00 -1.000000e+00 1.285000e+03 0.000000e+00 -1.000000e+00 -1.000000e+00 0.000000e+00 7.815024e-02 -1.000000e+00 0.000000e+00 1.215000e+03 1.000000e+00 -1.000000e+00 0.000000e+00 -1.000000e+00 -1.000000e+00 3.711696e-03 -1.000000e+00 0.000000e+00 -9.990070e+05 3.000000e+00 -1.000000e+00 -1.000000e+00 1.813139e-02 0.000000e+00 0.000000e+00 -1.000000e+00 3.911315e-02 -1.000000e+00 -9.990070e+05 3.911315e-02 2.652574e-01 6.080790e-01 -1.000000e+00 -1.000000e+00 -1.000000e+00 -1.0 0.000000e+00 7.819825e-02
-1.000000e+00 -1.000000e+00 1.295000e+03 0.000000e+00 -1.000000e+00 -1.000000e+00 0.000000e+00 4.591194e-01 -1.000000e+00 0.000000e+00 6.050000e+02 1.000000e+00 -1.000000e+00 0.000000e+00 -1.000000e+00 -1.000000e+00 1.349081e-01 -1.000000e+00 0.000000e+00 -9.990070e+05 3.000000e+00 -1.000000e+00 -1.000000e+00 2.578130e-01 0.000000e+00 0.000000e+00 -1.000000e+00 2.297649e-01 -1.000000e+00 -9.990070e+05 2.297649e-01 7.160600e-01 9.169729e-01 -1.000000e+00 -1.000000e+00 -1.000000e+00 -1.0 0.000000e+00 4.592819e-01
-1.000000e+00 -1.000000e+00 1.340000e+03 0.000000e+00 -1.000000e+00 -1.000000e+00 0.000000e+00 3.830901e-01 -1.000000e+00 0.000000e+00 8.600000e+02 1.000000e+00 -1.000000e+00 0.000000e+00 -1.000000e+00 -1.000000e+00 8.958261e-02 -1.000000e+00 0.000000e+00 -9.990070e+05 3.000000e+00 -1.000000e+00 -1.000000e+00 1.927973e-01 0.000000e+00 0.000000e+00 -1.000000e+00 1.914380e-01 -1.000000e+00 -9.990070e+05 1.914380e-01 6.547135e-01 8.905545e-01 -1.000000e+00 -1.000000e+00 -1.000000e+00 -1.0 0.000000e+00 3.829959e-01
-1.000000e+00 -1.000000e+00 1.350000e+03 0.000000e+00 -1.000000e+00 -1.000000e+00 0.000000e+00 7.517507e-01 -1.000000e+00 0.000000e+00 2.500000e+02 1.000000e+00 -1.000000e+00 0.000000e+00 -1.000000e+00 -1.000000e+00 4.514295e-01 -1.000000e+00 0.000000e+00 -9.990070e+05 3.000000e+00 -1.000000e+00 -1.000000e+00 5.926772e-01 0.000000e+00 0.000000e+00 -1.000000e+00 3.762499e-01 -1.000000e+00 -9.990070e+05 3.762499e-01 8.948860e-01 9.760831e-01 -1.000000e+00 -1.000000e+00 -1.000000e+00 -1.0 0.000000e+00 7.519077e-01
-1.000000e+00 -1.000000e+00 1.390000e+03 0.000000e+00 -1.000000e+00 -1.000000e+00 0.000000e+00 3.661784e-01 -1.000000e+00 0.000000e+00 1.110000e+03 1.000000e+00 -1.000000e+00 0.000000e+00 -1.000000e+00 -1.000000e+00 8.106206e-02 -1.000000e+00 0.000000e+00 -9.990070e+05 3.000000e+00 -1.000000e+00 -1.000000e+00 1.794934e-01 0.000000e+00 0.000000e+00 -1.000000e+00 1.831384e-01 -1.000000e+00 -9.990070e+05 1.831384e-01 6.399003e-01 8.836390e-01 -1.000000e+00 -1.000000e+00 -1.000000e+00 -1.0 0.000000e+00 3.662226e-01
-1.000000e+00 -1.000000e+00 1.395000e+03 0.000000e+00 -1.000000e+00 -1.000000e+00 0.000000e+00 6.962153e-01 -1.000000e+00 0.000000e+00 5.050000e+02 1.000000e+00 -1.000000e+00 0.000000e+00 -1.000000e+00 -1.000000e+00 3.698540e-01 -1.000000e+00 0.000000e+00 -9.990070e+05 3.000000e+00 -1.000000e+00 -1.000000e+00 5.180950e-01 0.000000e+00 0.000000e+00 -1.000000e+00 3.482642e-01 -1.000000e+00 -9.990070e+05 3.482642e-01 8.663811e-01 9.682822e-01 -1.000000e+00 -1.000000e+00 -1.000000e+00 -1.0 0.000000e+00 6.962931e-01
-1.000000e+00 -1.000000e+00 1.445000e+03 0.000000e+00 -1.000000e+00 -1.000000e+00 0.000000e+00 6.649005e-01 -1.000000e+00 0.000000e+00 7.550000e+02 1.000000e+00 -1.000000e+00 0.000000e+00 -1.000000e+00 -1.000000e+00 3.289606e-01 -1.000000e+00 0.000000e+00 -9.990070e+05 3.000000e+00 -1.000000e+00 -1.000000e+00 4.784363e-01 0.000000e+00 0.000000e+00 -1.000000e+00 3.323780e-01 -1.000000e+00 -9.990070e+05 3.323780e-01 8.493420e-01 9.633404e-01 -1.000000e+00 -1.000000e+00 -1.000000e+00 -1.0 0.000000e+00 6.648615e-01
-1.000000e+00 -1.000000e+00 1.450000e+03 0.000000e+00 -1.000000e+00 -1.000000e+00 0.000000e+00 8.962829e-01 -1.000000e+00 0.000000e+00 1.500000e+02 1.000000e+00 -1.000000e+00 0.000000e+00 -1.000000e+00 -1.000000e+00 7.283922e-01 -1.000000e+00 0.000000e+00 -9.990070e+05 3.000000e+00 -1.000000e+00 -1.000000e+00 8.141087e-01 0.000000e+00 0.000000e+00 -1.000000e+00 4.472744e-01 -1.000000e+00 -9.990070e+05 4.472744e-01 9.600724e-01 9.917967e-01 -1.000000e+00 -1.000000e+00 -1.000000e+00 -1.0 0.000000e+00 8.961162e-01
-1.000000e+00 -1.000000e+00 1.490000e+03 0.000000e+00 -1.000000e+00 -1.000000e+00 0.000000e+00 6.264164e-01 -1.000000e+00 0.000000e+00 1.010000e+03 1.000000e+00 -1.000000e+00 0.000000e+00 -1.000000e+00 -1.000000e+00 2.833087e-01 -1.000000e+00 0.000000e+00 -9.990070e+05 3.000000e+00 -1.000000e+00 -1.000000e+00 4.319861e-01 0.000000e+00 0.000000e+00 -1.000000e+00 3.134676e-01 -1.000000e+00 -9.990070e+05 3.134676e-01 8.273688e-01 9.566525e-01 -1.000000e+00 -1.000000e+00 -1.000000e+00 -1.0 0.000000e+00 6.265693e-01
-1.000000e+00 -1.000000e+00 1.500000e+03 0.000000e+00 -1.000000e+00 -1.000000e+00 0.000000e+00 8.314167e-01 -1.000000e+00 0.000000e+00 4.000000e+02 1.000000e+00 -1.000000e+00 0.000000e+00 -1.000000e+00 -1.000000e+00 5.913279e-01 -1.000000e+00 0.000000e+00 -9.990070e+05 3.000000e+00 -1.000000e+00 -1.000000e+00 7.096323e-01 0.000000e+00 0.000000e+00 -1.000000e+00 4.163519e-01 -1.000000e+00 -9.990070e+05 4.163519e-01 9.323083e-01 9.854599e-01 -1.000000e+00 -1.000000e+00 -1.000000e+00 -1.0 0.000000e+00 8.316091e-01
-1.000000e+00 -1.000000e+00 1.540000e+03 0.000000e+00 -1.000000e+00 -1.000000e+00 0.000000e+00 6.419252e-01 -1.000000e+00 0.000000e+00 1.260000e+03 1.000000e+00 -1.000000e+00 0.000000e+00 -1.000000e+00 -1.000000e+00 3.011189e-01 -1.000000e+00 0.000000e+00 -9.990070e+05 3.000000e+00 -1.000000e+00 -1.000000e+00 4.504059e-01 0.000000e+00 0.000000e+00 -1.000000e+00 3.208923e-01 -1.000000e+00 -9.990070e+05 3.208923e-01 8.363659e-01 9.594343e-01 -1.000000e+00 -1.000000e+00 -1.000000e+00 -1.0 0.000000e+00 6.418851e-01
-1.000000e+00 -1.000000e+00 1.545000e+03 0.000000e+00 -1.000000e+00 -1.000000e+00 0.000000e+00 8.174371e-01 -1.000000e+00 0.000000e+00 6.550000e+02 1.000000e+00 -1.000000e+00 0.000000e+00 -1.000000e+00 -1.000000e+00 5.646463e-01 -1.000000e+00 0.000000e+00 -9.990070e+05 3.000000e+00 -1.000000e+00 -1.000000e+00 6.882272e-01 0.000000e+00 0.000000e+00 -1.000000e+00 4.082641e-01 -1.000000e+00 -9.990070e+05 4.082641e-01 9.260176e-01 9.839512e-01 -1.000000e+00 -1.000000e+00 -1.000000e+00 -1.0 0.000000e+00 8.172912e-01
-1.000000e+00 -1.000000e+00 1.595000e+03 0.000000e+00 -1.000000e+00 -1.000000e+00 0.000000e+00 8.110297e-01 -1.000000e+00 0.000000e+00 9.050000e+02 1.000000e+00 -1.000000e+00 0.000000e+00 -1.000000e+00 -1.000000e+00 5.527341e-01 -1.000000e+00 0.000000e+00 -9.990070e+05 3.000000e+00 -1.000000e+00 -1.000000e+00 6.785443e-01 0.000000e+00 0.000000e+00 -1.000000e+00 4.061847e-01 -1.000000e+00 -9.990070e+05 4.061847e-01 9.230963e-01 9.832414e-01 -1.000000e+00 -1.000000e+00 -1.000000e+00 -1.0 0.000000e+00 8.112512e-01
-1.000000e+00 -1.000000e+00 1.600000e+03 0.000000e+00 -1.000000e+00 -1.000000e+00 0.000000e+00 9.139929e-01 -1.000000e+00 0.000000e+00 3.000000e+02 1.000000e+00 -1.000000e+00 0.000000e+00 -1.000000e+00 -1.000000e+00 7.699006e-01 -1.000000e+00 0.000000e+00 -9.990070e+05 3.000000e+00 -1.000000e+00 -1.000000e+00 8.441583e-01 0.000000e+00 0.000000e+00 -1.000000e+00 4.562915e-01 -1.000000e+00 -9.990070e+05 4.562915e-01 9.672641e-01 9.933532e-01 -1.000000e+00 -1.000000e+00 -1.000000e+00 -1.0 0.000000e+00 9.138791e-01
-1.000000e+00 -1.000000e+00 1.640000e+03 0.000000e+00 -1.000000e+00 -1.000000e+00 0.000000e+00 8.092159e-01 -1.000000e+00 0.000000e+00 1.160000e+03 1.000000e+00 -1.000000e+00 0.000000e+00 -1.000000e+00 -1.000000e+00 5.493976e-01 -1.000000e+00 0.000000e+00 -9.990070e+05 3.000000e+00 -1.000000e+00 -1.000000e+00 6.758178e-01 0.000000e+00 0.000000e+00 -1.000000e+00 4.046585e-01 -1.000000e+00 -9.990070e+05 4.046585e-01 9.222649e-01 9.830383e-01 -1.000000e+00 -1.000000e+00 -1.000000e+00 -1.0 0.000000e+00 8.092327e-01
-1.000000e+00 -1.000000e+00 1.650000e+03 0.000000e+00 -1.000000e+00 -1.000000e+00 0.000000e+00 9.022853e-01 -1.000000e+00 0.000000e+00 5.500000e+02 1.000000e+00 -1.000000e+00 0.000000e+00 -1.000000e+00 -1.000000e+00 7.422531e-01 -1.000000e+00 0.000000e+00 -9.990070e+05 3.000000e+00 -1.000000e+00 -1.000000e+00 8.242181e-01 0.000000e+00 0.000000e+00 -1.000000e+00 4.513110e-01 -1.000000e+00 -9.990070e+05 4.513110e-01 9.625279e-01 9.923321e-01 -1.000000e+00 -1.000000e+00 -1.000000e+00 -1.0 0.000000e+00 9.023159e-01
-1.000000e+00 -1.000000e+00 1.695000e+03 0.000000e+00 -1.000000e+00 -1.000000e+00 0.000000e+00 9.456305e-01 -1.000000e+00 0.000000e+00 8.050000e+02 1.000000e+00 -1.000000e+00 0.000000e+00 -1.000000e+00 -1.000000e+00 8.488237e-01 -1.000000e+00 0.000000e+00 -9.990070e+05 3.000000e+00 -1.000000e+00 -1.000000e+00 8.995372e-01 0.000000e+00 0.000000e+00 -1.000000e+00 4.732643e-01 -1.000000e+00 -9.990070e+05 4.732643e-01 9.797189e-01 9.959666e-01 -1.000000e+00 -1.000000e+00 -1.000000e+00 -1.0 0.000000e+00 9.456773e-01
-1.000000e+00 -1.000000e+00 1.705000e+03 0.000000e+00 -1.000000e+00 -1.000000e+00 0.000000e+00 9.639130e-01 -1.000000e+00 0.000000e+00 1.950000e+02 1.000000e+00 -1.000000e+00 0.000000e+00 -1.000000e+00 -1.000000e+00 8.973757e-01 -1.000000e+00 0.000000e+00 -9.990070e+05 3.000000e+00 -1.000000e+00 -1.000000e+00 9.325576e-01 0.000000e+00 0.000000e+00 -1.000000e+00 4.817637e-01 -1.000000e+00 -9.990070e+05 4.817637e-01 9.866936e-01 9.973847e-01 -1.000000e+00 -1.000000e+00 -1.000000e+00 -1.0 0.000000e+00 9.638995e-01
-1.000000e+00 -1.000000e+00 1.745000e+03 0.000000e+00 -1.000000e+00 -1.000000e+00 0.000000e+00 8.948088e-01 -1.000000e+00 0.000000e+00 1.055000e+03 1.000000e+00 -1.000000e+00 0.000000e+00 -1.000000e+00 -1.000000e+00 7.250203e-01 -1.000000e+00 0.000000e+00 -9.990070e+05 3.000000e+00 -1.000000e+00 -1.000000e+00 8.116378e-01 0.000000e+00 0.000000e+00 -1.000000e+00 4.471039e-01 -1.000000e+00 -9.990070e+05 4.471039e-01 9.594665e-01 9.916640e-01 -1.000000e+00 -1.000000e+00 -1.000000e+00 -1.0 0.000000e+00 8.947503e-01
-1.000000e+00 -1.000000e+00 1.750000e+03 0.000000e+00 -1.000000e+00 -1.000000e+00 0.000000e+00 9.487881e-01 -1.000000e+00 0.000000e+00 4.500000e+02 1.000000e+00 -1.000000e+00 0.000000e+00 -1.000000e+00 -1.000000e+00 8.570506e-01 -1.000000e+00 0.000000e+00 -9.990070e+05 3.000000e+00 -1.000000e+00 -1.000000e+00 9.051861e-01 0.000000e+00 0.000000e+00 -1.000000e+00 4.745787e-01 -1.000000e+00 -9.990070e+05 4.745787e-01 9.809350e-01 9.962162e-01 -1.000000e+00 -1.000000e+00 -1.000000e+00 -1.0 0.000000e+00 9.488062e-01
-1.000000e+00 -1.000000e+00 1.800000e+03 0.000000e+00 -1.000000e+00 -1.000000e+00 0.000000e+00 9.446452e-01 -1.000000e+00 0.000000e+00 7.000000e+02 1.000000e+00 -1.000000e+00 0.000000e+00 -1.000000e+00 -1.000000e+00 8.462699e-01 -1.000000e+00 0.000000e+00 -9.990070e+05 3.000000e+00 -1.000000e+00 -1.000000e+00 8.977792e-01 0.000000e+00 0.000000e+00 -1.000000e+00 4.726744e-01 -1.000000e+00 -9.990070e+05 4.726744e-01 9.793385e-01 9.958883e-01 -1.000000e+00 -1.000000e+00 -1.000000e+00 -1.0 0.000000e+00 9.446826e-01
-1.000000e+00 -1.000000e+00 6.100000e+02 0.000000e+00 -1.000000e+00 -1.000000e+00 0.000000e+00 2.517188e-29 -1.000000e+00 0.000000e+00 5.400000e+02 1.000000e+00 -1.000000e+00 0.000000e+00 -1.000000e+00 -1.000000e+00 1.093693e-38 -1.000000e+00 0.000000e+00 -9.990070e+05 3.000000e+00 -1.000000e+00 -1.000000e+00 5.796653e-34 0.000000e+00 0.000000e+00 -1.000000e+00 1.264876e-29 -1.000000e+00 -9.990070e+05 1.264876e-29 7.588670e-25 1.230354e-20 -1.000000e+00 -1.000000e+00 -1.000000e+00 -1.0 0.000000e+00 2.528865e-29
-1.000000e+00 -1.000000e+00 6.400000e+02 0.000000e+00 -1.000000e+00 -1.000000e+00 0.000000e+00 2.549217e-08 -1.000000e+00 0.000000e+00 3.600000e+02 1.000000e+00 -1.000000e+00 0.000000e+00 -1.000000e+00 -1.000000e+00 8.210558e-13 -1.000000e+00 0.000000e+00 -9.990070e+05 3.000000e+00 -1.000000e+00 -1.000000e+00 1.587007e-10 0.000000e+00 0.000000e+00 -1.000000e+00 1.278857e-08 -1.000000e+00 -9.990070e+05 1.278857e-08 2.900205e-06 1.827328e-04 -1.000000e+00 -1.000000e+00 -1.000000e+00 -1.0 0.000000e+00 2.556531e-08
-1.000000e+00 -1.000000e+00 6.650000e+02 0.000000e+00 -1.000000e+00 -1.000000e+00 0.000000e+00 3.870330e-03 -1.000000e+00 0.000000e+00 1.850000e+02 1.000000e+00 -1.000000e+00 0.000000e+00 -1.000000e+00 -1.000000e+00 2.232642e-05 -1.000000e+00 0.000000e+00 -9.990070e+05 3.000000e+00 -1.000000e+00 -1.000000e+00 3.178225e-04 0.000000e+00 0.000000e+00 -1.000000e+00 1.941847e-03 -1.000000e+00 -9.990070e+05 1.941847e-03 3.503516e-02 1.914810e-01 -1.000000e+00 -1.000000e+00 -1.000000e+00 -1.0 0.000000e+00 3.880337e-03
-1.000000e+00 -1.000000e+00 6.850000e+02 4.000000e+03 -1.000000e+00 -1.000000e+00 0.000000e+00 1.705725e-12 -1.000000e+00 1.000000e+00 6.150000e+02 1.000000e+00 -1.000000e+00 0.000000e+00 -1.000000e+00 -1.000000e+00 2.956608e-18 -1.000000e+00 1.000000e+00 -9.990070e+05 3.000000e+00 -1.000000e+00 -1.000000e+00 2.471331e-15 0.000000e+00 0.000000e+00 -1.000000e+00 8.557022e-13 -1.000000e+00 -9.990070e+05 8.557022e-13 8.260060e-10 2.183167e-07 -1.000000e+00 -1.000000e+00 -1.000000e+00 -1.0 0.000000e+00 1.710774e-12
-1.000000e+00 -1.000000e+00 7.150000e+02 0.000000e+00 -1.000000e+00 -1.000000e+00 0.000000e+00 9.279200e-08 -1.000000e+00 0.000000e+00 4.350000e+02 1.000000e+00 -1.000000e+00 0.000000e+00 -1.000000e+00 -1.000000e+00 4.683771e-12 -1.000000e+00 0.000000e+00 -9.990070e+05 3.000000e+00 -1.000000e+00 -1.000000e+00 7.226851e-10 0.000000e+00 0.000000e+00 -1.000000e+00 4.711846e-08 -1.000000e+00 -9.990070e+05 4.711846e-08 8.455939e-06 4.281781e-04 -1.000000e+00 -1.000000e+00 -1.000000e+00 -1.0 0.000000e+00 9.402672e-08
-1.000000e+00 -1.000000e+00 7.400000e+02 0.000000e+00 -1.000000e+00 -1.000000e+00 0.000000e+00 2.702438e-03 -1.000000e+00 0.000000e+00 2.600000e+02 1.000000e+00 -1.000000e+00 0.000000e+00 -1.000000e+00 -1.000000e+00 1.261948e-05 -1.000000e+00 0.000000e+00 -9.990070e+05 3.000000e+00 -1.000000e+00 -1.000000e+00 1.998745e-04 0.000000e+00 0.000000e+00 -1.000000e+00 1.357096e-03 -1.000000e+00 -9.990070e+05 1.357096e-03 2.705933e-02 1.624225e-01 -1.000000e+00 -1.000000e+00 -1.000000e+00 -1.0 0.000000e+00 2.711331e-03
-1.000000e+00 -1.000000e+00 7.900000e+02 0.000000e+00 -1.000000e+00 -1.000000e+00 0.000000e+00 6.915398e-08 -1.000000e+00 0.000000e+00 5.100000e+02 1.000000e+00 -1.000000e+00 0.000000e+00 -1.000000e+00 -1.000000e+00 3.146556e-12 -1.000000e+00 0.000000e+00 -9.990070e+05 3.000000e+00 -1.000000e+00 -1.000000e+00 5.114374e-10 0.000000e+00 0.000000e+00 -1.000000e+00 3.473847e-08 -1.000000e+00 -9.990070e+05 3.473847e-08 6.633098e-06 3.532464e-04 -1.000000e+00 -1.000000e+00 -1.000000e+00 -1.0 0.000000e+00 6.943058e-08
-1.000000e+00 -1.000000e+00 8.150000e+02 0.000000e+00 -1.000000e+00 -1.000000e+00 0.000000e+00 3.221406e-03 -1.000000e+00 0.000000e+00 3.350000e+02 1.000000e+00 -1.000000e+00 0.000000e+00 -1.000000e+00 -1.000000e+00 1.666787e-05 -1.000000e+00 0.000000e+00 -9.990070e+05 3.000000e+00 -1.000000e+00 -1.000000e+00 2.506704e-04 0.000000e+00 0.000000e+00 -1.000000e+00 1.638435e-03 -1.000000e+00 -9.990070e+05 1.638435e-03 3.071338e-02 1.761373e-01 -1.000000e+00 -1.000000e+00 -1.000000e+00 -1.0 0.000000e+00 3.263112e-03
-1.000000e+00 -1.000000e+00 8.350000e+02 0.000000e+00 -1.000000e+00 -1.000000e+00 0.000000e+00 1.582345e-25 -1.000000e+00 0.000000e+00 7.650000e+02 1.000000e+00 -1.000000e+00 0.000000e+00 -1.000000e+00 -1.000000e+00 3.367527e-34 -1.000000e+00 0.000000e+00 -9.990070e+05 3.000000e+00 -1.000000e+00 -1.000000e+00 8.060898e-30 0.000000e+00 0.000000e+00 -1.000000e+00 7.955345e-26 -1.000000e+00 -9.990070e+05 7.955345e-26 2.158888e-21 1.586462e-17 -1.000000e+00 -1.000000e+00 -1.000000e+00 -1.0 0.000000e+00 1.590407e-25
-1.000000e+00 -1.000000e+00 8.450000e+02 0.000000e+00 -1.000000e+00 -1.000000e+00 0.000000e+00 6.743557e-02 -1.000000e+00 0.000000e+00 1.550000e+02 1.000000e+00 -1.000000e+00 0.000000e+00 -1.000000e+00 -1.000000e+00 2.830545e-03 -1.000000e+00 0.000000e+00 -9.990070e+05 3.000000e+00 -1.000000e+00 -1.000000e+00 1.472650e-02 0.000000e+00 0.000000e+00 -1.000000e+00 3.365702e-02 -1.000000e+00 -9.990070e+05 3.365702e-02 2.420175e-01 5.812050e-01 -1.000000e+00 -1.000000e+00 -1.000000e+00 -1.0 0.000000e+00 6.735766e-02
-1.000000e+00 -1.000000e+00 8.900000e+02 0.000000e+00 -1.000000e+00 -1.000000e+00 0.000000e+00 3.738622e-03 -1.000000e+00 0.000000e+00 4.100000e+02 1.000000e+00 -1.000000e+00 0.000000e+00 -1.000000e+00 -1.000000e+00 2.112591e-05 -1.000000e+00 0.000000e+00 -9.990070e+05 3.000000e+00 -1.000000e+00 -1.000000e+00 3.038860e-04 0.000000e+00 0.000000e+00 -1.000000e+00 1.863135e-03 -1.000000e+00 -9.990070e+05 1.863135e-03 3.417755e-02 1.885049e-01 -1.000000e+00 -1.000000e+00 -1.000000e+00 -1.0 0.000000e+00 3.729357e-03
-1.000000e+00 -1.000000e+00 9.200000e+02 0.000000e+00 -1.000000e+00 -1.000000e+00 0.000000e+00 5.913410e-02 -1.000000e+00 0.000000e+00 2.300000e+02 1.000000e+00 -1.000000e+00 0.000000e+00 -1.000000e+00 -1.000000e+00 2.228762e-03 -1.000000e+00 0.000000e+00 -9.990070e+05 3.000000e+00 -1.000000e+00 -1.000000e+00 1.224962e-02 0.000000e+00 0.000000e+00 -1.000000e+00 2.957715e-02 -1.000000e+00 -9.990070e+05 2.957715e-02 2.228420e-01 5.575927e-01 -1.000000e+00 -1.000000e+00 -1.000000e+00 -1.0 0.000000e+00 5.914721e-02
-1.000000e+00 -1.000000e+00 9.400000e+02 0.000000e+00 -1.000000e+00 -1.000000e+00 0.000000e+00 1.461240e-07 -1.000000e+00 0.000000e+00 6.600000e+02 1.000000e+00 -1.000000e+00 0.000000e+00 -1.000000e+00 -1.000000e+00 8.673938e-12 -1.000000e+00 0.000000e+00 -9.990070e+05 3.000000e+00 -1.000000e+00 -1.000000e+00 1.233821e-09 0.000000e+00 0.000000e+00 -1.000000e+00 7.251637e-08 -1.000000e+00 -9.990070e+05 7.251637e-08 1.229215e-05 5.753221e-04 -1.000000e+00 -1.000000e+00 -1.000000e+00 -1.0 0.000000e+00 1.451925e-07
-1.000000e+00 -1.000000e+00 9.850000e+02 0.000000e+00 -1.000000e+00 -1.000000e+00 0.000000e+00 8.595884e-14 -1.000000e+00 0.000000e+00 9.150000e+02 1.000000e+00 -1.000000e+00 0.000000e+00 -1.000000e+00 -1.000000e+00 6.712436e-20 -1.000000e+00 0.000000e+00 -9.990070e+05 3.000000e+00 -1.000000e+00 -1.000000e+00 8.364375e-17 0.000000e+00 0.000000e+00 -1.000000e+00 4.389711e-14 -1.000000e+00 -9.990070e+05 4.389711e-14 6.187051e-11 2.424307e-08 -1.000000e+00 -1.000000e+00 -1.000000e+00 -1.0 0.000000e+00 8.759964e-14
-1.000000e+00 -1.000000e+00 9.950000e+02 0.000000e+00 -1.000000e+00 -1.000000e+00 0.000000e+00 8.658630e-02 -1.000000e+00 0.000000e+00 3.050000e+02 1.000000e+00 -1.000000e+00 0.000000e+00 -1.000000e+00 -1.000000e+00 4.489243e-03 -1.000000e+00 0.000000e+00 -9.990070e+05 3.000000e+00 -1.000000e+00 -1.000000e+00 2.096971e-02 0.000000e+00 0.000000e+00 -1.000000e+00 4.335203e-02 -1.000000e+00 -9.990070e+05 4.335203e-02 2.825364e-01 6.269440e-01 -1.000000e+00 -1.000000e+00 -1.000000e+00 -1.0 0.000000e+00 8.665977e-02
