-1.000000e+00 -1.000000e+00 1.020000e+03 0.000000e+00 -1.000000e+00 -1.000000e+00 0.000000e+00 8.406348e-05 -1.000000e+00 0.000000e+00 1.300000e+02 1.000000e+00 -1.000000e+00 0.000000e+00 -1.000000e+00 -1.000000e+00 6.556845e-08 -1.000000e+00 0.000000e+00 -9.990070e+05 3.000000e+00 -1.000000e+00 -1.000000e+00 2.558365e-06 0.000000e+00 0.000000e+00 -1.000000e+00 8.022397e-06 -1.000000e+00 -9.990070e+05 8.022397e-06 1.998194e-03 2.726866e-02 -1.000000e+00 -1.000000e+00 -1.000000e+00 -1.0 0.000000e+00 2.282451e-05
-1.000000e+00 -1.000000e+00 1.040000e+03 0.000000e+00 -1.000000e+00 -1.000000e+00 0.000000e+00 5.347020e-13 -1.000000e+00 0.000000e+00 5.600000e+02 1.000000e+00 -1.000000e+00 0.000000e+00 -1.000000e+00 -1.000000e+00 6.766712e-19 -1.000000e+00 0.000000e+00 -9.990070e+05 3.000000e+00 -1.000000e+00 -1.000000e+00 6.621168e-16 0.000000e+00 0.000000e+00 -1.000000e+00 3.057856e-14 -1.000000e+00 -9.990070e+05 3.057856e-14 3.027413e-10 9.345384e-08 -1.000000e+00 -1.000000e+00 -1.000000e+00 -1.0 0.000000e+00 7.919123e-14
-1.000000e+00 -1.000000e+00 1.090000e+03 0.000000e+00 -1.000000e+00 -1.000000e+00 0.000000e+00 7.868377e-10 -1.000000e+00 0.000000e+00 8.100000e+02 1.000000e+00 -1.000000e+00 0.000000e+00 -1.000000e+00 -1.000000e+00 8.161263e-15 -1.000000e+00 0.000000e+00 -9.990070e+05 3.000000e+00 -1.000000e+00 -1.000000e+00 2.783825e-12 0.000000e+00 0.000000e+00 -1.000000e+00 5.189971e-11 -1.000000e+00 -9.990070e+05 5.189971e-11 1.568300e-07 1.719299e-05 -1.000000e+00 -1.000000e+00 -1.000000e+00 -1.0 0.000000e+00 1.377180e-10
-1.000000e+00 -1.000000e+00 1.095000e+03 0.000000e+00 -1.000000e+00 -1.000000e+00 0.000000e+00 2.518305e-05 -1.000000e+00 0.000000e+00 2.050000e+02 1.000000e+00 -1.000000e+00 0.000000e+00 -1.000000e+00 -1.000000e+00 1.141353e-08 -1.000000e+00 0.000000e+00 -9.990070e+05 3.000000e+00 -1.000000e+00 -1.000000e+00 5.850980e-07 0.000000e+00 0.000000e+00 -1.000000e+00 2.447949e-06 -1.000000e+00 -9.990070e+05 2.447949e-06 7.802175e-04 1.375652e-02 -1.000000e+00 -1.000000e+00 -1.000000e+00 -1.0 0.000000e+00 6.782850e-06
-1.000000e+00 -1.000000e+00 1.135000e+03 0.000000e+00 -1.000000e+00 -1.000000e+00 0.000000e+00 9.083198e-02 -1.000000e+00 0.000000e+00 1.065000e+03 1.000000e+00 -1.000000e+00 0.000000e+00 -1.000000e+00 -1.000000e+00 4.908805e-03 -1.000000e+00 0.000000e+00 -9.990070e+05 3.000000e+00 -1.000000e+00 -1.000000e+00 2.244892e-02 0.000000e+00 0.000000e+00 -1.000000e+00 1.659081e-02 -1.000000e+00 -9.990070e+05 1.659081e-02 2.909329e-01 6.357940e-01 -1.000000e+00 -1.000000e+00 -1.000000e+00 -1.0 0.000000e+00 5.021677e-02
-1.000000e+00 -1.000000e+00 1.145000e+03 0.000000e+00 -1.000000e+00 -1.000000e+00 0.000000e+00 2.540679e-09 -1.000000e+00 0.000000e+00 4.550000e+02 1.000000e+00 -1.000000e+00 0.000000e+00 -1.000000e+00 -1.000000e+00 3.817332e-14 -1.000000e+00 0.000000e+00 -9.990070e+05 3.000000e+00 -1.000000e+00 -1.000000e+00 1.081395e-11 0.000000e+00 0.000000e+00 -1.000000e+00 1.723147e-10 -1.000000e+00 -9.990070e+05 1.723147e-10 4.214868e-07 3.853744e-05 -1.000000e+00 -1.000000e+00 -1.000000e+00 -1.0 0.000000e+00 4.594060e-10
-1.000000e+00 -1.000000e+00 1.190000e+03 0.000000e+00 -1.000000e+00 -1.000000e+00 0.000000e+00 1.957376e-09 -1.000000e+00 0.000000e+00 7.100000e+02 1.000000e+00 -1.000000e+00 0.000000e+00 -1.000000e+00 -1.000000e+00 2.705637e-14 -1.000000e+00 0.000000e+00 -9.990070e+05 3.000000e+00 -1.000000e+00 -1.000000e+00 7.991818e-12 0.000000e+00 0.000000e+00 -1.000000e+00 1.331640e-10 -1.000000e+00 -9.990070e+05 1.331640e-10 3.384075e-07 3.223026e-05 -1.000000e+00 -1.000000e+00 -1.000000e+00 -1.0 0.000000e+00 3.541242e-10
-1.000000e+00 -1.000000e+00 1.200000e+03 0.000000e+00 -1.000000e+00 -1.000000e+00 0.000000e+00 7.649692e-03 -1.000000e+00 0.000000e+00 1.000000e+02 1.000000e+00 -1.000000e+00 0.000000e+00 -1.000000e+00 -1.000000e+00 6.712102e-05 -1.000000e+00 0.000000e+00 -9.990070e+05 3.000000e+00 -1.000000e+00 -1.000000e+00 7.729538e-04 0.000000e+00 0.000000e+00 -1.000000e+00 1.044288e-03 -1.000000e+00 -9.990070e+05 1.044288e-03 5.674490e-02 2.582117e-01 -1.000000e+00 -1.000000e+00 -1.000000e+00 -1.0 0.000000e+00 3.063915e-03
-1.000000e+00 -1.000000e+00 1.240000e+03 0.000000e+00 -1.000000e+00 -1.000000e+00 0.000000e+00 6.881018e-06 -1.000000e+00 0.000000e+00 9.600000e+02 1.000000e+00 -1.000000e+00 0.000000e+00 -1.000000e+00 -1.000000e+00 1.796796e-09 -1.000000e+00 0.000000e+00 -9.990070e+05 3.000000e+00 -1.000000e+00 -1.000000e+00 1.215124e-07 0.000000e+00 0.000000e+00 -1.000000e+00 6.236035e-07 -1.000000e+00 -9.990070e+05 6.236035e-07 2.792728e-04 6.402166e-03 -1.000000e+00 -1.000000e+00 -1.000000e+00 -1.0 0.000000e+00 1.718270e-06
-1.000000e+00 -1.000000e+00 1.245000e+03 0.000000e+00 -1.000000e+00 -1.000000e+00 0.000000e+00 1.143346e-02 -1.000000e+00 0.000000e+00 3.550000e+02 1.000000e+00 -1.000000e+00 0.000000e+00 -1.000000e+00 -1.000000e+00 1.301476e-04 -1.000000e+00 0.000000e+00 -9.990070e+05 3.000000e+00 -1.000000e+00 -1.000000e+00 1.313775e-03 0.000000e+00 0.000000e+00 -1.000000e+00 1.623350e-03 -1.000000e+00 -9.990070e+05 1.623350e-03 7.501311e-02 3.052912e-01 -1.000000e+00 -1.000000e+00 -1.000000e+00 -1.0 0.000000e+00 4.783491e-03
-1.000000e+00 -1.000000e+00 1.285000e+03 0.000000e+00 -1.000000e+00 -1.000000e+00 0.000000e+00 4.501342e-01 -1.000000e+00 0.000000e+00 1.215000e+03 1.000000e+00 -1.000000e+00 0.000000e+00 -1.000000e+00 -1.000000e+00 1.289176e-01 -1.000000e+00 0.000000e+00 -9.990070e+05 3.000000e+00 -1.000000e+00 -1.000000e+00 2.496816e-01 0.000000e+00 0.000000e+00 -1.000000e+00 1.088132e-01 -1.000000e+00 -9.990070e+05 1.088132e-01 7.092191e-01 9.141971e-01 -1.000000e+00 -1.000000e+00 -1.000000e+00 -1.0 0.000000e+00 3.438652e-01
-1.000000e+00 -1.000000e+00 1.295000e+03 0.000000e+00 -1.000000e+00 -1.000000e+00 0.000000e+00 2.393823e-06 -1.000000e+00 0.000000e+00 6.050000e+02 1.000000e+00 -1.000000e+00 0.000000e+00 -1.000000e+00 -1.000000e+00 4.077809e-10 -1.000000e+00 0.000000e+00 -9.990070e+05 3.000000e+00 -1.000000e+00 -1.000000e+00 3.417469e-08 0.000000e+00 0.000000e+00 -1.000000e+00 2.011979e-07 -1.000000e+00 -9.990070e+05 2.011979e-07 1.198236e-04 3.370809e-03 -1.000000e+00 -1.000000e+00 -1.000000e+00 -1.0 0.000000e+00 5.544927e-07
-1.000000e+00 -1.000000e+00 1.340000e+03 0.000000e+00 -1.000000e+00 -1.000000e+00 0.000000e+00 7.325115e-06 -1.000000e+00 0.000000e+00 8.600000e+02 1.000000e+00 -1.000000e+00 0.000000e+00 -1.000000e+00 -1.000000e+00 1.962906e-09 -1.000000e+00 0.000000e+00 -9.990070e+05 3.000000e+00 -1.000000e+00 -1.000000e+00 1.310316e-07 0.000000e+00 0.000000e+00 -1.000000e+00 6.474097e-07 -1.000000e+00 -9.990070e+05 6.474097e-07 2.935479e-04 6.646711e-03 -1.000000e+00 -1.000000e+00 -1.000000e+00 -1.0 0.000000e+00 1.794764e-06
-1.000000e+00 -1.000000e+00 1.350000e+03 0.000000e+00 -1.000000e+00 -1.000000e+00 0.000000e+00 1.002138e-02 -1.000000e+00 0.000000e+00 2.500000e+02 1.000000e+00 -1.000000e+00 0.000000e+00 -1.000000e+00 -1.000000e+00 1.046178e-04 -1.000000e+00 0.000000e+00 -9.990070e+05 3.000000e+00 -1.000000e+00 -1.000000e+00 1.103356e-03 0.000000e+00 0.000000e+00 -1.000000e+00 1.405350e-03 -1.000000e+00 -9.990070e+05 1.405350e-03 6.848293e-02 2.891942e-01 -1.000000e+00 -1.000000e+00 -1.000000e+00 -1.0 0.000000e+00 4.134107e-03
-1.000000e+00 -1.000000e+00 1.390000e+03 0.000000e+00 -1.000000e+00 -1.000000e+00 0.000000e+00 8.046612e-03 -1.000000e+00 0.000000e+00 1.110000e+03 1.000000e+00 -1.000000e+00 0.000000e+00 -1.000000e+00 -1.000000e+00 7.291425e-05 -1.000000e+00 0.000000e+00 -9.990070e+05 3.000000e+00 -1.000000e+00 -1.000000e+00 8.261006e-04 0.000000e+00 0.000000e+00 -1.000000e+00 1.108029e-03 -1.000000e+00 -9.990070e+05 1.108029e-03 5.878739e-02 2.638131e-01 -1.000000e+00 -1.000000e+00 -1.000000e+00 -1.0 0.000000e+00 3.248629e-03
-1.000000e+00 -1.000000e+00 1.395000e+03 0.000000e+00 -1.000000e+00 -1.000000e+00 0.000000e+00 1.035966e-03 -1.000000e+00 0.000000e+00 5.050000e+02 1.000000e+00 -1.000000e+00 0.000000e+00 -1.000000e+00 -1.000000e+00 2.830328e-06 -1.000000e+00 0.000000e+00 -9.990070e+05 3.000000e+00 -1.000000e+00 -1.000000e+00 5.874780e-05 0.000000e+00 0.000000e+00 -1.000000e+00 1.215769e-04 -1.000000e+00 -9.990070e+05 1.215769e-04 1.341528e-02 1.025039e-01 -1.000000e+00 -1.000000e+00 -1.000000e+00 -1.0 0.000000e+00 3.486426e-04
-1.000000e+00 -1.000000e+00 1.445000e+03 0.000000e+00 -1.000000e+00 -1.000000e+00 0.000000e+00 8.409873e-04 -1.000000e+00 0.000000e+00 7.550000e+02 1.000000e+00 -1.000000e+00 0.000000e+00 -1.000000e+00 -1.000000e+00 2.054748e-06 -1.000000e+00 0.000000e+00 -9.990070e+05 3.000000e+00 -1.000000e+00 -1.000000e+00 4.512035e-05 0.000000e+00 0.000000e+00 -1.000000e+00 9.666319e-05 -1.000000e+00 -9.990070e+05 9.666319e-05 1.149264e-02 9.239715e-02 -1.000000e+00 -1.000000e+00 -1.000000e+00 -1.0 0.000000e+00 2.771539e-04
-1.000000e+00 -1.000000e+00 1.450000e+03 0.000000e+00 -1.000000e+00 -1.000000e+00 0.000000e+00 2.259048e-01 -1.000000e+00 0.000000e+00 1.500000e+02 1.000000e+00 -1.000000e+00 0.000000e+00 -1.000000e+00 -1.000000e+00 2.907351e-02 -1.000000e+00 0.000000e+00 -9.990070e+05 3.000000e+00 -1.000000e+00 -1.000000e+00 8.520845e-02 0.000000e+00 0.000000e+00 -1.000000e+00 4.708855e-02 -1.000000e+00 -9.990070e+05 4.708855e-02 4.949852e-01 8.032246e-01 -1.000000e+00 -1.000000e+00 -1.000000e+00 -1.0 0.000000e+00 1.463476e-01
-1.000000e+00 -1.000000e+00 1.490000e+03 0.000000e+00 -1.000000e+00 -1.000000e+00 0.000000e+00 4.979538e-03 -1.000000e+00 0.000000e+00 1.010000e+03 1.000000e+00 -1.000000e+00 0.000000e+00 -1.000000e+00 -1.000000e+00 3.344546e-05 -1.000000e+00 0.000000e+00 -9.990070e+05 3.000000e+00 -1.000000e+00 -1.000000e+00 4.408761e-04 0.000000e+00 0.000000e+00 -1.000000e+00 6.572283e-04 -1.000000e+00 -9.990070e+05 6.572283e-04 4.192773e-02 2.143191e-01 -1.000000e+00 -1.000000e+00 -1.000000e+00 -1.0 0.000000e+00 1.916448e-03
-1.000000e+00 -1.000000e+00 1.500000e+03 0.000000e+00 -1.000000e+00 -1.000000e+00 0.000000e+00 5.610698e-02 -1.000000e+00 0.000000e+00 4.000000e+02 1.000000e+00 -1.000000e+00 0.000000e+00 -1.000000e+00 -1.000000e+00 2.026764e-03 -1.000000e+00 0.000000e+00 -9.990070e+05 3.000000e+00 -1.000000e+00 -1.000000e+00 1.138296e-02 0.000000e+00 0.000000e+00 -1.000000e+00 9.458658e-03 -1.000000e+00 -9.990070e+05 9.458658e-03 2.155567e-01 5.482481e-01 -1.000000e+00 -1.000000e+00 -1.000000e+00 -1.0 0.000000e+00 2.856972e-02
-1.000000e+00 -1.000000e+00 1.545000e+03 0.000000e+00 -1.000000e+00 -1.000000e+00 0.000000e+00 2.972115e-02 -1.000000e+00 0.000000e+00 6.550000e+02 1.000000e+00 -1.000000e+00 0.000000e+00 -1.000000e+00 -1.000000e+00 6.584097e-04 -1.000000e+00 0.000000e+00 -9.990070e+05 3.000000e+00 -1.000000e+00 -1.000000e+00 4.741859e-03 0.000000e+00 0.000000e+00 -1.000000e+00 4.648330e-03 -1.000000e+00 -9.990070e+05 4.648330e-03 1.429143e-01 4.410505e-01 -1.000000e+00 -1.000000e+00 -1.000000e+00 -1.0 0.000000e+00 1.389091e-02
-1.000000e+00 -1.000000e+00 1.595000e+03 0.000000e+00 -1.000000e+00 -1.000000e+00 0.000000e+00 3.828527e-02 -1.000000e+00 0.000000e+00 9.050000e+02 1.000000e+00 -1.000000e+00 0.000000e+00 -1.000000e+00 -1.000000e+00 1.025351e-03 -1.000000e+00 0.000000e+00 -9.990070e+05 3.000000e+00 -1.000000e+00 -1.000000e+00 6.705773e-03 0.000000e+00 0.000000e+00 -1.000000e+00 6.158221e-03 -1.000000e+00 -9.990070e+05 6.158221e-03 1.686678e-01 4.823593e-01 -1.000000e+00 -1.000000e+00 -1.000000e+00 -1.0 0.000000e+00 1.848335e-02
-1.000000e+00 -1.000000e+00 1.600000e+03 0.000000e+00 -1.000000e+00 -1.000000e+00 0.000000e+00 3.107354e-01 -1.000000e+00 0.000000e+00 3.000000e+02 1.000000e+00 -1.000000e+00 0.000000e+00 -1.000000e+00 -1.000000e+00 5.672491e-02 -1.000000e+00 0.000000e+00 -9.990070e+05 3.000000e+00 -1.000000e+00 -1.000000e+00 1.388014e-01 0.000000e+00 0.000000e+00 -1.000000e+00 6.891909e-02 -1.000000e+00 -9.990070e+05 6.891909e-02 5.878002e-01 8.575206e-01 -1.000000e+00 -1.000000e+00 -1.000000e+00 -1.0 0.000000e+00 2.159778e-01
-1.000000e+00 -1.000000e+00 1.650000e+03 0.000000e+00 -1.000000e+00 -1.000000e+00 0.000000e+00 2.225940e-01 -1.000000e+00 0.000000e+00 5.500000e+02 1.000000e+00 -1.000000e+00 0.000000e+00 -1.000000e+00 -1.000000e+00 2.820709e-02 -1.000000e+00 0.000000e+00 -9.990070e+05 3.000000e+00 -1.000000e+00 -1.000000e+00 8.333130e-02 0.000000e+00 0.000000e+00 -1.000000e+00 4.625874e-02 -1.000000e+00 -9.990070e+05 4.625874e-02 4.909619e-01 8.006190e-01 -1.000000e+00 -1.000000e+00 -1.000000e+00 -1.0 0.000000e+00 1.437394e-01
-1.000000e+00 -1.000000e+00 1.705000e+03 0.000000e+00 -1.000000e+00 -1.000000e+00 0.000000e+00 6.613954e-01 -1.000000e+00 0.000000e+00 1.950000e+02 1.000000e+00 -1.000000e+00 0.000000e+00 -1.000000e+00 -1.000000e+00 3.245978e-01 -1.000000e+00 0.000000e+00 -9.990070e+05 3.000000e+00 -1.000000e+00 -1.000000e+00 4.741022e-01 0.000000e+00 0.000000e+00 -1.000000e+00 1.764824e-01 -1.000000e+00 -9.990070e+05 1.764824e-01 8.473890e-01 9.627604e-01 -1.000000e+00 -1.000000e+00 -1.000000e+00 -1.0 0.000000e+00 5.660833e-01
-1.000000e+00 -1.000000e+00 1.750000e+03 0.000000e+00 -1.000000e+00 -1.000000e+00 0.000000e+00 5.349431e-01 -1.000000e+00 0.000000e+00 4.500000e+02 1.000000e+00 -1.000000e+00 0.000000e+00 -1.000000e+00 -1.000000e+00 1.929804e-01 -1.000000e+00 0.000000e+00 -9.990070e+05 3.000000e+00 -1.000000e+00 -1.000000e+00 3.313146e-01 0.000000e+00 0.000000e+00 -1.000000e+00 1.348073e-01 -1.000000e+00 -9.990070e+05 1.348073e-01 7.700171e-01 9.374604e-01 -1.000000e+00 -1.000000e+00 -1.000000e+00 -1.0 0.000000e+00 4.288035e-01
-1.000000e+00 -1.000000e+00 6.100000e+02 0.000000e+00 -1.000000e+00 -1.000000e+00 0.000000e+00 7.680927e-07 -1.000000e+00 0.000000e+00 5.400000e+02 1.000000e+00 -1.000000e+00 0.000000e+00 -1.000000e+00 -1.000000e+00 8.418233e-11 -1.000000e+00 0.000000e+00 -9.990070e+05 3.000000e+00 -1.000000e+00 -1.000000e+00 8.803125e-09 0.000000e+00 0.000000e+00 -1.000000e+00 7.312701e-08 -1.000000e+00 -9.990070e+05 7.312701e-08 4.776070e-05 1.661441e-03 -1.000000e+00 -1.000000e+00 -1.000000e+00 -1.0 0.000000e+00 1.940764e-07
-1.000000e+00 -1.000000e+00 6.400000e+02 0.000000e+00 -1.000000e+00 -1.000000e+00 0.000000e+00 1.042352e-08 -1.000000e+00 0.000000e+00 3.600000e+02 1.000000e+00 -1.000000e+00 0.000000e+00 -1.000000e+00 -1.000000e+00 2.483720e-13 -1.000000e+00 0.000000e+00 -9.990070e+05 3.000000e+00 -1.000000e+00 -1.000000e+00 5.583798e-11 0.000000e+00 0.000000e+00 -1.000000e+00 8.013496e-10 -1.000000e+00 -9.990070e+05 8.013496e-10 1.376391e-06 1.004515e-04 -1.000000e+00 -1.000000e+00 -1.000000e+00 -1.0 0.000000e+00 2.118375e-09
-1.000000e+00 -1.000000e+00 6.650000e+02 0.000000e+00 -1.000000e+00 -1.000000e+00 0.000000e+00 3.297390e-06 -1.000000e+00 0.000000e+00 1.850000e+02 1.000000e+00 -1.000000e+00 0.000000e+00 -1.000000e+00 -1.000000e+00 6.381931e-10 -1.000000e+00 0.000000e+00 -9.990070e+05 3.000000e+00 -1.000000e+00 -1.000000e+00 5.016383e-08 0.000000e+00 0.000000e+00 -1.000000e+00 2.954521e-07 -1.000000e+00 -9.990070e+05 2.954521e-07 1.550175e-04 4.101625e-03 -1.000000e+00 -1.000000e+00 -1.000000e+00 -1.0 0.000000e+00 8.075212e-07
-1.000000e+00 -1.000000e+00 6.850000e+02 0.000000e+00 -1.000000e+00 -1.000000e+00 0.000000e+00 7.766538e-04 -1.000000e+00 0.000000e+00 6.150000e+02 1.000000e+00 -1.000000e+00 0.000000e+00 -1.000000e+00 -1.000000e+00 1.819109e-06 -1.000000e+00 0.000000e+00 -9.990070e+05 3.000000e+00 -1.000000e+00 -1.000000e+00 4.080513e-05 0.000000e+00 0.000000e+00 -1.000000e+00 8.989392e-05 -1.000000e+00 -9.990070e+05 8.989392e-05 1.083178e-02 8.877914e-02 -1.000000e+00 -1.000000e+00 -1.000000e+00 -1.0 0.000000e+00 2.567149e-04
-1.000000e+00 -1.000000e+00 7.150000e+02 0.000000e+00 -1.000000e+00 -1.000000e+00 0.000000e+00 1.180020e-11 -1.000000e+00 0.000000e+00 4.350000e+02 1.000000e+00 -1.000000e+00 0.000000e+00 -1.000000e+00 -1.000000e+00 3.509565e-17 -1.000000e+00 0.000000e+00 -9.990070e+05 3.000000e+00 -1.000000e+00 -1.000000e+00 2.238448e-14 0.000000e+00 0.000000e+00 -1.000000e+00 7.363761e-13 -1.000000e+00 -9.990070e+05 7.363761e-13 4.370308e-09 8.851909e-07 -1.000000e+00 -1.000000e+00 -1.000000e+00 -1.0 0.000000e+00 1.916507e-12
-1.000000e+00 -1.000000e+00 7.400000e+02 0.000000e+00 -1.000000e+00 -1.000000e+00 0.000000e+00 2.279389e-09 -1.000000e+00 0.000000e+00 2.600000e+02 1.000000e+00 -1.000000e+00 0.000000e+00 -1.000000e+00 -1.000000e+00 3.307741e-14 -1.000000e+00 0.000000e+00 -9.990070e+05 3.000000e+00 -1.000000e+00 -1.000000e+00 9.535048e-12 0.000000e+00 0.000000e+00 -1.000000e+00 1.611027e-10 -1.000000e+00 -9.990070e+05 1.611027e-10 3.847046e-07 3.577786e-05 -1.000000e+00 -1.000000e+00 -1.000000e+00 -1.0 0.000000e+00 4.263821e-10
-1.000000e+00 -1.000000e+00 7.900000e+02 0.000000e+00 -1.000000e+00 -1.000000e+00 0.000000e+00 1.847473e-11 -1.000000e+00 0.000000e+00 5.100000e+02 1.000000e+00 -1.000000e+00 0.000000e+00 -1.000000e+00 -1.000000e+00 6.245486e-17 -1.000000e+00 0.000000e+00 -9.990070e+05 3.000000e+00 -1.000000e+00 -1.000000e+00 3.735911e-14 0.000000e+00 0.000000e+00 -1.000000e+00 1.208829e-12 -1.000000e+00 -9.990070e+05 1.208829e-12 6.420777e-09 1.221018e-06 -1.000000e+00 -1.000000e+00 -1.000000e+00 -1.0 0.000000e+00 3.133652e-12
-1.000000e+00 -1.000000e+00 8.150000e+02 0.000000e+00 -1.000000e+00 -1.000000e+00 0.000000e+00 2.395856e-10 -1.000000e+00 0.000000e+00 3.350000e+02 1.000000e+00 -1.000000e+00 0.000000e+00 -1.000000e+00 -1.000000e+00 1.724266e-15 -1.000000e+00 0.000000e+00 -9.990070e+05 3.000000e+00 -1.000000e+00 -1.000000e+00 7.063648e-13 0.000000e+00 0.000000e+00 -1.000000e+00 1.634029e-11 -1.000000e+00 -9.990070e+05 1.634029e-11 5.723677e-08 7.507026e-06 -1.000000e+00 -1.000000e+00 -1.000000e+00 -1.0 0.000000e+00 4.278314e-11
-1.000000e+00 -1.000000e+00 8.350000e+02 0.000000e+00 -1.000000e+00 -1.000000e+00 0.000000e+00 4.493700e-05 -1.000000e+00 0.000000e+00 7.650000e+02 1.000000e+00 -1.000000e+00 0.000000e+00 -1.000000e+00 -1.000000e+00 2.632971e-08 -1.000000e+00 0.000000e+00 -9.990070e+05 3.000000e+00 -1.000000e+00 -1.000000e+00 1.186292e-06 0.000000e+00 0.000000e+00 -1.000000e+00 4.628737e-06 -1.000000e+00 -9.990070e+05 4.628737e-06 1.228072e-03 1.917564e-02 -1.000000e+00 -1.000000e+00 -1.000000e+00 -1.0 0.000000e+00 1.278921e-05
-1.000000e+00 -1.000000e+00 8.450000e+02 0.000000e+00 -1.000000e+00 -1.000000e+00 0.000000e+00 2.955605e-06 -1.000000e+00 0.000000e+00 1.550000e+02 1.000000e+00 -1.000000e+00 0.000000e+00 -1.000000e+00 -1.000000e+00 5.475254e-10 -1.000000e+00 0.000000e+00 -9.990070e+05 3.000000e+00 -1.000000e+00 -1.000000e+00 4.399415e-08 0.000000e+00 0.000000e+00 -1.000000e+00 2.668876e-07 -1.000000e+00 -9.990070e+05 2.668876e-07 1.419715e-04 3.836226e-03 -1.000000e+00 -1.000000e+00 -1.000000e+00 -1.0 0.000000e+00 7.272634e-07
-1.000000e+00 -1.000000e+00 8.900000e+02 0.000000e+00 -1.000000e+00 -1.000000e+00 0.000000e+00 1.502608e-11 -1.000000e+00 0.000000e+00 4.100000e+02 1.000000e+00 -1.000000e+00 0.000000e+00 -1.000000e+00 -1.000000e+00 4.787779e-17 -1.000000e+00 0.000000e+00 -9.990070e+05 3.000000e+00 -1.000000e+00 -1.000000e+00 2.950109e-14 0.000000e+00 0.000000e+00 -1.000000e+00 9.535933e-13 -1.000000e+00 -9.990070e+05 9.535933e-13 5.377896e-09 1.052932e-06 -1.000000e+00 -1.000000e+00 -1.000000e+00 -1.0 0.000000e+00 2.479533e-12
-1.000000e+00 -1.000000e+00 9.200000e+02 0.000000e+00 -1.000000e+00 -1.000000e+00 0.000000e+00 3.552932e-07 -1.000000e+00 0.000000e+00 2.300000e+02 1.000000e+00 -1.000000e+00 0.000000e+00 -1.000000e+00 -1.000000e+00 2.916298e-11 -1.000000e+00 0.000000e+00 -9.990070e+05 3.000000e+00 -1.000000e+00 -1.000000e+00 3.525780e-09 0.000000e+00 0.000000e+00 -1.000000e+00 2.904284e-08 -1.000000e+00 -9.990070e+05 2.904284e-08 2.547366e-05 1.019014e-03 -1.000000e+00 -1.000000e+00 -1.000000e+00 -1.0 0.000000e+00 7.859602e-08
-1.000000e+00 -1.000000e+00 9.400000e+02 0.000000e+00 -1.000000e+00 -1.000000e+00 0.000000e+00 5.563338e-12 -1.000000e+00 0.000000e+00 6.600000e+02 1.000000e+00 -1.000000e+00 0.000000e+00 -1.000000e+00 -1.000000e+00 1.338147e-17 -1.000000e+00 0.000000e+00 -9.990070e+05 3.000000e+00 -1.000000e+00 -1.000000e+00 9.492439e-15 0.000000e+00 0.000000e+00 -1.000000e+00 3.380782e-13 -1.000000e+00 -9.990070e+05 3.380782e-13 2.289478e-09 5.148541e-07 -1.000000e+00 -1.000000e+00 -1.000000e+00 -1.0 0.000000e+00 8.793395e-13
-1.000000e+00 -1.000000e+00 9.850000e+02 0.000000e+00 -1.000000e+00 -1.000000e+00 0.000000e+00 2.828997e-03 -1.000000e+00 0.000000e+00 9.150000e+02 1.000000e+00 -1.000000e+00 0.000000e+00 -1.000000e+00 -1.000000e+00 1.356638e-05 -1.000000e+00 0.000000e+00 -9.990070e+05 3.000000e+00 -1.000000e+00 -1.000000e+00 2.120074e-04 0.000000e+00 0.000000e+00 -1.000000e+00 3.609539e-04 -1.000000e+00 -9.990070e+05 3.609539e-04 2.796892e-02 1.659065e-01 -1.000000e+00 -1.000000e+00 -1.000000e+00 -1.0 0.000000e+00 1.042381e-03
-1.000000e+00 -1.000000e+00 9.950000e+02 0.000000e+00 -1.000000e+00 -1.000000e+00 0.000000e+00 1.520397e-08 -1.000000e+00 0.000000e+00 3.050000e+02 1.000000e+00 -1.000000e+00 0.000000e+00 -1.000000e+00 -1.000000e+00 4.110485e-13 -1.000000e+00 0.000000e+00 -9.990070e+05 3.000000e+00 -1.000000e+00 -1.000000e+00 8.674038e-11 0.000000e+00 0.000000e+00 -1.000000e+00 1.134725e-09 -1.000000e+00 -9.990070e+05 1.134725e-09 1.886088e-06 1.294237e-04 -1.000000e+00 -1.000000e+00 -1.000000e+00 -1.0 0.000000e+00 3.023972e-09
