-1.000000e+00 -1.000000e+00 1.020000e+03 0.000000e+00 -1.000000e+00 -1.000000e+00 0.000000e+00 1.758218e-04 -1.000000e+00 0.000000e+00 1.300000e+02 1.000000e+00 -1.000000e+00 0.000000e+00 -1.000000e+00 -1.000000e+00 1.944747e-07 -1.000000e+00 0.000000e+00 -9.990070e+05 3.000000e+00 -1.000000e+00 -1.000000e+00 6.365156e-06 0.000000e+00 0.000000e+00 -1.000000e+00 1.153028e-03 -1.000000e+00 -9.990070e+05 1.153028e-03 3.526134e-03 4.086475e-02 -1.000000e+00 -1.000000e+00 -1.000000e+00 -1.0 0.000000e+00 1.518730e-03
-1.000000e+00 -1.000000e+00 1.040000e+03 0.000000e+00 -1.000000e+00 -1.000000e+00 0.000000e+00 1.338511e-08 -1.000000e+00 0.000000e+00 5.600000e+02 1.000000e+00 -1.000000e+00 0.000000e+00 -1.000000e+00 -1.000000e+00 3.467224e-13 -1.000000e+00 0.000000e+00 -9.990070e+05 3.000000e+00 -1.000000e+00 -1.000000e+00 7.475217e-11 0.000000e+00 0.000000e+00 -1.000000e+00 2.192060e-07 -1.000000e+00 -9.990070e+05 2.192060e-07 1.695946e-06 1.188299e-04 -1.000000e+00 -1.000000e+00 -1.000000e+00 -1.0 0.000000e+00 2.980279e-07
-1.000000e+00 -1.000000e+00 1.090000e+03 0.000000e+00 -1.000000e+00 -1.000000e+00 0.000000e+00 1.590861e-06 -1.000000e+00 0.000000e+00 8.100000e+02 1.000000e+00 -1.000000e+00 0.000000e+00 -1.000000e+00 -1.000000e+00 2.307783e-10 -1.000000e+00 0.000000e+00 -9.990070e+05 3.000000e+00 -1.000000e+00 -1.000000e+00 2.096522e-08 0.000000e+00 0.000000e+00 -1.000000e+00 1.735854e-05 -1.000000e+00 -9.990070e+05 1.735854e-05 8.617506e-05 2.618909e-03 -1.000000e+00 -1.000000e+00 -1.000000e+00 -1.0 0.000000e+00 2.329460e-05
-1.000000e+00 -1.000000e+00 1.095000e+03 0.000000e+00 -1.000000e+00 -1.000000e+00 0.000000e+00 9.173330e-05 -1.000000e+00 0.000000e+00 2.050000e+02 1.000000e+00 -1.000000e+00 0.000000e+00 -1.000000e+00 -1.000000e+00 7.451673e-08 -1.000000e+00 0.000000e+00 -9.990070e+05 3.000000e+00 -1.000000e+00 -1.000000e+00 2.848717e-06 0.000000e+00 0.000000e+00 -1.000000e+00 6.625648e-04 -1.000000e+00 -9.990070e+05 6.625648e-04 2.137793e-03 2.862281e-02 -1.000000e+00 -1.000000e+00 -1.000000e+00 -1.0 0.000000e+00 8.736958e-04
-1.000000e+00 -1.000000e+00 1.135000e+03 0.000000e+00 -1.000000e+00 -1.000000e+00 0.000000e+00 5.532788e-02 -1.000000e+00 0.000000e+00 1.065000e+03 1.000000e+00 -1.000000e+00 0.000000e+00 -1.000000e+00 -1.000000e+00 1.976278e-03 -1.000000e+00 0.000000e+00 -9.990070e+05 3.000000e+00 -1.000000e+00 -1.000000e+00 1.116314e-02 0.000000e+00 0.000000e+00 -1.000000e+00 1.325288e-01 -1.000000e+00 -9.990070e+05 1.325288e-01 2.136541e-01 5.457719e-01 -1.000000e+00 -1.000000e+00 -1.000000e+00 -1.0 0.000000e+00 1.680433e-01
-1.000000e+00 -1.000000e+00 1.145000e+03 0.000000e+00 -1.000000e+00 -1.000000e+00 0.000000e+00 4.280182e-07 -1.000000e+00 0.000000e+00 4.550000e+02 1.000000e+00 -1.000000e+00 0.000000e+00 -1.000000e+00 -1.000000e+00 3.764730e-11 -1.000000e+00 0.000000e+00 -9.990070e+05 3.000000e+00 -1.000000e+00 -1.000000e+00 4.396338e-09 0.000000e+00 0.000000e+00 -1.000000e+00 5.421660e-06 -1.000000e+00 -9.990070e+05 5.421660e-06 2.965998e-05 1.147456e-03 -1.000000e+00 -1.000000e+00 -1.000000e+00 -1.0 0.000000e+00 7.284993e-06
-1.000000e+00 -1.000000e+00 1.190000e+03 0.000000e+00 -1.000000e+00 -1.000000e+00 0.000000e+00 3.943909e-07 -1.000000e+00 0.000000e+00 7.100000e+02 1.000000e+00 -1.000000e+00 0.000000e+00 -1.000000e+00 -1.000000e+00 3.364977e-11 -1.000000e+00 0.000000e+00 -9.990070e+05 3.000000e+00 -1.000000e+00 -1.000000e+00 3.989981e-09 0.000000e+00 0.000000e+00 -1.000000e+00 4.959776e-06 -1.000000e+00 -9.990070e+05 4.959776e-06 2.774262e-05 1.089192e-03 -1.000000e+00 -1.000000e+00 -1.000000e+00 -1.0 0.000000e+00 6.675037e-06
-1.000000e+00 -1.000000e+00 1.200000e+03 0.000000e+00 -1.000000e+00 -1.000000e+00 0.000000e+00 3.856787e-03 -1.000000e+00 0.000000e+00 1.000000e+02 1.000000e+00 -1.000000e+00 0.000000e+00 -1.000000e+00 -1.000000e+00 2.220178e-05 -1.000000e+00 0.000000e+00 -9.990070e+05 3.000000e+00 -1.000000e+00 -1.000000e+00 3.163826e-04 0.000000e+00 0.000000e+00 -1.000000e+00 1.622942e-02 -1.000000e+00 -9.990070e+05 1.622942e-02 3.494741e-02 1.911779e-01 -1.000000e+00 -1.000000e+00 -1.000000e+00 -1.0 0.000000e+00 2.097766e-02
-1.000000e+00 -1.000000e+00 1.240000e+03 0.000000e+00 -1.000000e+00 -1.000000e+00 0.000000e+00 1.093644e-04 -1.000000e+00 0.000000e+00 9.600000e+02 1.000000e+00 -1.000000e+00 0.000000e+00 -1.000000e+00 -1.000000e+00 9.646398e-08 -1.000000e+00 0.000000e+00 -9.990070e+05 3.000000e+00 -1.000000e+00 -1.000000e+00 3.538109e-06 0.000000e+00 0.000000e+00 -1.000000e+00 7.691935e-04 -1.000000e+00 -9.990070e+05 7.691935e-04 2.448516e-03 3.154167e-02 -1.000000e+00 -1.000000e+00 -1.000000e+00 -1.0 0.000000e+00 1.014103e-03
-1.000000e+00 -1.000000e+00 1.245000e+03 0.000000e+00 -1.000000e+00 -1.000000e+00 0.000000e+00 1.553570e-02 -1.000000e+00 0.000000e+00 3.550000e+02 1.000000e+00 -1.000000e+00 0.000000e+00 -1.000000e+00 -1.000000e+00 2.172813e-04 -1.000000e+00 0.000000e+00 -9.990070e+05 3.000000e+00 -1.000000e+00 -1.000000e+00 1.976080e-03 0.000000e+00 0.000000e+00 -1.000000e+00 5.007860e-02 -1.000000e+00 -9.990070e+05 5.007860e-02 9.253716e-02 3.452267e-01 -1.000000e+00 -1.000000e+00 -1.000000e+00 -1.0 0.000000e+00 6.412168e-02
-1.000000e+00 -1.000000e+00 1.285000e+03 0.000000e+00 -1.000000e+00 -1.000000e+00 0.000000e+00 3.337832e-01 -1.000000e+00 0.000000e+00 1.215000e+03 1.000000e+00 -1.000000e+00 0.000000e+00 -1.000000e+00 -1.000000e+00 6.619502e-02 -1.000000e+00 0.000000e+00 -9.990070e+05 3.000000e+00 -1.000000e+00 -1.000000e+00 1.551741e-01 0.000000e+00 0.000000e+00 -1.000000e+00 4.555795e-01 -1.000000e+00 -9.990070e+05 4.555795e-01 6.101582e-01 8.690817e-01 -1.000000e+00 -1.000000e+00 -1.000000e+00 -1.0 0.000000e+00 5.668462e-01
-1.000000e+00 -1.000000e+00 1.295000e+03 0.000000e+00 -1.000000e+00 -1.000000e+00 0.000000e+00 1.741661e-05 -1.000000e+00 0.000000e+00 6.050000e+02 1.000000e+00 -1.000000e+00 0.000000e+00 -1.000000e+00 -1.000000e+00 6.726860e-09 -1.000000e+00 0.000000e+00 -9.990070e+05 3.000000e+00 -1.000000e+00 -1.000000e+00 3.737049e-07 0.000000e+00 0.000000e+00 -1.000000e+00 1.536905e-04 -1.000000e+00 -9.990070e+05 1.536905e-04 5.835129e-04 1.109989e-02 -1.000000e+00 -1.000000e+00 -1.000000e+00 -1.0 0.000000e+00 2.038727e-04
-1.000000e+00 -1.000000e+00 1.340000e+03 0.000000e+00 -1.000000e+00 -1.000000e+00 0.000000e+00 7.454023e-05 -1.000000e+00 0.000000e+00 8.600000e+02 1.000000e+00 -1.000000e+00 0.000000e+00 -1.000000e+00 -1.000000e+00 5.499451e-08 -1.000000e+00 0.000000e+00 -9.990070e+05 3.000000e+00 -1.000000e+00 -1.000000e+00 2.206671e-06 0.000000e+00 0.000000e+00 -1.000000e+00 5.561368e-04 -1.000000e+00 -9.990070e+05 5.561368e-04 1.820509e-03 2.550171e-02 -1.000000e+00 -1.000000e+00 -1.000000e+00 -1.0 0.000000e+00 7.334017e-04
-1.000000e+00 -1.000000e+00 1.350000e+03 0.000000e+00 -1.000000e+00 -1.000000e+00 0.000000e+00 5.295452e-03 -1.000000e+00 0.000000e+00 2.500000e+02 1.000000e+00 -1.000000e+00 0.000000e+00 -1.000000e+00 -1.000000e+00 3.693201e-05 -1.000000e+00 0.000000e+00 -9.990070e+05 3.000000e+00 -1.000000e+00 -1.000000e+00 4.776589e-04 0.000000e+00 0.000000e+00 -1.000000e+00 2.111655e-02 -1.000000e+00 -9.990070e+05 2.111655e-02 4.379722e-02 2.202152e-01 -1.000000e+00 -1.000000e+00 -1.000000e+00 -1.0 0.000000e+00 2.722759e-02
-1.000000e+00 -1.000000e+00 1.390000e+03 0.000000e+00 -1.000000e+00 -1.000000e+00 0.000000e+00 1.692672e-02 -1.000000e+00 0.000000e+00 1.110000e+03 1.000000e+00 -1.000000e+00 0.000000e+00 -1.000000e+00 -1.000000e+00 2.510807e-04 -1.000000e+00 0.000000e+00 -9.990070e+05 3.000000e+00 -1.000000e+00 -1.000000e+00 2.216390e-03 0.000000e+00 0.000000e+00 -1.000000e+00 5.356878e-02 -1.000000e+00 -9.990070e+05 5.356878e-02 9.808525e-02 3.570209e-01 -1.000000e+00 -1.000000e+00 -1.000000e+00 -1.0 0.000000e+00 6.855042e-02
-1.000000e+00 -1.000000e+00 1.395000e+03 0.000000e+00 -1.000000e+00 -1.000000e+00 0.000000e+00 7.535776e-04 -1.000000e+00 0.000000e+00 5.050000e+02 1.000000e+00 -1.000000e+00 0.000000e+00 -1.000000e+00 -1.000000e+00 1.737139e-06 -1.000000e+00 0.000000e+00 -9.990070e+05 3.000000e+00 -1.000000e+00 -1.000000e+00 3.928080e-05 0.000000e+00 0.000000e+00 -1.000000e+00 4.085343e-03 -1.000000e+00 -9.990070e+05 4.085343e-03 1.059109e-02 8.744114e-02 -1.000000e+00 -1.000000e+00 -1.000000e+00 -1.0 0.000000e+00 5.336264e-03
-1.000000e+00 -1.000000e+00 1.445000e+03 0.000000e+00 -1.000000e+00 -1.000000e+00 0.000000e+00 1.324955e-03 -1.000000e+00 0.000000e+00 7.550000e+02 1.000000e+00 -1.000000e+00 0.000000e+00 -1.000000e+00 -1.000000e+00 4.138723e-06 -1.000000e+00 0.000000e+00 -9.990070e+05 3.000000e+00 -1.000000e+00 -1.000000e+00 8.029503e-05 0.000000e+00 0.000000e+00 -1.000000e+00 6.652743e-03 -1.000000e+00 -9.990070e+05 6.652743e-03 1.608684e-02 1.156714e-01 -1.000000e+00 -1.000000e+00 -1.000000e+00 -1.0 0.000000e+00 8.652959e-03
-1.000000e+00 -1.000000e+00 1.450000e+03 0.000000e+00 -1.000000e+00 -1.000000e+00 0.000000e+00 1.636911e-01 -1.000000e+00 0.000000e+00 1.500000e+02 1.000000e+00 -1.000000e+00 0.000000e+00 -1.000000e+00 -1.000000e+00 1.520676e-02 -1.000000e+00 0.000000e+00 -9.990070e+05 3.000000e+00 -1.000000e+00 -1.000000e+00 5.269910e-02 0.000000e+00 0.000000e+00 -1.000000e+00 2.872708e-01 -1.000000e+00 -9.990070e+05 2.872708e-01 4.127283e-01 7.451040e-01 -1.000000e+00 -1.000000e+00 -1.000000e+00 -1.0 0.000000e+00 3.603845e-01
-1.000000e+00 -1.000000e+00 1.490000e+03 0.000000e+00 -1.000000e+00 -1.000000e+00 0.000000e+00 5.712238e-03 -1.000000e+00 0.000000e+00 1.010000e+03 1.000000e+00 -1.000000e+00 0.000000e+00 -1.000000e+00 -1.000000e+00 4.174176e-05 -1.000000e+00 0.000000e+00 -9.990070e+05 3.000000e+00 -1.000000e+00 -1.000000e+00 5.272812e-04 0.000000e+00 0.000000e+00 -1.000000e+00 2.238113e-02 -1.000000e+00 -9.990070e+05 2.238113e-02 4.620929e-02 2.276551e-01 -1.000000e+00 -1.000000e+00 -1.000000e+00 -1.0 0.000000e+00 2.886145e-02
-1.000000e+00 -1.000000e+00 1.500000e+03 0.000000e+00 -1.000000e+00 -1.000000e+00 0.000000e+00 3.043374e-02 -1.000000e+00 0.000000e+00 4.000000e+02 1.000000e+00 -1.000000e+00 0.000000e+00 -1.000000e+00 -1.000000e+00 6.860922e-04 -1.000000e+00 0.000000e+00 -9.990070e+05 3.000000e+00 -1.000000e+00 -1.000000e+00 4.897524e-03 0.000000e+00 0.000000e+00 -1.000000e+00 8.438296e-02 -1.000000e+00 -9.990070e+05 8.438296e-02 1.451619e-01 4.448284e-01 -1.000000e+00 -1.000000e+00 -1.000000e+00 -1.0 0.000000e+00 1.075332e-01
-1.000000e+00 -1.000000e+00 1.540000e+03 0.000000e+00 -1.000000e+00 -1.000000e+00 0.000000e+00 1.522858e-01 -1.000000e+00 0.000000e+00 1.260000e+03 1.000000e+00 -1.000000e+00 0.000000e+00 -1.000000e+00 -1.000000e+00 1.319210e-02 -1.000000e+00 0.000000e+00 -9.990070e+05 3.000000e+00 -1.000000e+00 -1.000000e+00 4.738665e-02 0.000000e+00 0.000000e+00 -1.000000e+00 2.733612e-01 -1.000000e+00 -9.990070e+05 2.733612e-01 3.958555e-01 7.317994e-01 -1.000000e+00 -1.000000e+00 -1.000000e+00 -1.0 0.000000e+00 3.432468e-01
-1.000000e+00 -1.000000e+00 1.545000e+03 0.000000e+00 -1.000000e+00 -1.000000e+00 0.000000e+00 1.907357e-02 -1.000000e+00 0.000000e+00 6.550000e+02 1.000000e+00 -1.000000e+00 0.000000e+00 -1.000000e+00 -1.000000e+00 3.073701e-04 -1.000000e+00 0.000000e+00 -9.990070e+05 3.000000e+00 -1.000000e+00 -1.000000e+00 2.601646e-03 0.000000e+00 0.000000e+00 -1.000000e+00 5.879261e-02 -1.000000e+00 -9.990070e+05 5.879261e-02 1.063294e-01 3.738955e-01 -1.000000e+00 -1.000000e+00 -1.000000e+00 -1.0 0.000000e+00 7.517857e-02
-1.000000e+00 -1.000000e+00 1.595000e+03 0.000000e+00 -1.000000e+00 -1.000000e+00 0.000000e+00 3.639131e-02 -1.000000e+00 0.000000e+00 9.050000e+02 1.000000e+00 -1.000000e+00 0.000000e+00 -1.000000e+00 -1.000000e+00 9.377875e-04 -1.000000e+00 0.000000e+00 -9.990070e+05 3.000000e+00 -1.000000e+00 -1.000000e+00 6.254427e-03 0.000000e+00 0.000000e+00 -1.000000e+00 9.694332e-02 -1.000000e+00 -9.990070e+05 9.694332e-02 1.631918e-01 4.739211e-01 -1.000000e+00 -1.000000e+00 -1.000000e+00 -1.0 0.000000e+00 1.233036e-01
-1.000000e+00 -1.000000e+00 1.600000e+03 0.000000e+00 -1.000000e+00 -1.000000e+00 0.000000e+00 2.149389e-01 -1.000000e+00 0.000000e+00 3.000000e+02 1.000000e+00 -1.000000e+00 0.000000e+00 -1.000000e+00 -1.000000e+00 2.626101e-02 -1.000000e+00 0.000000e+00 -9.990070e+05 3.000000e+00 -1.000000e+00 -1.000000e+00 7.905351e-02 0.000000e+00 0.000000e+00 -1.000000e+00 3.443619e-01 -1.000000e+00 -9.990070e+05 3.443619e-01 4.815230e-01 7.944163e-01 -1.000000e+00 -1.000000e+00 -1.000000e+00 -1.0 0.000000e+00 4.307707e-01
-1.000000e+00 -1.000000e+00 1.640000e+03 0.000000e+00 -1.000000e+00 -1.000000e+00 0.000000e+00 1.229067e-01 -1.000000e+00 0.000000e+00 1.160000e+03 1.000000e+00 -1.000000e+00 0.000000e+00 -1.000000e+00 -1.000000e+00 8.704836e-03 -1.000000e+00 0.000000e+00 -9.990070e+05 3.000000e+00 -1.000000e+00 -1.000000e+00 3.466752e-02 0.000000e+00 0.000000e+00 -1.000000e+00 2.360395e-01 -1.000000e+00 -9.990070e+05 2.360395e-01 3.490515e-01 6.920205e-01 -1.000000e+00 -1.000000e+00 -1.000000e+00 -1.0 0.000000e+00 2.969376e-01
-1.000000e+00 -1.000000e+00 1.650000e+03 0.000000e+00 -1.000000e+00 -1.000000e+00 0.000000e+00 1.404368e-01 -1.000000e+00 0.000000e+00 5.500000e+02 1.000000e+00 -1.000000e+00 0.000000e+00 -1.000000e+00 -1.000000e+00 1.126243e-02 -1.000000e+00 0.000000e+00 -9.990070e+05 3.000000e+00 -1.000000e+00 -1.000000e+00 4.208734e-02 0.000000e+00 0.000000e+00 -1.000000e+00 2.585468e-01 -1.000000e+00 -9.990070e+05 2.585468e-01 3.775987e-01 7.168056e-01 -1.000000e+00 -1.000000e+00 -1.000000e+00 -1.0 0.000000e+00 3.249329e-01
-1.000000e+00 -1.000000e+00 1.695000e+03 0.000000e+00 -1.000000e+00 -1.000000e+00 0.000000e+00 4.189601e-01 -1.000000e+00 0.000000e+00 8.050000e+02 1.000000e+00 -1.000000e+00 0.000000e+00 -1.000000e+00 -1.000000e+00 1.094832e-01 -1.000000e+00 0.000000e+00 -9.990070e+05 3.000000e+00 -1.000000e+00 -1.000000e+00 2.224043e-01 1.000000e+00 0.000000e+00 -1.000000e+00 5.000000e-01 -1.000000e+00 -9.990070e+05 5.000000e-01 6.846660e-01 9.038885e-01 -1.000000e+00 -1.000000e+00 -1.000000e+00 -1.0 0.000000e+00 6.324951e-01
-1.000000e+00 -1.000000e+00 1.705000e+03 0.000000e+00 -1.000000e+00 -1.000000e+00 0.000000e+00 5.424792e-01 -1.000000e+00 0.000000e+00 1.950000e+02 1.000000e+00 -1.000000e+00 0.000000e+00 -1.000000e+00 -1.000000e+00 1.995354e-01 -1.000000e+00 0.000000e+00 -9.990070e+05 3.000000e+00 -1.000000e+00 -1.000000e+00 3.391045e-01 1.000000e+00 0.000000e+00 -1.000000e+00 5.000000e-01 -1.000000e+00 -9.990070e+05 5.000000e-01 7.750404e-01 9.392449e-01 -1.000000e+00 -1.000000e+00 -1.000000e+00 -1.0 0.000000e+00 6.860965e-01
-1.000000e+00 -1.000000e+00 1.745000e+03 0.000000e+00 -1.000000e+00 -1.000000e+00 0.000000e+00 2.324428e-01 -1.000000e+00 0.000000e+00 1.055000e+03 1.000000e+00 -1.000000e+00 0.000000e+00 -1.000000e+00 -1.000000e+00 3.082893e-02 -1.000000e+00 0.000000e+00 -9.990070e+05 3.000000e+00 -1.000000e+00 -1.000000e+00 8.896318e-02 0.000000e+00 0.000000e+00 -1.000000e+00 3.630380e-01 -1.000000e+00 -9.990070e+05 3.630380e-01 5.028293e-01 8.082402e-01 -1.000000e+00 -1.000000e+00 -1.000000e+00 -1.0 0.000000e+00 4.534616e-01
-1.000000e+00 -1.000000e+00 1.750000e+03 0.000000e+00 -1.000000e+00 -1.000000e+00 0.000000e+00 4.245831e-01 -1.000000e+00 0.000000e+00 4.500000e+02 1.000000e+00 -1.000000e+00 0.000000e+00 -1.000000e+00 -1.000000e+00 1.128374e-01 -1.000000e+00 0.000000e+00 -9.990070e+05 3.000000e+00 -1.000000e+00 -1.000000e+00 2.272176e-01 1.000000e+00 0.000000e+00 -1.000000e+00 5.000000e-01 -1.000000e+00 -9.990070e+05 5.000000e-01 6.891919e-01 9.058300e-01 -1.000000e+00 -1.000000e+00 -1.000000e+00 -1.0 0.000000e+00 6.347526e-01
-1.000000e+00 -1.000000e+00 1.800000e+03 0.000000e+00 -1.000000e+00 -1.000000e+00 0.000000e+00 4.027415e-01 -1.000000e+00 0.000000e+00 7.000000e+02 1.000000e+00 -1.000000e+00 0.000000e+00 -1.000000e+00 -1.000000e+00 1.001695e-01 -1.000000e+00 0.000000e+00 -9.990070e+05 3.000000e+00 -1.000000e+00 -1.000000e+00 2.087829e-01 1.000000e+00 0.000000e+00 -1.000000e+00 5.000000e-01 -1.000000e+00 -9.990070e+05 5.000000e-01 6.713598e-01 8.980702e-01 -1.000000e+00 -1.000000e+00 -1.000000e+00 -1.0 0.000000e+00 6.260727e-01
-1.000000e+00 -1.000000e+00 6.100000e+02 0.000000e+00 -1.000000e+00 -1.000000e+00 0.000000e+00 3.719679e-05 -1.000000e+00 0.000000e+00 5.400000e+02 1.000000e+00 -1.000000e+00 0.000000e+00 -1.000000e+00 -1.000000e+00 2.002625e-08 -1.000000e+00 0.000000e+00 -9.990070e+05 3.000000e+00 -1.000000e+00 -1.000000e+00 9.414979e-07 0.000000e+00 0.000000e+00 -1.000000e+00 2.576255e-04 -1.000000e+00 -9.990070e+05 2.576255e-04 1.059421e-03 1.721691e-02 -1.000000e+00 -1.000000e+00 -1.000000e+00 -1.0 0.000000e+00 3.469004e-04
-1.000000e+00 -1.000000e+00 6.400000e+02 0.000000e+00 -1.000000e+00 -1.000000e+00 0.000000e+00 1.528081e-05 -1.000000e+00 0.000000e+00 3.600000e+02 1.000000e+00 -1.000000e+00 0.000000e+00 -1.000000e+00 -1.000000e+00 5.579912e-09 -1.000000e+00 0.000000e+00 -9.990070e+05 3.000000e+00 -1.000000e+00 -1.000000e+00 3.188510e-07 0.000000e+00 0.000000e+00 -1.000000e+00 1.114278e-04 -1.000000e+00 -9.990070e+05 1.114278e-04 5.262118e-04 1.028053e-02 -1.000000e+00 -1.000000e+00 -1.000000e+00 -1.0 0.000000e+00 1.512657e-04
-1.000000e+00 -1.000000e+00 6.650000e+02 0.000000e+00 -1.000000e+00 -1.000000e+00 0.000000e+00 1.183955e-04 -1.000000e+00 0.000000e+00 1.850000e+02 1.000000e+00 -1.000000e+00 0.000000e+00 -1.000000e+00 -1.000000e+00 1.084117e-07 -1.000000e+00 0.000000e+00 -9.990070e+05 3.000000e+00 -1.000000e+00 -1.000000e+00 3.902172e-06 0.000000e+00 0.000000e+00 -1.000000e+00 6.941415e-04 -1.000000e+00 -9.990070e+05 6.941415e-04 2.602879e-03 3.294782e-02 -1.000000e+00 -1.000000e+00 -1.000000e+00 -1.0 0.000000e+00 9.343524e-04
-1.000000e+00 -1.000000e+00 6.850000e+02 0.000000e+00 -1.000000e+00 -1.000000e+00 0.000000e+00 9.643484e-03 -1.000000e+00 0.000000e+00 6.150000e+02 1.000000e+00 -1.000000e+00 0.000000e+00 -1.000000e+00 -1.000000e+00 9.818561e-05 -1.000000e+00 0.000000e+00 -9.990070e+05 3.000000e+00 -1.000000e+00 -1.000000e+00 1.048714e-03 0.000000e+00 0.000000e+00 -1.000000e+00 3.407821e-02 -1.000000e+00 -9.990070e+05 3.407821e-02 6.668225e-02 2.846214e-01 -1.000000e+00 -1.000000e+00 -1.000000e+00 -1.0 0.000000e+00 4.382027e-02
-1.000000e+00 -1.000000e+00 7.150000e+02 0.000000e+00 -1.000000e+00 -1.000000e+00 0.000000e+00 1.156488e-07 -1.000000e+00 0.000000e+00 4.350000e+02 1.000000e+00 -1.000000e+00 0.000000e+00 -1.000000e+00 -1.000000e+00 6.313128e-12 -1.000000e+00 0.000000e+00 -9.990070e+05 3.000000e+00 -1.000000e+00 -1.000000e+00 9.365584e-10 0.000000e+00 0.000000e+00 -1.000000e+00 1.475484e-06 -1.000000e+00 -9.990070e+05 1.475484e-06 1.013919e-05 4.942504e-04 -1.000000e+00 -1.000000e+00 -1.000000e+00 -1.0 0.000000e+00 2.009223e-06
-1.000000e+00 -1.000000e+00 7.400000e+02 0.000000e+00 -1.000000e+00 -1.000000e+00 0.000000e+00 2.584194e-07 -1.000000e+00 0.000000e+00 2.600000e+02 1.000000e+00 -1.000000e+00 0.000000e+00 -1.000000e+00 -1.000000e+00 1.886548e-11 -1.000000e+00 0.000000e+00 -9.990070e+05 3.000000e+00 -1.000000e+00 -1.000000e+00 2.418968e-09 0.000000e+00 0.000000e+00 -1.000000e+00 3.296272e-06 -1.000000e+00 -9.990070e+05 3.296272e-06 1.962999e-05 8.310948e-04 -1.000000e+00 -1.000000e+00 -1.000000e+00 -1.0 0.000000e+00 4.451082e-06
-1.000000e+00 -1.000000e+00 7.900000e+02 0.000000e+00 -1.000000e+00 -1.000000e+00 0.000000e+00 1.797728e-07 -1.000000e+00 0.000000e+00 5.100000e+02 1.000000e+00 -1.000000e+00 0.000000e+00 -1.000000e+00 -1.000000e+00 1.149973e-11 -1.000000e+00 0.000000e+00 -9.990070e+05 3.000000e+00 -1.000000e+00 -1.000000e+00 1.575563e-09 0.000000e+00 0.000000e+00 -1.000000e+00 2.316718e-06 -1.000000e+00 -9.990070e+05 2.316718e-06 1.457518e-05 6.578846e-04 -1.000000e+00 -1.000000e+00 -1.000000e+00 -1.0 0.000000e+00 3.137529e-06
-1.000000e+00 -1.000000e+00 8.150000e+02 0.000000e+00 -1.000000e+00 -1.000000e+00 0.000000e+00 3.193784e-07 -1.000000e+00 0.000000e+00 3.350000e+02 1.000000e+00 -1.000000e+00 0.000000e+00 -1.000000e+00 -1.000000e+00 2.520297e-11 -1.000000e+00 0.000000e+00 -9.990070e+05 3.000000e+00 -1.000000e+00 -1.000000e+00 3.107808e-09 0.000000e+00 0.000000e+00 -1.000000e+00 3.886806e-06 -1.000000e+00 -9.990070e+05 3.886806e-06 2.334732e-05 9.519206e-04 -1.000000e+00 -1.000000e+00 -1.000000e+00 -1.0 0.000000e+00 5.259442e-06
-1.000000e+00 -1.000000e+00 8.350000e+02 0.000000e+00 -1.000000e+00 -1.000000e+00 0.000000e+00 3.281668e-04 -1.000000e+00 0.000000e+00 7.650000e+02 1.000000e+00 -1.000000e+00 0.000000e+00 -1.000000e+00 -1.000000e+00 4.933734e-07 -1.000000e+00 0.000000e+00 -9.990070e+05 3.000000e+00 -1.000000e+00 -1.000000e+00 1.383650e-05 0.000000e+00 0.000000e+00 -1.000000e+00 1.980948e-03 -1.000000e+00 -9.990070e+05 1.980948e-03 5.670892e-03 5.699040e-02 -1.000000e+00 -1.000000e+00 -1.000000e+00 -1.0 0.000000e+00 2.601724e-03
-1.000000e+00 -1.000000e+00 8.450000e+02 0.000000e+00 -1.000000e+00 -1.000000e+00 0.000000e+00 7.128112e-05 -1.000000e+00 0.000000e+00 1.550000e+02 1.000000e+00 -1.000000e+00 0.000000e+00 -1.000000e+00 -1.000000e+00 5.151787e-08 -1.000000e+00 0.000000e+00 -9.990070e+05 3.000000e+00 -1.000000e+00 -1.000000e+00 2.088694e-06 0.000000e+00 0.000000e+00 -1.000000e+00 4.932549e-04 -1.000000e+00 -9.990070e+05 4.932549e-04 1.758476e-03 2.487245e-02 -1.000000e+00 -1.000000e+00 -1.000000e+00 -1.0 0.000000e+00 6.568023e-04
-1.000000e+00 -1.000000e+00 8.900000e+02 0.000000e+00 -1.000000e+00 -1.000000e+00 0.000000e+00 1.297571e-07 -1.000000e+00 0.000000e+00 4.100000e+02 1.000000e+00 -1.000000e+00 0.000000e+00 -1.000000e+00 -1.000000e+00 7.380918e-12 -1.000000e+00 0.000000e+00 -9.990070e+05 3.000000e+00 -1.000000e+00 -1.000000e+00 1.072591e-09 0.000000e+00 0.000000e+00 -1.000000e+00 1.715241e-06 -1.000000e+00 -9.990070e+05 1.715241e-06 1.114738e-05 5.326478e-04 -1.000000e+00 -1.000000e+00 -1.000000e+00 -1.0 0.000000e+00 2.325413e-06
-1.000000e+00 -1.000000e+00 9.200000e+02 0.000000e+00 -1.000000e+00 -1.000000e+00 0.000000e+00 1.138690e-05 -1.000000e+00 0.000000e+00 2.300000e+02 1.000000e+00 -1.000000e+00 0.000000e+00 -1.000000e+00 -1.000000e+00 3.669553e-09 -1.000000e+00 0.000000e+00 -9.990070e+05 3.000000e+00 -1.000000e+00 -1.000000e+00 2.232758e-07 0.000000e+00 0.000000e+00 -1.000000e+00 9.454109e-05 -1.000000e+00 -9.990070e+05 9.454109e-05 4.168685e-04 8.643617e-03 -1.000000e+00 -1.000000e+00 -1.000000e+00 -1.0 0.000000e+00 1.270654e-04
-1.000000e+00 -1.000000e+00 9.400000e+02 0.000000e+00 -1.000000e+00 -1.000000e+00 0.000000e+00 1.143088e-07 -1.000000e+00 0.000000e+00 6.600000e+02 1.000000e+00 -1.000000e+00 0.000000e+00 -1.000000e+00 -1.000000e+00 6.214078e-12 -1.000000e+00 0.000000e+00 -9.990070e+05 3.000000e+00 -1.000000e+00 -1.000000e+00 9.237896e-10 0.000000e+00 0.000000e+00 -1.000000e+00 1.505455e-06 -1.000000e+00 -9.990070e+05 1.505455e-06 1.004230e-05 4.905167e-04 -1.000000e+00 -1.000000e+00 -1.000000e+00 -1.0 0.000000e+00 2.044335e-06
-1.000000e+00 -1.000000e+00 9.850000e+02 0.000000e+00 -1.000000e+00 -1.000000e+00 0.000000e+00 3.948016e-03 -1.000000e+00 0.000000e+00 9.150000e+02 1.000000e+00 -1.000000e+00 0.000000e+00 -1.000000e+00 -1.000000e+00 2.304672e-05 -1.000000e+00 0.000000e+00 -9.990070e+05 3.000000e+00 -1.000000e+00 -1.000000e+00 3.261133e-04 0.000000e+00 0.000000e+00 -1.000000e+00 1.640546e-02 -1.000000e+00 -9.990070e+05 1.640546e-02 3.553670e-02 1.932066e-01 -1.000000e+00 -1.000000e+00 -1.000000e+00 -1.0 0.000000e+00 2.123028e-02
-1.000000e+00 -1.000000e+00 9.950000e+02 0.000000e+00 -1.000000e+00 -1.000000e+00 0.000000e+00 2.298559e-06 -1.000000e+00 0.000000e+00 3.050000e+02 1.000000e+00 -1.000000e+00 0.000000e+00 -1.000000e+00 -1.000000e+00 3.853082e-10 -1.000000e+00 0.000000e+00 -9.990070e+05 3.000000e+00 -1.000000e+00 -1.000000e+00 3.255303e-08 0.000000e+00 0.000000e+00 -1.000000e+00 2.429004e-05 -1.000000e+00 -9.990070e+05 2.429004e-05 1.159678e-04 3.287637e-03 -1.000000e+00 -1.000000e+00 -1.000000e+00 -1.0 0.000000e+00 3.254753e-05
