-1.000000e+00 -1.000000e+00 1.020000e+03 0.000000e+00 -1.000000e+00 -1.000000e+00 0.000000e+00 5.853739e-04 -1.000000e+00 0.000000e+00 1.300000e+02 1.000000e+00 -1.000000e+00 0.000000e+00 -1.000000e+00 -1.000000e+00 1.182205e-06 -1.000000e+00 0.000000e+00 -9.990070e+05 3.000000e+00 -1.000000e+00 -1.000000e+00 2.857492e-05 0.000000e+00 0.000000e+00 -1.000000e+00 6.603877e-05 -1.000000e+00 -9.990070e+05 6.603877e-05 8.769550e-03 7.692419e-02 -1.000000e+00 -1.000000e+00 -1.000000e+00 -1.0 0.000000e+00 1.884686e-04
-1.000000e+00 -1.000000e+00 1.040000e+03 0.000000e+00 -1.000000e+00 -1.000000e+00 0.000000e+00 8.034049e-11 -1.000000e+00 0.000000e+00 5.600000e+02 1.000000e+00 -1.000000e+00 0.000000e+00 -1.000000e+00 -1.000000e+00 4.168181e-16 -1.000000e+00 0.000000e+00 -9.990070e+05 3.000000e+00 -1.000000e+00 -1.000000e+00 2.011799e-13 0.000000e+00 0.000000e+00 -1.000000e+00 5.140580e-12 -1.000000e+00 -9.990070e+05 5.140580e-12 2.257540e-08 3.477398e-06 -1.000000e+00 -1.000000e+00 -1.000000e+00 -1.0 0.000000e+00 1.348820e-11
-1.000000e+00 -1.000000e+00 1.090000e+03 0.000000e+00 -1.000000e+00 -1.000000e+00 0.000000e+00 4.777949e-08 -1.000000e+00 0.000000e+00 8.100000e+02 1.000000e+00 -1.000000e+00 0.000000e+00 -1.000000e+00 -1.000000e+00 1.910522e-12 -1.000000e+00 0.000000e+00 -9.990070e+05 3.000000e+00 -1.000000e+00 -1.000000e+00 3.313204e-10 0.000000e+00 0.000000e+00 -1.000000e+00 3.571943e-09 -1.000000e+00 -9.990070e+05 3.571943e-09 4.884818e-06 2.770103e-04 -1.000000e+00 -1.000000e+00 -1.000000e+00 -1.0 0.000000e+00 9.617285e-09
-1.000000e+00 -1.000000e+00 1.095000e+03 0.000000e+00 -1.000000e+00 -1.000000e+00 0.000000e+00 2.191007e-04 -1.000000e+00 0.000000e+00 2.050000e+02 1.000000e+00 -1.000000e+00 0.000000e+00 -1.000000e+00 -1.000000e+00 2.697033e-07 -1.000000e+00 0.000000e+00 -9.990070e+05 3.000000e+00 -1.000000e+00 -1.000000e+00 8.364760e-06 0.000000e+00 0.000000e+00 -1.000000e+00 2.387503e-05 -1.000000e+00 -9.990070e+05 2.387503e-05 4.171695e-03 4.599794e-02 -1.000000e+00 -1.000000e+00 -1.000000e+00 -1.0 0.000000e+00 6.715564e-05
-1.000000e+00 -1.000000e+00 1.135000e+03 0.000000e+00 -1.000000e+00 -1.000000e+00 0.000000e+00 1.555217e-01 -1.000000e+00 0.000000e+00 1.065000e+03 1.000000e+00 -1.000000e+00 0.000000e+00 -1.000000e+00 -1.000000e+00 1.374788e-02 -1.000000e+00 0.000000e+00 -9.990070e+05 3.000000e+00 -1.000000e+00 -1.000000e+00 4.887298e-02 0.000000e+00 0.000000e+00 -1.000000e+00 3.074368e-02 -1.000000e+00 -9.990070e+05 3.074368e-02 4.007096e-01 7.356800e-01 -1.000000e+00 -1.000000e+00 -1.000000e+00 -1.0 0.000000e+00 9.416975e-02
-1.000000e+00 -1.000000e+00 1.145000e+03 0.000000e+00 -1.000000e+00 -1.000000e+00 0.000000e+00 1.448819e-07 -1.000000e+00 0.000000e+00 4.550000e+02 1.000000e+00 -1.000000e+00 0.000000e+00 -1.000000e+00 -1.000000e+00 8.573853e-12 -1.000000e+00 0.000000e+00 -9.990070e+05 3.000000e+00 -1.000000e+00 -1.000000e+00 1.221463e-09 0.000000e+00 0.000000e+00 -1.000000e+00 1.114843e-08 -1.000000e+00 -9.990070e+05 1.114843e-08 1.220613e-05 5.721473e-04 -1.000000e+00 -1.000000e+00 -1.000000e+00 -1.0 0.000000e+00 3.020369e-08
-1.000000e+00 -1.000000e+00 1.190000e+03 0.000000e+00 -1.000000e+00 -1.000000e+00 0.000000e+00 1.236230e-07 -1.000000e+00 0.000000e+00 7.100000e+02 1.000000e+00 -1.000000e+00 0.000000e+00 -1.000000e+00 -1.000000e+00 6.911144e-12 -1.000000e+00 0.000000e+00 -9.990070e+05 3.000000e+00 -1.000000e+00 -1.000000e+00 1.013095e-09 0.000000e+00 0.000000e+00 -1.000000e+00 9.558070e-09 -1.000000e+00 -9.990070e+05 9.558070e-09 1.071163e-05 5.161511e-04 -1.000000e+00 -1.000000e+00 -1.000000e+00 -1.0 0.000000e+00 2.583015e-08
-1.000000e+00 -1.000000e+00 1.200000e+03 0.000000e+00 -1.000000e+00 -1.000000e+00 0.000000e+00 2.411443e-02 -1.000000e+00 0.000000e+00 1.000000e+02 1.000000e+00 -1.000000e+00 0.000000e+00 -1.000000e+00 -1.000000e+00 4.588276e-04 -1.000000e+00 0.000000e+00 -9.990070e+05 3.000000e+00 -1.000000e+00 -1.000000e+00 3.569758e-03 0.000000e+00 0.000000e+00 -1.000000e+00 3.684553e-03 -1.000000e+00 -9.990070e+05 3.684553e-03 1.244255e-01 4.085396e-01 -1.000000e+00 -1.000000e+00 -1.000000e+00 -1.0 0.000000e+00 1.097762e-02
-1.000000e+00 -1.000000e+00 1.240000e+03 0.000000e+00 -1.000000e+00 -1.000000e+00 0.000000e+00 9.673007e-05 -1.000000e+00 0.000000e+00 9.600000e+02 1.000000e+00 -1.000000e+00 0.000000e+00 -1.000000e+00 -1.000000e+00 8.054579e-08 -1.000000e+00 0.000000e+00 -9.990070e+05 3.000000e+00 -1.000000e+00 -1.000000e+00 3.041086e-06 0.000000e+00 0.000000e+00 -1.000000e+00 9.841134e-06 -1.000000e+00 -9.990070e+05 9.841134e-06 2.227219e-03 2.947577e-02 -1.000000e+00 -1.000000e+00 -1.000000e+00 -1.0 0.000000e+00 2.766224e-05
-1.000000e+00 -1.000000e+00 1.245000e+03 0.000000e+00 -1.000000e+00 -1.000000e+00 0.000000e+00 3.342870e-02 -1.000000e+00 0.000000e+00 3.550000e+02 1.000000e+00 -1.000000e+00 0.000000e+00 -1.000000e+00 -1.000000e+00 8.081099e-04 -1.000000e+00 0.000000e+00 -9.990070e+05 3.000000e+00 -1.000000e+00 -1.000000e+00 5.567488e-03 0.000000e+00 0.000000e+00 -1.000000e+00 5.307994e-03 -1.000000e+00 -9.990070e+05 5.307994e-03 1.543876e-01 4.599758e-01 -1.000000e+00 -1.000000e+00 -1.000000e+00 -1.0 0.000000e+00 1.588010e-02
-1.000000e+00 -1.000000e+00 1.285000e+03 0.000000e+00 -1.000000e+00 -1.000000e+00 0.000000e+00 5.400870e-01 -1.000000e+00 0.000000e+00 1.215000e+03 1.000000e+00 -1.000000e+00 0.000000e+00 -1.000000e+00 -1.000000e+00 1.974384e-01 -1.000000e+00 0.000000e+00 -9.990070e+05 3.000000e+00 -1.000000e+00 -1.000000e+00 3.366221e-01 0.000000e+00 0.000000e+00 -1.000000e+00 1.367354e-01 -1.000000e+00 -9.990070e+05 1.367354e-01 7.734520e-01 9.386828e-01 -1.000000e+00 -1.000000e+00 -1.000000e+00 -1.0 0.000000e+00 4.344217e-01
-1.000000e+00 -1.000000e+00 1.295000e+03 0.000000e+00 -1.000000e+00 -1.000000e+00 0.000000e+00 4.904283e-05 -1.000000e+00 0.000000e+00 6.050000e+02 1.000000e+00 -1.000000e+00 0.000000e+00 -1.000000e+00 -1.000000e+00 2.989020e-08 -1.000000e+00 0.000000e+00 -9.990070e+05 3.000000e+00 -1.000000e+00 -1.000000e+00 1.320296e-06 0.000000e+00 0.000000e+00 -1.000000e+00 4.758201e-06 -1.000000e+00 -9.990070e+05 4.758201e-06 1.314752e-03 2.015091e-02 -1.000000e+00 -1.000000e+00 -1.000000e+00 -1.0 0.000000e+00 1.334569e-05
-1.000000e+00 -1.000000e+00 1.340000e+03 0.000000e+00 -1.000000e+00 -1.000000e+00 0.000000e+00 1.265412e-04 -1.000000e+00 0.000000e+00 8.600000e+02 1.000000e+00 -1.000000e+00 0.000000e+00 -1.000000e+00 -1.000000e+00 1.195788e-07 -1.000000e+00 0.000000e+00 -9.990070e+05 3.000000e+00 -1.000000e+00 -1.000000e+00 4.236444e-06 0.000000e+00 0.000000e+00 -1.000000e+00 1.293241e-05 -1.000000e+00 -9.990070e+05 1.293241e-05 2.739646e-03 3.417166e-02 -1.000000e+00 -1.000000e+00 -1.000000e+00 -1.0 0.000000e+00 3.651227e-05
-1.000000e+00 -1.000000e+00 1.350000e+03 0.000000e+00 -1.000000e+00 -1.000000e+00 0.000000e+00 3.164697e-02 -1.000000e+00 0.000000e+00 2.500000e+02 1.000000e+00 -1.000000e+00 0.000000e+00 -1.000000e+00 -1.000000e+00 7.344180e-04 -1.000000e+00 0.000000e+00 -9.990070e+05 3.000000e+00 -1.000000e+00 -1.000000e+00 5.165889e-03 0.000000e+00 0.000000e+00 -1.000000e+00 4.991470e-03 -1.000000e+00 -9.990070e+05 4.991470e-03 1.489409e-01 4.511020e-01 -1.000000e+00 -1.000000e+00 -1.000000e+00 -1.0 0.000000e+00 1.492311e-02
-1.000000e+00 -1.000000e+00 1.390000e+03 0.000000e+00 -1.000000e+00 -1.000000e+00 0.000000e+00 2.732600e-02 -1.000000e+00 0.000000e+00 1.110000e+03 1.000000e+00 -1.000000e+00 0.000000e+00 -1.000000e+00 -1.000000e+00 5.691810e-04 -1.000000e+00 0.000000e+00 -9.990070e+05 3.000000e+00 -1.000000e+00 -1.000000e+00 4.229507e-03 0.000000e+00 0.000000e+00 -1.000000e+00 4.246378e-03 -1.000000e+00 -9.990070e+05 4.246378e-03 1.351990e-01 4.278043e-01 -1.000000e+00 -1.000000e+00 -1.000000e+00 -1.0 0.000000e+00 1.265989e-02
-1.000000e+00 -1.000000e+00 1.395000e+03 0.000000e+00 -1.000000e+00 -1.000000e+00 0.000000e+00 5.957514e-03 -1.000000e+00 0.000000e+00 5.050000e+02 1.000000e+00 -1.000000e+00 0.000000e+00 -1.000000e+00 -1.000000e+00 4.468224e-05 -1.000000e+00 0.000000e+00 -9.990070e+05 3.000000e+00 -1.000000e+00 -1.000000e+00 5.570460e-04 0.000000e+00 0.000000e+00 -1.000000e+00 7.981188e-04 -1.000000e+00 -9.990070e+05 7.981188e-04 4.760190e-02 2.318691e-01 -1.000000e+00 -1.000000e+00 -1.000000e+00 -1.0 0.000000e+00 2.332358e-03
-1.000000e+00 -1.000000e+00 1.445000e+03 0.000000e+00 -1.000000e+00 -1.000000e+00 0.000000e+00 5.250522e-03 -1.000000e+00 0.000000e+00 7.550000e+02 1.000000e+00 -1.000000e+00 0.000000e+00 -1.000000e+00 -1.000000e+00 3.642772e-05 -1.000000e+00 0.000000e+00 -9.990070e+05 3.000000e+00 -1.000000e+00 -1.000000e+00 4.723833e-04 0.000000e+00 0.000000e+00 -1.000000e+00 6.942550e-04 -1.000000e+00 -9.990070e+05 6.942550e-04 4.353358e-02 2.193908e-01 -1.000000e+00 -1.000000e+00 -1.000000e+00 -1.0 0.000000e+00 2.027307e-03
-1.000000e+00 -1.000000e+00 1.450000e+03 0.000000e+00 -1.000000e+00 -1.000000e+00 0.000000e+00 3.309016e-01 -1.000000e+00 0.000000e+00 1.500000e+02 1.000000e+00 -1.000000e+00 0.000000e+00 -1.000000e+00 -1.000000e+00 6.496188e-02 -1.000000e+00 0.000000e+00 -9.990070e+05 3.000000e+00 -1.000000e+00 -1.000000e+00 1.530849e-01 0.000000e+00 0.000000e+00 -1.000000e+00 7.440003e-02 -1.000000e+00 -9.990070e+05 7.440003e-02 6.074199e-01 8.676948e-01 -1.000000e+00 -1.000000e+00 -1.000000e+00 -1.0 0.000000e+00 2.334868e-01
-1.000000e+00 -1.000000e+00 1.490000e+03 0.000000e+00 -1.000000e+00 -1.000000e+00 0.000000e+00 2.069567e-02 -1.000000e+00 0.000000e+00 1.010000e+03 1.000000e+00 -1.000000e+00 0.000000e+00 -1.000000e+00 -1.000000e+00 3.531778e-04 -1.000000e+00 0.000000e+00 -9.990070e+05 3.000000e+00 -1.000000e+00 -1.000000e+00 2.903753e-03 0.000000e+00 0.000000e+00 -1.000000e+00 3.118617e-03 -1.000000e+00 -9.990070e+05 3.118617e-03 1.123307e-01 3.857293e-01 -1.000000e+00 -1.000000e+00 -1.000000e+00 -1.0 0.000000e+00 9.262953e-03
-1.000000e+00 -1.000000e+00 1.500000e+03 0.000000e+00 -1.000000e+00 -1.000000e+00 0.000000e+00 1.214190e-01 -1.000000e+00 0.000000e+00 4.000000e+02 1.000000e+00 -1.000000e+00 0.000000e+00 -1.000000e+00 -1.000000e+00 8.503798e-03 -1.000000e+00 0.000000e+00 -9.990070e+05 3.000000e+00 -1.000000e+00 -1.000000e+00 3.406140e-02 0.000000e+00 0.000000e+00 -1.000000e+00 2.278078e-02 -1.000000e+00 -9.990070e+05 2.278078e-02 3.465357e-01 6.897531e-01 -1.000000e+00 -1.000000e+00 -1.000000e+00 -1.0 0.000000e+00 6.984899e-02
-1.000000e+00 -1.000000e+00 1.545000e+03 0.000000e+00 -1.000000e+00 -1.000000e+00 0.000000e+00 7.709934e-02 -1.000000e+00 0.000000e+00 6.550000e+02 1.000000e+00 -1.000000e+00 0.000000e+00 -1.000000e+00 -1.000000e+00 3.620028e-03 -1.000000e+00 0.000000e+00 -9.990070e+05 3.000000e+00 -1.000000e+00 -1.000000e+00 1.778739e-02 0.000000e+00 0.000000e+00 -1.000000e+00 1.355346e-02 -1.000000e+00 -9.990070e+05 1.355346e-02 2.630454e-01 6.055977e-01 -1.000000e+00 -1.000000e+00 -1.000000e+00 -1.0 0.000000e+00 4.117458e-02
-1.000000e+00 -1.000000e+00 1.595000e+03 0.000000e+00 -1.000000e+00 -1.000000e+00 0.000000e+00 9.498859e-02 -1.000000e+00 0.000000e+00 9.050000e+02 1.000000e+00 -1.000000e+00 0.000000e+00 -1.000000e+00 -1.000000e+00 5.338048e-03 -1.000000e+00 0.000000e+00 -9.990070e+05 3.000000e+00 -1.000000e+00 -1.000000e+00 2.392934e-02 0.000000e+00 0.000000e+00 -1.000000e+00 1.719256e-02 -1.000000e+00 -9.990070e+05 1.719256e-02 2.989742e-01 6.440852e-01 -1.000000e+00 -1.000000e+00 -1.000000e+00 -1.0 0.000000e+00 5.244138e-02
-1.000000e+00 -1.000000e+00 1.600000e+03 0.000000e+00 -1.000000e+00 -1.000000e+00 0.000000e+00 4.245961e-01 -1.000000e+00 0.000000e+00 3.000000e+02 1.000000e+00 -1.000000e+00 0.000000e+00 -1.000000e+00 -1.000000e+00 1.128452e-01 -1.000000e+00 0.000000e+00 -9.990070e+05 3.000000e+00 -1.000000e+00 -1.000000e+00 2.272288e-01 0.000000e+00 0.000000e+00 -1.000000e+00 1.008896e-01 -1.000000e+00 -9.990070e+05 1.008896e-01 6.892023e-01 9.058344e-01 -1.000000e+00 -1.000000e+00 -1.000000e+00 -1.0 0.000000e+00 3.189521e-01
-1.000000e+00 -1.000000e+00 1.650000e+03 0.000000e+00 -1.000000e+00 -1.000000e+00 0.000000e+00 3.366940e-01 -1.000000e+00 0.000000e+00 5.500000e+02 1.000000e+00 -1.000000e+00 0.000000e+00 -1.000000e+00 -1.000000e+00 6.745519e-02 -1.000000e+00 0.000000e+00 -9.990070e+05 3.000000e+00 -1.000000e+00 -1.000000e+00 1.572968e-01 0.000000e+00 0.000000e+00 -1.000000e+00 7.597896e-02 -1.000000e+00 -9.990070e+05 7.597896e-02 6.129084e-01 8.704664e-01 -1.000000e+00 -1.000000e+00 -1.000000e+00 -1.0 0.000000e+00 2.385617e-01
-1.000000e+00 -1.000000e+00 1.705000e+03 0.000000e+00 -1.000000e+00 -1.000000e+00 0.000000e+00 7.360083e-01 -1.000000e+00 0.000000e+00 1.950000e+02 1.000000e+00 -1.000000e+00 0.000000e+00 -1.000000e+00 -1.000000e+00 4.270678e-01 -1.000000e+00 0.000000e+00 -9.990070e+05 3.000000e+00 -1.000000e+00 -1.000000e+00 5.709727e-01 0.000000e+00 0.000000e+00 -1.000000e+00 2.033011e-01 -1.000000e+00 -9.990070e+05 2.033011e-01 8.870188e-01 9.739877e-01 -1.000000e+00 -1.000000e+00 -1.000000e+00 -1.0 0.000000e+00 6.534979e-01
-1.000000e+00 -1.000000e+00 1.750000e+03 0.000000e+00 -1.000000e+00 -1.000000e+00 0.000000e+00 6.345408e-01 -1.000000e+00 0.000000e+00 4.500000e+02 1.000000e+00 -1.000000e+00 0.000000e+00 -1.000000e+00 -1.000000e+00 2.925420e-01 -1.000000e+00 0.000000e+00 -9.990070e+05 3.000000e+00 -1.000000e+00 -1.000000e+00 4.415855e-01 0.000000e+00 0.000000e+00 -1.000000e+00 1.669859e-01 -1.000000e+00 -9.990070e+05 1.669859e-01 8.321064e-01 9.581248e-01 -1.000000e+00 -1.000000e+00 -1.000000e+00 -1.0 0.000000e+00 5.355816e-01
-1.000000e+00 -1.000000e+00 6.100000e+02 0.000000e+00 -1.000000e+00 -1.000000e+00 0.000000e+00 4.342085e-06 -1.000000e+00 0.000000e+00 5.400000e+02 1.000000e+00 -1.000000e+00 0.000000e+00 -1.000000e+00 -1.000000e+00 9.390556e-10 -1.000000e+00 0.000000e+00 -9.990070e+05 3.000000e+00 -1.000000e+00 -1.000000e+00 6.981055e-08 0.000000e+00 0.000000e+00 -1.000000e+00 4.393316e-07 -1.000000e+00 -9.990070e+05 4.393316e-07 1.933021e-04 4.849543e-03 -1.000000e+00 -1.000000e+00 -1.000000e+00 -1.0 0.000000e+00 1.176418e-06
-1.000000e+00 -1.000000e+00 6.400000e+02 0.000000e+00 -1.000000e+00 -1.000000e+00 0.000000e+00 1.439340e-07 -1.000000e+00 0.000000e+00 3.600000e+02 1.000000e+00 -1.000000e+00 0.000000e+00 -1.000000e+00 -1.000000e+00 8.497682e-12 -1.000000e+00 0.000000e+00 -9.990070e+05 3.000000e+00 -1.000000e+00 -1.000000e+00 1.212046e-09 0.000000e+00 0.000000e+00 -1.000000e+00 1.182259e-08 -1.000000e+00 -9.990070e+05 1.182259e-08 1.214039e-05 5.697177e-04 -1.000000e+00 -1.000000e+00 -1.000000e+00 -1.0 0.000000e+00 3.166036e-08
-1.000000e+00 -1.000000e+00 6.650000e+02 0.000000e+00 -1.000000e+00 -1.000000e+00 0.000000e+00 2.248595e-05 -1.000000e+00 0.000000e+00 1.850000e+02 1.000000e+00 -1.000000e+00 0.000000e+00 -1.000000e+00 -1.000000e+00 9.699714e-09 -1.000000e+00 0.000000e+00 -9.990070e+05 3.000000e+00 -1.000000e+00 -1.000000e+00 5.097471e-07 0.000000e+00 0.000000e+00 -1.000000e+00 2.187529e-06 -1.000000e+00 -9.990070e+05 2.187529e-06 7.136986e-04 1.288215e-02 -1.000000e+00 -1.000000e+00 -1.000000e+00 -1.0 0.000000e+00 6.048806e-06
-1.000000e+00 -1.000000e+00 6.850000e+02 0.000000e+00 -1.000000e+00 -1.000000e+00 0.000000e+00 2.635903e-03 -1.000000e+00 0.000000e+00 6.150000e+02 1.000000e+00 -1.000000e+00 0.000000e+00 -1.000000e+00 -1.000000e+00 1.213233e-05 -1.000000e+00 0.000000e+00 -9.990070e+05 3.000000e+00 -1.000000e+00 -1.000000e+00 1.935646e-04 0.000000e+00 0.000000e+00 -1.000000e+00 3.330281e-04 -1.000000e+00 -9.990070e+05 3.330281e-04 2.657594e-02 1.605509e-01 -1.000000e+00 -1.000000e+00 -1.000000e+00 -1.0 0.000000e+00 9.622559e-04
-1.000000e+00 -1.000000e+00 7.150000e+02 0.000000e+00 -1.000000e+00 -1.000000e+00 0.000000e+00 4.341185e-10 -1.000000e+00 0.000000e+00 4.350000e+02 1.000000e+00 -1.000000e+00 0.000000e+00 -1.000000e+00 -1.000000e+00 3.745835e-15 -1.000000e+00 0.000000e+00 -9.990070e+05 3.000000e+00 -1.000000e+00 -1.000000e+00 1.401165e-12 0.000000e+00 0.000000e+00 -1.000000e+00 2.939928e-11 -1.000000e+00 -9.990070e+05 2.939928e-11 9.478994e-08 1.137321e-05 -1.000000e+00 -1.000000e+00 -1.000000e+00 -1.0 0.000000e+00 7.736968e-11
-1.000000e+00 -1.000000e+00 7.400000e+02 0.000000e+00 -1.000000e+00 -1.000000e+00 0.000000e+00 4.688746e-08 -1.000000e+00 0.000000e+00 2.600000e+02 1.000000e+00 -1.000000e+00 0.000000e+00 -1.000000e+00 -1.000000e+00 1.862619e-12 -1.000000e+00 0.000000e+00 -9.990070e+05 3.000000e+00 -1.000000e+00 -1.000000e+00 3.240753e-10 0.000000e+00 0.000000e+00 -1.000000e+00 3.627374e-09 -1.000000e+00 -9.990070e+05 3.627374e-09 4.809147e-06 2.735892e-04 -1.000000e+00 -1.000000e+00 -1.000000e+00 -1.0 0.000000e+00 9.707845e-09
-1.000000e+00 -1.000000e+00 7.900000e+02 0.000000e+00 -1.000000e+00 -1.000000e+00 0.000000e+00 6.715504e-10 -1.000000e+00 0.000000e+00 5.100000e+02 1.000000e+00 -1.000000e+00 0.000000e+00 -1.000000e+00 -1.000000e+00 6.630508e-15 -1.000000e+00 0.000000e+00 -9.990070e+05 3.000000e+00 -1.000000e+00 -1.000000e+00 2.318237e-12 0.000000e+00 0.000000e+00 -1.000000e+00 4.768252e-11 -1.000000e+00 -9.990070e+05 4.768252e-11 1.371601e-07 1.540436e-05 -1.000000e+00 -1.000000e+00 -1.000000e+00 -1.0 0.000000e+00 1.249780e-10
-1.000000e+00 -1.000000e+00 8.150000e+02 0.000000e+00 -1.000000e+00 -1.000000e+00 0.000000e+00 7.699824e-09 -1.000000e+00 0.000000e+00 3.350000e+02 1.000000e+00 -1.000000e+00 0.000000e+00 -1.000000e+00 -1.000000e+00 1.659470e-13 -1.000000e+00 0.000000e+00 -9.990070e+05 3.000000e+00 -1.000000e+00 -1.000000e+00 3.923327e-11 0.000000e+00 0.000000e+00 -1.000000e+00 5.757629e-10 -1.000000e+00 -9.990070e+05 5.757629e-10 1.068501e-06 8.189875e-05 -1.000000e+00 -1.000000e+00 -1.000000e+00 -1.0 0.000000e+00 1.525042e-09
-1.000000e+00 -1.000000e+00 8.350000e+02 0.000000e+00 -1.000000e+00 -1.000000e+00 0.000000e+00 2.550763e-04 -1.000000e+00 0.000000e+00 7.650000e+02 1.000000e+00 -1.000000e+00 0.000000e+00 -1.000000e+00 -1.000000e+00 3.383371e-07 -1.000000e+00 0.000000e+00 -9.990070e+05 3.000000e+00 -1.000000e+00 -1.000000e+00 1.010623e-05 0.000000e+00 0.000000e+00 -1.000000e+00 2.863399e-05 -1.000000e+00 -9.990070e+05 2.863399e-05 4.683813e-03 4.988361e-02 -1.000000e+00 -1.000000e+00 -1.000000e+00 -1.0 0.000000e+00 8.022370e-05
-1.000000e+00 -1.000000e+00 8.450000e+02 0.000000e+00 -1.000000e+00 -1.000000e+00 0.000000e+00 2.576375e-05 -1.000000e+00 0.000000e+00 1.550000e+02 1.000000e+00 -1.000000e+00 0.000000e+00 -1.000000e+00 -1.000000e+00 1.179381e-08 -1.000000e+00 0.000000e+00 -9.990070e+05 3.000000e+00 -1.000000e+00 -1.000000e+00 6.015682e-07 0.000000e+00 0.000000e+00 -1.000000e+00 2.553133e-06 -1.000000e+00 -9.990070e+05 2.553133e-06 7.943244e-04 1.393915e-02 -1.000000e+00 -1.000000e+00 -1.000000e+00 -1.0 0.000000e+00 7.047401e-06
-1.000000e+00 -1.000000e+00 8.900000e+02 0.000000e+00 -1.000000e+00 -1.000000e+00 0.000000e+00 8.562692e-10 -1.000000e+00 0.000000e+00 4.100000e+02 1.000000e+00 -1.000000e+00 0.000000e+00 -1.000000e+00 -1.000000e+00 9.118847e-15 -1.000000e+00 0.000000e+00 -9.990070e+05 3.000000e+00 -1.000000e+00 -1.000000e+00 3.069606e-12 0.000000e+00 0.000000e+00 -1.000000e+00 5.950421e-11 -1.000000e+00 -9.990070e+05 5.950421e-11 1.684526e-07 1.822988e-05 -1.000000e+00 -1.000000e+00 -1.000000e+00 -1.0 0.000000e+00 1.567442e-10
-1.000000e+00 -1.000000e+00 9.200000e+02 0.000000e+00 -1.000000e+00 -1.000000e+00 0.000000e+00 5.166666e-06 -1.000000e+00 0.000000e+00 2.300000e+02 1.000000e+00 -1.000000e+00 0.000000e+00 -1.000000e+00 -1.000000e+00 1.199319e-09 -1.000000e+00 0.000000e+00 -9.990070e+05 3.000000e+00 -1.000000e+00 -1.000000e+00 8.604619e-08 0.000000e+00 0.000000e+00 -1.000000e+00 4.589016e-07 -1.000000e+00 -9.990070e+05 4.589016e-07 2.221598e-04 5.387833e-03 -1.000000e+00 -1.000000e+00 -1.000000e+00 -1.0 0.000000e+00 1.264368e-06
-1.000000e+00 -1.000000e+00 9.400000e+02 0.000000e+00 -1.000000e+00 -1.000000e+00 0.000000e+00 4.318664e-10 -1.000000e+00 0.000000e+00 6.600000e+02 1.000000e+00 -1.000000e+00 0.000000e+00 -1.000000e+00 -1.000000e+00 3.720451e-15 -1.000000e+00 0.000000e+00 -9.990070e+05 3.000000e+00 -1.000000e+00 -1.000000e+00 1.392785e-12 0.000000e+00 0.000000e+00 -1.000000e+00 2.905700e-11 -1.000000e+00 -9.990070e+05 2.905700e-11 9.437292e-08 1.133206e-05 -1.000000e+00 -1.000000e+00 -1.000000e+00 -1.0 0.000000e+00 7.654069e-11
-1.000000e+00 -1.000000e+00 9.850000e+02 0.000000e+00 -1.000000e+00 -1.000000e+00 0.000000e+00 9.435559e-03 -1.000000e+00 0.000000e+00 9.150000e+02 1.000000e+00 -1.000000e+00 0.000000e+00 -1.000000e+00 -1.000000e+00 9.471949e-05 -1.000000e+00 0.000000e+00 -9.990070e+05 3.000000e+00 -1.000000e+00 -1.000000e+00 1.018960e-03 0.000000e+00 0.000000e+00 -1.000000e+00 1.331100e-03 -1.000000e+00 -9.990070e+05 1.331100e-03 6.568112e-02 2.820524e-01 -1.000000e+00 -1.000000e+00 -1.000000e+00 -1.0 0.000000e+00 3.897972e-03
-1.000000e+00 -1.000000e+00 9.950000e+02 0.000000e+00 -1.000000e+00 -1.000000e+00 0.000000e+00 3.948559e-07 -1.000000e+00 0.000000e+00 3.050000e+02 1.000000e+00 -1.000000e+00 0.000000e+00 -1.000000e+00 -1.000000e+00 3.370419e-11 -1.000000e+00 0.000000e+00 -9.990070e+05 3.000000e+00 -1.000000e+00 -1.000000e+00 3.995557e-09 0.000000e+00 0.000000e+00 -1.000000e+00 3.264684e-08 -1.000000e+00 -9.990070e+05 3.264684e-08 2.776935e-05 1.090010e-03 -1.000000e+00 -1.000000e+00 -1.000000e+00 -1.0 0.000000e+00 8.826967e-08
