-1.000000e+00 -1.000000e+00 1.020000e+03 0.000000e+00 -1.000000e+00 -1.000000e+00 0.000000e+00 5.352412e-05 -1.000000e+00 0.000000e+00 1.300000e+02 1.000000e+00 -1.000000e+00 0.000000e+00 -1.000000e+00 -1.000000e+00 3.393825e-08 -1.000000e+00 0.000000e+00 -9.990070e+05 3.000000e+00 -1.000000e+00 -1.000000e+00 1.469571e-06 0.000000e+00 0.000000e+00 -1.000000e+00 8.484852e-08 -1.000000e+00 -9.990070e+05 8.484852e-08 1.407446e-03 2.117278e-02 -1.000000e+00 -1.000000e+00 -1.000000e+00 -1.0 0.000000e+00 7.251985e-07
-1.000000e+00 -1.000000e+00 1.040000e+03 0.000000e+00 -1.000000e+00 -1.000000e+00 0.000000e+00 1.587989e-18 -1.000000e+00 0.000000e+00 5.600000e+02 1.000000e+00 -1.000000e+00 0.000000e+00 -1.000000e+00 -1.000000e+00 9.076211e-26 -1.000000e+00 0.000000e+00 -9.990070e+05 3.000000e+00 -1.000000e+00 -1.000000e+00 4.186954e-22 0.000000e+00 0.000000e+00 -1.000000e+00 1.253802e-22 -1.000000e+00 -9.990070e+05 1.253802e-22 4.200260e-15 6.011320e-12 -1.000000e+00 -1.000000e+00 -1.000000e+00 -1.0 0.000000e+00 7.174413e-22
-1.000000e+00 -1.000000e+00 1.090000e+03 0.000000e+00 -1.000000e+00 -1.000000e+00 0.000000e+00 9.810501e-14 -1.000000e+00 0.000000e+00 8.100000e+02 1.000000e+00 -1.000000e+00 0.000000e+00 -1.000000e+00 -1.000000e+00 7.929102e-20 -1.000000e+00 0.000000e+00 -9.990070e+05 3.000000e+00 -1.000000e+00 -1.000000e+00 9.711691e-17 0.000000e+00 0.000000e+00 -1.000000e+00 1.678603e-17 -1.000000e+00 -9.990070e+05 1.678603e-17 6.941512e-11 2.674067e-08 -1.000000e+00 -1.000000e+00 -1.000000e+00 -1.0 0.000000e+00 1.042026e-16
-1.000000e+00 -1.000000e+00 1.095000e+03 0.000000e+00 -1.000000e+00 -1.000000e+00 0.000000e+00 1.563288e-04 -1.000000e+00 0.000000e+00 2.050000e+02 1.000000e+00 -1.000000e+00 0.000000e+00 -1.000000e+00 -1.000000e+00 1.634029e-07 -1.000000e+00 0.000000e+00 -9.990070e+05 3.000000e+00 -1.000000e+00 -1.000000e+00 5.502620e-06 0.000000e+00 0.000000e+00 -1.000000e+00 3.117012e-07 -1.000000e+00 -9.990070e+05 3.117012e-07 3.222584e-03 3.834539e-02 -1.000000e+00 -1.000000e+00 -1.000000e+00 -1.0 0.000000e+00 2.722693e-06
-1.000000e+00 -1.000000e+00 1.135000e+03 0.000000e+00 -1.000000e+00 -1.000000e+00 0.000000e+00 9.656562e-02 -1.000000e+00 0.000000e+00 1.065000e+03 1.000000e+00 -1.000000e+00 0.000000e+00 -1.000000e+00 -1.000000e+00 5.505714e-03 -1.000000e+00 0.000000e+00 -9.990070e+05 3.000000e+00 -1.000000e+00 -1.000000e+00 2.449925e-02 0.000000e+00 0.000000e+00 -1.000000e+00 1.256782e-03 -1.000000e+00 -9.990070e+05 1.256782e-03 3.019809e-01 6.471402e-01 -1.000000e+00 -1.000000e+00 -1.000000e+00 -1.0 0.000000e+00 1.445904e-02
-1.000000e+00 -1.000000e+00 1.145000e+03 0.000000e+00 -1.000000e+00 -1.000000e+00 0.000000e+00 1.002541e-08 -1.000000e+00 0.000000e+00 4.550000e+02 1.000000e+00 -1.000000e+00 0.000000e+00 -1.000000e+00 -1.000000e+00 2.358114e-13 -1.000000e+00 0.000000e+00 -9.990070e+05 3.000000e+00 -1.000000e+00 -1.000000e+00 5.335958e-11 0.000000e+00 0.000000e+00 -1.000000e+00 4.099520e-12 -1.000000e+00 -9.990070e+05 4.099520e-12 1.332332e-06 9.785274e-05 -1.000000e+00 -1.000000e+00 -1.000000e+00 -1.0 0.000000e+00 3.044826e-11
-1.000000e+00 -1.000000e+00 1.190000e+03 0.000000e+00 -1.000000e+00 -1.000000e+00 0.000000e+00 6.868358e-10 -1.000000e+00 0.000000e+00 7.100000e+02 1.000000e+00 -1.000000e+00 0.000000e+00 -1.000000e+00 -1.000000e+00 6.828994e-15 -1.000000e+00 0.000000e+00 -9.990070e+05 3.000000e+00 -1.000000e+00 -1.000000e+00 2.379285e-12 0.000000e+00 0.000000e+00 -1.000000e+00 2.397500e-13 -1.000000e+00 -9.990070e+05 2.397500e-13 1.397970e-07 1.564679e-05 -1.000000e+00 -1.000000e+00 -1.000000e+00 -1.0 0.000000e+00 1.663293e-12
-1.000000e+00 -1.000000e+00 1.200000e+03 0.000000e+00 -1.000000e+00 -1.000000e+00 0.000000e+00 1.029215e-01 -1.000000e+00 0.000000e+00 1.000000e+02 1.000000e+00 -1.000000e+00 0.000000e+00 -1.000000e+00 -1.000000e+00 6.208470e-03 -1.000000e+00 0.000000e+00 -9.990070e+05 3.000000e+00 -1.000000e+00 -1.000000e+00 2.684156e-02 0.000000e+00 0.000000e+00 -1.000000e+00 1.364982e-03 -1.000000e+00 -9.990070e+05 1.364982e-03 3.138649e-01 6.589832e-01 -1.000000e+00 -1.000000e+00 -1.000000e+00 -1.0 0.000000e+00 1.587061e-02
-1.000000e+00 -1.000000e+00 1.240000e+03 0.000000e+00 -1.000000e+00 -1.000000e+00 0.000000e+00 1.268634e-05 -1.000000e+00 0.000000e+00 9.600000e+02 1.000000e+00 -1.000000e+00 0.000000e+00 -1.000000e+00 -1.000000e+00 4.279591e-09 -1.000000e+00 0.000000e+00 -9.990070e+05 3.000000e+00 -1.000000e+00 -1.000000e+00 2.544802e-07 0.000000e+00 0.000000e+00 -1.000000e+00 1.554967e-08 -1.000000e+00 -9.990070e+05 1.554967e-08 4.541533e-04 9.213789e-03 -1.000000e+00 -1.000000e+00 -1.000000e+00 -1.0 0.000000e+00 1.284421e-07
-1.000000e+00 -1.000000e+00 1.245000e+03 0.000000e+00 -1.000000e+00 -1.000000e+00 0.000000e+00 1.039661e-01 -1.000000e+00 0.000000e+00 3.550000e+02 1.000000e+00 -1.000000e+00 0.000000e+00 -1.000000e+00 -1.000000e+00 6.328126e-03 -1.000000e+00 0.000000e+00 -9.990070e+05 3.000000e+00 -1.000000e+00 -1.000000e+00 2.723340e-02 0.000000e+00 0.000000e+00 -1.000000e+00 1.384741e-03 -1.000000e+00 -9.990070e+05 1.384741e-03 3.157835e-01 6.608613e-01 -1.000000e+00 -1.000000e+00 -1.000000e+00 -1.0 0.000000e+00 1.611637e-02
-1.000000e+00 -1.000000e+00 1.285000e+03 0.000000e+00 -1.000000e+00 -1.000000e+00 0.000000e+00 5.320735e-01 -1.000000e+00 0.000000e+00 1.215000e+03 1.000000e+00 -1.000000e+00 0.000000e+00 -1.000000e+00 -1.000000e+00 1.905235e-01 -1.000000e+00 0.000000e+00 -9.990070e+05 3.000000e+00 -1.000000e+00 -1.000000e+00 3.283718e-01 0.000000e+00 0.000000e+00 -1.000000e+00 1.868289e-02 -1.000000e+00 -9.990070e+05 1.868289e-02 7.680892e-01 9.367701e-01 -1.000000e+00 -1.000000e+00 -1.000000e+00 -1.0 0.000000e+00 2.574399e-01
-1.000000e+00 -1.000000e+00 1.295000e+03 0.000000e+00 -1.000000e+00 -1.000000e+00 0.000000e+00 1.833172e-04 -1.000000e+00 0.000000e+00 6.050000e+02 1.000000e+00 -1.000000e+00 0.000000e+00 -1.000000e+00 -1.000000e+00 2.069003e-07 -1.000000e+00 0.000000e+00 -9.990070e+05 3.000000e+00 -1.000000e+00 -1.000000e+00 6.703396e-06 0.000000e+00 0.000000e+00 -1.000000e+00 3.717694e-07 -1.000000e+00 -9.990070e+05 3.717694e-07 3.640576e-03 4.179598e-02 -1.000000e+00 -1.000000e+00 -1.000000e+00 -1.0 0.000000e+00 3.278540e-06
-1.000000e+00 -1.000000e+00 1.340000e+03 0.000000e+00 -1.000000e+00 -1.000000e+00 0.000000e+00 2.138809e-04 -1.000000e+00 0.000000e+00 8.600000e+02 1.000000e+00 -1.000000e+00 0.000000e+00 -1.000000e+00 -1.000000e+00 2.601933e-07 -1.000000e+00 0.000000e+00 -9.990070e+05 3.000000e+00 -1.000000e+00 -1.000000e+00 8.117821e-06 0.000000e+00 0.000000e+00 -1.000000e+00 4.463278e-07 -1.000000e+00 -9.990070e+05 4.463278e-07 4.095672e-03 4.540786e-02 -1.000000e+00 -1.000000e+00 -1.000000e+00 -1.0 0.000000e+00 3.957714e-06
-1.000000e+00 -1.000000e+00 1.350000e+03 0.000000e+00 -1.000000e+00 -1.000000e+00 0.000000e+00 1.703755e-01 -1.000000e+00 0.000000e+00 2.500000e+02 1.000000e+00 -1.000000e+00 0.000000e+00 -1.000000e+00 -1.000000e+00 1.646063e-02 -1.000000e+00 0.000000e+00 -9.990070e+05 3.000000e+00 -1.000000e+00 -1.000000e+00 5.590772e-02 0.000000e+00 0.000000e+00 -1.000000e+00 2.896750e-03 -1.000000e+00 -9.990070e+05 2.896750e-03 4.223231e-01 7.524442e-01 -1.000000e+00 -1.000000e+00 -1.000000e+00 -1.0 0.000000e+00 3.509897e-02
-1.000000e+00 -1.000000e+00 1.390000e+03 0.000000e+00 -1.000000e+00 -1.000000e+00 0.000000e+00 3.261572e-02 -1.000000e+00 0.000000e+00 1.110000e+03 1.000000e+00 -1.000000e+00 0.000000e+00 -1.000000e+00 -1.000000e+00 7.740840e-04 -1.000000e+00 0.000000e+00 -9.990070e+05 3.000000e+00 -1.000000e+00 -1.000000e+00 5.383150e-03 0.000000e+00 0.000000e+00 -1.000000e+00 2.675536e-04 -1.000000e+00 -9.990070e+05 2.675536e-04 1.519171e-01 4.559750e-01 -1.000000e+00 -1.000000e+00 -1.000000e+00 -1.0 0.000000e+00 2.893712e-03
-1.000000e+00 -1.000000e+00 1.395000e+03 0.000000e+00 -1.000000e+00 -1.000000e+00 0.000000e+00 5.443513e-02 -1.000000e+00 0.000000e+00 5.050000e+02 1.000000e+00 -1.000000e+00 0.000000e+00 -1.000000e+00 -1.000000e+00 1.919183e-03 -1.000000e+00 0.000000e+00 -9.990070e+05 3.000000e+00 -1.000000e+00 -1.000000e+00 1.091292e-02 0.000000e+00 0.000000e+00 -1.000000e+00 5.478567e-04 -1.000000e+00 -9.990070e+05 5.478567e-04 2.114596e-01 5.428969e-01 -1.000000e+00 -1.000000e+00 -1.000000e+00 -1.0 0.000000e+00 6.093999e-03
-1.000000e+00 -1.000000e+00 1.445000e+03 0.000000e+00 -1.000000e+00 -1.000000e+00 0.000000e+00 3.547122e-02 -1.000000e+00 0.000000e+00 7.550000e+02 1.000000e+00 -1.000000e+00 0.000000e+00 -1.000000e+00 -1.000000e+00 8.965602e-04 -1.000000e+00 0.000000e+00 -9.990070e+05 3.000000e+00 -1.000000e+00 -1.000000e+00 6.038565e-03 0.000000e+00 0.000000e+00 -1.000000e+00 3.011902e-04 -1.000000e+00 -9.990070e+05 3.011902e-04 1.604897e-01 4.696918e-01 -1.000000e+00 -1.000000e+00 -1.000000e+00 -1.0 0.000000e+00 3.268311e-03
-1.000000e+00 -1.000000e+00 1.450000e+03 0.000000e+00 -1.000000e+00 -1.000000e+00 0.000000e+00 5.987822e-01 -1.000000e+00 0.000000e+00 1.500000e+02 1.000000e+00 -1.000000e+00 0.000000e+00 -1.000000e+00 -1.000000e+00 2.534477e-01 -1.000000e+00 0.000000e+00 -9.990070e+05 3.000000e+00 -1.000000e+00 -1.000000e+00 4.001502e-01 0.000000e+00 0.000000e+00 -1.000000e+00 2.343977e-02 -1.000000e+00 -9.990070e+05 2.343977e-02 8.108396e-01 9.513827e-01 -1.000000e+00 -1.000000e+00 -1.000000e+00 -1.0 0.000000e+00 3.256628e-01
-1.000000e+00 -1.000000e+00 1.490000e+03 0.000000e+00 -1.000000e+00 -1.000000e+00 0.000000e+00 5.081795e-02 -1.000000e+00 0.000000e+00 1.010000e+03 1.000000e+00 -1.000000e+00 0.000000e+00 -1.000000e+00 -1.000000e+00 1.696099e-03 -1.000000e+00 0.000000e+00 -9.990070e+05 3.000000e+00 -1.000000e+00 -1.000000e+00 9.917347e-03 0.000000e+00 0.000000e+00 -1.000000e+00 4.958212e-04 -1.000000e+00 -9.990070e+05 4.958212e-04 2.024040e-01 5.308139e-01 -1.000000e+00 -1.000000e+00 -1.000000e+00 -1.0 0.000000e+00 5.500369e-03
-1.000000e+00 -1.000000e+00 1.500000e+03 0.000000e+00 -1.000000e+00 -1.000000e+00 0.000000e+00 3.638722e-01 -1.000000e+00 0.000000e+00 4.000000e+02 1.000000e+00 -1.000000e+00 0.000000e+00 -1.000000e+00 -1.000000e+00 7.994132e-02 -1.000000e+00 0.000000e+00 -9.990070e+05 3.000000e+00 -1.000000e+00 -1.000000e+00 1.777116e-01 0.000000e+00 0.000000e+00 -1.000000e+00 9.693678e-03 -1.000000e+00 -9.990070e+05 9.693678e-03 6.378437e-01 8.826616e-01 -1.000000e+00 -1.000000e+00 -1.000000e+00 -1.0 0.000000e+00 1.269463e-01
-1.000000e+00 -1.000000e+00 1.540000e+03 0.000000e+00 -1.000000e+00 -1.000000e+00 0.000000e+00 3.393088e-01 -1.000000e+00 0.000000e+00 1.260000e+03 1.000000e+00 -1.000000e+00 0.000000e+00 -1.000000e+00 -1.000000e+00 6.859972e-02 -1.000000e+00 0.000000e+00 -9.990070e+05 3.000000e+00 -1.000000e+00 -1.000000e+00 1.592142e-01 0.000000e+00 0.000000e+00 -1.000000e+00 8.599959e-03 -1.000000e+00 -9.990070e+05 8.599959e-03 6.153654e-01 8.716968e-01 -1.000000e+00 -1.000000e+00 -1.000000e+00 -1.0 0.000000e+00 1.119669e-01
-1.000000e+00 -1.000000e+00 1.545000e+03 0.000000e+00 -1.000000e+00 -1.000000e+00 0.000000e+00 2.701407e-01 -1.000000e+00 0.000000e+00 6.550000e+02 1.000000e+00 -1.000000e+00 0.000000e+00 -1.000000e+00 -1.000000e+00 4.214019e-02 -1.000000e+00 0.000000e+00 -9.990070e+05 3.000000e+00 -1.000000e+00 -1.000000e+00 1.118420e-01 0.000000e+00 0.000000e+00 -1.000000e+00 5.942770e-03 -1.000000e+00 -9.990070e+05 5.942770e-03 5.456565e-01 8.341882e-01 -1.000000e+00 -1.000000e+00 -1.000000e+00 -1.0 0.000000e+00 7.535913e-02
-1.000000e+00 -1.000000e+00 1.595000e+03 0.000000e+00 -1.000000e+00 -1.000000e+00 0.000000e+00 2.619138e-01 -1.000000e+00 0.000000e+00 9.050000e+02 1.000000e+00 -1.000000e+00 0.000000e+00 -1.000000e+00 -1.000000e+00 3.949443e-02 -1.000000e+00 0.000000e+00 -9.990070e+05 3.000000e+00 -1.000000e+00 -1.000000e+00 1.066712e-01 0.000000e+00 0.000000e+00 -1.000000e+00 5.632155e-03 -1.000000e+00 -9.990070e+05 5.632155e-03 5.366378e-01 8.289189e-01 -1.000000e+00 -1.000000e+00 -1.000000e+00 -1.0 0.000000e+00 7.138372e-02
-1.000000e+00 -1.000000e+00 1.600000e+03 0.000000e+00 -1.000000e+00 -1.000000e+00 0.000000e+00 7.175435e-01 -1.000000e+00 0.000000e+00 3.000000e+02 1.000000e+00 -1.000000e+00 0.000000e+00 -1.000000e+00 -1.000000e+00 3.997605e-01 -1.000000e+00 0.000000e+00 -9.990070e+05 3.000000e+00 -1.000000e+00 -1.000000e+00 5.460858e-01 0.000000e+00 0.000000e+00 -1.000000e+00 3.315327e-02 -1.000000e+00 -9.990070e+05 3.315327e-02 8.775791e-01 9.714157e-01 -1.000000e+00 -1.000000e+00 -1.000000e+00 -1.0 0.000000e+00 4.725394e-01
-1.000000e+00 -1.000000e+00 1.640000e+03 0.000000e+00 -1.000000e+00 -1.000000e+00 0.000000e+00 3.670723e-01 -1.000000e+00 0.000000e+00 1.160000e+03 1.000000e+00 -1.000000e+00 0.000000e+00 -1.000000e+00 -1.000000e+00 8.149908e-02 -1.000000e+00 0.000000e+00 -9.990070e+05 3.000000e+00 -1.000000e+00 -1.000000e+00 1.801861e-01 0.000000e+00 0.000000e+00 -1.000000e+00 9.815860e-03 -1.000000e+00 -9.990070e+05 9.815860e-03 6.406950e-01 8.840156e-01 -1.000000e+00 -1.000000e+00 -1.000000e+00 -1.0 0.000000e+00 1.288744e-01
-1.000000e+00 -1.000000e+00 1.650000e+03 0.000000e+00 -1.000000e+00 -1.000000e+00 0.000000e+00 6.039195e-01 -1.000000e+00 0.000000e+00 5.500000e+02 1.000000e+00 -1.000000e+00 0.000000e+00 -1.000000e+00 -1.000000e+00 2.588221e-01 -1.000000e+00 0.000000e+00 -9.990070e+05 3.000000e+00 -1.000000e+00 -1.000000e+00 4.059739e-01 0.000000e+00 0.000000e+00 -1.000000e+00 2.374868e-02 -1.000000e+00 -9.990070e+05 2.374868e-02 8.139620e-01 9.523941e-01 -1.000000e+00 -1.000000e+00 -1.000000e+00 -1.0 0.000000e+00 3.311088e-01
-1.000000e+00 -1.000000e+00 1.695000e+03 0.000000e+00 -1.000000e+00 -1.000000e+00 0.000000e+00 7.604870e-01 -1.000000e+00 0.000000e+00 8.050000e+02 1.000000e+00 -1.000000e+00 0.000000e+00 -1.000000e+00 -1.000000e+00 4.653920e-01 -1.000000e+00 0.000000e+00 -9.990070e+05 3.000000e+00 -1.000000e+00 -1.000000e+00 6.049181e-01 0.000000e+00 0.000000e+00 -1.000000e+00 3.709268e-02 -1.000000e+00 -9.990070e+05 3.709268e-02 8.991820e-01 9.772090e-01 -1.000000e+00 -1.000000e+00 -1.000000e+00 -1.0 0.000000e+00 5.348390e-01
-1.000000e+00 -1.000000e+00 1.705000e+03 0.000000e+00 -1.000000e+00 -1.000000e+00 0.000000e+00 8.722437e-01 -1.000000e+00 0.000000e+00 1.950000e+02 1.000000e+00 -1.000000e+00 0.000000e+00 -1.000000e+00 -1.000000e+00 6.749429e-01 -1.000000e+00 0.000000e+00 -9.990070e+05 3.000000e+00 -1.000000e+00 -1.000000e+00 7.743818e-01 0.000000e+00 0.000000e+00 -1.000000e+00 4.961988e-02 -1.000000e+00 -9.990070e+05 4.961988e-02 9.500492e-01 9.895693e-01 -1.000000e+00 -1.000000e+00 -1.000000e+00 -1.0 0.000000e+00 7.253354e-01
-1.000000e+00 -1.000000e+00 1.745000e+03 0.000000e+00 -1.000000e+00 -1.000000e+00 0.000000e+00 5.801232e-01 -1.000000e+00 0.000000e+00 1.055000e+03 1.000000e+00 -1.000000e+00 0.000000e+00 -1.000000e+00 -1.000000e+00 2.345849e-01 -1.000000e+00 0.000000e+00 -9.990070e+05 3.000000e+00 -1.000000e+00 -1.000000e+00 3.793578e-01 0.000000e+00 0.000000e+00 -1.000000e+00 2.205381e-02 -1.000000e+00 -9.990070e+05 2.205381e-02 7.993020e-01 9.475804e-01 -1.000000e+00 -1.000000e+00 -1.000000e+00 -1.0 0.000000e+00 3.056067e-01
-1.000000e+00 -1.000000e+00 1.750000e+03 0.000000e+00 -1.000000e+00 -1.000000e+00 0.000000e+00 8.208298e-01 -1.000000e+00 0.000000e+00 4.500000e+02 1.000000e+00 -1.000000e+00 0.000000e+00 -1.000000e+00 -1.000000e+00 5.710339e-01 -1.000000e+00 0.000000e+00 -9.990070e+05 3.000000e+00 -1.000000e+00 -1.000000e+00 6.933868e-01 0.000000e+00 0.000000e+00 -1.000000e+00 4.361255e-02 -1.000000e+00 -9.990070e+05 4.361255e-02 9.275547e-01 9.843224e-01 -1.000000e+00 -1.000000e+00 -1.000000e+00 -1.0 0.000000e+00 6.326290e-01
-1.000000e+00 -1.000000e+00 1.800000e+03 0.000000e+00 -1.000000e+00 -1.000000e+00 0.000000e+00 7.736051e-01 -1.000000e+00 0.000000e+00 7.000000e+02 1.000000e+00 -1.000000e+00 0.000000e+00 -1.000000e+00 -1.000000e+00 4.869683e-01 -1.000000e+00 0.000000e+00 -9.990070e+05 3.000000e+00 -1.000000e+00 -1.000000e+00 6.235642e-01 0.000000e+00 0.000000e+00 -1.000000e+00 3.844951e-02 -1.000000e+00 -9.990070e+05 3.844951e-02 9.055409e-01 9.788518e-01 -1.000000e+00 -1.000000e+00 -1.000000e+00 -1.0 0.000000e+00 5.551279e-01
-1.000000e+00 -1.000000e+00 6.100000e+02 0.000000e+00 -1.000000e+00 -1.000000e+00 0.000000e+00 1.562523e-16 -1.000000e+00 0.000000e+00 5.400000e+02 1.000000e+00 -1.000000e+00 0.000000e+00 -1.000000e+00 -1.000000e+00 2.557521e-23 -1.000000e+00 0.000000e+00 -9.990070e+05 3.000000e+00 -1.000000e+00 -1.000000e+00 6.967963e-20 0.000000e+00 0.000000e+00 -1.000000e+00 2.509155e-20 -1.000000e+00 -9.990070e+05 2.509155e-20 2.447238e-13 2.078272e-10 -1.000000e+00 -1.000000e+00 -1.000000e+00 -1.0 0.000000e+00 1.387153e-19
-1.000000e+00 -1.000000e+00 6.400000e+02 0.000000e+00 -1.000000e+00 -1.000000e+00 0.000000e+00 2.706184e-23 -1.000000e+00 0.000000e+00 3.600000e+02 1.000000e+00 -1.000000e+00 0.000000e+00 -1.000000e+00 -1.000000e+00 1.552718e-31 -1.000000e+00 0.000000e+00 -9.990070e+05 3.000000e+00 -1.000000e+00 -1.000000e+00 2.262871e-27 0.000000e+00 0.000000e+00 -1.000000e+00 1.665416e-27 -1.000000e+00 -9.990070e+05 1.665416e-27 2.251319e-19 1.009909e-15 -1.000000e+00 -1.000000e+00 -1.000000e+00 -1.0 0.000000e+00 8.545686e-27
-1.000000e+00 -1.000000e+00 6.650000e+02 0.000000e+00 -1.000000e+00 -1.000000e+00 0.000000e+00 1.048527e-12 -1.000000e+00 0.000000e+00 1.850000e+02 1.000000e+00 -1.000000e+00 0.000000e+00 -1.000000e+00 -1.000000e+00 1.591498e-18 -1.000000e+00 0.000000e+00 -9.990070e+05 3.000000e+00 -1.000000e+00 -1.000000e+00 1.421738e-15 0.000000e+00 0.000000e+00 -1.000000e+00 3.470309e-16 -1.000000e+00 -9.990070e+05 3.470309e-16 5.423768e-10 1.530568e-07 -1.000000e+00 -1.000000e+00 -1.000000e+00 -1.0 0.000000e+00 2.021471e-15
-1.000000e+00 -1.000000e+00 6.850000e+02 0.000000e+00 -1.000000e+00 -1.000000e+00 0.000000e+00 1.226391e-07 -1.000000e+00 0.000000e+00 6.150000e+02 1.000000e+00 -1.000000e+00 0.000000e+00 -1.000000e+00 -1.000000e+00 6.836569e-12 -1.000000e+00 0.000000e+00 -9.990070e+05 3.000000e+00 -1.000000e+00 -1.000000e+00 1.003601e-09 0.000000e+00 0.000000e+00 -1.000000e+00 1.081775e-10 -1.000000e+00 -9.990070e+05 1.081775e-10 1.064137e-05 5.134772e-04 -1.000000e+00 -1.000000e+00 -1.000000e+00 -1.0 0.000000e+00 7.479535e-10
-1.000000e+00 -1.000000e+00 7.150000e+02 0.000000e+00 -1.000000e+00 -1.000000e+00 0.000000e+00 4.125104e-24 -1.000000e+00 0.000000e+00 4.350000e+02 1.000000e+00 -1.000000e+00 0.000000e+00 -1.000000e+00 -1.000000e+00 1.637612e-32 -1.000000e+00 0.000000e+00 -9.990070e+05 3.000000e+00 -1.000000e+00 -1.000000e+00 2.869544e-28 0.000000e+00 0.000000e+00 -1.000000e+00 2.976044e-28 -1.000000e+00 -9.990070e+05 2.976044e-28 4.123778e-20 2.221921e-16 -1.000000e+00 -1.000000e+00 -1.000000e+00 -1.0 0.000000e+00 1.466875e-27
-1.000000e+00 -1.000000e+00 7.400000e+02 0.000000e+00 -1.000000e+00 -1.000000e+00 0.000000e+00 2.751640e-17 -1.000000e+00 0.000000e+00 2.600000e+02 1.000000e+00 -1.000000e+00 0.000000e+00 -1.000000e+00 -1.000000e+00 3.002127e-24 -1.000000e+00 0.000000e+00 -9.990070e+05 3.000000e+00 -1.000000e+00 -1.000000e+00 1.002052e-20 0.000000e+00 0.000000e+00 -1.000000e+00 3.610227e-21 -1.000000e+00 -9.990070e+05 3.610227e-21 5.274226e-14 5.476840e-11 -1.000000e+00 -1.000000e+00 -1.000000e+00 -1.0 0.000000e+00 2.001190e-20
-1.000000e+00 -1.000000e+00 7.900000e+02 0.000000e+00 -1.000000e+00 -1.000000e+00 0.000000e+00 9.042642e-24 -1.000000e+00 0.000000e+00 5.100000e+02 1.000000e+00 -1.000000e+00 0.000000e+00 -1.000000e+00 -1.000000e+00 4.182799e-32 -1.000000e+00 0.000000e+00 -9.990070e+05 3.000000e+00 -1.000000e+00 -1.000000e+00 6.789669e-28 0.000000e+00 0.000000e+00 -1.000000e+00 7.925745e-28 -1.000000e+00 -9.990070e+05 7.925745e-28 8.376050e-20 4.182489e-16 -1.000000e+00 -1.000000e+00 -1.000000e+00 -1.0 0.000000e+00 3.842282e-27
-1.000000e+00 -1.000000e+00 8.150000e+02 0.000000e+00 -1.000000e+00 -1.000000e+00 0.000000e+00 5.476635e-19 -1.000000e+00 0.000000e+00 3.350000e+02 1.000000e+00 -1.000000e+00 0.000000e+00 -1.000000e+00 -1.000000e+00 2.473467e-26 -1.000000e+00 0.000000e+00 -9.990070e+05 3.000000e+00 -1.000000e+00 -1.000000e+00 1.283751e-22 0.000000e+00 0.000000e+00 -1.000000e+00 6.606151e-23 -1.000000e+00 -9.990070e+05 6.606151e-23 1.628904e-15 2.620356e-12 -1.000000e+00 -1.000000e+00 -1.000000e+00 -1.0 0.000000e+00 3.495659e-22
-1.000000e+00 -1.000000e+00 8.350000e+02 0.000000e+00 -1.000000e+00 -1.000000e+00 0.000000e+00 1.142218e-09 -1.000000e+00 0.000000e+00 7.650000e+02 1.000000e+00 -1.000000e+00 0.000000e+00 -1.000000e+00 -1.000000e+00 1.331356e-14 -1.000000e+00 0.000000e+00 -9.990070e+05 3.000000e+00 -1.000000e+00 -1.000000e+00 4.283350e-12 0.000000e+00 0.000000e+00 -1.000000e+00 5.494333e-13 -1.000000e+00 -9.990070e+05 5.494333e-13 2.148766e-07 2.224734e-05 -1.000000e+00 -1.000000e+00 -1.000000e+00 -1.0 0.000000e+00 3.622954e-12
-1.000000e+00 -1.000000e+00 8.450000e+02 0.000000e+00 -1.000000e+00 -1.000000e+00 0.000000e+00 1.010247e-10 -1.000000e+00 0.000000e+00 1.550000e+02 1.000000e+00 -1.000000e+00 0.000000e+00 -1.000000e+00 -1.000000e+00 5.609938e-16 -1.000000e+00 0.000000e+00 -9.990070e+05 3.000000e+00 -1.000000e+00 -1.000000e+00 2.617019e-13 0.000000e+00 0.000000e+00 -1.000000e+00 3.156883e-14 -1.000000e+00 -9.990070e+05 3.156883e-14 2.744646e-08 4.088803e-06 -1.000000e+00 -1.000000e+00 -1.000000e+00 -1.0 0.000000e+00 2.103154e-13
-1.000000e+00 -1.000000e+00 8.900000e+02 0.000000e+00 -1.000000e+00 -1.000000e+00 0.000000e+00 2.215565e-21 -1.000000e+00 0.000000e+00 4.100000e+02 1.000000e+00 -1.000000e+00 0.000000e+00 -1.000000e+00 -1.000000e+00 3.094749e-29 -1.000000e+00 0.000000e+00 -9.990070e+05 3.000000e+00 -1.000000e+00 -1.000000e+00 2.889651e-25 0.000000e+00 0.000000e+00 -1.000000e+00 1.607243e-25 -1.000000e+00 -9.990070e+05 1.607243e-25 1.182732e-17 3.408537e-14 -1.000000e+00 -1.000000e+00 -1.000000e+00 -1.0 0.000000e+00 8.495099e-25
-1.000000e+00 -1.000000e+00 9.200000e+02 0.000000e+00 -1.000000e+00 -1.000000e+00 0.000000e+00 1.784038e-12 -1.000000e+00 0.000000e+00 2.300000e+02 1.000000e+00 -1.000000e+00 0.000000e+00 -1.000000e+00 -1.000000e+00 3.130645e-18 -1.000000e+00 0.000000e+00 -9.990070e+05 3.000000e+00 -1.000000e+00 -1.000000e+00 2.600723e-15 0.000000e+00 0.000000e+00 -1.000000e+00 3.904434e-16 -1.000000e+00 -9.990070e+05 3.904434e-16 8.586632e-10 2.255744e-07 -1.000000e+00 -1.000000e+00 -1.000000e+00 -1.0 0.000000e+00 2.486495e-15
-1.000000e+00 -1.000000e+00 9.400000e+02 0.000000e+00 -1.000000e+00 -1.000000e+00 0.000000e+00 5.308023e-24 -1.000000e+00 0.000000e+00 6.600000e+02 1.000000e+00 -1.000000e+00 0.000000e+00 -1.000000e+00 -1.000000e+00 2.213015e-32 -1.000000e+00 0.000000e+00 -9.990070e+05 3.000000e+00 -1.000000e+00 -1.000000e+00 3.783915e-28 0.000000e+00 0.000000e+00 -1.000000e+00 2.586915e-28 -1.000000e+00 -9.990070e+05 2.586915e-28 5.178230e-20 2.722875e-16 -1.000000e+00 -1.000000e+00 -1.000000e+00 -1.0 0.000000e+00 1.343865e-27
-1.000000e+00 -1.000000e+00 9.850000e+02 0.000000e+00 -1.000000e+00 -1.000000e+00 0.000000e+00 4.291541e-04 -1.000000e+00 0.000000e+00 9.150000e+02 1.000000e+00 -1.000000e+00 0.000000e+00 -1.000000e+00 -1.000000e+00 7.388238e-07 -1.000000e+00 0.000000e+00 -9.990070e+05 3.000000e+00 -1.000000e+00 -1.000000e+00 1.935340e-05 0.000000e+00 0.000000e+00 -1.000000e+00 1.054548e-06 -1.000000e+00 -9.990070e+05 1.054548e-06 6.945083e-03 6.556196e-02 -1.000000e+00 -1.000000e+00 -1.000000e+00 -1.0 0.000000e+00 9.500077e-06
-1.000000e+00 -1.000000e+00 9.950000e+02 0.000000e+00 -1.000000e+00 -1.000000e+00 0.000000e+00 2.259366e-12 -1.000000e+00 0.000000e+00 3.050000e+02 1.000000e+00 -1.000000e+00 0.000000e+00 -1.000000e+00 -1.000000e+00 4.230730e-18 -1.000000e+00 0.000000e+00 -9.990070e+05 3.000000e+00 -1.000000e+00 -1.000000e+00 3.402143e-15 0.000000e+00 0.000000e+00 -1.000000e+00 4.265771e-16 -1.000000e+00 -9.990070e+05 4.265771e-16 1.052923e-09 2.678890e-07 -1.000000e+00 -1.000000e+00 -1.000000e+00 -1.0 0.000000e+00 2.810661e-15
