-1.000000e+00 -1.000000e+00 1.390000e+03 0.000000e+00 -1.000000e+00 -1.000000e+00 0.000000e+00 8.409231e-02 -1.000000e+00 0.000000e+00 1.110000e+03 1.000000e+00 -1.000000e+00 0.000000e+00 -1.000000e+00 -1.000000e+00 4.251627e-03 -1.000000e+00 0.000000e+00 -9.990070e+05 3.000000e+00 -1.000000e+00 -1.000000e+00 2.011650e-02 0.000000e+00 0.000000e+00 -1.000000e+00 4.462424e-03 -1.000000e+00 -9.990070e+05 4.462424e-03 2.775134e-01 6.215525e-01 -1.000000e+00 -1.000000e+00 -1.000000e+00 1 0.000000e+00 2.381167e-02
-1.000000e+00 -1.000000e+00 1.705000e+03 0.000000e+00 -1.000000e+00 -1.000000e+00 0.000000e+00 7.461090e-01 -1.000000e+00 0.000000e+00 1.950000e+02 1.000000e+00 -1.000000e+00 0.000000e+00 -1.000000e+00 -1.000000e+00 4.425820e-01 -1.000000e+00 0.000000e+00 -9.990070e+05 3.000000e+00 -1.000000e+00 -1.000000e+00 5.848468e-01 1.000000e+00 0.000000e+00 -1.000000e+00 5.000000e-01 -1.000000e+00 -9.990070e+05 5.000000e-01 8.920854e-01 9.753422e-01 -1.000000e+00 -1.000000e+00 -1.000000e+00 3 0.000000e+00 7.975175e-01
-1.000000e+00 -1.000000e+00 1.245000e+03 0.000000e+00 -1.000000e+00 -1.000000e+00 0.000000e+00 9.203310e-02 -1.000000e+00 0.000000e+00 3.550000e+02 1.000000e+00 -1.000000e+00 0.000000e+00 -1.000000e+00 -1.000000e+00 5.030959e-03 -1.000000e+00 0.000000e+00 -9.990070e+05 3.000000e+00 -1.000000e+00 -1.000000e+00 2.287346e-02 0.000000e+00 0.000000e+00 -1.000000e+00 1.659625e-02 -1.000000e+00 -9.990070e+05 1.659625e-02 2.932743e-01 6.382265e-01 -1.000000e+00 -1.000000e+00 -1.000000e+00 7 0.000000e+00 5.057244e-02
-1.000000e+00 -1.000000e+00 1.040000e+03 0.000000e+00 -1.000000e+00 -1.000000e+00 0.000000e+00 2.709761e-14 -1.000000e+00 0.000000e+00 5.600000e+02 1.000000e+00 -1.000000e+00 0.000000e+00 -1.000000e+00 -1.000000e+00 1.571727e-20 -1.000000e+00 0.000000e+00 -9.990070e+05 3.000000e+00 -1.000000e+00 -1.000000e+00 2.272969e-17 0.000000e+00 0.000000e+00 -1.000000e+00 4.065920e-18 -1.000000e+00 -9.990070e+05 4.065920e-18 2.261249e-11 1.026371e-08 -1.000000e+00 -1.000000e+00 -1.000000e+00 6 0.000000e+00 2.509694e-17
-1.000000e+00 -1.000000e+00 1.145000e+03 0.000000e+00 -1.000000e+00 -1.000000e+00 0.000000e+00 2.062731e-06 -1.000000e+00 0.000000e+00 4.550000e+02 1.000000e+00 -1.000000e+00 0.000000e+00 -1.000000e+00 -1.000000e+00 3.313100e-10 -1.000000e+00 0.000000e+00 -9.990070e+05 3.000000e+00 -1.000000e+00 -1.000000e+00 2.859801e-08 0.000000e+00 0.000000e+00 -1.000000e+00 1.852666e-09 -1.000000e+00 -9.990070e+05 1.852666e-09 1.062788e-04 3.075481e-03 -1.000000e+00 -1.000000e+00 -1.000000e+00 6 0.000000e+00 1.480449e-08
-1.000000e+00 -1.000000e+00 1.450000e+03 0.000000e+00 -1.000000e+00 -1.000000e+00 0.000000e+00 4.050669e-01 -1.000000e+00 0.000000e+00 1.500000e+02 1.000000e+00 -1.000000e+00 0.000000e+00 -1.000000e+00 -1.000000e+00 1.014725e-01 -1.000000e+00 0.000000e+00 -9.990070e+05 3.000000e+00 -1.000000e+00 -1.000000e+00 2.107121e-01 1.000000e+00 0.000000e+00 -1.000000e+00 5.000000e-01 -1.000000e+00 -9.990070e+05 5.000000e-01 6.732911e-01 8.989250e-01 -1.000000e+00 -1.000000e+00 -1.000000e+00 3 0.000000e+00 6.269855e-01
-1.000000e+00 -1.000000e+00 1.020000e+03 0.000000e+00 -1.000000e+00 -1.000000e+00 0.000000e+00 8.423206e-04 -1.000000e+00 0.000000e+00 1.300000e+02 1.000000e+00 -1.000000e+00 0.000000e+00 -1.000000e+00 -1.000000e+00 2.059741e-06 -1.000000e+00 0.000000e+00 -9.990070e+05 3.000000e+00 -1.000000e+00 -1.000000e+00 4.521078e-05 0.000000e+00 0.000000e+00 -1.000000e+00 2.413994e-06 -1.000000e+00 -9.990070e+05 2.413994e-06 1.150618e-02 9.247048e-02 -1.000000e+00 -1.000000e+00 -1.000000e+00 6 0.000000e+00 2.221378e-05
-1.000000e+00 -1.000000e+00 1.200000e+03 0.000000e+00 -1.000000e+00 -1.000000e+00 0.000000e+00 5.030146e-02 -1.000000e+00 0.000000e+00 1.000000e+02 1.000000e+00 -1.000000e+00 0.000000e+00 -1.000000e+00 -1.000000e+00 1.665324e-03 -1.000000e+00 0.000000e+00 -9.990070e+05 3.000000e+00 -1.000000e+00 -1.000000e+00 9.777614e-03 0.000000e+00 0.000000e+00 -1.000000e+00 1.237409e-01 -1.000000e+00 -9.990070e+05 1.237409e-01 2.010886e-01 5.290287e-01 -1.000000e+00 -1.000000e+00 -1.000000e+00 3 0.000000e+00 1.569507e-01
-1.000000e+00 -1.000000e+00 9.850000e+02 0.000000e+00 -1.000000e+00 -1.000000e+00 0.000000e+00 2.085411e-09 -1.000000e+00 0.000000e+00 9.150000e+02 1.000000e+00 -1.000000e+00 0.000000e+00 -1.000000e+00 -1.000000e+00 2.941457e-14 -1.000000e+00 0.000000e+00 -9.990070e+05 3.000000e+00 -1.000000e+00 -1.000000e+00 8.600825e-12 0.000000e+00 0.000000e+00 -1.000000e+00 1.048413e-09 -1.000000e+00 -9.990070e+05 1.048413e-09 3.569536e-07 3.366199e-05 -1.000000e+00 -1.000000e+00 -1.000000e+00 5 0.000000e+00 2.095342e-09
-1.000000e+00 -1.000000e+00 7.150000e+02 0.000000e+00 -1.000000e+00 -1.000000e+00 0.000000e+00 1.694648e-20 -1.000000e+00 0.000000e+00 4.350000e+02 1.000000e+00 -1.000000e+00 0.000000e+00 -1.000000e+00 -1.000000e+00 3.620413e-28 -1.000000e+00 0.000000e+00 -9.990070e+05 3.000000e+00 -1.000000e+00 -1.000000e+00 2.732964e-24 0.000000e+00 0.000000e+00 -1.000000e+00 1.699553e-24 -1.000000e+00 -9.990070e+05 1.699553e-24 7.319611e-17 1.707847e-13 -1.000000e+00 -1.000000e+00 -1.000000e+00 6 0.000000e+00 8.813621e-24
-1.000000e+00 -1.000000e+00 1.395000e+03 0.000000e+00 -1.000000e+00 -1.000000e+00 0.000000e+00 2.787125e-02 -1.000000e+00 0.000000e+00 5.050000e+02 1.000000e+00 -1.000000e+00 0.000000e+00 -1.000000e+00 -1.000000e+00 5.889751e-04 -1.000000e+00 0.000000e+00 -9.990070e+05 3.000000e+00 -1.000000e+00 -1.000000e+00 4.344649e-03 0.000000e+00 0.000000e+00 -1.000000e+00 7.887210e-02 -1.000000e+00 -9.990070e+05 7.887210e-02 1.369780e-01 4.308976e-01 -1.000000e+00 -1.000000e+00 -1.000000e+00 3 0.000000e+00 1.005788e-01
-1.000000e+00 -1.000000e+00 9.200000e+02 0.000000e+00 -1.000000e+00 -1.000000e+00 0.000000e+00 9.299824e-10 -1.000000e+00 0.000000e+00 2.300000e+02 1.000000e+00 -1.000000e+00 0.000000e+00 -1.000000e+00 -1.000000e+00 1.016285e-14 -1.000000e+00 0.000000e+00 -9.990070e+05 3.000000e+00 -1.000000e+00 -1.000000e+00 3.377068e-12 0.000000e+00 0.000000e+00 -1.000000e+00 3.479956e-13 -1.000000e+00 -9.990070e+05 3.479956e-13 1.806291e-07 1.930186e-05 -1.000000e+00 -1.000000e+00 -1.000000e+00 6 0.000000e+00 2.404173e-12
-1.000000e+00 -1.000000e+00 1.745000e+03 0.000000e+00 -1.000000e+00 -1.000000e+00 0.000000e+00 5.199403e-01 -1.000000e+00 0.000000e+00 1.055000e+03 1.000000e+00 -1.000000e+00 0.000000e+00 -1.000000e+00 -1.000000e+00 1.803703e-01 -1.000000e+00 0.000000e+00 -9.990070e+05 3.000000e+00 -1.000000e+00 -1.000000e+00 3.160704e-01 1.000000e+00 0.000000e+00 -1.000000e+00 5.000000e-01 -1.000000e+00 -9.990070e+05 5.000000e-01 7.598435e-01 9.337836e-01 -1.000000e+00 -1.000000e+00 -1.000000e+00 3 0.000000e+00 6.756484e-01
-1.000000e+00 -1.000000e+00 1.695000e+03 0.000000e+00 -1.000000e+00 -1.000000e+00 0.000000e+00 6.640154e-01 -1.000000e+00 0.000000e+00 8.050000e+02 1.000000e+00 -1.000000e+00 0.000000e+00 -1.000000e+00 -1.000000e+00 3.278550e-01 -1.000000e+00 0.000000e+00 -9.990070e+05 3.000000e+00 -1.000000e+00 -1.000000e+00 4.773399e-01 1.000000e+00 0.000000e+00 -1.000000e+00 5.000000e-01 -1.000000e+00 -9.990070e+05 5.000000e-01 8.488498e-01 9.631945e-01 -1.000000e+00 -1.000000e+00 -1.000000e+00 3 0.000000e+00 7.485116e-01
-1.000000e+00 -1.000000e+00 1.135000e+03 0.000000e+00 -1.000000e+00 -1.000000e+00 0.000000e+00 3.205574e-03 -1.000000e+00 0.000000e+00 1.065000e+03 1.000000e+00 -1.000000e+00 0.000000e+00 -1.000000e+00 -1.000000e+00 1.653798e-05 -1.000000e+00 0.000000e+00 -9.990070e+05 3.000000e+00 -1.000000e+00 -1.000000e+00 2.490810e-04 0.000000e+00 0.000000e+00 -1.000000e+00 4.967287e-03 -1.000000e+00 -9.990070e+05 4.967287e-03 3.060472e-02 1.757399e-01 -1.000000e+00 -1.000000e+00 -1.000000e+00 2 0.000000e+00 7.713023e-03
-1.000000e+00 -1.000000e+00 1.540000e+03 0.000000e+00 -1.000000e+00 -1.000000e+00 0.000000e+00 4.008400e-01 -1.000000e+00 0.000000e+00 1.260000e+03 1.000000e+00 -1.000000e+00 0.000000e+00 -1.000000e+00 -1.000000e+00 9.911213e-02 -1.000000e+00 0.000000e+00 -9.990070e+05 3.000000e+00 -1.000000e+00 -1.000000e+00 2.072113e-01 1.000000e+00 0.000000e+00 -1.000000e+00 5.000000e-01 -1.000000e+00 -9.990070e+05 5.000000e-01 6.697747e-01 8.973659e-01 -1.000000e+00 -1.000000e+00 -1.000000e+00 3 0.000000e+00 6.253283e-01
-1.000000e+00 -1.000000e+00 6.650000e+02 0.000000e+00 -1.000000e+00 -1.000000e+00 0.000000e+00 1.102256e-10 -1.000000e+00 0.000000e+00 1.850000e+02 1.000000e+00 -1.000000e+00 0.000000e+00 -1.000000e+00 -1.000000e+00 6.281779e-16 -1.000000e+00 0.000000e+00 -9.990070e+05 3.000000e+00 -1.000000e+00 -1.000000e+00 2.892579e-13 0.000000e+00 0.000000e+00 -1.000000e+00 5.317200e-14 -1.000000e+00 -9.990070e+05 5.317200e-14 2.956320e-08 4.348335e-06 -1.000000e+00 -1.000000e+00 -1.000000e+00 6 0.000000e+00 3.253985e-13
-1.000000e+00 -1.000000e+00 1.285000e+03 0.000000e+00 -1.000000e+00 -1.000000e+00 0.000000e+00 7.354995e-02 -1.000000e+00 0.000000e+00 1.215000e+03 1.000000e+00 -1.000000e+00 0.000000e+00 -1.000000e+00 -1.000000e+00 3.318878e-03 -1.000000e+00 0.000000e+00 -9.990070e+05 3.000000e+00 -1.000000e+00 -1.000000e+00 1.664153e-02 0.000000e+00 0.000000e+00 -1.000000e+00 8.001750e-02 -1.000000e+00 -9.990070e+05 8.001750e-02 2.554699e-01 5.969805e-01 -1.000000e+00 -1.000000e+00 -1.000000e+00 2 0.000000e+00 1.231650e-01
-1.000000e+00 -1.000000e+00 8.350000e+02 0.000000e+00 -1.000000e+00 -1.000000e+00 0.000000e+00 9.184223e-21 -1.000000e+00 0.000000e+00 7.650000e+02 1.000000e+00 -1.000000e+00 0.000000e+00 -1.000000e+00 -1.000000e+00 1.724768e-28 -1.000000e+00 0.000000e+00 -9.990070e+05 3.000000e+00 -1.000000e+00 -1.000000e+00 1.388753e-24 0.000000e+00 0.000000e+00 -1.000000e+00 3.618531e-23 -1.000000e+00 -9.990070e+05 3.618531e-23 4.230198e-17 1.052317e-13 -1.000000e+00 -1.000000e+00 -1.000000e+00 4 0.000000e+00 1.172111e-22
-1.000000e+00 -1.000000e+00 1.350000e+03 0.000000e+00 -1.000000e+00 -1.000000e+00 0.000000e+00 6.832508e-02 -1.000000e+00 0.000000e+00 2.500000e+02 1.000000e+00 -1.000000e+00 0.000000e+00 -1.000000e+00 -1.000000e+00 2.899201e-03 -1.000000e+00 0.000000e+00 -9.990070e+05 3.000000e+00 -1.000000e+00 -1.000000e+00 1.500039e-02 0.000000e+00 0.000000e+00 -1.000000e+00 1.553790e-01 -1.000000e+00 -9.990070e+05 1.553790e-01 2.440078e-01 5.835785e-01 -1.000000e+00 -1.000000e+00 -1.000000e+00 3 0.000000e+00 1.964816e-01
-1.000000e+00 -1.000000e+00 1.545000e+03 0.000000e+00 -1.000000e+00 -1.000000e+00 0.000000e+00 1.538377e-01 -1.000000e+00 0.000000e+00 6.550000e+02 1.000000e+00 -1.000000e+00 0.000000e+00 -1.000000e+00 -1.000000e+00 1.345709e-02 -1.000000e+00 0.000000e+00 -9.990070e+05 3.000000e+00 -1.000000e+00 -1.000000e+00 4.809739e-02 0.000000e+00 0.000000e+00 -1.000000e+00 2.758180e-01 -1.000000e+00 -9.990070e+05 2.758180e-01 3.981902e-01 7.336713e-01 -1.000000e+00 -1.000000e+00 -1.000000e+00 3 0.000000e+00 3.460896e-01
-1.000000e+00 -1.000000e+00 6.400000e+02 0.000000e+00 -1.000000e+00 -1.000000e+00 0.000000e+00 8.458393e-20 -1.000000e+00 0.000000e+00 3.600000e+02 1.000000e+00 -1.000000e+00 0.000000e+00 -1.000000e+00 -1.000000e+00 2.545310e-27 -1.000000e+00 0.000000e+00 -9.990070e+05 3.000000e+00 -1.000000e+00 -1.000000e+00 1.618696e-23 0.000000e+00 0.000000e+00 -1.000000e+00 7.919843e-24 -1.000000e+00 -9.990070e+05 7.919843e-24 3.079955e-16 6.061609e-13 -1.000000e+00 -1.000000e+00 -1.000000e+00 6 0.000000e+00 4.235404e-23
-1.000000e+00 -1.000000e+00 1.295000e+03 0.000000e+00 -1.000000e+00 -1.000000e+00 0.000000e+00 9.447625e-04 -1.000000e+00 0.000000e+00 6.050000e+02 1.000000e+00 -1.000000e+00 0.000000e+00 -1.000000e+00 -1.000000e+00 2.456309e-06 -1.000000e+00 0.000000e+00 -9.990070e+05 3.000000e+00 -1.000000e+00 -1.000000e+00 5.227475e-05 0.000000e+00 0.000000e+00 -1.000000e+00 1.096876e-04 -1.000000e+00 -9.990070e+05 1.096876e-04 1.252985e-02 9.792252e-02 -1.000000e+00 -1.000000e+00 -1.000000e+00 7 0.000000e+00 3.146549e-04
-1.000000e+00 -1.000000e+00 1.095000e+03 0.000000e+00 -1.000000e+00 -1.000000e+00 0.000000e+00 2.012004e-03 -1.000000e+00 0.000000e+00 2.050000e+02 1.000000e+00 -1.000000e+00 0.000000e+00 -1.000000e+00 -1.000000e+00 7.933868e-06 -1.000000e+00 0.000000e+00 -9.990070e+05 3.000000e+00 -1.000000e+00 -1.000000e+00 1.368554e-04 0.000000e+00 0.000000e+00 -1.000000e+00 2.483592e-04 -1.000000e+00 -9.990070e+05 2.483592e-04 2.184410e-02 1.414144e-01 -1.000000e+00 -1.000000e+00 -1.000000e+00 7 0.000000e+00 7.162147e-04
-1.000000e+00 -1.000000e+00 1.490000e+03 0.000000e+00 -1.000000e+00 -1.000000e+00 0.000000e+00 7.881464e-02 -1.000000e+00 0.000000e+00 1.010000e+03 1.000000e+00 -1.000000e+00 0.000000e+00 -1.000000e+00 -1.000000e+00 3.770241e-03 -1.000000e+00 0.000000e+00 -9.990070e+05 3.000000e+00 -1.000000e+00 -1.000000e+00 1.834998e-02 0.000000e+00 0.000000e+00 -1.000000e+00 1.393082e-02 -1.000000e+00 -9.990070e+05 1.393082e-02 2.666488e-01 6.096319e-01 -1.000000e+00 -1.000000e+00 -1.000000e+00 7 0.000000e+00 4.229396e-02
-1.000000e+00 -1.000000e+00 9.400000e+02 0.000000e+00 -1.000000e+00 -1.000000e+00 0.000000e+00 3.061260e-19 -1.000000e+00 0.000000e+00 6.600000e+02 1.000000e+00 -1.000000e+00 0.000000e+00 -1.000000e+00 -1.000000e+00 1.217211e-26 -1.000000e+00 0.000000e+00 -9.990070e+05 3.000000e+00 -1.000000e+00 -1.000000e+00 6.733325e-23 0.000000e+00 0.000000e+00 -1.000000e+00 2.524134e-23 -1.000000e+00 -9.990070e+05 2.524134e-23 9.701762e-16 1.662605e-12 -1.000000e+00 -1.000000e+00 -1.000000e+00 6 0.000000e+00 1.399932e-22
-1.000000e+00 -1.000000e+00 8.450000e+02 0.000000e+00 -1.000000e+00 -1.000000e+00 0.000000e+00 1.761397e-08 -1.000000e+00 0.000000e+00 1.550000e+02 1.000000e+00 -1.000000e+00 0.000000e+00 -1.000000e+00 -1.000000e+00 5.004108e-13 -1.000000e+00 0.000000e+00 -9.990070e+05 3.000000e+00 -1.000000e+00 -1.000000e+00 1.030050e-10 0.000000e+00 0.000000e+00 -1.000000e+00 9.066376e-12 -1.000000e+00 -9.990070e+05 9.066376e-12 2.132142e-06 1.428126e-04 -1.000000e+00 -1.000000e+00 -1.000000e+00 6 0.000000e+00 6.538781e-11
-1.000000e+00 -1.000000e+00 8.900000e+02 0.000000e+00 -1.000000e+00 -1.000000e+00 0.000000e+00 2.183968e-17 -1.000000e+00 0.000000e+00 4.100000e+02 1.000000e+00 -1.000000e+00 0.000000e+00 -1.000000e+00 -1.000000e+00 2.259197e-24 -1.000000e+00 0.000000e+00 -9.990070e+05 3.000000e+00 -1.000000e+00 -1.000000e+00 7.744478e-21 0.000000e+00 0.000000e+00 -1.000000e+00 2.682694e-21 -1.000000e+00 -9.990070e+05 2.682694e-21 4.298654e-14 4.583278e-11 -1.000000e+00 -1.000000e+00 -1.000000e+00 6 0.000000e+00 1.496568e-20
-1.000000e+00 -1.000000e+00 1.240000e+03 0.000000e+00 -1.000000e+00 -1.000000e+00 0.000000e+00 4.230556e-04 -1.000000e+00 0.000000e+00 9.600000e+02 1.000000e+00 -1.000000e+00 0.000000e+00 -1.000000e+00 -1.000000e+00 7.230382e-07 -1.000000e+00 0.000000e+00 -9.990070e+05 3.000000e+00 -1.000000e+00 -1.000000e+00 1.900952e-05 0.000000e+00 0.000000e+00 -1.000000e+00 8.476951e-06 -1.000000e+00 -9.990070e+05 8.476951e-06 6.870567e-03 6.507672e-02 -1.000000e+00 -1.000000e+00 -1.000000e+00 1 0.000000e+00 3.874918e-05
-1.000000e+00 -1.000000e+00 1.500000e+03 0.000000e+00 -1.000000e+00 -1.000000e+00 0.000000e+00 1.880776e-01 -1.000000e+00 0.000000e+00 4.000000e+02 1.000000e+00 -1.000000e+00 0.000000e+00 -1.000000e+00 -1.000000e+00 2.004866e-02 -1.000000e+00 0.000000e+00 -9.990070e+05 3.000000e+00 -1.000000e+00 -1.000000e+00 6.473967e-02 0.000000e+00 0.000000e+00 -1.000000e+00 3.158089e-01 -1.000000e+00 -9.990070e+05 3.158089e-01 4.467754e-01 7.704495e-01 -1.000000e+00 -1.000000e+00 -1.000000e+00 3 0.000000e+00 3.954246e-01
-1.000000e+00 -1.000000e+00 7.400000e+02 0.000000e+00 -1.000000e+00 -1.000000e+00 0.000000e+00 2.397331e-14 -1.000000e+00 0.000000e+00 2.600000e+02 1.000000e+00 -1.000000e+00 0.000000e+00 -1.000000e+00 -1.000000e+00 1.347757e-20 -1.000000e+00 0.000000e+00 -9.990070e+05 3.000000e+00 -1.000000e+00 -1.000000e+00 1.979788e-17 0.000000e+00 0.000000e+00 -1.000000e+00 4.860947e-18 -1.000000e+00 -9.990070e+05 4.860947e-18 2.031849e-11 9.366026e-09 -1.000000e+00 -1.000000e+00 -1.000000e+00 6 0.000000e+00 2.841289e-17
-1.000000e+00 -1.000000e+00 6.850000e+02 0.000000e+00 -1.000000e+00 -1.000000e+00 0.000000e+00 5.648557e-14 -1.000000e+00 0.000000e+00 6.150000e+02 1.000000e+00 -1.000000e+00 0.000000e+00 -1.000000e+00 -1.000000e+00 3.956144e-20 -1.000000e+00 0.000000e+00 -9.990070e+05 3.000000e+00 -1.000000e+00 -1.000000e+00 5.205793e-17 0.000000e+00 0.000000e+00 -1.000000e+00 4.132036e-16 -1.000000e+00 -9.990070e+05 4.132036e-16 4.291695e-11 1.774566e-08 -1.000000e+00 -1.000000e+00 -1.000000e+00 4 0.000000e+00 1.393200e-15
-1.000000e+00 -1.000000e+00 7.900000e+02 0.000000e+00 -1.000000e+00 -1.000000e+00 0.000000e+00 3.825373e-20 -1.000000e+00 0.000000e+00 5.100000e+02 1.000000e+00 -1.000000e+00 0.000000e+00 -1.000000e+00 -1.000000e+00 9.713151e-28 -1.000000e+00 0.000000e+00 -9.990070e+05 3.000000e+00 -1.000000e+00 -1.000000e+00 6.725121e-24 0.000000e+00 0.000000e+00 -1.000000e+00 4.985952e-24 -1.000000e+00 -9.990070e+05 4.985952e-24 1.515987e-16 3.246283e-13 -1.000000e+00 -1.000000e+00 -1.000000e+00 6 0.000000e+00 2.519112e-23
-1.000000e+00 -1.000000e+00 1.090000e+03 0.000000e+00 -1.000000e+00 -1.000000e+00 0.000000e+00 2.457574e-10 -1.000000e+00 0.000000e+00 8.100000e+02 1.000000e+00 -1.000000e+00 0.000000e+00 -1.000000e+00 -1.000000e+00 1.782378e-15 -1.000000e+00 0.000000e+00 -9.990070e+05 3.000000e+00 -1.000000e+00 -1.000000e+00 7.273547e-13 0.000000e+00 0.000000e+00 -1.000000e+00 7.950587e-14 -1.000000e+00 -9.990070e+05 7.950587e-14 5.848712e-08 7.642024e-06 -1.000000e+00 -1.000000e+00 -1.000000e+00 6 0.000000e+00 5.411793e-13
-1.000000e+00 -1.000000e+00 1.340000e+03 0.000000e+00 -1.000000e+00 -1.000000e+00 0.000000e+00 2.006868e-03 -1.000000e+00 0.000000e+00 8.600000e+02 1.000000e+00 -1.000000e+00 0.000000e+00 -1.000000e+00 -1.000000e+00 7.902167e-06 -1.000000e+00 0.000000e+00 -9.990070e+05 3.000000e+00 -1.000000e+00 -1.000000e+00 1.364082e-04 0.000000e+00 0.000000e+00 -1.000000e+00 2.458714e-04 -1.000000e+00 -9.990070e+05 2.458714e-04 2.180347e-02 1.412431e-01 -1.000000e+00 -1.000000e+00 -1.000000e+00 7 0.000000e+00 7.105035e-04
-1.000000e+00 -1.000000e+00 1.800000e+03 0.000000e+00 -1.000000e+00 -1.000000e+00 0.000000e+00 6.627448e-01 -1.000000e+00 0.000000e+00 7.000000e+02 1.000000e+00 -1.000000e+00 0.000000e+00 -1.000000e+00 -1.000000e+00 3.262724e-01 -1.000000e+00 0.000000e+00 -9.990070e+05 3.000000e+00 -1.000000e+00 -1.000000e+00 4.757683e-01 1.000000e+00 0.000000e+00 -1.000000e+00 5.000000e-01 -1.000000e+00 -9.990070e+05 5.000000e-01 8.481420e-01 9.629844e-01 -1.000000e+00 -1.000000e+00 -1.000000e+00 3 0.000000e+00 7.478004e-01
-1.000000e+00 -1.000000e+00 1.650000e+03 0.000000e+00 -1.000000e+00 -1.000000e+00 0.000000e+00 4.046560e-01 -1.000000e+00 0.000000e+00 5.500000e+02 1.000000e+00 -1.000000e+00 0.000000e+00 -1.000000e+00 -1.000000e+00 1.012415e-01 -1.000000e+00 0.000000e+00 -9.990070e+05 3.000000e+00 -1.000000e+00 -1.000000e+00 2.103707e-01 1.000000e+00 0.000000e+00 -1.000000e+00 5.000000e-01 -1.000000e+00 -9.990070e+05 5.000000e-01 6.729504e-01 8.987745e-01 -1.000000e+00 -1.000000e+00 -1.000000e+00 3 0.000000e+00 6.268241e-01
-1.000000e+00 -1.000000e+00 1.750000e+03 0.000000e+00 -1.000000e+00 -1.000000e+00 0.000000e+00 6.733467e-01 -1.000000e+00 0.000000e+00 4.500000e+02 1.000000e+00 -1.000000e+00 0.000000e+00 -1.000000e+00 -1.000000e+00 3.396481e-01 -1.000000e+00 0.000000e+00 -9.990070e+05 3.000000e+00 -1.000000e+00 -1.000000e+00 4.889665e-01 1.000000e+00 0.000000e+00 -1.000000e+00 5.000000e-01 -1.000000e+00 -9.990070e+05 5.000000e-01 8.540098e-01 9.647152e-01 -1.000000e+00 -1.000000e+00 -1.000000e+00 3 0.000000e+00 7.537764e-01
-1.000000e+00 -1.000000e+00 1.445000e+03 0.000000e+00 -1.000000e+00 -1.000000e+00 0.000000e+00 2.990993e-02 -1.000000e+00 0.000000e+00 7.550000e+02 1.000000e+00 -1.000000e+00 0.000000e+00 -1.000000e+00 -1.000000e+00 6.656928e-04 -1.000000e+00 0.000000e+00 -9.990070e+05 3.000000e+00 -1.000000e+00 -1.000000e+00 4.782956e-03 0.000000e+00 0.000000e+00 -1.000000e+00 4.681179e-03 -1.000000e+00 -9.990070e+05 4.681179e-03 1.435118e-01 4.420583e-01 -1.000000e+00 -1.000000e+00 -1.000000e+00 7 0.000000e+00 1.399043e-02
-1.000000e+00 -1.000000e+00 6.100000e+02 0.000000e+00 -1.000000e+00 -1.000000e+00 0.000000e+00 3.640386e-29 -1.000000e+00 0.000000e+00 5.400000e+02 1.000000e+00 -1.000000e+00 0.000000e+00 -1.000000e+00 -1.000000e+00 1.687595e-38 -1.000000e+00 0.000000e+00 -9.990070e+05 3.000000e+00 -1.000000e+00 -1.000000e+00 8.659092e-34 0.000000e+00 0.000000e+00 -1.000000e+00 1.287917e-31 -1.000000e+00 -9.990070e+05 1.287917e-31 1.062558e-24 1.668000e-20 -1.000000e+00 -1.000000e+00 -1.000000e+00 4 0.000000e+00 3.861131e-31
-1.000000e+00 -1.000000e+00 1.595000e+03 0.000000e+00 -1.000000e+00 -1.000000e+00 0.000000e+00 2.167616e-01 -1.000000e+00 0.000000e+00 9.050000e+02 1.000000e+00 -1.000000e+00 0.000000e+00 -1.000000e+00 -1.000000e+00 2.671719e-02 -1.000000e+00 0.000000e+00 -9.990070e+05 3.000000e+00 -1.000000e+00 -1.000000e+00 8.006417e-02 0.000000e+00 0.000000e+00 -1.000000e+00 3.473318e-01 -1.000000e+00 -9.990070e+05 3.473318e-01 4.837881e-01 7.959163e-01 -1.000000e+00 -1.000000e+00 -1.000000e+00 3 0.000000e+00 4.340085e-01
-1.000000e+00 -1.000000e+00 1.190000e+03 0.000000e+00 -1.000000e+00 -1.000000e+00 0.000000e+00 3.133918e-07 -1.000000e+00 0.000000e+00 7.100000e+02 1.000000e+00 -1.000000e+00 0.000000e+00 -1.000000e+00 -1.000000e+00 2.455863e-11 -1.000000e+00 0.000000e+00 -9.990070e+05 3.000000e+00 -1.000000e+00 -1.000000e+00 3.038972e-09 0.000000e+00 0.000000e+00 -1.000000e+00 2.132856e-10 -1.000000e+00 -9.990070e+05 2.132856e-10 2.298860e-05 9.404651e-04 -1.000000e+00 -1.000000e+00 -1.000000e+00 6 0.000000e+00 1.647028e-09
-1.000000e+00 -1.000000e+00 9.950000e+02 0.000000e+00 -1.000000e+00 -1.000000e+00 0.000000e+00 1.821351e-09 -1.000000e+00 0.000000e+00 3.050000e+02 1.000000e+00 -1.000000e+00 0.000000e+00 -1.000000e+00 -1.000000e+00 2.460536e-14 -1.000000e+00 0.000000e+00 -9.990070e+05 3.000000e+00 -1.000000e+00 -1.000000e+00 7.351863e-12 0.000000e+00 0.000000e+00 -1.000000e+00 6.395363e-13 -1.000000e+00 -9.990070e+05 6.395363e-13 3.184865e-07 3.067542e-05 -1.000000e+00 -1.000000e+00 -1.000000e+00 6 0.000000e+00 4.591769e-12
-1.000000e+00 -1.000000e+00 8.150000e+02 0.000000e+00 -1.000000e+00 -1.000000e+00 0.000000e+00 1.370485e-15 -1.000000e+00 0.000000e+00 3.350000e+02 1.000000e+00 -1.000000e+00 0.000000e+00 -1.000000e+00 -1.000000e+00 3.777256e-22 -1.000000e+00 0.000000e+00 -9.990070e+05 3.000000e+00 -1.000000e+00 -1.000000e+00 7.928210e-19 0.000000e+00 0.000000e+00 -1.000000e+00 2.426422e-19 -1.000000e+00 -9.990070e+05 2.426422e-19 1.656035e-12 1.086330e-09 -1.000000e+00 -1.000000e+00 -1.000000e+00 6 0.000000e+00 1.372129e-18
-1.000000e+00 -1.000000e+00 1.640000e+03 0.000000e+00 -1.000000e+00 -1.000000e+00 0.000000e+00 3.797377e-01 -1.000000e+00 0.000000e+00 1.160000e+03 1.000000e+00 -1.000000e+00 0.000000e+00 -1.000000e+00 -1.000000e+00 8.785085e-02 -1.000000e+00 0.000000e+00 -9.990070e+05 3.000000e+00 -1.000000e+00 -1.000000e+00 1.901268e-01 0.000000e+00 0.000000e+00 -1.000000e+00 4.948104e-01 -1.000000e+00 -9.990070e+05 4.948104e-01 6.518138e-01 8.892179e-01 -1.000000e+00 -1.000000e+00 -1.000000e+00 3 0.000000e+00 6.134654e-01
-1.000000e+00 -1.000000e+00 1.600000e+03 0.000000e+00 -1.000000e+00 -1.000000e+00 0.000000e+00 4.818044e-01 -1.000000e+00 0.000000e+00 3.000000e+02 1.000000e+00 -1.000000e+00 0.000000e+00 -1.000000e+00 -1.000000e+00 1.508417e-01 -1.000000e+00 0.000000e+00 -9.990070e+05 3.000000e+00 -1.000000e+00 -1.000000e+00 2.788833e-01 1.000000e+00 0.000000e+00 -1.000000e+00 5.000000e-01 -1.000000e+00 -9.990070e+05 5.000000e-01 7.328895e-01 9.236276e-01 -1.000000e+00 -1.000000e+00 -1.000000e+00 3 0.000000e+00 6.586766e-01
