-1.000000e+00 -1.000000e+00 1.020000e+03 0.000000e+00 -1.000000e+00 -1.000000e+00 0.000000e+00 3.202097e-01 -1.000000e+00 0.000000e+00 1.300000e+02 1.000000e+00 -1.000000e+00 0.000000e+00 -1.000000e+00 -1.000000e+00 6.050987e-02 -1.000000e+00 0.000000e+00 -9.990070e+05 3.000000e+00 -1.000000e+00 -1.000000e+00 1.454383e-01 0.000000e+00 0.000000e+00 -1.000000e+00 4.907371e-02 -1.000000e+00 -9.990070e+05 4.907371e-02 5.971189e-01 8.624055e-01 -1.000000e+00 -1.000000e+00 -1.000000e+00 -1.0 0.000000e+00 1.926975e-01
-1.000000e+00 -1.000000e+00 1.040000e+03 0.000000e+00 -1.000000e+00 -1.000000e+00 0.000000e+00 6.202120e-03 -1.000000e+00 0.000000e+00 5.600000e+02 1.000000e+00 -1.000000e+00 0.000000e+00 -1.000000e+00 -1.000000e+00 4.769478e-05 -1.000000e+00 0.000000e+00 -9.990070e+05 3.000000e+00 -1.000000e+00 -1.000000e+00 5.871321e-04 0.000000e+00 0.000000e+00 -1.000000e+00 3.861082e-04 -1.000000e+00 -9.990070e+05 3.861082e-04 4.897212e-02 2.359598e-01 -1.000000e+00 -1.000000e+00 -1.000000e+00 -1.0 0.000000e+00 1.452808e-03
-1.000000e+00 -1.000000e+00 1.090000e+03 0.000000e+00 -1.000000e+00 -1.000000e+00 0.000000e+00 9.593748e-04 -1.000000e+00 0.000000e+00 8.100000e+02 1.000000e+00 -1.000000e+00 0.000000e+00 -1.000000e+00 -1.000000e+00 2.514925e-06 -1.000000e+00 0.000000e+00 -9.990070e+05 3.000000e+00 -1.000000e+00 -1.000000e+00 5.330049e-05 0.000000e+00 0.000000e+00 -1.000000e+00 4.511104e-05 -1.000000e+00 -9.990070e+05 4.511104e-05 1.267328e-02 9.867275e-02 -1.000000e+00 -1.000000e+00 -1.000000e+00 -1.0 0.000000e+00 1.671795e-04
-1.000000e+00 -1.000000e+00 1.095000e+03 0.000000e+00 -1.000000e+00 -1.000000e+00 0.000000e+00 3.677844e-01 -1.000000e+00 0.000000e+00 2.050000e+02 1.000000e+00 -1.000000e+00 0.000000e+00 -1.000000e+00 -1.000000e+00 8.184830e-02 -1.000000e+00 0.000000e+00 -9.990070e+05 3.000000e+00 -1.000000e+00 -1.000000e+00 1.807389e-01 0.000000e+00 0.000000e+00 -1.000000e+00 5.918960e-02 -1.000000e+00 -9.990070e+05 5.918960e-02 6.413272e-01 8.843147e-01 -1.000000e+00 -1.000000e+00 -1.000000e+00 -1.0 0.000000e+00 2.327440e-01
-1.000000e+00 -1.000000e+00 1.135000e+03 0.000000e+00 -1.000000e+00 -1.000000e+00 0.000000e+00 3.351566e-04 -1.000000e+00 0.000000e+00 1.065000e+03 1.000000e+00 -1.000000e+00 0.000000e+00 -1.000000e+00 -1.000000e+00 5.092332e-07 -1.000000e+00 0.000000e+00 -9.990070e+05 3.000000e+00 -1.000000e+00 -1.000000e+00 1.420552e-05 0.000000e+00 0.000000e+00 -1.000000e+00 1.362706e-05 -1.000000e+00 -9.990070e+05 1.362706e-05 5.762113e-03 5.762486e-02 -1.000000e+00 -1.000000e+00 -1.000000e+00 -1.0 0.000000e+00 5.022241e-05
-1.000000e+00 -1.000000e+00 1.145000e+03 0.000000e+00 -1.000000e+00 -1.000000e+00 0.000000e+00 1.722599e-01 -1.000000e+00 0.000000e+00 4.550000e+02 1.000000e+00 -1.000000e+00 0.000000e+00 -1.000000e+00 -1.000000e+00 1.682401e-02 -1.000000e+00 0.000000e+00 -9.990070e+05 3.000000e+00 -1.000000e+00 -1.000000e+00 5.682486e-02 0.000000e+00 0.000000e+00 -1.000000e+00 2.202110e-02 -1.000000e+00 -9.990070e+05 2.202110e-02 4.249908e-01 7.544569e-01 -1.000000e+00 -1.000000e+00 -1.000000e+00 -1.0 0.000000e+00 8.526628e-02
-1.000000e+00 -1.000000e+00 1.190000e+03 0.000000e+00 -1.000000e+00 -1.000000e+00 0.000000e+00 9.648309e-02 -1.000000e+00 0.000000e+00 7.100000e+02 1.000000e+00 -1.000000e+00 0.000000e+00 -1.000000e+00 -1.000000e+00 5.496874e-03 -1.000000e+00 0.000000e+00 -9.990070e+05 3.000000e+00 -1.000000e+00 -1.000000e+00 2.446932e-02 0.000000e+00 0.000000e+00 -1.000000e+00 1.055195e-02 -1.000000e+00 -9.990070e+05 1.055195e-02 3.018241e-01 6.469815e-01 -1.000000e+00 -1.000000e+00 -1.000000e+00 -1.0 0.000000e+00 4.061618e-02
-1.000000e+00 -1.000000e+00 1.200000e+03 0.000000e+00 -1.000000e+00 -1.000000e+00 0.000000e+00 7.056355e-01 -1.000000e+00 0.000000e+00 1.000000e+02 1.000000e+00 -1.000000e+00 0.000000e+00 -1.000000e+00 -1.000000e+00 3.828517e-01 -1.000000e+00 0.000000e+00 -9.990070e+05 3.000000e+00 -1.000000e+00 -1.000000e+00 5.303590e-01 0.000000e+00 0.000000e+00 -1.000000e+00 1.463952e-01 -1.000000e+00 -9.990070e+05 1.463952e-01 8.713667e-01 9.696884e-01 -1.000000e+00 -1.000000e+00 -1.000000e+00 -1.0 0.000000e+00 5.854365e-01
-1.000000e+00 -1.000000e+00 1.240000e+03 0.000000e+00 -1.000000e+00 -1.000000e+00 0.000000e+00 9.107714e-02 -1.000000e+00 0.000000e+00 9.600000e+02 1.000000e+00 -1.000000e+00 0.000000e+00 -1.000000e+00 -1.000000e+00 4.933614e-03 -1.000000e+00 0.000000e+00 -9.990070e+05 3.000000e+00 -1.000000e+00 -1.000000e+00 2.253536e-02 0.000000e+00 0.000000e+00 -1.000000e+00 9.831504e-03 -1.000000e+00 -9.990070e+05 9.831504e-03 2.914120e-01 6.362930e-01 -1.000000e+00 -1.000000e+00 -1.000000e+00 -1.0 0.000000e+00 3.779596e-02
-1.000000e+00 -1.000000e+00 1.245000e+03 0.000000e+00 -1.000000e+00 -1.000000e+00 0.000000e+00 7.628616e-01 -1.000000e+00 0.000000e+00 3.550000e+02 1.000000e+00 -1.000000e+00 0.000000e+00 -1.000000e+00 -1.000000e+00 4.692430e-01 -1.000000e+00 0.000000e+00 -9.990070e+05 3.000000e+00 -1.000000e+00 -1.000000e+00 6.082697e-01 0.000000e+00 0.000000e+00 -1.000000e+00 1.649148e-01 -1.000000e+00 -9.990070e+05 1.649148e-01 9.003412e-01 9.775105e-01 -1.000000e+00 -1.000000e+00 -1.000000e+00 -1.0 0.000000e+00 6.581878e-01
-1.000000e+00 -1.000000e+00 1.285000e+03 0.000000e+00 -1.000000e+00 -1.000000e+00 0.000000e+00 1.248007e-01 -1.000000e+00 0.000000e+00 1.215000e+03 1.000000e+00 -1.000000e+00 0.000000e+00 -1.000000e+00 -1.000000e+00 8.964374e-03 -1.000000e+00 0.000000e+00 -9.990070e+05 3.000000e+00 -1.000000e+00 -1.000000e+00 3.544459e-02 0.000000e+00 0.000000e+00 -1.000000e+00 1.461099e-02 -1.000000e+00 -9.990070e+05 1.461099e-02 3.522322e-01 6.948672e-01 -1.000000e+00 -1.000000e+00 -1.000000e+00 -1.0 0.000000e+00 5.635084e-02
-1.000000e+00 -1.000000e+00 1.295000e+03 0.000000e+00 -1.000000e+00 -1.000000e+00 0.000000e+00 4.436781e-01 -1.000000e+00 0.000000e+00 6.050000e+02 1.000000e+00 -1.000000e+00 0.000000e+00 -1.000000e+00 -1.000000e+00 1.247225e-01 -1.000000e+00 0.000000e+00 -9.990070e+05 3.000000e+00 -1.000000e+00 -1.000000e+00 2.439136e-01 0.000000e+00 0.000000e+00 -1.000000e+00 7.601758e-02 -1.000000e+00 -9.990070e+05 7.601758e-02 7.042400e-01 9.121506e-01 -1.000000e+00 -1.000000e+00 -1.000000e+00 -1.0 0.000000e+00 3.009605e-01
-1.000000e+00 -1.000000e+00 1.340000e+03 0.000000e+00 -1.000000e+00 -1.000000e+00 0.000000e+00 3.654786e-01 -1.000000e+00 0.000000e+00 8.600000e+02 1.000000e+00 -1.000000e+00 0.000000e+00 -1.000000e+00 -1.000000e+00 8.072094e-02 -1.000000e+00 0.000000e+00 -9.990070e+05 3.000000e+00 -1.000000e+00 -1.000000e+00 1.789519e-01 0.000000e+00 0.000000e+00 -1.000000e+00 5.851141e-02 -1.000000e+00 -9.990070e+05 5.851141e-02 6.392772e-01 8.833433e-01 -1.000000e+00 -1.000000e+00 -1.000000e+00 -1.0 0.000000e+00 2.304945e-01
-1.000000e+00 -1.000000e+00 1.350000e+03 0.000000e+00 -1.000000e+00 -1.000000e+00 0.000000e+00 7.707697e-01 -1.000000e+00 0.000000e+00 2.500000e+02 1.000000e+00 -1.000000e+00 0.000000e+00 -1.000000e+00 -1.000000e+00 4.822417e-01 -1.000000e+00 0.000000e+00 -9.990070e+05 3.000000e+00 -1.000000e+00 -1.000000e+00 6.195068e-01 0.000000e+00 0.000000e+00 -1.000000e+00 1.685029e-01 -1.000000e+00 -9.990070e+05 1.685029e-01 9.041757e-01 9.785014e-01 -1.000000e+00 -1.000000e+00 -1.000000e+00 -1.0 0.000000e+00 6.691034e-01
-1.000000e+00 -1.000000e+00 1.390000e+03 0.000000e+00 -1.000000e+00 -1.000000e+00 0.000000e+00 4.343979e-01 -1.000000e+00 0.000000e+00 1.110000e+03 1.000000e+00 -1.000000e+00 0.000000e+00 -1.000000e+00 -1.000000e+00 1.188498e-01 -1.000000e+00 0.000000e+00 -9.990070e+05 3.000000e+00 -1.000000e+00 -1.000000e+00 2.357316e-01 0.000000e+00 0.000000e+00 -1.000000e+00 7.381589e-02 -1.000000e+00 -9.990070e+05 7.381589e-02 6.969877e-01 9.091301e-01 -1.000000e+00 -1.000000e+00 -1.000000e+00 -1.0 0.000000e+00 2.921981e-01
-1.000000e+00 -1.000000e+00 1.395000e+03 0.000000e+00 -1.000000e+00 -1.000000e+00 0.000000e+00 7.043155e-01 -1.000000e+00 0.000000e+00 5.050000e+02 1.000000e+00 -1.000000e+00 0.000000e+00 -1.000000e+00 -1.000000e+00 3.810104e-01 -1.000000e+00 0.000000e+00 -9.990070e+05 3.000000e+00 -1.000000e+00 -1.000000e+00 5.286310e-01 0.000000e+00 0.000000e+00 -1.000000e+00 1.468074e-01 -1.000000e+00 -9.990070e+05 1.468074e-01 8.706718e-01 9.694935e-01 -1.000000e+00 -1.000000e+00 -1.000000e+00 -1.0 0.000000e+00 5.844280e-01
-1.000000e+00 -1.000000e+00 1.445000e+03 0.000000e+00 -1.000000e+00 -1.000000e+00 0.000000e+00 6.566888e-01 -1.000000e+00 0.000000e+00 7.550000e+02 1.000000e+00 -1.000000e+00 0.000000e+00 -1.000000e+00 -1.000000e+00 3.188055e-01 -1.000000e+00 0.000000e+00 -9.990070e+05 3.000000e+00 -1.000000e+00 -1.000000e+00 4.683152e-01 0.000000e+00 0.000000e+00 -1.000000e+00 1.316575e-01 -1.000000e+00 -9.990070e+05 1.316575e-01 8.447515e-01 9.619727e-01 -1.000000e+00 -1.000000e+00 -1.000000e+00 -1.0 0.000000e+00 5.263697e-01
-1.000000e+00 -1.000000e+00 1.450000e+03 0.000000e+00 -1.000000e+00 -1.000000e+00 0.000000e+00 9.002299e-01 -1.000000e+00 0.000000e+00 1.500000e+02 1.000000e+00 -1.000000e+00 0.000000e+00 -1.000000e+00 -1.000000e+00 7.374830e-01 -1.000000e+00 0.000000e+00 -9.990070e+05 3.000000e+00 -1.000000e+00 -1.000000e+00 8.207477e-01 0.000000e+00 0.000000e+00 -1.000000e+00 2.181402e-01 -1.000000e+00 -9.990070e+05 2.181402e-01 9.616891e-01 9.921496e-01 -1.000000e+00 -1.000000e+00 -1.000000e+00 -1.0 0.000000e+00 8.493237e-01
-1.000000e+00 -1.000000e+00 1.490000e+03 0.000000e+00 -1.000000e+00 -1.000000e+00 0.000000e+00 6.288295e-01 -1.000000e+00 0.000000e+00 1.010000e+03 1.000000e+00 -1.000000e+00 0.000000e+00 -1.000000e+00 -1.000000e+00 2.860291e-01 -1.000000e+00 0.000000e+00 -9.990070e+05 3.000000e+00 -1.000000e+00 -1.000000e+00 4.348258e-01 0.000000e+00 0.000000e+00 -1.000000e+00 1.237896e-01 -1.000000e+00 -9.990070e+05 1.237896e-01 8.287816e-01 9.570933e-01 -1.000000e+00 -1.000000e+00 -1.000000e+00 -1.0 0.000000e+00 4.941432e-01
-1.000000e+00 -1.000000e+00 1.500000e+03 0.000000e+00 -1.000000e+00 -1.000000e+00 0.000000e+00 8.439770e-01 -1.000000e+00 0.000000e+00 4.000000e+02 1.000000e+00 -1.000000e+00 0.000000e+00 -1.000000e+00 -1.000000e+00 6.161302e-01 -1.000000e+00 0.000000e+00 -9.990070e+05 3.000000e+00 -1.000000e+00 -1.000000e+00 7.291942e-01 0.000000e+00 0.000000e+00 -1.000000e+00 1.920586e-01 -1.000000e+00 -9.990070e+05 1.920586e-01 9.378650e-01 9.867700e-01 -1.000000e+00 -1.000000e+00 -1.000000e+00 -1.0 0.000000e+00 7.672944e-01
-1.000000e+00 -1.000000e+00 1.540000e+03 0.000000e+00 -1.000000e+00 -1.000000e+00 0.000000e+00 7.007094e-01 -1.000000e+00 0.000000e+00 1.260000e+03 1.000000e+00 -1.000000e+00 0.000000e+00 -1.000000e+00 -1.000000e+00 3.760135e-01 -1.000000e+00 0.000000e+00 -9.990070e+05 3.000000e+00 -1.000000e+00 -1.000000e+00 5.239263e-01 0.000000e+00 0.000000e+00 -1.000000e+00 1.455089e-01 -1.000000e+00 -9.990070e+05 1.455089e-01 8.687674e-01 9.689575e-01 -1.000000e+00 -1.000000e+00 -1.000000e+00 -1.0 0.000000e+00 5.798507e-01
-1.000000e+00 -1.000000e+00 1.545000e+03 0.000000e+00 -1.000000e+00 -1.000000e+00 0.000000e+00 8.188292e-01 -1.000000e+00 0.000000e+00 6.550000e+02 1.000000e+00 -1.000000e+00 0.000000e+00 -1.000000e+00 -1.000000e+00 5.672605e-01 -1.000000e+00 0.000000e+00 -9.990070e+05 3.000000e+00 -1.000000e+00 -1.000000e+00 6.903415e-01 0.000000e+00 0.000000e+00 -1.000000e+00 1.828024e-01 -1.000000e+00 -9.990070e+05 1.828024e-01 9.266491e-01 9.841039e-01 -1.000000e+00 -1.000000e+00 -1.000000e+00 -1.0 0.000000e+00 7.323224e-01
-1.000000e+00 -1.000000e+00 1.595000e+03 0.000000e+00 -1.000000e+00 -1.000000e+00 0.000000e+00 8.110458e-01 -1.000000e+00 0.000000e+00 9.050000e+02 1.000000e+00 -1.000000e+00 0.000000e+00 -1.000000e+00 -1.000000e+00 5.527638e-01 -1.000000e+00 0.000000e+00 -9.990070e+05 3.000000e+00 -1.000000e+00 -1.000000e+00 6.785686e-01 0.000000e+00 0.000000e+00 -1.000000e+00 1.812534e-01 -1.000000e+00 -9.990070e+05 1.812534e-01 9.231037e-01 9.832432e-01 -1.000000e+00 -1.000000e+00 -1.000000e+00 -1.0 0.000000e+00 7.222859e-01
-1.000000e+00 -1.000000e+00 1.600000e+03 0.000000e+00 -1.000000e+00 -1.000000e+00 0.000000e+00 9.204803e-01 -1.000000e+00 0.000000e+00 3.000000e+02 1.000000e+00 -1.000000e+00 0.000000e+00 -1.000000e+00 -1.000000e+00 7.855758e-01 -1.000000e+00 0.000000e+00 -9.990070e+05 3.000000e+00 -1.000000e+00 -1.000000e+00 8.553348e-01 0.000000e+00 0.000000e+00 -1.000000e+00 2.284539e-01 -1.000000e+00 -9.990070e+05 2.284539e-01 9.698586e-01 9.939062e-01 -1.000000e+00 -1.000000e+00 -1.000000e+00 -1.0 0.000000e+00 8.795179e-01
-1.000000e+00 -1.000000e+00 1.640000e+03 0.000000e+00 -1.000000e+00 -1.000000e+00 0.000000e+00 8.180922e-01 -1.000000e+00 0.000000e+00 1.160000e+03 1.000000e+00 -1.000000e+00 0.000000e+00 -1.000000e+00 -1.000000e+00 5.658753e-01 -1.000000e+00 0.000000e+00 -9.990070e+05 3.000000e+00 -1.000000e+00 -1.000000e+00 6.892217e-01 0.000000e+00 0.000000e+00 -1.000000e+00 1.831293e-01 -1.000000e+00 -9.990070e+05 1.831293e-01 9.263149e-01 9.840231e-01 -1.000000e+00 -1.000000e+00 -1.000000e+00 -1.0 0.000000e+00 7.316004e-01
-1.000000e+00 -1.000000e+00 1.650000e+03 0.000000e+00 -1.000000e+00 -1.000000e+00 0.000000e+00 9.043957e-01 -1.000000e+00 0.000000e+00 5.500000e+02 1.000000e+00 -1.000000e+00 0.000000e+00 -1.000000e+00 -1.000000e+00 7.471768e-01 -1.000000e+00 0.000000e+00 -9.990070e+05 3.000000e+00 -1.000000e+00 -1.000000e+00 8.277909e-01 0.000000e+00 0.000000e+00 -1.000000e+00 2.151261e-01 -1.000000e+00 -9.990070e+05 2.151261e-01 9.633868e-01 9.925184e-01 -1.000000e+00 -1.000000e+00 -1.000000e+00 -1.0 0.000000e+00 8.541514e-01
-1.000000e+00 -1.000000e+00 1.695000e+03 0.000000e+00 -1.000000e+00 -1.000000e+00 0.000000e+00 9.470603e-01 -1.000000e+00 0.000000e+00 8.050000e+02 1.000000e+00 -1.000000e+00 0.000000e+00 -1.000000e+00 -1.000000e+00 8.525410e-01 -1.000000e+00 0.000000e+00 -9.990070e+05 3.000000e+00 -1.000000e+00 -1.000000e+00 9.020925e-01 0.000000e+00 0.000000e+00 -1.000000e+00 2.358515e-01 -1.000000e+00 -9.990070e+05 2.358515e-01 9.802702e-01 9.960799e-01 -1.000000e+00 -1.000000e+00 -1.000000e+00 -1.0 0.000000e+00 9.185052e-01
-1.000000e+00 -1.000000e+00 1.705000e+03 0.000000e+00 -1.000000e+00 -1.000000e+00 0.000000e+00 9.660388e-01 -1.000000e+00 0.000000e+00 1.950000e+02 1.000000e+00 -1.000000e+00 0.000000e+00 -1.000000e+00 -1.000000e+00 9.031670e-01 -1.000000e+00 0.000000e+00 -9.990070e+05 3.000000e+00 -1.000000e+00 -1.000000e+00 9.364464e-01 0.000000e+00 0.000000e+00 -1.000000e+00 2.413495e-01 -1.000000e+00 -9.990070e+05 2.413495e-01 9.874943e-01 9.975454e-01 -1.000000e+00 -1.000000e+00 -1.000000e+00 -1.0 0.000000e+00 9.471287e-01
-1.000000e+00 -1.000000e+00 1.745000e+03 0.000000e+00 -1.000000e+00 -1.000000e+00 0.000000e+00 8.964059e-01 -1.000000e+00 0.000000e+00 1.055000e+03 1.000000e+00 -1.000000e+00 0.000000e+00 -1.000000e+00 -1.000000e+00 7.286742e-01 -1.000000e+00 0.000000e+00 -9.990070e+05 3.000000e+00 -1.000000e+00 -1.000000e+00 8.143151e-01 0.000000e+00 0.000000e+00 -1.000000e+00 2.130770e-01 -1.000000e+00 -9.990070e+05 2.130770e-01 9.601229e-01 9.918078e-01 -1.000000e+00 -1.000000e+00 -1.000000e+00 -1.0 0.000000e+00 8.427430e-01
-1.000000e+00 -1.000000e+00 1.750000e+03 0.000000e+00 -1.000000e+00 -1.000000e+00 0.000000e+00 9.527819e-01 -1.000000e+00 0.000000e+00 4.500000e+02 1.000000e+00 -1.000000e+00 0.000000e+00 -1.000000e+00 -1.000000e+00 8.675503e-01 -1.000000e+00 0.000000e+00 -9.990070e+05 3.000000e+00 -1.000000e+00 -1.000000e+00 9.123632e-01 0.000000e+00 0.000000e+00 -1.000000e+00 2.366076e-01 -1.000000e+00 -9.990070e+05 2.366076e-01 9.824662e-01 9.965291e-01 -1.000000e+00 -1.000000e+00 -1.000000e+00 -1.0 0.000000e+00 9.269460e-01
-1.000000e+00 -1.000000e+00 1.800000e+03 0.000000e+00 -1.000000e+00 -1.000000e+00 0.000000e+00 9.465306e-01 -1.000000e+00 0.000000e+00 7.000000e+02 1.000000e+00 -1.000000e+00 0.000000e+00 -1.000000e+00 -1.000000e+00 8.511622e-01 -1.000000e+00 0.000000e+00 -9.990070e+05 3.000000e+00 -1.000000e+00 -1.000000e+00 9.011452e-01 0.000000e+00 0.000000e+00 -1.000000e+00 2.356885e-01 -1.000000e+00 -9.990070e+05 2.356885e-01 9.800661e-01 9.960379e-01 -1.000000e+00 -1.000000e+00 -1.000000e+00 -1.0 0.000000e+00 9.177138e-01
-1.000000e+00 -1.000000e+00 6.100000e+02 0.000000e+00 -1.000000e+00 -1.000000e+00 0.000000e+00 8.758406e-41 -1.000000e+00 0.000000e+00 5.400000e+02 1.000000e+00 -1.000000e+00 0.000000e+00 -1.000000e+00 -1.000000e+00 5.504117e-52 -1.000000e+00 0.000000e+00 -9.990070e+05 3.000000e+00 -1.000000e+00 -1.000000e+00 2.427739e-46 0.000000e+00 0.000000e+00 -1.000000e+00 1.948876e-43 -1.000000e+00 -9.990070e+05 1.948876e-43 2.188881e-35 2.933843e-30 -1.000000e+00 -1.000000e+00 -1.000000e+00 -1.0 0.000000e+00 5.636946e-43
-1.000000e+00 -1.000000e+00 6.400000e+02 0.000000e+00 -1.000000e+00 -1.000000e+00 0.000000e+00 1.148432e-10 -1.000000e+00 0.000000e+00 3.600000e+02 1.000000e+00 -1.000000e+00 0.000000e+00 -1.000000e+00 -1.000000e+00 6.625504e-16 -1.000000e+00 0.000000e+00 -9.990070e+05 3.000000e+00 -1.000000e+00 -1.000000e+00 3.032210e-13 0.000000e+00 0.000000e+00 -1.000000e+00 1.744767e-12 -1.000000e+00 -9.990070e+05 1.744767e-12 3.061533e-08 4.476096e-06 -1.000000e+00 -1.000000e+00 -1.000000e+00 -1.0 0.000000e+00 5.723045e-12
-1.000000e+00 -1.000000e+00 6.650000e+02 0.000000e+00 -1.000000e+00 -1.000000e+00 0.000000e+00 1.209387e-04 -1.000000e+00 0.000000e+00 1.850000e+02 1.000000e+00 -1.000000e+00 0.000000e+00 -1.000000e+00 -1.000000e+00 1.118589e-07 -1.000000e+00 0.000000e+00 -9.990070e+05 3.000000e+00 -1.000000e+00 -1.000000e+00 4.005947e-06 0.000000e+00 0.000000e+00 -1.000000e+00 4.298969e-06 -1.000000e+00 -9.990070e+05 4.298969e-06 2.645819e-03 3.333423e-02 -1.000000e+00 -1.000000e+00 -1.000000e+00 -1.0 0.000000e+00 1.578070e-05
-1.000000e+00 -1.000000e+00 6.850000e+02 0.000000e+00 -1.000000e+00 -1.000000e+00 0.000000e+00 2.112254e-23 -1.000000e+00 0.000000e+00 6.150000e+02 1.000000e+00 -1.000000e+00 0.000000e+00 -1.000000e+00 -1.000000e+00 1.154106e-31 -1.000000e+00 0.000000e+00 -9.990070e+05 3.000000e+00 -1.000000e+00 -1.000000e+00 1.723607e-27 0.000000e+00 0.000000e+00 -1.000000e+00 7.046947e-26 -1.000000e+00 -9.990070e+05 7.046947e-26 1.800598e-19 8.276117e-16 -1.000000e+00 -1.000000e+00 -1.000000e+00 -1.0 0.000000e+00 2.248110e-25
-1.000000e+00 -1.000000e+00 7.150000e+02 0.000000e+00 -1.000000e+00 -1.000000e+00 0.000000e+00 3.193061e-13 -1.000000e+00 0.000000e+00 4.350000e+02 1.000000e+00 -1.000000e+00 0.000000e+00 -1.000000e+00 -1.000000e+00 3.520948e-19 -1.000000e+00 0.000000e+00 -9.990070e+05 3.000000e+00 -1.000000e+00 -1.000000e+00 3.691218e-16 0.000000e+00 0.000000e+00 -1.000000e+00 3.373031e-15 -1.000000e+00 -9.990070e+05 3.373031e-15 1.935958e-10 6.396710e-08 -1.000000e+00 -1.000000e+00 -1.000000e+00 -1.0 0.000000e+00 1.097181e-14
-1.000000e+00 -1.000000e+00 7.400000e+02 0.000000e+00 -1.000000e+00 -1.000000e+00 0.000000e+00 1.035733e-05 -1.000000e+00 0.000000e+00 2.600000e+02 1.000000e+00 -1.000000e+00 0.000000e+00 -1.000000e+00 -1.000000e+00 3.207126e-09 -1.000000e+00 0.000000e+00 -9.990070e+05 3.000000e+00 -1.000000e+00 -1.000000e+00 1.990927e-07 0.000000e+00 0.000000e+00 -1.000000e+00 2.833429e-07 -1.000000e+00 -9.990070e+05 2.833429e-07 3.866667e-04 8.171441e-03 -1.000000e+00 -1.000000e+00 -1.000000e+00 -1.0 0.000000e+00 1.023994e-06
-1.000000e+00 -1.000000e+00 7.900000e+02 0.000000e+00 -1.000000e+00 -1.000000e+00 0.000000e+00 2.314273e-12 -1.000000e+00 0.000000e+00 5.100000e+02 1.000000e+00 -1.000000e+00 0.000000e+00 -1.000000e+00 -1.000000e+00 4.362314e-18 -1.000000e+00 0.000000e+00 -9.990070e+05 3.000000e+00 -1.000000e+00 -1.000000e+00 3.496350e-15 0.000000e+00 0.000000e+00 -1.000000e+00 2.035680e-14 -1.000000e+00 -9.990070e+05 2.035680e-14 1.074972e-09 2.726078e-07 -1.000000e+00 -1.000000e+00 -1.000000e+00 -1.0 0.000000e+00 6.947294e-14
-1.000000e+00 -1.000000e+00 8.150000e+02 0.000000e+00 -1.000000e+00 -1.000000e+00 0.000000e+00 8.244731e-06 -1.000000e+00 0.000000e+00 3.350000e+02 1.000000e+00 -1.000000e+00 0.000000e+00 -1.000000e+00 -1.000000e+00 2.320567e-09 -1.000000e+00 0.000000e+00 -9.990070e+05 3.000000e+00 -1.000000e+00 -1.000000e+00 1.511317e-07 0.000000e+00 0.000000e+00 -1.000000e+00 2.178009e-07 -1.000000e+00 -9.990070e+05 2.178009e-07 3.225383e-04 7.133797e-03 -1.000000e+00 -1.000000e+00 -1.000000e+00 -1.0 0.000000e+00 7.883776e-07
-1.000000e+00 -1.000000e+00 8.350000e+02 0.000000e+00 -1.000000e+00 -1.000000e+00 0.000000e+00 1.769275e-35 -1.000000e+00 0.000000e+00 7.650000e+02 1.000000e+00 -1.000000e+00 0.000000e+00 -1.000000e+00 -1.000000e+00 7.235915e-46 -1.000000e+00 0.000000e+00 -9.990070e+05 3.000000e+00 -1.000000e+00 -1.000000e+00 1.250678e-40 0.000000e+00 0.000000e+00 -1.000000e+00 2.178239e-38 -1.000000e+00 -9.990070e+05 2.178239e-38 1.735309e-30 9.137496e-26 -1.000000e+00 -1.000000e+00 -1.000000e+00 -1.0 0.000000e+00 6.834484e-38
-1.000000e+00 -1.000000e+00 8.450000e+02 0.000000e+00 -1.000000e+00 -1.000000e+00 0.000000e+00 2.007478e-02 -1.000000e+00 0.000000e+00 1.550000e+02 1.000000e+00 -1.000000e+00 0.000000e+00 -1.000000e+00 -1.000000e+00 3.353130e-04 -1.000000e+00 0.000000e+00 -9.990070e+05 3.000000e+00 -1.000000e+00 -1.000000e+00 2.787025e-03 0.000000e+00 0.000000e+00 -1.000000e+00 1.553312e-03 -1.000000e+00 -9.990070e+05 1.553312e-03 1.100551e-01 3.812847e-01 -1.000000e+00 -1.000000e+00 -1.000000e+00 -1.0 0.000000e+00 5.890879e-03
-1.000000e+00 -1.000000e+00 8.900000e+02 0.000000e+00 -1.000000e+00 -1.000000e+00 0.000000e+00 5.563678e-05 -1.000000e+00 0.000000e+00 4.100000e+02 1.000000e+00 -1.000000e+00 0.000000e+00 -1.000000e+00 -1.000000e+00 3.590334e-08 -1.000000e+00 0.000000e+00 -9.990070e+05 3.000000e+00 -1.000000e+00 -1.000000e+00 1.540983e-06 0.000000e+00 0.000000e+00 -1.000000e+00 1.811015e-06 -1.000000e+00 -9.990070e+05 1.811015e-06 1.450509e-03 2.164058e-02 -1.000000e+00 -1.000000e+00 -1.000000e+00 -1.0 0.000000e+00 6.614520e-06
-1.000000e+00 -1.000000e+00 9.200000e+02 0.000000e+00 -1.000000e+00 -1.000000e+00 0.000000e+00 2.117515e-02 -1.000000e+00 0.000000e+00 2.300000e+02 1.000000e+00 -1.000000e+00 0.000000e+00 -1.000000e+00 -1.000000e+00 3.672533e-04 -1.000000e+00 0.000000e+00 -9.990070e+05 3.000000e+00 -1.000000e+00 -1.000000e+00 2.994804e-03 0.000000e+00 0.000000e+00 -1.000000e+00 1.653430e-03 -1.000000e+00 -9.990070e+05 1.653430e-03 1.140703e-01 3.890933e-01 -1.000000e+00 -1.000000e+00 -1.000000e+00 -1.0 0.000000e+00 6.276694e-03
-1.000000e+00 -1.000000e+00 9.400000e+02 0.000000e+00 -1.000000e+00 -1.000000e+00 0.000000e+00 1.227991e-08 -1.000000e+00 0.000000e+00 6.600000e+02 1.000000e+00 -1.000000e+00 0.000000e+00 -1.000000e+00 -1.000000e+00 3.090492e-13 -1.000000e+00 0.000000e+00 -9.990070e+05 3.000000e+00 -1.000000e+00 -1.000000e+00 6.760057e-11 0.000000e+00 0.000000e+00 -1.000000e+00 1.851524e-10 -1.000000e+00 -9.990070e+05 1.851524e-10 1.578266e-06 1.121518e-04 -1.000000e+00 -1.000000e+00 -1.000000e+00 -1.0 0.000000e+00 6.513724e-10
-1.000000e+00 -1.000000e+00 9.850000e+02 0.000000e+00 -1.000000e+00 -1.000000e+00 0.000000e+00 1.387625e-13 -1.000000e+00 0.000000e+00 9.150000e+02 1.000000e+00 -1.000000e+00 0.000000e+00 -1.000000e+00 -1.000000e+00 1.227903e-19 -1.000000e+00 0.000000e+00 -9.990070e+05 3.000000e+00 -1.000000e+00 -1.000000e+00 1.437231e-16 0.000000e+00 0.000000e+00 -1.000000e+00 1.060791e-15 -1.000000e+00 -9.990070e+05 1.060791e-15 9.385682e-11 3.457272e-08 -1.000000e+00 -1.000000e+00 -1.000000e+00 -1.0 0.000000e+00 3.586156e-15
-1.000000e+00 -1.000000e+00 9.950000e+02 0.000000e+00 -1.000000e+00 -1.000000e+00 0.000000e+00 5.226262e-02 -1.000000e+00 0.000000e+00 3.050000e+02 1.000000e+00 -1.000000e+00 0.000000e+00 -1.000000e+00 -1.000000e+00 1.783610e-03 -1.000000e+00 0.000000e+00 -9.990070e+05 3.000000e+00 -1.000000e+00 -1.000000e+00 1.031143e-02 0.000000e+00 0.000000e+00 -1.000000e+00 4.959141e-03 -1.000000e+00 -9.990070e+05 4.959141e-03 2.060530e-01 5.357261e-01 -1.000000e+00 -1.000000e+00 -1.000000e+00 -1.0 0.000000e+00 1.894001e-02
