-1.000000e+00 -1.000000e+00 1.020000e+03 0.000000e+00 -1.000000e+00 -1.000000e+00 0.000000e+00 3.910402e-03 -1.000000e+00 0.000000e+00 1.300000e+02 1.000000e+00 -1.000000e+00 0.000000e+00 -1.000000e+00 -1.000000e+00 2.269684e-05 -1.000000e+00 0.000000e+00 -9.990070e+05 3.000000e+00 -1.000000e+00 -1.000000e+00 3.220927e-04 0.000000e+00 0.000000e+00 -1.000000e+00 5.071465e-04 -1.000000e+00 -9.990070e+05 5.071465e-04 3.529426e-02 1.923738e-01 -1.000000e+00 -1.000000e+00 -1.000000e+00 -1.0 0.000000e+00 1.473728e-03
-1.000000e+00 -1.000000e+00 1.040000e+03 0.000000e+00 -1.000000e+00 -1.000000e+00 0.000000e+00 1.481883e-08 -1.000000e+00 0.000000e+00 5.600000e+02 1.000000e+00 -1.000000e+00 0.000000e+00 -1.000000e+00 -1.000000e+00 3.971951e-13 -1.000000e+00 0.000000e+00 -9.990070e+05 3.000000e+00 -1.000000e+00 -1.000000e+00 8.418027e-11 0.000000e+00 0.000000e+00 -1.000000e+00 1.083139e-09 -1.000000e+00 -9.990070e+05 1.083139e-09 1.846167e-06 1.272185e-04 -1.000000e+00 -1.000000e+00 -1.000000e+00 -1.0 0.000000e+00 2.895786e-09
-1.000000e+00 -1.000000e+00 1.090000e+03 0.000000e+00 -1.000000e+00 -1.000000e+00 0.000000e+00 3.072214e-06 -1.000000e+00 0.000000e+00 8.100000e+02 1.000000e+00 -1.000000e+00 0.000000e+00 -1.000000e+00 -1.000000e+00 5.779992e-10 -1.000000e+00 0.000000e+00 -9.990070e+05 3.000000e+00 -1.000000e+00 -1.000000e+00 4.608343e-08 0.000000e+00 0.000000e+00 -1.000000e+00 2.653072e-07 -1.000000e+00 -9.990070e+05 2.653072e-07 1.464557e-04 3.928127e-03 -1.000000e+00 -1.000000e+00 -1.000000e+00 -1.0 0.000000e+00 7.297537e-07
-1.000000e+00 -1.000000e+00 1.095000e+03 0.000000e+00 -1.000000e+00 -1.000000e+00 0.000000e+00 2.012004e-03 -1.000000e+00 0.000000e+00 2.050000e+02 1.000000e+00 -1.000000e+00 0.000000e+00 -1.000000e+00 -1.000000e+00 7.933868e-06 -1.000000e+00 0.000000e+00 -9.990070e+05 3.000000e+00 -1.000000e+00 -1.000000e+00 1.368554e-04 0.000000e+00 0.000000e+00 -1.000000e+00 2.483592e-04 -1.000000e+00 -9.990070e+05 2.483592e-04 2.184410e-02 1.414144e-01 -1.000000e+00 -1.000000e+00 -1.000000e+00 -1.0 0.000000e+00 7.162147e-04
-1.000000e+00 -1.000000e+00 1.135000e+03 0.000000e+00 -1.000000e+00 -1.000000e+00 0.000000e+00 2.597057e-01 -1.000000e+00 0.000000e+00 1.065000e+03 1.000000e+00 -1.000000e+00 0.000000e+00 -1.000000e+00 -1.000000e+00 3.880146e-02 -1.000000e+00 0.000000e+00 -9.990070e+05 3.000000e+00 -1.000000e+00 -1.000000e+00 1.053002e-01 0.000000e+00 0.000000e+00 -1.000000e+00 5.594544e-02 -1.000000e+00 -9.990070e+05 5.594544e-02 5.341874e-01 8.274698e-01 -1.000000e+00 -1.000000e+00 -1.000000e+00 -1.0 0.000000e+00 1.738502e-01
-1.000000e+00 -1.000000e+00 1.145000e+03 0.000000e+00 -1.000000e+00 -1.000000e+00 0.000000e+00 8.530385e-06 -1.000000e+00 0.000000e+00 4.550000e+02 1.000000e+00 -1.000000e+00 0.000000e+00 -1.000000e+00 -1.000000e+00 2.435284e-09 -1.000000e+00 0.000000e+00 -9.990070e+05 3.000000e+00 -1.000000e+00 -1.000000e+00 1.574763e-07 0.000000e+00 0.000000e+00 -1.000000e+00 7.484433e-07 -1.000000e+00 -9.990070e+05 7.484433e-07 3.313996e-04 7.280295e-03 -1.000000e+00 -1.000000e+00 -1.000000e+00 -1.0 0.000000e+00 2.082841e-06
-1.000000e+00 -1.000000e+00 1.190000e+03 0.000000e+00 -1.000000e+00 -1.000000e+00 0.000000e+00 8.206571e-06 -1.000000e+00 0.000000e+00 7.100000e+02 1.000000e+00 -1.000000e+00 0.000000e+00 -1.000000e+00 -1.000000e+00 2.305370e-09 -1.000000e+00 0.000000e+00 -9.990070e+05 3.000000e+00 -1.000000e+00 -1.000000e+00 1.502876e-07 0.000000e+00 0.000000e+00 -1.000000e+00 7.475951e-07 -1.000000e+00 -9.990070e+05 7.475951e-07 3.213496e-04 7.114063e-03 -1.000000e+00 -1.000000e+00 -1.000000e+00 -1.0 0.000000e+00 2.063122e-06
-1.000000e+00 -1.000000e+00 1.200000e+03 0.000000e+00 -1.000000e+00 -1.000000e+00 0.000000e+00 7.142932e-02 -1.000000e+00 0.000000e+00 1.000000e+02 1.000000e+00 -1.000000e+00 0.000000e+00 -1.000000e+00 -1.000000e+00 3.145158e-03 -1.000000e+00 0.000000e+00 -9.990070e+05 3.000000e+00 -1.000000e+00 -1.000000e+00 1.596883e-02 0.000000e+00 0.000000e+00 -1.000000e+00 1.242902e-02 -1.000000e+00 -9.990070e+05 1.242902e-02 2.508639e-01 5.916487e-01 -1.000000e+00 -1.000000e+00 -1.000000e+00 -1.0 0.000000e+00 3.770300e-02
-1.000000e+00 -1.000000e+00 1.240000e+03 0.000000e+00 -1.000000e+00 -1.000000e+00 0.000000e+00 1.366505e-03 -1.000000e+00 0.000000e+00 9.600000e+02 1.000000e+00 -1.000000e+00 0.000000e+00 -1.000000e+00 -1.000000e+00 4.341600e-06 -1.000000e+00 0.000000e+00 -9.990070e+05 3.000000e+00 -1.000000e+00 -1.000000e+00 8.351293e-05 0.000000e+00 0.000000e+00 -1.000000e+00 1.639385e-04 -1.000000e+00 -9.990070e+05 1.639385e-04 1.645650e-02 1.174241e-01 -1.000000e+00 -1.000000e+00 -1.000000e+00 -1.0 0.000000e+00 4.710161e-04
-1.000000e+00 -1.000000e+00 1.245000e+03 0.000000e+00 -1.000000e+00 -1.000000e+00 0.000000e+00 9.203310e-02 -1.000000e+00 0.000000e+00 3.550000e+02 1.000000e+00 -1.000000e+00 0.000000e+00 -1.000000e+00 -1.000000e+00 5.030959e-03 -1.000000e+00 0.000000e+00 -9.990070e+05 3.000000e+00 -1.000000e+00 -1.000000e+00 2.287346e-02 0.000000e+00 0.000000e+00 -1.000000e+00 1.659625e-02 -1.000000e+00 -9.990070e+05 1.659625e-02 2.932743e-01 6.382265e-01 -1.000000e+00 -1.000000e+00 -1.000000e+00 -1.0 0.000000e+00 5.057244e-02
-1.000000e+00 -1.000000e+00 1.285000e+03 0.000000e+00 -1.000000e+00 -1.000000e+00 0.000000e+00 6.426583e-01 -1.000000e+00 0.000000e+00 1.215000e+03 1.000000e+00 -1.000000e+00 0.000000e+00 -1.000000e+00 -1.000000e+00 3.019802e-01 -1.000000e+00 0.000000e+00 -9.990070e+05 3.000000e+00 -1.000000e+00 -1.000000e+00 4.512866e-01 0.000000e+00 0.000000e+00 -1.000000e+00 1.700566e-01 -1.000000e+00 -9.990070e+05 1.700566e-01 8.367864e-01 9.595628e-01 -1.000000e+00 -1.000000e+00 -1.000000e+00 -1.0 0.000000e+00 5.449093e-01
-1.000000e+00 -1.000000e+00 1.295000e+03 0.000000e+00 -1.000000e+00 -1.000000e+00 0.000000e+00 9.447625e-04 -1.000000e+00 0.000000e+00 6.050000e+02 1.000000e+00 -1.000000e+00 0.000000e+00 -1.000000e+00 -1.000000e+00 2.456309e-06 -1.000000e+00 0.000000e+00 -9.990070e+05 3.000000e+00 -1.000000e+00 -1.000000e+00 5.227475e-05 0.000000e+00 0.000000e+00 -1.000000e+00 1.096876e-04 -1.000000e+00 -9.990070e+05 1.096876e-04 1.252985e-02 9.792252e-02 -1.000000e+00 -1.000000e+00 -1.000000e+00 -1.0 0.000000e+00 3.146549e-04
-1.000000e+00 -1.000000e+00 1.340000e+03 0.000000e+00 -1.000000e+00 -1.000000e+00 0.000000e+00 2.006868e-03 -1.000000e+00 0.000000e+00 8.600000e+02 1.000000e+00 -1.000000e+00 0.000000e+00 -1.000000e+00 -1.000000e+00 7.902167e-06 -1.000000e+00 0.000000e+00 -9.990070e+05 3.000000e+00 -1.000000e+00 -1.000000e+00 1.364082e-04 0.000000e+00 0.000000e+00 -1.000000e+00 2.458714e-04 -1.000000e+00 -9.990070e+05 2.458714e-04 2.180347e-02 1.412431e-01 -1.000000e+00 -1.000000e+00 -1.000000e+00 -1.0 0.000000e+00 7.105035e-04
-1.000000e+00 -1.000000e+00 1.350000e+03 0.000000e+00 -1.000000e+00 -1.000000e+00 0.000000e+00 9.331429e-02 -1.000000e+00 0.000000e+00 2.500000e+02 1.000000e+00 -1.000000e+00 0.000000e+00 -1.000000e+00 -1.000000e+00 5.162940e-03 -1.000000e+00 0.000000e+00 -9.990070e+05 3.000000e+00 -1.000000e+00 -1.000000e+00 2.332922e-02 0.000000e+00 0.000000e+00 -1.000000e+00 1.687313e-02 -1.000000e+00 -9.990070e+05 1.687313e-02 2.957558e-01 6.407880e-01 -1.000000e+00 -1.000000e+00 -1.000000e+00 -1.0 0.000000e+00 5.141302e-02
-1.000000e+00 -1.000000e+00 1.390000e+03 0.000000e+00 -1.000000e+00 -1.000000e+00 0.000000e+00 8.662424e-02 -1.000000e+00 0.000000e+00 1.110000e+03 1.000000e+00 -1.000000e+00 0.000000e+00 -1.000000e+00 -1.000000e+00 4.492908e-03 -1.000000e+00 0.000000e+00 -9.990070e+05 3.000000e+00 -1.000000e+00 -1.000000e+00 2.098278e-02 0.000000e+00 0.000000e+00 -1.000000e+00 1.550921e-02 -1.000000e+00 -9.990070e+05 1.550921e-02 2.826123e-01 6.270249e-01 -1.000000e+00 -1.000000e+00 -1.000000e+00 -1.0 0.000000e+00 4.717571e-02
-1.000000e+00 -1.000000e+00 1.395000e+03 0.000000e+00 -1.000000e+00 -1.000000e+00 0.000000e+00 3.150706e-02 -1.000000e+00 0.000000e+00 5.050000e+02 1.000000e+00 -1.000000e+00 0.000000e+00 -1.000000e+00 -1.000000e+00 7.287686e-04 -1.000000e+00 0.000000e+00 -9.990070e+05 3.000000e+00 -1.000000e+00 -1.000000e+00 5.134730e-03 0.000000e+00 0.000000e+00 -1.000000e+00 4.970687e-03 -1.000000e+00 -9.990070e+05 4.970687e-03 1.485081e-01 4.503884e-01 -1.000000e+00 -1.000000e+00 -1.000000e+00 -1.0 0.000000e+00 1.485571e-02
-1.000000e+00 -1.000000e+00 1.445000e+03 0.000000e+00 -1.000000e+00 -1.000000e+00 0.000000e+00 2.990993e-02 -1.000000e+00 0.000000e+00 7.550000e+02 1.000000e+00 -1.000000e+00 0.000000e+00 -1.000000e+00 -1.000000e+00 6.656928e-04 -1.000000e+00 0.000000e+00 -9.990070e+05 3.000000e+00 -1.000000e+00 -1.000000e+00 4.782956e-03 0.000000e+00 0.000000e+00 -1.000000e+00 4.681179e-03 -1.000000e+00 -9.990070e+05 4.681179e-03 1.435118e-01 4.420583e-01 -1.000000e+00 -1.000000e+00 -1.000000e+00 -1.0 0.000000e+00 1.399043e-02
-1.000000e+00 -1.000000e+00 1.450000e+03 0.000000e+00 -1.000000e+00 -1.000000e+00 0.000000e+00 4.719370e-01 -1.000000e+00 0.000000e+00 1.500000e+02 1.000000e+00 -1.000000e+00 0.000000e+00 -1.000000e+00 -1.000000e+00 1.437664e-01 -1.000000e+00 0.000000e+00 -9.990070e+05 3.000000e+00 -1.000000e+00 -1.000000e+00 2.696227e-01 0.000000e+00 0.000000e+00 -1.000000e+00 1.149951e-01 -1.000000e+00 -9.990070e+05 1.149951e-01 7.256453e-01 9.207932e-01 -1.000000e+00 -1.000000e+00 -1.000000e+00 -1.0 0.000000e+00 3.647866e-01
-1.000000e+00 -1.000000e+00 1.490000e+03 0.000000e+00 -1.000000e+00 -1.000000e+00 0.000000e+00 7.881464e-02 -1.000000e+00 0.000000e+00 1.010000e+03 1.000000e+00 -1.000000e+00 0.000000e+00 -1.000000e+00 -1.000000e+00 3.770241e-03 -1.000000e+00 0.000000e+00 -9.990070e+05 3.000000e+00 -1.000000e+00 -1.000000e+00 1.834998e-02 0.000000e+00 0.000000e+00 -1.000000e+00 1.393082e-02 -1.000000e+00 -9.990070e+05 1.393082e-02 2.666488e-01 6.096319e-01 -1.000000e+00 -1.000000e+00 -1.000000e+00 -1.0 0.000000e+00 4.229396e-02
-1.000000e+00 -1.000000e+00 1.500000e+03 0.000000e+00 -1.000000e+00 -1.000000e+00 0.000000e+00 2.480139e-01 -1.000000e+00 0.000000e+00 4.000000e+02 1.000000e+00 -1.000000e+00 0.000000e+00 -1.000000e+00 -1.000000e+00 3.525151e-02 -1.000000e+00 0.000000e+00 -9.990070e+05 3.000000e+00 -1.000000e+00 -1.000000e+00 9.816002e-02 0.000000e+00 0.000000e+00 -1.000000e+00 5.255193e-02 -1.000000e+00 -9.990070e+05 5.255193e-02 5.209957e-01 8.195370e-01 -1.000000e+00 -1.000000e+00 -1.000000e+00 -1.0 0.000000e+00 1.638058e-01
-1.000000e+00 -1.000000e+00 1.545000e+03 0.000000e+00 -1.000000e+00 -1.000000e+00 0.000000e+00 1.866087e-01 -1.000000e+00 0.000000e+00 6.550000e+02 1.000000e+00 -1.000000e+00 0.000000e+00 -1.000000e+00 -1.000000e+00 1.973594e-02 -1.000000e+00 0.000000e+00 -9.990070e+05 3.000000e+00 -1.000000e+00 -1.000000e+00 6.398850e-02 0.000000e+00 0.000000e+00 -1.000000e+00 3.757854e-02 -1.000000e+00 -9.990070e+05 3.757854e-02 4.447965e-01 7.690285e-01 -1.000000e+00 -1.000000e+00 -1.000000e+00 -1.0 0.000000e+00 1.162776e-01
-1.000000e+00 -1.000000e+00 1.595000e+03 0.000000e+00 -1.000000e+00 -1.000000e+00 0.000000e+00 2.196515e-01 -1.000000e+00 0.000000e+00 9.050000e+02 1.000000e+00 -1.000000e+00 0.000000e+00 -1.000000e+00 -1.000000e+00 2.744963e-02 -1.000000e+00 0.000000e+00 -9.990070e+05 3.000000e+00 -1.000000e+00 -1.000000e+00 8.167665e-02 0.000000e+00 0.000000e+00 -1.000000e+00 4.551661e-02 -1.000000e+00 -9.990070e+05 4.551661e-02 4.873565e-01 7.982647e-01 -1.000000e+00 -1.000000e+00 -1.000000e+00 -1.0 0.000000e+00 1.414195e-01
-1.000000e+00 -1.000000e+00 1.600000e+03 0.000000e+00 -1.000000e+00 -1.000000e+00 0.000000e+00 5.674460e-01 -1.000000e+00 0.000000e+00 3.000000e+02 1.000000e+00 -1.000000e+00 0.000000e+00 -1.000000e+00 -1.000000e+00 2.223423e-01 -1.000000e+00 0.000000e+00 -9.990070e+05 3.000000e+00 -1.000000e+00 -1.000000e+00 3.655504e-01 0.000000e+00 0.000000e+00 -1.000000e+00 1.450133e-01 -1.000000e+00 -9.990070e+05 1.450133e-01 7.912821e-01 9.448765e-01 -1.000000e+00 -1.000000e+00 -1.000000e+00 -1.0 0.000000e+00 4.627154e-01
-1.000000e+00 -1.000000e+00 1.650000e+03 0.000000e+00 -1.000000e+00 -1.000000e+00 0.000000e+00 4.933632e-01 -1.000000e+00 0.000000e+00 5.500000e+02 1.000000e+00 -1.000000e+00 0.000000e+00 -1.000000e+00 -1.000000e+00 1.594198e-01 -1.000000e+00 0.000000e+00 -9.990070e+05 3.000000e+00 -1.000000e+00 -1.000000e+00 2.899194e-01 0.000000e+00 0.000000e+00 -1.000000e+00 1.215451e-01 -1.000000e+00 -9.990070e+05 1.215451e-01 7.412309e-01 9.268358e-01 -1.000000e+00 -1.000000e+00 -1.000000e+00 -1.0 0.000000e+00 3.861192e-01
-1.000000e+00 -1.000000e+00 1.705000e+03 0.000000e+00 -1.000000e+00 -1.000000e+00 0.000000e+00 8.164797e-01 -1.000000e+00 0.000000e+00 1.950000e+02 1.000000e+00 -1.000000e+00 0.000000e+00 -1.000000e+00 -1.000000e+00 5.628539e-01 -1.000000e+00 0.000000e+00 -9.990070e+05 3.000000e+00 -1.000000e+00 -1.000000e+00 6.867754e-01 0.000000e+00 0.000000e+00 -1.000000e+00 2.332585e-01 -1.000000e+00 -9.990070e+05 2.332585e-01 9.255827e-01 9.838459e-01 -1.000000e+00 -1.000000e+00 -1.000000e+00 -1.0 0.000000e+00 7.526458e-01
-1.000000e+00 -1.000000e+00 1.750000e+03 0.000000e+00 -1.000000e+00 -1.000000e+00 0.000000e+00 7.444082e-01 -1.000000e+00 0.000000e+00 4.500000e+02 1.000000e+00 -1.000000e+00 0.000000e+00 -1.000000e+00 -1.000000e+00 4.399406e-01 -1.000000e+00 0.000000e+00 -9.990070e+05 3.000000e+00 -1.000000e+00 -1.000000e+00 5.824977e-01 0.000000e+00 0.000000e+00 -1.000000e+00 2.060766e-01 -1.000000e+00 -9.990070e+05 2.060766e-01 8.912370e-01 9.751166e-01 -1.000000e+00 -1.000000e+00 -1.000000e+00 -1.0 0.000000e+00 6.634328e-01
-1.000000e+00 -1.000000e+00 6.100000e+02 0.000000e+00 -1.000000e+00 -1.000000e+00 0.000000e+00 2.712377e-05 -1.000000e+00 0.000000e+00 5.400000e+02 1.000000e+00 -1.000000e+00 0.000000e+00 -1.000000e+00 -1.000000e+00 1.269959e-08 -1.000000e+00 0.000000e+00 -9.990070e+05 3.000000e+00 -1.000000e+00 -1.000000e+00 6.404683e-07 0.000000e+00 0.000000e+00 -1.000000e+00 2.949243e-06 -1.000000e+00 -9.990070e+05 2.949243e-06 8.270856e-04 1.435974e-02 -1.000000e+00 -1.000000e+00 -1.000000e+00 -1.0 0.000000e+00 7.985438e-06
-1.000000e+00 -1.000000e+00 6.400000e+02 0.000000e+00 -1.000000e+00 -1.000000e+00 0.000000e+00 1.931634e-06 -1.000000e+00 0.000000e+00 3.600000e+02 1.000000e+00 -1.000000e+00 0.000000e+00 -1.000000e+00 -1.000000e+00 3.023397e-10 -1.000000e+00 0.000000e+00 -9.990070e+05 3.000000e+00 -1.000000e+00 -1.000000e+00 2.643808e-08 0.000000e+00 0.000000e+00 -1.000000e+00 1.741355e-07 -1.000000e+00 -9.990070e+05 1.741355e-07 1.007964e-04 2.953292e-03 -1.000000e+00 -1.000000e+00 -1.000000e+00 -1.0 0.000000e+00 4.720589e-07
-1.000000e+00 -1.000000e+00 6.650000e+02 0.000000e+00 -1.000000e+00 -1.000000e+00 0.000000e+00 1.571382e-04 -1.000000e+00 0.000000e+00 1.850000e+02 1.000000e+00 -1.000000e+00 0.000000e+00 -1.000000e+00 -1.000000e+00 1.646565e-07 -1.000000e+00 0.000000e+00 -9.990070e+05 3.000000e+00 -1.000000e+00 -1.000000e+00 5.537926e-06 0.000000e+00 0.000000e+00 -1.000000e+00 1.685195e-05 -1.000000e+00 -9.990070e+05 1.685195e-05 3.235369e-03 3.845302e-02 -1.000000e+00 -1.000000e+00 -1.000000e+00 -1.0 0.000000e+00 4.724780e-05
-1.000000e+00 -1.000000e+00 6.850000e+02 0.000000e+00 -1.000000e+00 -1.000000e+00 0.000000e+00 8.740379e-03 -1.000000e+00 0.000000e+00 6.150000e+02 1.000000e+00 -1.000000e+00 0.000000e+00 -1.000000e+00 -1.000000e+00 8.351047e-05 -1.000000e+00 0.000000e+00 -9.990070e+05 3.000000e+00 -1.000000e+00 -1.000000e+00 9.211256e-04 0.000000e+00 0.000000e+00 -1.000000e+00 1.219724e-03 -1.000000e+00 -9.990070e+05 1.219724e-03 6.227746e-02 2.731707e-01 -1.000000e+00 -1.000000e+00 -1.000000e+00 -1.0 0.000000e+00 3.572951e-03
-1.000000e+00 -1.000000e+00 7.150000e+02 0.000000e+00 -1.000000e+00 -1.000000e+00 0.000000e+00 1.845259e-08 -1.000000e+00 0.000000e+00 4.350000e+02 1.000000e+00 -1.000000e+00 0.000000e+00 -1.000000e+00 -1.000000e+00 5.325402e-13 -1.000000e+00 0.000000e+00 -9.990070e+05 3.000000e+00 -1.000000e+00 -1.000000e+00 1.087581e-10 0.000000e+00 0.000000e+00 -1.000000e+00 1.388109e-09 -1.000000e+00 -9.990070e+05 1.388109e-09 2.216369e-06 1.473209e-04 -1.000000e+00 -1.000000e+00 -1.000000e+00 -1.0 0.000000e+00 3.700709e-09
-1.000000e+00 -1.000000e+00 7.400000e+02 0.000000e+00 -1.000000e+00 -1.000000e+00 0.000000e+00 1.062294e-06 -1.000000e+00 0.000000e+00 2.600000e+02 1.000000e+00 -1.000000e+00 0.000000e+00 -1.000000e+00 -1.000000e+00 1.317899e-10 -1.000000e+00 0.000000e+00 -9.990070e+05 3.000000e+00 -1.000000e+00 -1.000000e+00 1.295035e-08 0.000000e+00 0.000000e+00 -1.000000e+00 9.120592e-08 -1.000000e+00 -9.990070e+05 9.120592e-08 6.214521e-05 2.036387e-03 -1.000000e+00 -1.000000e+00 -1.000000e+00 -1.0 0.000000e+00 2.477240e-07
-1.000000e+00 -1.000000e+00 7.900000e+02 0.000000e+00 -1.000000e+00 -1.000000e+00 0.000000e+00 2.902064e-08 -1.000000e+00 0.000000e+00 5.100000e+02 1.000000e+00 -1.000000e+00 0.000000e+00 -1.000000e+00 -1.000000e+00 9.770552e-13 -1.000000e+00 0.000000e+00 -9.990070e+05 3.000000e+00 -1.000000e+00 -1.000000e+00 1.847032e-10 0.000000e+00 0.000000e+00 -1.000000e+00 2.293196e-09 -1.000000e+00 -9.990070e+05 2.293196e-09 3.230113e-06 1.991726e-04 -1.000000e+00 -1.000000e+00 -1.000000e+00 -1.0 0.000000e+00 6.088325e-09
-1.000000e+00 -1.000000e+00 8.150000e+02 0.000000e+00 -1.000000e+00 -1.000000e+00 0.000000e+00 2.861332e-07 -1.000000e+00 0.000000e+00 3.350000e+02 1.000000e+00 -1.000000e+00 0.000000e+00 -1.000000e+00 -1.000000e+00 2.168409e-11 -1.000000e+00 0.000000e+00 -9.990070e+05 3.000000e+00 -1.000000e+00 -1.000000e+00 2.728730e-09 0.000000e+00 0.000000e+00 -1.000000e+00 2.394046e-08 -1.000000e+00 -9.990070e+05 2.394046e-08 2.133841e-05 8.872231e-04 -1.000000e+00 -1.000000e+00 -1.000000e+00 -1.0 0.000000e+00 6.436166e-08
-1.000000e+00 -1.000000e+00 8.350000e+02 0.000000e+00 -1.000000e+00 -1.000000e+00 0.000000e+00 1.476411e-03 -1.000000e+00 0.000000e+00 7.650000e+02 1.000000e+00 -1.000000e+00 0.000000e+00 -1.000000e+00 -1.000000e+00 4.895426e-06 -1.000000e+00 0.000000e+00 -9.990070e+05 3.000000e+00 -1.000000e+00 -1.000000e+00 9.215978e-05 0.000000e+00 0.000000e+00 -1.000000e+00 1.818924e-04 -1.000000e+00 -9.990070e+05 1.818924e-04 1.741904e-02 1.219169e-01 -1.000000e+00 -1.000000e+00 -1.000000e+00 -1.0 0.000000e+00 5.199404e-04
-1.000000e+00 -1.000000e+00 8.450000e+02 0.000000e+00 -1.000000e+00 -1.000000e+00 0.000000e+00 2.318001e-04 -1.000000e+00 0.000000e+00 1.550000e+02 1.000000e+00 -1.000000e+00 0.000000e+00 -1.000000e+00 -1.000000e+00 2.933217e-07 -1.000000e+00 0.000000e+00 -9.990070e+05 3.000000e+00 -1.000000e+00 -1.000000e+00 8.971751e-06 0.000000e+00 0.000000e+00 -1.000000e+00 2.568309e-05 -1.000000e+00 -9.990070e+05 2.568309e-05 4.354760e-03 4.740437e-02 -1.000000e+00 -1.000000e+00 -1.000000e+00 -1.0 0.000000e+00 7.203630e-05
-1.000000e+00 -1.000000e+00 8.900000e+02 0.000000e+00 -1.000000e+00 -1.000000e+00 0.000000e+00 5.683718e-08 -1.000000e+00 0.000000e+00 4.100000e+02 1.000000e+00 -1.000000e+00 0.000000e+00 -1.000000e+00 -1.000000e+00 2.414398e-12 -1.000000e+00 0.000000e+00 -9.990070e+05 3.000000e+00 -1.000000e+00 -1.000000e+00 4.061931e-10 0.000000e+00 0.000000e+00 -1.000000e+00 4.434514e-09 -1.000000e+00 -9.990070e+05 4.434514e-09 5.639848e-06 3.105549e-04 -1.000000e+00 -1.000000e+00 -1.000000e+00 -1.0 0.000000e+00 1.187259e-08
-1.000000e+00 -1.000000e+00 9.200000e+02 0.000000e+00 -1.000000e+00 -1.000000e+00 0.000000e+00 8.267896e-05 -1.000000e+00 0.000000e+00 2.300000e+02 1.000000e+00 -1.000000e+00 0.000000e+00 -1.000000e+00 -1.000000e+00 6.399362e-08 -1.000000e+00 0.000000e+00 -9.990070e+05 3.000000e+00 -1.000000e+00 -1.000000e+00 2.506612e-06 0.000000e+00 0.000000e+00 -1.000000e+00 8.388876e-06 -1.000000e+00 -9.990070e+05 8.388876e-06 1.972675e-03 2.701797e-02 -1.000000e+00 -1.000000e+00 -1.000000e+00 -1.0 0.000000e+00 2.352195e-05
-1.000000e+00 -1.000000e+00 9.400000e+02 0.000000e+00 -1.000000e+00 -1.000000e+00 0.000000e+00 3.949055e-08 -1.000000e+00 0.000000e+00 6.600000e+02 1.000000e+00 -1.000000e+00 0.000000e+00 -1.000000e+00 -1.000000e+00 1.478188e-12 -1.000000e+00 0.000000e+00 -9.990070e+05 3.000000e+00 -1.000000e+00 -1.000000e+00 2.649754e-10 0.000000e+00 0.000000e+00 -1.000000e+00 3.003131e-09 -1.000000e+00 -9.990070e+05 3.003131e-09 4.171231e-06 2.442676e-04 -1.000000e+00 -1.000000e+00 -1.000000e+00 -1.0 0.000000e+00 8.047615e-09
-1.000000e+00 -1.000000e+00 9.850000e+02 0.000000e+00 -1.000000e+00 -1.000000e+00 0.000000e+00 3.033630e-02 -1.000000e+00 0.000000e+00 9.150000e+02 1.000000e+00 -1.000000e+00 0.000000e+00 -1.000000e+00 -1.000000e+00 6.822763e-04 -1.000000e+00 0.000000e+00 -9.990070e+05 3.000000e+00 -1.000000e+00 -1.000000e+00 4.876153e-03 0.000000e+00 0.000000e+00 -1.000000e+00 4.807651e-03 -1.000000e+00 -9.990070e+05 4.807651e-03 1.448558e-01 4.443160e-01 -1.000000e+00 -1.000000e+00 -1.000000e+00 -1.0 0.000000e+00 1.431298e-02
-1.000000e+00 -1.000000e+00 9.950000e+02 0.000000e+00 -1.000000e+00 -1.000000e+00 0.000000e+00 1.104234e-05 -1.000000e+00 0.000000e+00 3.050000e+02 1.000000e+00 -1.000000e+00 0.000000e+00 -1.000000e+00 -1.000000e+00 3.512683e-09 -1.000000e+00 0.000000e+00 -9.990070e+05 3.000000e+00 -1.000000e+00 -1.000000e+00 2.151274e-07 0.000000e+00 0.000000e+00 -1.000000e+00 1.039467e-06 -1.000000e+00 -9.990070e+05 1.039467e-06 4.068297e-04 8.487741e-03 -1.000000e+00 -1.000000e+00 -1.000000e+00 -1.0 0.000000e+00 2.861943e-06
