-1.000000e+00 -1.000000e+00 1.020000e+03 0.000000e+00 -1.000000e+00 -1.000000e+00 0.000000e+00 5.928400e-05 -1.000000e+00 0.000000e+00 1.300000e+02 1.000000e+00 -1.000000e+00 0.000000e+00 -1.000000e+00 -1.000000e+00 3.937874e-08 -1.000000e+00 0.000000e+00 -9.990070e+05 3.000000e+00 -1.000000e+00 -1.000000e+00 1.665764e-06 0.000000e+00 0.000000e+00 -1.000000e+00 9.609565e-07 -1.000000e+00 -9.990070e+05 9.609565e-07 1.523960e-03 2.242893e-02 -1.000000e+00 -1.000000e+00 -1.000000e+00 -1.0 0.000000e+00 4.216812e-06
-1.000000e+00 -1.000000e+00 1.040000e+03 0.000000e+00 -1.000000e+00 -1.000000e+00 0.000000e+00 7.112841e-20 -1.000000e+00 0.000000e+00 5.600000e+02 1.000000e+00 -1.000000e+00 0.000000e+00 -1.000000e+00 -1.000000e+00 2.062208e-27 -1.000000e+00 0.000000e+00 -9.990070e+05 3.000000e+00 -1.000000e+00 -1.000000e+00 1.336121e-23 0.000000e+00 0.000000e+00 -1.000000e+00 1.740723e-22 -1.000000e+00 -9.990070e+05 1.740723e-22 2.638488e-16 5.289665e-13 -1.000000e+00 -1.000000e+00 -1.000000e+00 -1.0 0.000000e+00 6.045275e-22
-1.000000e+00 -1.000000e+00 1.090000e+03 0.000000e+00 -1.000000e+00 -1.000000e+00 0.000000e+00 3.923414e-16 -1.000000e+00 0.000000e+00 8.100000e+02 1.000000e+00 -1.000000e+00 0.000000e+00 -1.000000e+00 -1.000000e+00 7.993857e-23 -1.000000e+00 0.000000e+00 -9.990070e+05 3.000000e+00 -1.000000e+00 -1.000000e+00 1.951815e-19 0.000000e+00 0.000000e+00 -1.000000e+00 1.232397e-18 -1.000000e+00 -9.990070e+05 1.232397e-18 5.510223e-13 4.198200e-10 -1.000000e+00 -1.000000e+00 -1.000000e+00 -1.0 0.000000e+00 4.454567e-18
-1.000000e+00 -1.000000e+00 1.095000e+03 0.000000e+00 -1.000000e+00 -1.000000e+00 0.000000e+00 2.183831e-04 -1.000000e+00 0.000000e+00 2.050000e+02 1.000000e+00 -1.000000e+00 0.000000e+00 -1.000000e+00 -1.000000e+00 2.683890e-07 -1.000000e+00 0.000000e+00 -9.990070e+05 3.000000e+00 -1.000000e+00 -1.000000e+00 8.330721e-06 0.000000e+00 0.000000e+00 -1.000000e+00 4.132129e-06 -1.000000e+00 -9.990070e+05 4.132129e-06 4.161270e-03 4.591724e-02 -1.000000e+00 -1.000000e+00 -1.000000e+00 -1.0 0.000000e+00 1.851430e-05
-1.000000e+00 -1.000000e+00 1.135000e+03 0.000000e+00 -1.000000e+00 -1.000000e+00 0.000000e+00 7.712067e-02 -1.000000e+00 0.000000e+00 1.065000e+03 1.000000e+00 -1.000000e+00 0.000000e+00 -1.000000e+00 -1.000000e+00 3.621878e-03 -1.000000e+00 0.000000e+00 -9.990070e+05 3.000000e+00 -1.000000e+00 -1.000000e+00 1.779435e-02 0.000000e+00 0.000000e+00 -1.000000e+00 4.120807e-03 -1.000000e+00 -9.990070e+05 4.120807e-03 2.630905e-01 6.056484e-01 -1.000000e+00 -1.000000e+00 -1.000000e+00 -1.0 0.000000e+00 2.157946e-02
-1.000000e+00 -1.000000e+00 1.145000e+03 0.000000e+00 -1.000000e+00 -1.000000e+00 0.000000e+00 1.455566e-09 -1.000000e+00 0.000000e+00 4.550000e+02 1.000000e+00 -1.000000e+00 0.000000e+00 -1.000000e+00 -1.000000e+00 1.831402e-14 -1.000000e+00 0.000000e+00 -9.990070e+05 3.000000e+00 -1.000000e+00 -1.000000e+00 5.670620e-12 0.000000e+00 0.000000e+00 -1.000000e+00 1.009405e-11 -1.000000e+00 -9.990070e+05 1.009405e-11 2.636480e-07 2.629344e-05 -1.000000e+00 -1.000000e+00 -1.000000e+00 -1.0 0.000000e+00 3.941592e-11
-1.000000e+00 -1.000000e+00 1.190000e+03 0.000000e+00 -1.000000e+00 -1.000000e+00 0.000000e+00 9.476069e-12 -1.000000e+00 0.000000e+00 7.100000e+02 1.000000e+00 -1.000000e+00 0.000000e+00 -1.000000e+00 -1.000000e+00 2.648232e-17 -1.000000e+00 0.000000e+00 -9.990070e+05 3.000000e+00 -1.000000e+00 -1.000000e+00 1.742579e-14 0.000000e+00 0.000000e+00 -1.000000e+00 5.013112e-14 -1.000000e+00 -9.990070e+05 5.013112e-14 3.619710e-09 7.559894e-07 -1.000000e+00 -1.000000e+00 -1.000000e+00 -1.0 0.000000e+00 1.887786e-13
-1.000000e+00 -1.000000e+00 1.200000e+03 0.000000e+00 -1.000000e+00 -1.000000e+00 0.000000e+00 7.758981e-02 -1.000000e+00 0.000000e+00 1.000000e+02 1.000000e+00 -1.000000e+00 0.000000e+00 -1.000000e+00 -1.000000e+00 3.662669e-03 -1.000000e+00 0.000000e+00 -9.990070e+05 3.000000e+00 -1.000000e+00 -1.000000e+00 1.794767e-02 0.000000e+00 0.000000e+00 -1.000000e+00 4.052108e-03 -1.000000e+00 -9.990070e+05 4.052108e-03 2.640795e-01 6.067596e-01 -1.000000e+00 -1.000000e+00 -1.000000e+00 -1.0 0.000000e+00 2.147857e-02
-1.000000e+00 -1.000000e+00 1.240000e+03 0.000000e+00 -1.000000e+00 -1.000000e+00 0.000000e+00 5.636786e-07 -1.000000e+00 0.000000e+00 9.600000e+02 1.000000e+00 -1.000000e+00 0.000000e+00 -1.000000e+00 -1.000000e+00 5.495973e-11 -1.000000e+00 0.000000e+00 -9.990070e+05 3.000000e+00 -1.000000e+00 -1.000000e+00 6.094680e-09 0.000000e+00 0.000000e+00 -1.000000e+00 6.017752e-09 -1.000000e+00 -9.990070e+05 6.017752e-09 3.712789e-05 1.366596e-03 -1.000000e+00 -1.000000e+00 -1.000000e+00 -1.0 0.000000e+00 2.474128e-08
-1.000000e+00 -1.000000e+00 1.245000e+03 0.000000e+00 -1.000000e+00 -1.000000e+00 0.000000e+00 6.380833e-02 -1.000000e+00 0.000000e+00 3.550000e+02 1.000000e+00 -1.000000e+00 0.000000e+00 -1.000000e+00 -1.000000e+00 2.558959e-03 -1.000000e+00 0.000000e+00 -9.990070e+05 3.000000e+00 -1.000000e+00 -1.000000e+00 1.362648e-02 0.000000e+00 0.000000e+00 -1.000000e+00 3.156502e-03 -1.000000e+00 -9.990070e+05 3.156502e-03 2.337762e-01 5.712255e-01 -1.000000e+00 -1.000000e+00 -1.000000e+00 -1.0 0.000000e+00 1.660491e-02
-1.000000e+00 -1.000000e+00 1.285000e+03 0.000000e+00 -1.000000e+00 -1.000000e+00 0.000000e+00 4.770690e-01 -1.000000e+00 0.000000e+00 1.215000e+03 1.000000e+00 -1.000000e+00 0.000000e+00 -1.000000e+00 -1.000000e+00 1.474182e-01 -1.000000e+00 0.000000e+00 -9.990070e+05 3.000000e+00 -1.000000e+00 -1.000000e+00 2.744207e-01 0.000000e+00 0.000000e+00 -1.000000e+00 4.802529e-02 -1.000000e+00 -9.990070e+05 4.802529e-02 7.294274e-01 9.222786e-01 -1.000000e+00 -1.000000e+00 -1.000000e+00 -1.0 0.000000e+00 2.821319e-01
-1.000000e+00 -1.000000e+00 1.295000e+03 0.000000e+00 -1.000000e+00 -1.000000e+00 0.000000e+00 1.688810e-05 -1.000000e+00 0.000000e+00 6.050000e+02 1.000000e+00 -1.000000e+00 0.000000e+00 -1.000000e+00 -1.000000e+00 6.436908e-09 -1.000000e+00 0.000000e+00 -9.990070e+05 3.000000e+00 -1.000000e+00 -1.000000e+00 3.599848e-07 0.000000e+00 0.000000e+00 -1.000000e+00 2.335921e-07 -1.000000e+00 -9.990070e+05 2.335921e-07 5.694860e-04 1.090148e-02 -1.000000e+00 -1.000000e+00 -1.000000e+00 -1.0 0.000000e+00 1.012907e-06
-1.000000e+00 -1.000000e+00 1.340000e+03 0.000000e+00 -1.000000e+00 -1.000000e+00 0.000000e+00 1.060064e-05 -1.000000e+00 0.000000e+00 8.600000e+02 1.000000e+00 -1.000000e+00 0.000000e+00 -1.000000e+00 -1.000000e+00 3.314685e-09 -1.000000e+00 0.000000e+00 -9.990070e+05 3.000000e+00 -1.000000e+00 -1.000000e+00 2.047626e-07 0.000000e+00 0.000000e+00 -1.000000e+00 1.394457e-07 -1.000000e+00 -9.990070e+05 1.394457e-07 3.938607e-04 8.284799e-03 -1.000000e+00 -1.000000e+00 -1.000000e+00 -1.0 0.000000e+00 6.013434e-07
-1.000000e+00 -1.000000e+00 1.350000e+03 0.000000e+00 -1.000000e+00 -1.000000e+00 0.000000e+00 1.078877e-01 -1.000000e+00 0.000000e+00 2.500000e+02 1.000000e+00 -1.000000e+00 0.000000e+00 -1.000000e+00 -1.000000e+00 6.787905e-03 -1.000000e+00 0.000000e+00 -9.990070e+05 3.000000e+00 -1.000000e+00 -1.000000e+00 2.872162e-02 0.000000e+00 0.000000e+00 -1.000000e+00 6.189815e-03 -1.000000e+00 -9.990070e+05 6.189815e-03 3.229035e-01 6.677508e-01 -1.000000e+00 -1.000000e+00 -1.000000e+00 -1.0 0.000000e+00 3.330928e-02
-1.000000e+00 -1.000000e+00 1.390000e+03 0.000000e+00 -1.000000e+00 -1.000000e+00 0.000000e+00 6.279345e-03 -1.000000e+00 0.000000e+00 1.110000e+03 1.000000e+00 -1.000000e+00 0.000000e+00 -1.000000e+00 -1.000000e+00 4.866236e-05 -1.000000e+00 0.000000e+00 -9.990070e+05 3.000000e+00 -1.000000e+00 -1.000000e+00 5.967128e-04 0.000000e+00 0.000000e+00 -1.000000e+00 1.910147e-04 -1.000000e+00 -9.990070e+05 1.910147e-04 4.940101e-02 2.372292e-01 -1.000000e+00 -1.000000e+00 -1.000000e+00 -1.0 0.000000e+00 9.259630e-04
-1.000000e+00 -1.000000e+00 1.395000e+03 0.000000e+00 -1.000000e+00 -1.000000e+00 0.000000e+00 2.212730e-02 -1.000000e+00 0.000000e+00 5.050000e+02 1.000000e+00 -1.000000e+00 0.000000e+00 -1.000000e+00 -1.000000e+00 3.959246e-04 -1.000000e+00 0.000000e+00 -9.990070e+05 3.000000e+00 -1.000000e+00 -1.000000e+00 3.177927e-03 0.000000e+00 0.000000e+00 -1.000000e+00 8.570198e-04 -1.000000e+00 -9.990070e+05 8.570198e-04 1.174815e-01 3.956063e-01 -1.000000e+00 -1.000000e+00 -1.000000e+00 -1.0 0.000000e+00 4.321135e-03
-1.000000e+00 -1.000000e+00 1.445000e+03 0.000000e+00 -1.000000e+00 -1.000000e+00 0.000000e+00 1.065035e-02 -1.000000e+00 0.000000e+00 7.550000e+02 1.000000e+00 -1.000000e+00 0.000000e+00 -1.000000e+00 -1.000000e+00 1.156998e-04 -1.000000e+00 0.000000e+00 -9.990070e+05 3.000000e+00 -1.000000e+00 -1.000000e+00 1.195887e-03 0.000000e+00 0.000000e+00 -1.000000e+00 3.553890e-04 -1.000000e+00 -9.990070e+05 3.553890e-04 7.142874e-02 2.965473e-01 -1.000000e+00 -1.000000e+00 -1.000000e+00 -1.0 0.000000e+00 1.751825e-03
-1.000000e+00 -1.000000e+00 1.450000e+03 0.000000e+00 -1.000000e+00 -1.000000e+00 0.000000e+00 5.216908e-01 -1.000000e+00 0.000000e+00 1.500000e+02 1.000000e+00 -1.000000e+00 0.000000e+00 -1.000000e+00 -1.000000e+00 1.818119e-01 -1.000000e+00 0.000000e+00 -9.990070e+05 3.000000e+00 -1.000000e+00 -1.000000e+00 3.178311e-01 0.000000e+00 0.000000e+00 -1.000000e+00 5.476682e-02 -1.000000e+00 -9.990070e+05 5.476682e-02 7.610427e-01 9.342214e-01 -1.000000e+00 -1.000000e+00 -1.000000e+00 -1.0 0.000000e+00 3.247549e-01
-1.000000e+00 -1.000000e+00 1.490000e+03 0.000000e+00 -1.000000e+00 -1.000000e+00 0.000000e+00 1.343093e-02 -1.000000e+00 0.000000e+00 1.010000e+03 1.000000e+00 -1.000000e+00 0.000000e+00 -1.000000e+00 -1.000000e+00 1.702034e-04 -1.000000e+00 0.000000e+00 -9.990070e+05 3.000000e+00 -1.000000e+00 -1.000000e+00 1.627236e-03 0.000000e+00 0.000000e+00 -1.000000e+00 4.645318e-04 -1.000000e+00 -9.990070e+05 4.645318e-04 8.378538e-02 3.258283e-01 -1.000000e+00 -1.000000e+00 -1.000000e+00 -1.0 0.000000e+00 2.314280e-03
-1.000000e+00 -1.000000e+00 1.500000e+03 0.000000e+00 -1.000000e+00 -1.000000e+00 0.000000e+00 2.355431e-01 -1.000000e+00 0.000000e+00 4.000000e+02 1.000000e+00 -1.000000e+00 0.000000e+00 -1.000000e+00 -1.000000e+00 3.168214e-02 -1.000000e+00 0.000000e+00 -9.990070e+05 3.000000e+00 -1.000000e+00 -1.000000e+00 9.076576e-02 0.000000e+00 0.000000e+00 -1.000000e+00 1.750116e-02 -1.000000e+00 -9.990070e+05 1.750116e-02 5.065031e-01 8.105604e-01 -1.000000e+00 -1.000000e+00 -1.000000e+00 -1.0 0.000000e+00 9.819415e-02
-1.000000e+00 -1.000000e+00 1.540000e+03 0.000000e+00 -1.000000e+00 -1.000000e+00 0.000000e+00 2.009897e-01 -1.000000e+00 0.000000e+00 1.260000e+03 1.000000e+00 -1.000000e+00 0.000000e+00 -1.000000e+00 -1.000000e+00 2.291696e-02 -1.000000e+00 0.000000e+00 -9.990070e+05 3.000000e+00 -1.000000e+00 -1.000000e+00 7.148425e-02 0.000000e+00 0.000000e+00 -1.000000e+00 1.413154e-02 -1.000000e+00 -9.990070e+05 1.413154e-02 4.638091e-01 7.824264e-01 -1.000000e+00 -1.000000e+00 -1.000000e+00 -1.0 0.000000e+00 7.845287e-02
-1.000000e+00 -1.000000e+00 1.545000e+03 0.000000e+00 -1.000000e+00 -1.000000e+00 0.000000e+00 1.529397e-01 -1.000000e+00 0.000000e+00 6.550000e+02 1.000000e+00 -1.000000e+00 0.000000e+00 -1.000000e+00 -1.000000e+00 1.330341e-02 -1.000000e+00 0.000000e+00 -9.990070e+05 3.000000e+00 -1.000000e+00 -1.000000e+00 4.768566e-02 0.000000e+00 0.000000e+00 -1.000000e+00 9.756151e-03 -1.000000e+00 -9.990070e+05 9.756151e-03 3.968408e-01 7.325906e-01 -1.000000e+00 -1.000000e+00 -1.000000e+00 -1.0 0.000000e+00 5.349659e-02
-1.000000e+00 -1.000000e+00 1.595000e+03 0.000000e+00 -1.000000e+00 -1.000000e+00 0.000000e+00 1.359954e-01 -1.000000e+00 0.000000e+00 9.050000e+02 1.000000e+00 -1.000000e+00 0.000000e+00 -1.000000e+00 -1.000000e+00 1.058124e-02 -1.000000e+00 0.000000e+00 -9.990070e+05 3.000000e+00 -1.000000e+00 -1.000000e+00 4.015954e-02 0.000000e+00 0.000000e+00 -1.000000e+00 8.352745e-03 -1.000000e+00 -9.990070e+05 8.352745e-03 3.705484e-01 7.108409e-01 -1.000000e+00 -1.000000e+00 -1.000000e+00 -1.0 0.000000e+00 4.552883e-02
-1.000000e+00 -1.000000e+00 1.600000e+03 0.000000e+00 -1.000000e+00 -1.000000e+00 0.000000e+00 6.385602e-01 -1.000000e+00 0.000000e+00 3.000000e+02 1.000000e+00 -1.000000e+00 0.000000e+00 -1.000000e+00 -1.000000e+00 2.971885e-01 -1.000000e+00 0.000000e+00 -9.990070e+05 3.000000e+00 -1.000000e+00 -1.000000e+00 4.463752e-01 0.000000e+00 0.000000e+00 -1.000000e+00 7.496304e-02 -1.000000e+00 -9.990070e+05 7.496304e-02 8.344303e-01 9.588409e-01 -1.000000e+00 -1.000000e+00 -1.000000e+00 -1.0 0.000000e+00 4.515754e-01
-1.000000e+00 -1.000000e+00 1.640000e+03 0.000000e+00 -1.000000e+00 -1.000000e+00 0.000000e+00 2.223180e-01 -1.000000e+00 0.000000e+00 1.160000e+03 1.000000e+00 -1.000000e+00 0.000000e+00 -1.000000e+00 -1.000000e+00 2.813553e-02 -1.000000e+00 0.000000e+00 -9.990070e+05 3.000000e+00 -1.000000e+00 -1.000000e+00 8.317554e-02 0.000000e+00 0.000000e+00 -1.000000e+00 1.612333e-02 -1.000000e+00 -9.990070e+05 1.612333e-02 4.906249e-01 8.003997e-01 -1.000000e+00 -1.000000e+00 -1.000000e+00 -1.0 0.000000e+00 9.030769e-02
-1.000000e+00 -1.000000e+00 1.650000e+03 0.000000e+00 -1.000000e+00 -1.000000e+00 0.000000e+00 5.082013e-01 -1.000000e+00 0.000000e+00 5.500000e+02 1.000000e+00 -1.000000e+00 0.000000e+00 -1.000000e+00 -1.000000e+00 1.709017e-01 -1.000000e+00 0.000000e+00 -9.990070e+05 3.000000e+00 -1.000000e+00 -1.000000e+00 3.043856e-01 0.000000e+00 0.000000e+00 -1.000000e+00 5.252052e-02 -1.000000e+00 -9.990070e+05 5.252052e-02 7.517176e-01 9.307858e-01 -1.000000e+00 -1.000000e+00 -1.000000e+00 -1.0 0.000000e+00 3.112946e-01
-1.000000e+00 -1.000000e+00 1.695000e+03 0.000000e+00 -1.000000e+00 -1.000000e+00 0.000000e+00 6.733455e-01 -1.000000e+00 0.000000e+00 8.050000e+02 1.000000e+00 -1.000000e+00 0.000000e+00 -1.000000e+00 -1.000000e+00 3.396465e-01 -1.000000e+00 0.000000e+00 -9.990070e+05 3.000000e+00 -1.000000e+00 -1.000000e+00 4.889650e-01 0.000000e+00 0.000000e+00 -1.000000e+00 8.156505e-02 -1.000000e+00 -9.990070e+05 8.156505e-02 8.540092e-01 9.647150e-01 -1.000000e+00 -1.000000e+00 -1.000000e+00 -1.0 0.000000e+00 4.935509e-01
-1.000000e+00 -1.000000e+00 1.705000e+03 0.000000e+00 -1.000000e+00 -1.000000e+00 0.000000e+00 8.356298e-01 -1.000000e+00 0.000000e+00 1.950000e+02 1.000000e+00 -1.000000e+00 0.000000e+00 -1.000000e+00 -1.000000e+00 5.995586e-01 -1.000000e+00 0.000000e+00 -9.990070e+05 3.000000e+00 -1.000000e+00 -1.000000e+00 7.161590e-01 0.000000e+00 0.000000e+00 -1.000000e+00 1.180789e-01 -1.000000e+00 -9.990070e+05 1.180789e-01 9.341822e-01 9.859041e-01 -1.000000e+00 -1.000000e+00 -1.000000e+00 -1.0 0.000000e+00 7.189177e-01
-1.000000e+00 -1.000000e+00 1.745000e+03 0.000000e+00 -1.000000e+00 -1.000000e+00 0.000000e+00 4.359803e-01 -1.000000e+00 0.000000e+00 1.055000e+03 1.000000e+00 -1.000000e+00 0.000000e+00 -1.000000e+00 -1.000000e+00 1.198382e-01 -1.000000e+00 0.000000e+00 -9.990070e+05 3.000000e+00 -1.000000e+00 -1.000000e+00 2.371176e-01 0.000000e+00 0.000000e+00 -1.000000e+00 4.177628e-02 -1.000000e+00 -9.990070e+05 4.177628e-02 6.982324e-01 9.096519e-01 -1.000000e+00 -1.000000e+00 -1.000000e+00 -1.0 0.000000e+00 2.447472e-01
-1.000000e+00 -1.000000e+00 1.750000e+03 0.000000e+00 -1.000000e+00 -1.000000e+00 0.000000e+00 7.702264e-01 -1.000000e+00 0.000000e+00 4.500000e+02 1.000000e+00 -1.000000e+00 0.000000e+00 -1.000000e+00 -1.000000e+00 4.813401e-01 -1.000000e+00 0.000000e+00 -9.990070e+05 3.000000e+00 -1.000000e+00 -1.000000e+00 6.187311e-01 0.000000e+00 0.000000e+00 -1.000000e+00 1.019366e-01 -1.000000e+00 -9.990070e+05 1.019366e-01 9.039136e-01 9.784340e-01 -1.000000e+00 -1.000000e+00 -1.000000e+00 -1.0 0.000000e+00 6.219066e-01
-1.000000e+00 -1.000000e+00 1.800000e+03 0.000000e+00 -1.000000e+00 -1.000000e+00 0.000000e+00 6.928863e-01 -1.000000e+00 0.000000e+00 7.000000e+02 1.000000e+00 -1.000000e+00 0.000000e+00 -1.000000e+00 -1.000000e+00 3.653392e-01 -1.000000e+00 0.000000e+00 -9.990070e+05 3.000000e+00 -1.000000e+00 -1.000000e+00 5.137982e-01 0.000000e+00 0.000000e+00 -1.000000e+00 8.542647e-02 -1.000000e+00 -9.990070e+05 8.542647e-02 8.646040e-01 9.677766e-01 -1.000000e+00 -1.000000e+00 -1.000000e+00 -1.0 0.000000e+00 5.180582e-01
-1.000000e+00 -1.000000e+00 6.100000e+02 0.000000e+00 -1.000000e+00 -1.000000e+00 0.000000e+00 4.343665e-15 -1.000000e+00 0.000000e+00 5.400000e+02 1.000000e+00 -1.000000e+00 0.000000e+00 -1.000000e+00 -1.000000e+00 1.589722e-21 -1.000000e+00 0.000000e+00 -9.990070e+05 3.000000e+00 -1.000000e+00 -1.000000e+00 2.895085e-18 0.000000e+00 0.000000e+00 -1.000000e+00 2.030699e-17 -1.000000e+00 -9.990070e+05 2.030699e-17 4.557859e-12 2.598179e-09 -1.000000e+00 -1.000000e+00 -1.000000e+00 -1.0 0.000000e+00 7.112290e-17
-1.000000e+00 -1.000000e+00 6.400000e+02 0.000000e+00 -1.000000e+00 -1.000000e+00 0.000000e+00 5.986036e-21 -1.000000e+00 0.000000e+00 3.600000e+02 1.000000e+00 -1.000000e+00 0.000000e+00 -1.000000e+00 -1.000000e+00 1.027836e-28 -1.000000e+00 0.000000e+00 -9.990070e+05 3.000000e+00 -1.000000e+00 -1.000000e+00 8.655377e-25 0.000000e+00 0.000000e+00 -1.000000e+00 1.615798e-23 -1.000000e+00 -9.990070e+05 1.615798e-23 2.883042e-17 7.498469e-14 -1.000000e+00 -1.000000e+00 -1.000000e+00 -1.0 0.000000e+00 5.453076e-23
-1.000000e+00 -1.000000e+00 6.650000e+02 0.000000e+00 -1.000000e+00 -1.000000e+00 0.000000e+00 5.569432e-12 -1.000000e+00 0.000000e+00 1.850000e+02 1.000000e+00 -1.000000e+00 0.000000e+00 -1.000000e+00 -1.000000e+00 1.340023e-17 -1.000000e+00 0.000000e+00 -9.990070e+05 3.000000e+00 -1.000000e+00 -1.000000e+00 9.504290e-15 0.000000e+00 0.000000e+00 -1.000000e+00 3.866729e-14 -1.000000e+00 -9.990070e+05 3.866729e-14 2.291636e-09 5.152615e-07 -1.000000e+00 -1.000000e+00 -1.000000e+00 -1.0 0.000000e+00 1.383778e-13
-1.000000e+00 -1.000000e+00 6.850000e+02 0.000000e+00 -1.000000e+00 -1.000000e+00 0.000000e+00 2.074937e-07 -1.000000e+00 0.000000e+00 6.150000e+02 1.000000e+00 -1.000000e+00 0.000000e+00 -1.000000e+00 -1.000000e+00 1.398181e-11 -1.000000e+00 0.000000e+00 -9.990070e+05 3.000000e+00 -1.000000e+00 -1.000000e+00 1.866279e-09 0.000000e+00 0.000000e+00 -1.000000e+00 2.598165e-09 -1.000000e+00 -9.990070e+05 2.598165e-09 1.639651e-05 7.216633e-04 -1.000000e+00 -1.000000e+00 -1.000000e+00 -1.0 0.000000e+00 1.005454e-08
-1.000000e+00 -1.000000e+00 7.150000e+02 0.000000e+00 -1.000000e+00 -1.000000e+00 0.000000e+00 6.692328e-23 -1.000000e+00 0.000000e+00 4.350000e+02 1.000000e+00 -1.000000e+00 0.000000e+00 -1.000000e+00 -1.000000e+00 4.595641e-31 -1.000000e+00 0.000000e+00 -9.990070e+05 3.000000e+00 -1.000000e+00 -1.000000e+00 6.121654e-27 0.000000e+00 0.000000e+00 -1.000000e+00 1.905548e-25 -1.000000e+00 -9.990070e+05 1.905548e-25 5.090271e-19 2.088181e-15 -1.000000e+00 -1.000000e+00 -1.000000e+00 -1.0 0.000000e+00 6.222486e-25
-1.000000e+00 -1.000000e+00 7.400000e+02 0.000000e+00 -1.000000e+00 -1.000000e+00 0.000000e+00 1.091110e-16 -1.000000e+00 0.000000e+00 2.600000e+02 1.000000e+00 -1.000000e+00 0.000000e+00 -1.000000e+00 -1.000000e+00 1.640951e-23 -1.000000e+00 0.000000e+00 -9.990070e+05 3.000000e+00 -1.000000e+00 -1.000000e+00 4.664293e-20 0.000000e+00 0.000000e+00 -1.000000e+00 4.179798e-19 -1.000000e+00 -9.990070e+05 4.179798e-19 1.782477e-13 1.578613e-10 -1.000000e+00 -1.000000e+00 -1.000000e+00 -1.0 0.000000e+00 1.453823e-18
-1.000000e+00 -1.000000e+00 7.900000e+02 0.000000e+00 -1.000000e+00 -1.000000e+00 0.000000e+00 6.730859e-26 -1.000000e+00 0.000000e+00 5.100000e+02 1.000000e+00 -1.000000e+00 0.000000e+00 -1.000000e+00 -1.000000e+00 1.220103e-34 -1.000000e+00 0.000000e+00 -9.990070e+05 3.000000e+00 -1.000000e+00 -1.000000e+00 3.164698e-30 0.000000e+00 0.000000e+00 -1.000000e+00 1.696962e-28 -1.000000e+00 -9.990070e+05 1.696962e-28 9.948660e-22 7.918737e-18 -1.000000e+00 -1.000000e+00 -1.000000e+00 -1.0 0.000000e+00 5.420393e-28
-1.000000e+00 -1.000000e+00 8.150000e+02 0.000000e+00 -1.000000e+00 -1.000000e+00 0.000000e+00 5.397228e-18 -1.000000e+00 0.000000e+00 3.350000e+02 1.000000e+00 -1.000000e+00 0.000000e+00 -1.000000e+00 -1.000000e+00 4.058978e-25 -1.000000e+00 0.000000e+00 -9.990070e+05 3.000000e+00 -1.000000e+00 -1.000000e+00 1.632139e-21 0.000000e+00 0.000000e+00 -1.000000e+00 2.102809e-20 -1.000000e+00 -9.990070e+05 2.102809e-20 1.245153e-14 1.555111e-11 -1.000000e+00 -1.000000e+00 -1.000000e+00 -1.0 0.000000e+00 7.121337e-20
-1.000000e+00 -1.000000e+00 8.350000e+02 0.000000e+00 -1.000000e+00 -1.000000e+00 0.000000e+00 3.862777e-09 -1.000000e+00 0.000000e+00 7.650000e+02 1.000000e+00 -1.000000e+00 0.000000e+00 -1.000000e+00 -1.000000e+00 6.643292e-14 -1.000000e+00 0.000000e+00 -9.990070e+05 3.000000e+00 -1.000000e+00 -1.000000e+00 1.758724e-11 0.000000e+00 0.000000e+00 -1.000000e+00 3.168196e-11 -1.000000e+00 -9.990070e+05 3.168196e-11 5.993617e-07 5.129636e-05 -1.000000e+00 -1.000000e+00 -1.000000e+00 -1.0 0.000000e+00 1.221993e-10
-1.000000e+00 -1.000000e+00 8.450000e+02 0.000000e+00 -1.000000e+00 -1.000000e+00 0.000000e+00 1.327924e-09 -1.000000e+00 0.000000e+00 1.550000e+02 1.000000e+00 -1.000000e+00 0.000000e+00 -1.000000e+00 -1.000000e+00 1.623043e-14 -1.000000e+00 0.000000e+00 -9.990070e+05 3.000000e+00 -1.000000e+00 -1.000000e+00 5.099050e-12 0.000000e+00 0.000000e+00 -1.000000e+00 1.036537e-11 -1.000000e+00 -9.990070e+05 1.036537e-11 2.440078e-07 2.468286e-05 -1.000000e+00 -1.000000e+00 -1.000000e+00 -1.0 0.000000e+00 3.954325e-11
-1.000000e+00 -1.000000e+00 8.900000e+02 0.000000e+00 -1.000000e+00 -1.000000e+00 0.000000e+00 1.713064e-21 -1.000000e+00 0.000000e+00 4.100000e+02 1.000000e+00 -1.000000e+00 0.000000e+00 -1.000000e+00 -1.000000e+00 2.269179e-29 -1.000000e+00 0.000000e+00 -9.990070e+05 3.000000e+00 -1.000000e+00 -1.000000e+00 2.175809e-25 0.000000e+00 0.000000e+00 -1.000000e+00 4.782895e-24 -1.000000e+00 -9.990070e+05 4.782895e-24 9.389989e-18 2.778456e-14 -1.000000e+00 -1.000000e+00 -1.000000e+00 -1.0 0.000000e+00 1.595194e-23
-1.000000e+00 -1.000000e+00 9.200000e+02 0.000000e+00 -1.000000e+00 -1.000000e+00 0.000000e+00 1.357847e-11 -1.000000e+00 0.000000e+00 2.300000e+02 1.000000e+00 -1.000000e+00 0.000000e+00 -1.000000e+00 -1.000000e+00 4.203182e-17 -1.000000e+00 0.000000e+00 -9.990070e+05 3.000000e+00 -1.000000e+00 -1.000000e+00 2.627691e-14 0.000000e+00 0.000000e+00 -1.000000e+00 8.125278e-14 -1.000000e+00 -9.990070e+05 8.125278e-14 4.930074e-09 9.791000e-07 -1.000000e+00 -1.000000e+00 -1.000000e+00 -1.0 0.000000e+00 3.014347e-13
-1.000000e+00 -1.000000e+00 9.400000e+02 0.000000e+00 -1.000000e+00 -1.000000e+00 0.000000e+00 7.143752e-26 -1.000000e+00 0.000000e+00 6.600000e+02 1.000000e+00 -1.000000e+00 0.000000e+00 -1.000000e+00 -1.000000e+00 1.309450e-34 -1.000000e+00 0.000000e+00 -9.990070e+05 3.000000e+00 -1.000000e+00 -1.000000e+00 3.377575e-30 0.000000e+00 0.000000e+00 -1.000000e+00 1.478348e-28 -1.000000e+00 -9.990070e+05 1.478348e-28 1.050044e-21 8.311718e-18 -1.000000e+00 -1.000000e+00 -1.000000e+00 -1.0 0.000000e+00 4.820000e-28
-1.000000e+00 -1.000000e+00 9.850000e+02 0.000000e+00 -1.000000e+00 -1.000000e+00 0.000000e+00 3.206783e-04 -1.000000e+00 0.000000e+00 9.150000e+02 1.000000e+00 -1.000000e+00 0.000000e+00 -1.000000e+00 -1.000000e+00 4.765763e-07 -1.000000e+00 0.000000e+00 -9.990070e+05 3.000000e+00 -1.000000e+00 -1.000000e+00 1.344342e-05 0.000000e+00 0.000000e+00 -1.000000e+00 6.204238e-06 -1.000000e+00 -9.990070e+05 6.204238e-06 5.572598e-03 5.630281e-02 -1.000000e+00 -1.000000e+00 -1.000000e+00 -1.0 0.000000e+00 2.820469e-05
-1.000000e+00 -1.000000e+00 9.950000e+02 0.000000e+00 -1.000000e+00 -1.000000e+00 0.000000e+00 7.110409e-12 -1.000000e+00 0.000000e+00 3.050000e+02 1.000000e+00 -1.000000e+00 0.000000e+00 -1.000000e+00 -1.000000e+00 1.832308e-17 -1.000000e+00 0.000000e+00 -9.990070e+05 3.000000e+00 -1.000000e+00 -1.000000e+00 1.255678e-14 0.000000e+00 0.000000e+00 -1.000000e+00 3.636612e-14 -1.000000e+00 -9.990070e+05 3.636612e-14 2.827679e-09 6.146473e-07 -1.000000e+00 -1.000000e+00 -1.000000e+00 -1.0 0.000000e+00 1.371319e-13
