-1.000000e+00 -1.000000e+00 0.000000e+00 -1.000000e+00 -1.000000e+00 0.000000e+00 1.305566e-04 -1.000000e+00 0.000000e+00 -1.000000e+00 0.000000e+00 -1.000000e+00 -1.000000e+00 1.252165e-07 1.600000e+03 -1.000000e+00 0.000000e+00 -9.990070e+05 3.000000e+00 -1.000000e+00 -1.000000e+00 4.403200e-06 0.000000e+00 0.000000e+00 -1.000000e+00 0.500000e+00 -1.000000e+00 -9.990070e+05 0.000000e+00 2.806264e-03 3.476068e-02 -1.000000e+00 -1.000000e+00 0.000000e+00 -1.000000e+00 9 0.000000e+00 0.000000e+00
-1.000000e+00 -1.000000e+00 0.000000e+00 -1.000000e+00 -1.000000e+00 6.000000e+02 2.921444e-01 -1.000000e+00 0.000000e+00 -1.000000e+00 0.000000e+00 -1.000000e+00 -1.000000e+00 4.972327e-02 2.000000e+03 -1.000000e+00 0.000000e+00 -9.990070e+05 3.000000e+00 -1.000000e+00 -1.000000e+00 1.261571e-01 0.000000e+00 0.000000e+00 -1.000000e+00 0.500000e+00 -1.000000e+00 -9.990070e+05 0.000000e+00 5.689642e-01 8.473486e-01 -1.000000e+00 -1.000000e+00 0.000000e+00 -1.000000e+00 9 0.000000e+00 0.000000e+00
-1.000000e+00 -1.000000e+00 0.000000e+00 -1.000000e+00 -1.000000e+00 4.500000e+02 4.084532e-25 -1.000000e+00 0.000000e+00 -1.000000e+00 0.000000e+00 -1.000000e+00 -1.000000e+00 1.040102e-33 1.150000e+03 -1.000000e+00 0.000000e+00 -9.990070e+05 3.000000e+00 -1.000000e+00 -1.000000e+00 2.275946e-29 0.000000e+00 0.000000e+00 -1.000000e+00 0.500000e+00 -1.000000e+00 -9.990070e+05 0.000000e+00 5.095623e-21 3.424577e-17 -1.000000e+00 -1.000000e+00 0.000000e+00 -1.000000e+00 1 0.000000e+00 0.000000e+00
-1.000000e+00 -1.000000e+00 0.000000e+00 -1.000000e+00 -1.000000e+00 7.000000e+02 3.125063e-05 -1.000000e+00 0.000000e+00 -1.000000e+00 0.000000e+00 -1.000000e+00 -1.000000e+00 1.557354e-08 1.300000e+03 -1.000000e+00 0.000000e+00 -9.990070e+05 3.000000e+00 -1.000000e+00 -1.000000e+00 7.611665e-07 0.000000e+00 0.000000e+00 -1.000000e+00 0.500000e+00 -1.000000e+00 -9.990070e+05 0.000000e+00 9.243141e-04 1.558065e-02 -1.000000e+00 -1.000000e+00 0.000000e+00 -1.000000e+00 1 0.000000e+00 0.000000e+00
-1.000000e+00 -1.000000e+00 0.000000e+00 -1.000000e+00 -1.000000e+00 1.000000e+02 9.890746e-02 -1.000000e+00 0.000000e+00 -1.000000e+00 0.000000e+00 -1.000000e+00 -1.000000e+00 5.759599e-03 1.900000e+03 -1.000000e+00 0.000000e+00 -9.990070e+05 3.000000e+00 -1.000000e+00 -1.000000e+00 2.535386e-02 0.000000e+00 0.000000e+00 -1.000000e+00 0.500000e+00 -1.000000e+00 -9.990070e+05 0.000000e+00 3.064024e-01 6.515893e-01 -1.000000e+00 -1.000000e+00 0.000000e+00 -1.000000e+00 9 0.000000e+00 0.000000e+00
-1.000000e+00 -1.000000e+00 0.000000e+00 -1.000000e+00 -1.000000e+00 5.000000e+01 4.253949e-38 -1.000000e+00 0.000000e+00 -1.000000e+00 0.000000e+00 -1.000000e+00 -1.000000e+00 0.000000e+00 1.150000e+03 -1.000000e+00 0.000000e+00 -9.990070e+05 3.000000e+00 -1.000000e+00 -1.000000e+00 1.877740e-43 0.000000e+00 0.000000e+00 -1.000000e+00 0.500000e+00 -1.000000e+00 -9.990070e+05 0.000000e+00 6.676008e-33 5.621738e-28 -1.000000e+00 -1.000000e+00 0.000000e+00 -1.000000e+00 13 0.000000e+00 0.000000e+00
-1.000000e+00 -1.000000e+00 0.000000e+00 -1.000000e+00 -1.000000e+00 5.000000e+02 9.426800e-18 -1.000000e+00 0.000000e+00 -1.000000e+00 0.000000e+00 -1.000000e+00 -1.000000e+00 8.045474e-25 7.000000e+02 -1.000000e+00 0.000000e+00 -9.990070e+05 3.000000e+00 -1.000000e+00 -1.000000e+00 3.036641e-21 0.000000e+00 0.000000e+00 -1.000000e+00 0.500000e+00 -1.000000e+00 -9.990070e+05 0.000000e+00 2.041970e-14 2.395115e-11 -1.000000e+00 -1.000000e+00 0.000000e+00 -1.000000e+00 5 0.000000e+00 0.000000e+00
-1.000000e+00 -1.000000e+00 0.000000e+00 -1.000000e+00 -1.000000e+00 7.500000e+02 5.616622e-03 -1.000000e+00 0.000000e+00 -1.000000e+00 0.000000e+00 -1.000000e+00 -1.000000e+00 4.061744e-05 1.050000e+03 -1.000000e+00 0.000000e+00 -9.990070e+05 3.000000e+00 -1.000000e+00 -1.000000e+00 5.157896e-04 0.000000e+00 0.000000e+00 -1.000000e+00 0.500000e+00 -1.000000e+00 -9.990070e+05 0.000000e+00 4.566113e-02 2.259803e-01 -1.000000e+00 -1.000000e+00 0.000000e+00 -1.000000e+00 3 0.000000e+00 0.000000e+00
-1.000000e+00 -1.000000e+00 0.000000e+00 -1.000000e+00 -1.000000e+00 5.000000e+02 5.880769e-23 -1.000000e+00 0.000000e+00 -1.000000e+00 0.000000e+00 -1.000000e+00 -1.000000e+00 3.935675e-31 9.000000e+02 -1.000000e+00 0.000000e+00 -9.990070e+05 3.000000e+00 -1.000000e+00 -1.000000e+00 5.310529e-27 0.000000e+00 0.000000e+00 -1.000000e+00 0.500000e+00 -1.000000e+00 -9.990070e+05 0.000000e+00 4.530803e-19 1.882632e-15 -1.000000e+00 -1.000000e+00 0.000000e+00 -1.000000e+00 3 0.000000e+00 0.000000e+00
-1.000000e+00 -1.000000e+00 0.000000e+00 -1.000000e+00 -1.000000e+00 6.000000e+02 1.361641e-02 -1.000000e+00 0.000000e+00 -1.000000e+00 0.000000e+00 -1.000000e+00 -1.000000e+00 1.741530e-04 1.600000e+03 -1.000000e+00 0.000000e+00 -9.990070e+05 3.000000e+00 -1.000000e+00 -1.000000e+00 1.657234e-03 0.000000e+00 0.000000e+00 -1.000000e+00 0.500000e+00 -1.000000e+00 -9.990070e+05 0.000000e+00 8.457553e-02 3.276222e-01 -1.000000e+00 -1.000000e+00 0.000000e+00 -1.000000e+00 4 0.000000e+00 0.000000e+00
-1.000000e+00 -1.000000e+00 0.000000e+00 -1.000000e+00 -1.000000e+00 8.500000e+02 4.205192e-01 -1.000000e+00 0.000000e+00 -1.000000e+00 0.000000e+00 -1.000000e+00 -1.000000e+00 1.104067e-01 1.950000e+03 -1.000000e+00 0.000000e+00 -9.990070e+05 3.000000e+00 -1.000000e+00 -1.000000e+00 2.237342e-01 0.000000e+00 0.000000e+00 -1.000000e+00 0.500000e+00 -1.000000e+00 -9.990070e+05 0.000000e+00 6.859253e-01 9.044306e-01 -1.000000e+00 -1.000000e+00 0.000000e+00 -1.000000e+00 9 0.000000e+00 0.000000e+00
-1.000000e+00 -1.000000e+00 0.000000e+00 -1.000000e+00 -1.000000e+00 9.000000e+02 1.650852e-01 -1.000000e+00 0.000000e+00 -1.000000e+00 0.000000e+00 -1.000000e+00 -1.000000e+00 1.546376e-02 1.100000e+03 -1.000000e+00 0.000000e+00 -9.990070e+05 3.000000e+00 -1.000000e+00 -1.000000e+00 5.336252e-02 0.000000e+00 0.000000e+00 -1.000000e+00 0.500000e+00 -1.000000e+00 -9.990070e+05 0.000000e+00 4.147467e-01 7.466614e-01 -1.000000e+00 -1.000000e+00 0.000000e+00 -1.000000e+00 5 0.000000e+00 0.000000e+00
-1.000000e+00 -1.000000e+00 0.000000e+00 -1.000000e+00 -1.000000e+00 0.000000e+00 2.175115e-02 -1.000000e+00 0.000000e+00 -1.000000e+00 0.000000e+00 -1.000000e+00 -1.000000e+00 3.844837e-04 1.800000e+03 -1.000000e+00 0.000000e+00 -9.990070e+05 3.000000e+00 -1.000000e+00 -1.000000e+00 3.105219e-03 0.000000e+00 0.000000e+00 -1.000000e+00 0.500000e+00 -1.000000e+00 -9.990070e+05 0.000000e+00 1.161407e-01 3.930592e-01 -1.000000e+00 -1.000000e+00 0.000000e+00 -1.000000e+00 9 0.000000e+00 0.000000e+00
-1.000000e+00 -1.000000e+00 0.000000e+00 -1.000000e+00 -1.000000e+00 5.500000e+02 1.166100e-11 -1.000000e+00 0.000000e+00 -1.000000e+00 0.000000e+00 -1.000000e+00 -1.000000e+00 3.456479e-17 1.250000e+03 -1.000000e+00 0.000000e+00 -9.990070e+05 3.000000e+00 -1.000000e+00 -1.000000e+00 2.208319e-14 0.000000e+00 0.000000e+00 -1.000000e+00 0.500000e+00 -1.000000e+00 -9.990070e+05 0.000000e+00 4.325995e-09 8.776731e-07 -1.000000e+00 -1.000000e+00 0.000000e+00 -1.000000e+00 1 0.000000e+00 0.000000e+00
-1.000000e+00 -1.000000e+00 -1.000000e+00 -1.000000e+00 -1.000000e+00 7.500000e+01 7.731728e-02 -1.000000e+00 0.000000e+00 -1.000000e+00 1.000000e+00 -1.000000e+00 -1.000000e+00 3.638945e-03 1.250000e+02 -1.000000e+00 0.000000e+00 -9.990070e+05 -1.000000e+00 -1.000000e+00 -1.000000e+00 1.785855e-02 0.000000e+00 0.000000e+00 -1.000000e+00 0.500000e+00 -1.000000e+00 -9.990070e+05 0.000000e+00 2.635053e-01 6.061149e-01 -1.000000e+00 -1.000000e+00 0.000000e+00 -1.000000e+00 5 0.000000e+00 0.000000e+00
-1.000000e+00 -1.000000e+00 0.000000e+00 -1.000000e+00 -1.000000e+00 8.000000e+02 2.098822e-02 -1.000000e+00 0.000000e+00 -1.000000e+00 0.000000e+00 -1.000000e+00 -1.000000e+00 3.617370e-04 1.000000e+03 -1.000000e+00 0.000000e+00 -9.990070e+05 3.000000e+00 -1.000000e+00 -1.000000e+00 2.959214e-03 0.000000e+00 0.000000e+00 -1.000000e+00 0.500000e+00 -1.000000e+00 -9.990070e+05 0.000000e+00 1.133939e-01 3.877887e-01 -1.000000e+00 -1.000000e+00 0.000000e+00 -1.000000e+00 5 0.000000e+00 0.000000e+00
-1.000000e+00 -1.000000e+00 0.000000e+00 -1.000000e+00 -1.000000e+00 5.750000e+02 2.676113e-11 -1.000000e+00 0.000000e+00 -1.000000e+00 0.000000e+00 -1.000000e+00 -1.000000e+00 1.006593e-16 6.250000e+02 -1.000000e+00 0.000000e+00 -9.990070e+05 3.000000e+00 -1.000000e+00 -1.000000e+00 5.707685e-14 0.000000e+00 0.000000e+00 -1.000000e+00 0.500000e+00 -1.000000e+00 -9.990070e+05 0.000000e+00 8.820707e-09 1.591541e-06 -1.000000e+00 -1.000000e+00 0.000000e+00 -1.000000e+00 14 0.000000e+00 0.000000e+00
-1.000000e+00 -1.000000e+00 0.000000e+00 -1.000000e+00 -1.000000e+00 4.000000e+02 1.857479e-03 -1.000000e+00 0.000000e+00 -1.000000e+00 0.000000e+00 -1.000000e+00 -1.000000e+00 7.001289e-06 1.600000e+03 -1.000000e+00 0.000000e+00 -9.990070e+05 3.000000e+00 -1.000000e+00 -1.000000e+00 1.235508e-04 0.000000e+00 0.000000e+00 -1.000000e+00 0.500000e+00 -1.000000e+00 -9.990070e+05 0.000000e+00 2.060749e-02 1.361401e-01 -1.000000e+00 -1.000000e+00 0.000000e+00 -1.000000e+00 9 0.000000e+00 0.000000e+00
-1.000000e+00 -1.000000e+00 0.000000e+00 -1.000000e+00 -1.000000e+00 8.000000e+02 2.999079e-01 -1.000000e+00 0.000000e+00 -1.000000e+00 0.000000e+00 -1.000000e+00 -1.000000e+00 5.257952e-02 1.800000e+03 -1.000000e+00 0.000000e+00 -9.990070e+05 3.000000e+00 -1.000000e+00 -1.000000e+00 1.313762e-01 0.000000e+00 0.000000e+00 -1.000000e+00 0.500000e+00 -1.000000e+00 -9.990070e+05 0.000000e+00 5.769212e-01 8.516950e-01 -1.000000e+00 -1.000000e+00 0.000000e+00 -1.000000e+00 9 0.000000e+00 0.000000e+00
-1.000000e+00 -1.000000e+00 0.000000e+00 -1.000000e+00 -1.000000e+00 4.000000e+02 2.598594e-01 -1.000000e+00 0.000000e+00 -1.000000e+00 0.000000e+00 -1.000000e+00 -1.000000e+00 3.884945e-02 2.000000e+03 -1.000000e+00 0.000000e+00 -9.990070e+05 3.000000e+00 -1.000000e+00 -1.000000e+00 1.053954e-01 0.000000e+00 0.000000e+00 -1.000000e+00 0.500000e+00 -1.000000e+00 -9.990070e+05 0.000000e+00 5.343583e-01 8.275712e-01 -1.000000e+00 -1.000000e+00 0.000000e+00 -1.000000e+00 9 0.000000e+00 0.000000e+00
-1.000000e+00 -1.000000e+00 0.000000e+00 -1.000000e+00 -1.000000e+00 6.000000e+02 2.230766e-07 -1.000000e+00 0.000000e+00 -1.000000e+00 0.000000e+00 -1.000000e+00 -1.000000e+00 1.543339e-11 8.000000e+02 -1.000000e+00 0.000000e+00 -9.990070e+05 3.000000e+00 -1.000000e+00 -1.000000e+00 2.032969e-09 0.000000e+00 0.000000e+00 -1.000000e+00 0.500000e+00 -1.000000e+00 -9.990070e+05 0.000000e+00 1.740022e-05 7.561182e-04 -1.000000e+00 -1.000000e+00 0.000000e+00 -1.000000e+00 5 0.000000e+00 0.000000e+00
-1.000000e+00 -1.000000e+00 0.000000e+00 -1.000000e+00 -1.000000e+00 2.500000e+02 5.361702e-13 -1.000000e+00 0.000000e+00 -1.000000e+00 0.000000e+00 -1.000000e+00 -1.000000e+00 6.790288e-19 1.350000e+03 -1.000000e+00 0.000000e+00 -9.990070e+05 3.000000e+00 -1.000000e+00 -1.000000e+00 6.641789e-16 0.000000e+00 0.000000e+00 -1.000000e+00 0.500000e+00 -1.000000e+00 -9.990070e+05 0.000000e+00 3.034616e-10 9.364217e-08 -1.000000e+00 -1.000000e+00 0.000000e+00 -1.000000e+00 13 0.000000e+00 0.000000e+00
-1.000000e+00 -1.000000e+00 0.000000e+00 -1.000000e+00 -1.000000e+00 5.500000e+02 1.752528e-15 -1.000000e+00 0.000000e+00 -1.000000e+00 0.000000e+00 -1.000000e+00 -1.000000e+00 5.129130e-22 6.500000e+02 -1.000000e+00 0.000000e+00 -9.990070e+05 3.000000e+00 -1.000000e+00 -1.000000e+00 1.044692e-18 0.000000e+00 0.000000e+00 -1.000000e+00 0.500000e+00 -1.000000e+00 -9.990070e+05 0.000000e+00 2.055333e-12 1.308761e-09 -1.000000e+00 -1.000000e+00 0.000000e+00 -1.000000e+00 14 0.000000e+00 0.000000e+00
-1.000000e+00 -1.000000e+00 0.000000e+00 -1.000000e+00 -1.000000e+00 8.500000e+02 1.613574e-01 -1.000000e+00 0.000000e+00 -1.000000e+00 0.000000e+00 -1.000000e+00 -1.000000e+00 1.478180e-02 9.500000e+02 -1.000000e+00 0.000000e+00 -9.990070e+05 3.000000e+00 -1.000000e+00 -1.000000e+00 5.159538e-02 0.000000e+00 0.000000e+00 -1.000000e+00 0.500000e+00 -1.000000e+00 -9.990070e+05 0.000000e+00 4.093286e-01 7.424644e-01 -1.000000e+00 -1.000000e+00 0.000000e+00 -1.000000e+00 5 0.000000e+00 0.000000e+00
-1.000000e+00 -1.000000e+00 0.000000e+00 -1.000000e+00 -1.000000e+00 2.000000e+02 2.384162e-01 -1.000000e+00 0.000000e+00 -1.000000e+00 0.000000e+00 -1.000000e+00 -1.000000e+00 3.248490e-02 2.000000e+03 -1.000000e+00 0.000000e+00 -9.990070e+05 3.000000e+00 -1.000000e+00 -1.000000e+00 9.244897e-02 0.000000e+00 0.000000e+00 -1.000000e+00 0.500000e+00 -1.000000e+00 -9.990070e+05 0.000000e+00 5.098821e-01 8.126783e-01 -1.000000e+00 -1.000000e+00 0.000000e+00 -1.000000e+00 9 0.000000e+00 0.000000e+00
-1.000000e+00 -1.000000e+00 0.000000e+00 -1.000000e+00 -1.000000e+00 5.000000e+02 2.071532e-04 -1.000000e+00 0.000000e+00 -1.000000e+00 0.000000e+00 -1.000000e+00 -1.000000e+00 2.481089e-07 1.500000e+03 -1.000000e+00 0.000000e+00 -9.990070e+05 3.000000e+00 -1.000000e+00 -1.000000e+00 7.801803e-06 0.000000e+00 0.000000e+00 -1.000000e+00 0.500000e+00 -1.000000e+00 -9.990070e+05 0.000000e+00 3.996990e-03 4.463645e-02 -1.000000e+00 -1.000000e+00 0.000000e+00 -1.000000e+00 13 0.000000e+00 0.000000e+00
-1.000000e+00 -1.000000e+00 0.000000e+00 -1.000000e+00 -1.000000e+00 5.000000e+02 1.526855e-02 -1.000000e+00 0.000000e+00 -1.000000e+00 0.000000e+00 -1.000000e+00 -1.000000e+00 2.110331e-04 1.700000e+03 -1.000000e+00 0.000000e+00 -9.990070e+05 3.000000e+00 -1.000000e+00 -1.000000e+00 1.930798e-03 0.000000e+00 0.000000e+00 -1.000000e+00 0.500000e+00 -1.000000e+00 -9.990070e+05 0.000000e+00 9.145120e-02 3.428741e-01 -1.000000e+00 -1.000000e+00 0.000000e+00 -1.000000e+00 9 0.000000e+00 0.000000e+00
-1.000000e+00 -1.000000e+00 0.000000e+00 -1.000000e+00 -1.000000e+00 7.750000e+02 4.401998e-02 -1.000000e+00 0.000000e+00 -1.000000e+00 0.000000e+00 -1.000000e+00 -1.000000e+00 1.312598e-03 8.250000e+02 -1.000000e+00 0.000000e+00 -9.990070e+05 3.000000e+00 -1.000000e+00 -1.000000e+00 8.128076e-03 0.000000e+00 0.000000e+00 -1.000000e+00 0.500000e+00 -1.000000e+00 -9.990070e+05 0.000000e+00 1.846034e-01 5.059655e-01 -1.000000e+00 -1.000000e+00 0.000000e+00 -1.000000e+00 14 0.000000e+00 0.000000e+00
-1.000000e+00 -1.000000e+00 0.000000e+00 -1.000000e+00 -1.000000e+00 1.000000e+02 2.387842e-06 -1.000000e+00 0.000000e+00 -1.000000e+00 0.000000e+00 -1.000000e+00 -1.000000e+00 4.063591e-10 1.500000e+03 -1.000000e+00 0.000000e+00 -9.990070e+05 3.000000e+00 -1.000000e+00 -1.000000e+00 3.407248e-08 0.000000e+00 0.000000e+00 -1.000000e+00 0.500000e+00 -1.000000e+00 -9.990070e+05 0.000000e+00 1.195824e-04 3.365627e-03 -1.000000e+00 -1.000000e+00 0.000000e+00 -1.000000e+00 9 0.000000e+00 0.000000e+00
-1.000000e+00 -1.000000e+00 0.000000e+00 -1.000000e+00 -1.000000e+00 1.000000e+02 2.170051e-41 -1.000000e+00 0.000000e+00 -1.000000e+00 0.000000e+00 -1.000000e+00 -1.000000e+00 0.000000e+00 1.100000e+03 -1.000000e+00 0.000000e+00 -9.990070e+05 3.000000e+00 -1.000000e+00 -1.000000e+00 0.000000e+00 0.000000e+00 0.000000e+00 -1.000000e+00 0.500000e+00 -1.000000e+00 -9.990070e+05 0.000000e+00 6.010189e-36 8.926740e-31 -1.000000e+00 -1.000000e+00 0.000000e+00 -1.000000e+00 13 0.000000e+00 0.000000e+00
-1.000000e+00 -1.000000e+00 0.000000e+00 -1.000000e+00 -1.000000e+00 4.500000e+02 7.299441e-33 -1.000000e+00 0.000000e+00 -1.000000e+00 0.000000e+00 -1.000000e+00 -1.000000e+00 7.931349e-43 9.500000e+02 -1.000000e+00 0.000000e+00 -9.990070e+05 3.000000e+00 -1.000000e+00 -1.000000e+00 8.405782e-38 0.000000e+00 0.000000e+00 -1.000000e+00 0.500000e+00 -1.000000e+00 -9.990070e+05 0.000000e+00 4.396960e-28 1.422868e-23 -1.000000e+00 -1.000000e+00 0.000000e+00 -1.000000e+00 3 0.000000e+00 0.000000e+00
-1.000000e+00 -1.000000e+00 0.000000e+00 -1.000000e+00 -1.000000e+00 5.500000e+02 9.035394e-19 -1.000000e+00 0.000000e+00 -1.000000e+00 0.000000e+00 -1.000000e+00 -1.000000e+00 4.556905e-26 1.050000e+03 -1.000000e+00 0.000000e+00 -9.990070e+05 3.000000e+00 -1.000000e+00 -1.000000e+00 2.237983e-22 0.000000e+00 0.000000e+00 -1.000000e+00 0.500000e+00 -1.000000e+00 -9.990070e+05 0.000000e+00 2.543588e-15 3.873593e-12 -1.000000e+00 -1.000000e+00 0.000000e+00 -1.000000e+00 1 0.000000e+00 0.000000e+00
-1.000000e+00 -1.000000e+00 0.000000e+00 -1.000000e+00 -1.000000e+00 2.500000e+02 8.032760e-36 -1.000000e+00 0.000000e+00 -1.000000e+00 0.000000e+00 -1.000000e+00 -1.000000e+00 0.000000e+00 1.150000e+03 -1.000000e+00 0.000000e+00 -9.990070e+05 3.000000e+00 -1.000000e+00 -1.000000e+00 5.333762e-41 0.000000e+00 0.000000e+00 -1.000000e+00 0.500000e+00 -1.000000e+00 -9.990070e+05 0.000000e+00 8.386973e-31 4.700900e-26 -1.000000e+00 -1.000000e+00 0.000000e+00 -1.000000e+00 13 0.000000e+00 0.000000e+00
-1.000000e+00 -1.000000e+00 0.000000e+00 -1.000000e+00 -1.000000e+00 8.500000e+02 9.652928e-02 -1.000000e+00 0.000000e+00 -1.000000e+00 0.000000e+00 -1.000000e+00 -1.000000e+00 5.501821e-03 1.550000e+03 -1.000000e+00 0.000000e+00 -9.990070e+05 3.000000e+00 -1.000000e+00 -1.000000e+00 2.448607e-02 1.000000e+00 0.000000e+00 -1.000000e+00 0.500000e+00 -1.000000e+00 -9.990070e+05 0.000000e+00 3.019119e-01 6.470703e-01 -1.000000e+00 -1.000000e+00 0.000000e+00 -1.000000e+00 13 0.000000e+00 0.000000e+00
-1.000000e+00 -1.000000e+00 0.000000e+00 -1.000000e+00 -1.000000e+00 7.000000e+02 1.081259e-01 -1.000000e+00 0.000000e+00 -1.000000e+00 0.000000e+00 -1.000000e+00 -1.000000e+00 6.816377e-03 1.700000e+03 -1.000000e+00 0.000000e+00 -9.990070e+05 3.000000e+00 -1.000000e+00 -1.000000e+00 2.881290e-02 0.000000e+00 0.000000e+00 -1.000000e+00 0.500000e+00 -1.000000e+00 -9.990070e+05 0.000000e+00 3.233320e-01 6.681614e-01 -1.000000e+00 -1.000000e+00 0.000000e+00 -1.000000e+00 4 0.000000e+00 0.000000e+00
-1.000000e+00 -1.000000e+00 0.000000e+00 -1.000000e+00 -1.000000e+00 0.000000e+00 3.159597e-02 -1.000000e+00 0.000000e+00 -1.000000e+00 0.000000e+00 -1.000000e+00 -1.000000e+00 7.323564e-04 2.000000e+02 -1.000000e+00 0.000000e+00 -9.990070e+05 3.000000e+00 -1.000000e+00 -1.000000e+00 5.154525e-03 0.000000e+00 0.000000e+00 -1.000000e+00 0.500000e+00 -1.000000e+00 -9.990070e+05 0.000000e+00 1.487833e-01 4.508422e-01 -1.000000e+00 -1.000000e+00 0.000000e+00 -1.000000e+00 5 0.000000e+00 0.000000e+00
-1.000000e+00 -1.000000e+00 0.000000e+00 -1.000000e+00 -1.000000e+00 6.500000e+02 8.865082e-03 -1.000000e+00 0.000000e+00 -1.000000e+00 0.000000e+00 -1.000000e+00 -1.000000e+00 8.547789e-05 1.550000e+03 -1.000000e+00 0.000000e+00 -9.990070e+05 3.000000e+00 -1.000000e+00 -1.000000e+00 9.384858e-04 0.000000e+00 0.000000e+00 -1.000000e+00 0.500000e+00 -1.000000e+00 -9.990070e+05 0.000000e+00 6.289464e-02 2.747986e-01 -1.000000e+00 -1.000000e+00 0.000000e+00 -1.000000e+00 13 0.000000e+00 0.000000e+00
-1.000000e+00 -1.000000e+00 0.000000e+00 -1.000000e+00 -1.000000e+00 5.000000e+01 2.046707e-05 -1.000000e+00 0.000000e+00 -1.000000e+00 0.000000e+00 -1.000000e+00 -1.000000e+00 8.475459e-09 1.550000e+03 -1.000000e+00 0.000000e+00 -9.990070e+05 3.000000e+00 -1.000000e+00 -1.000000e+00 4.546469e-07 0.000000e+00 0.000000e+00 -1.000000e+00 0.500000e+00 -1.000000e+00 -9.990070e+05 0.000000e+00 6.627301e-04 1.219636e-02 -1.000000e+00 -1.000000e+00 0.000000e+00 -1.000000e+00 9 0.000000e+00 0.000000e+00
-1.000000e+00 -1.000000e+00 0.000000e+00 -1.000000e+00 -1.000000e+00 7.870000e+02 4.875385e-02 -1.000000e+00 0.000000e+00 -1.000000e+00 0.000000e+00 -1.000000e+00 -1.000000e+00 1.574724e-03 8.120000e+02 -1.000000e+00 0.000000e+00 -9.990070e+05 3.000000e+00 -1.000000e+00 -1.000000e+00 9.362600e-03 0.000000e+00 0.000000e+00 -1.000000e+00 0.500000e+00 -1.000000e+00 -9.990070e+05 0.000000e+00 1.971123e-01 5.235838e-01 -1.000000e+00 -1.000000e+00 0.000000e+00 -1.000000e+00 8 0.000000e+00 0.000000e+00
-1.000000e+00 -1.000000e+00 0.000000e+00 -1.000000e+00 -1.000000e+00 3.000000e+02 1.903864e-16 -1.000000e+00 0.000000e+00 -1.000000e+00 0.000000e+00 -1.000000e+00 -1.000000e+00 3.265390e-23 1.300000e+03 -1.000000e+00 0.000000e+00 -9.990070e+05 3.000000e+00 -1.000000e+00 -1.000000e+00 8.690745e-20 0.000000e+00 0.000000e+00 -1.000000e+00 0.500000e+00 -1.000000e+00 -9.990070e+05 0.000000e+00 2.913235e-13 2.417332e-10 -1.000000e+00 -1.000000e+00 0.000000e+00 -1.000000e+00 13 0.000000e+00 0.000000e+00
-1.000000e+00 -1.000000e+00 0.000000e+00 -1.000000e+00 -1.000000e+00 0.000000e+00 1.811476e-12 -1.000000e+00 0.000000e+00 -1.000000e+00 0.000000e+00 -1.000000e+00 -1.000000e+00 3.192130e-18 4.000000e+02 -1.000000e+00 0.000000e+00 -9.990070e+05 3.000000e+00 -1.000000e+00 -1.000000e+00 2.646246e-15 0.000000e+00 0.000000e+00 -1.000000e+00 0.500000e+00 -1.000000e+00 -9.990070e+05 0.000000e+00 8.700574e-10 2.280962e-07 -1.000000e+00 -1.000000e+00 0.000000e+00 -1.000000e+00 3 0.000000e+00 0.000000e+00
-1.000000e+00 -1.000000e+00 0.000000e+00 -1.000000e+00 -1.000000e+00 8.000000e+02 2.063551e-02 -1.000000e+00 0.000000e+00 -1.000000e+00 0.000000e+00 -1.000000e+00 -1.000000e+00 3.514288e-04 1.400000e+03 -1.000000e+00 0.000000e+00 -9.990070e+05 3.000000e+00 -1.000000e+00 -1.000000e+00 2.892384e-03 0.000000e+00 0.000000e+00 -1.000000e+00 0.500000e+00 -1.000000e+00 -9.990070e+05 0.000000e+00 1.121113e-01 3.853031e-01 -1.000000e+00 -1.000000e+00 0.000000e+00 -1.000000e+00 1 0.000000e+00 0.000000e+00
-1.000000e+00 -1.000000e+00 0.000000e+00 -1.000000e+00 -1.000000e+00 2.000000e+02 2.868268e-09 -1.000000e+00 0.000000e+00 -1.000000e+00 0.000000e+00 -1.000000e+00 -1.000000e+00 4.480744e-14 1.400000e+03 -1.000000e+00 0.000000e+00 -9.990070e+05 3.000000e+00 -1.000000e+00 -1.000000e+00 1.244782e-11 0.000000e+00 0.000000e+00 -1.000000e+00 0.500000e+00 -1.000000e+00 -9.990070e+05 0.000000e+00 4.667423e-07 4.186944e-05 -1.000000e+00 -1.000000e+00 0.000000e+00 -1.000000e+00 13 0.000000e+00 0.000000e+00
-1.000000e+00 -1.000000e+00 0.000000e+00 -1.000000e+00 -1.000000e+00 1.500000e+02 2.536307e-07 -1.000000e+00 0.000000e+00 -1.000000e+00 0.000000e+00 -1.000000e+00 -1.000000e+00 1.838952e-11 1.450000e+03 -1.000000e+00 0.000000e+00 -9.990070e+05 3.000000e+00 -1.000000e+00 -1.000000e+00 2.366055e-09 0.000000e+00 0.000000e+00 -1.000000e+00 0.500000e+00 -1.000000e+00 -9.990070e+05 0.000000e+00 1.933139e-05 8.211717e-04 -1.000000e+00 -1.000000e+00 0.000000e+00 -1.000000e+00 4 0.000000e+00 0.000000e+00
-1.000000e+00 -1.000000e+00 0.000000e+00 -1.000000e+00 -1.000000e+00 2.500000e+02 1.204017e-02 -1.000000e+00 0.000000e+00 -1.000000e+00 0.000000e+00 -1.000000e+00 -1.000000e+00 1.418309e-04 1.750000e+03 -1.000000e+00 0.000000e+00 -9.990070e+05 3.000000e+00 -1.000000e+00 -1.000000e+00 1.407087e-03 0.000000e+00 0.000000e+00 -1.000000e+00 0.500000e+00 -1.000000e+00 -9.990070e+05 0.000000e+00 7.773117e-02 3.117809e-01 -1.000000e+00 -1.000000e+00 0.000000e+00 -1.000000e+00 9 0.000000e+00 0.000000e+00
-1.000000e+00 -1.000000e+00 0.000000e+00 -1.000000e+00 -1.000000e+00 3.500000e+02 6.034865e-02 -1.000000e+00 0.000000e+00 -1.000000e+00 0.000000e+00 -1.000000e+00 -1.000000e+00 2.312423e-03 1.850000e+03 -1.000000e+00 0.000000e+00 -9.990070e+05 3.000000e+00 -1.000000e+00 -1.000000e+00 1.260291e-02 0.000000e+00 0.000000e+00 -1.000000e+00 0.500000e+00 -1.000000e+00 -9.990070e+05 0.000000e+00 2.257188e-01 5.612243e-01 -1.000000e+00 -1.000000e+00 0.000000e+00 -1.000000e+00 9 0.000000e+00 0.000000e+00
-1.000000e+00 -1.000000e+00 0.000000e+00 -1.000000e+00 -1.000000e+00 6.870000e+02 8.328509e-04 -1.000000e+00 0.000000e+00 -1.000000e+00 0.000000e+00 -1.000000e+00 -1.000000e+00 2.024375e-06 7.120000e+02 -1.000000e+00 0.000000e+00 -9.990070e+05 3.000000e+00 -1.000000e+00 -1.000000e+00 4.456937e-05 0.000000e+00 0.000000e+00 -1.000000e+00 0.500000e+00 -1.000000e+00 -9.990070e+05 0.000000e+00 1.140985e-02 9.194826e-02 -1.000000e+00 -1.000000e+00 0.000000e+00 -1.000000e+00 14 0.000000e+00 0.000000e+00
-1.000000e+00 -1.000000e+00 0.000000e+00 -1.000000e+00 -1.000000e+00 0.000000e+00 1.441623e-06 -1.000000e+00 0.000000e+00 -1.000000e+00 0.000000e+00 -1.000000e+00 -1.000000e+00 2.012580e-10 1.500000e+03 -1.000000e+00 0.000000e+00 -9.990070e+05 3.000000e+00 -1.000000e+00 -1.000000e+00 1.863894e-08 0.000000e+00 0.000000e+00 -1.000000e+00 0.500000e+00 -1.000000e+00 -9.990070e+05 0.000000e+00 7.957836e-05 2.463504e-03 -1.000000e+00 -1.000000e+00 0.000000e+00 -1.000000e+00 9 0.000000e+00 0.000000e+00
-1.000000e+00 -1.000000e+00 0.000000e+00 -1.000000e+00 -1.000000e+00 3.000000e+02 1.854922e-05 -1.000000e+00 0.000000e+00 -1.000000e+00 0.000000e+00 -1.000000e+00 -1.000000e+00 7.361397e-09 1.500000e+03 -1.000000e+00 0.000000e+00 -9.990070e+05 3.000000e+00 -1.000000e+00 -1.000000e+00 4.034170e-07 0.000000e+00 0.000000e+00 -1.000000e+00 0.500000e+00 -1.000000e+00 -9.990070e+05 0.000000e+00 6.132601e-04 1.151628e-02 -1.000000e+00 -1.000000e+00 0.000000e+00 -1.000000e+00 4 0.000000e+00 0.000000e+00
-1.000000e+00 -1.000000e+00 0.000000e+00 -1.000000e+00 -1.000000e+00 9.000000e+02 2.196429e-01 -1.000000e+00 0.000000e+00 -1.000000e+00 0.000000e+00 -1.000000e+00 -1.000000e+00 2.744743e-02 1.500000e+03 -1.000000e+00 0.000000e+00 -9.990070e+05 3.000000e+00 -1.000000e+00 -1.000000e+00 8.167183e-02 1.000000e+00 0.000000e+00 -1.000000e+00 0.500000e+00 -1.000000e+00 -9.990070e+05 0.000000e+00 4.873459e-01 7.982577e-01 -1.000000e+00 -1.000000e+00 0.000000e+00 -1.000000e+00 13 0.000000e+00 0.000000e+00
-1.000000e+00 -1.000000e+00 0.000000e+00 -1.000000e+00 -1.000000e+00 9.000000e+02 2.958143e-01 -1.000000e+00 0.000000e+00 -1.000000e+00 0.000000e+00 -1.000000e+00 -1.000000e+00 5.106150e-02 1.700000e+03 -1.000000e+00 0.000000e+00 -9.990070e+05 3.000000e+00 -1.000000e+00 -1.000000e+00 1.286133e-01 1.000000e+00 0.000000e+00 -1.000000e+00 0.500000e+00 -1.000000e+00 -9.990070e+05 0.000000e+00 5.727422e-01 8.494214e-01 -1.000000e+00 -1.000000e+00 0.000000e+00 -1.000000e+00 13 0.000000e+00 0.000000e+00
-1.000000e+00 -1.000000e+00 0.000000e+00 -1.000000e+00 -1.000000e+00 3.870000e+02 8.666298e-08 -1.000000e+00 0.000000e+00 -1.000000e+00 0.000000e+00 -1.000000e+00 -1.000000e+00 4.269812e-12 4.120000e+02 -1.000000e+00 0.000000e+00 -9.990070e+05 3.000000e+00 -1.000000e+00 -1.000000e+00 6.668585e-10 0.000000e+00 0.000000e+00 -1.000000e+00 0.500000e+00 -1.000000e+00 -9.990070e+05 0.000000e+00 7.992317e-06 4.094877e-04 -1.000000e+00 -1.000000e+00 0.000000e+00 -1.000000e+00 14 0.000000e+00 0.000000e+00
-1.000000e+00 -1.000000e+00 0.000000e+00 -1.000000e+00 -1.000000e+00 5.000000e+01 1.745498e-01 -1.000000e+00 0.000000e+00 -1.000000e+00 0.000000e+00 -1.000000e+00 -1.000000e+00 1.727149e-02 1.950000e+03 -1.000000e+00 0.000000e+00 -9.990070e+05 3.000000e+00 -1.000000e+00 -1.000000e+00 5.794680e-02 0.000000e+00 0.000000e+00 -1.000000e+00 0.500000e+00 -1.000000e+00 -9.990070e+05 0.000000e+00 4.282112e-01 7.568704e-01 -1.000000e+00 -1.000000e+00 0.000000e+00 -1.000000e+00 9 0.000000e+00 0.000000e+00
-1.000000e+00 -1.000000e+00 0.000000e+00 -1.000000e+00 -1.000000e+00 3.500000e+02 6.077545e-07 -1.000000e+00 0.000000e+00 -1.000000e+00 0.000000e+00 -1.000000e+00 -1.000000e+00 6.096067e-11 1.450000e+03 -1.000000e+00 0.000000e+00 -9.990070e+05 3.000000e+00 -1.000000e+00 -1.000000e+00 6.664682e-09 0.000000e+00 0.000000e+00 -1.000000e+00 0.500000e+00 -1.000000e+00 -9.990070e+05 0.000000e+00 3.947617e-05 1.433275e-03 -1.000000e+00 -1.000000e+00 0.000000e+00 -1.000000e+00 13 0.000000e+00 0.000000e+00
-1.000000e+00 -1.000000e+00 0.000000e+00 -1.000000e+00 -1.000000e+00 2.500000e+02 1.735546e-01 -1.000000e+00 0.000000e+00 -1.000000e+00 0.000000e+00 -1.000000e+00 -1.000000e+00 1.707622e-02 1.950000e+03 -1.000000e+00 0.000000e+00 -9.990070e+05 3.000000e+00 -1.000000e+00 -1.000000e+00 5.745821e-02 0.000000e+00 0.000000e+00 -1.000000e+00 0.500000e+00 -1.000000e+00 -9.990070e+05 0.000000e+00 4.268145e-01 7.558258e-01 -1.000000e+00 -1.000000e+00 0.000000e+00 -1.000000e+00 9 0.000000e+00 0.000000e+00
-1.000000e+00 -1.000000e+00 0.000000e+00 -1.000000e+00 -1.000000e+00 4.500000e+02 1.992352e-02 -1.000000e+00 0.000000e+00 -1.000000e+00 0.000000e+00 -1.000000e+00 -1.000000e+00 3.310231e-04 1.750000e+03 -1.000000e+00 0.000000e+00 -9.990070e+05 3.000000e+00 -1.000000e+00 -1.000000e+00 2.758793e-03 0.000000e+00 0.000000e+00 -1.000000e+00 0.500000e+00 -1.000000e+00 -9.990070e+05 0.000000e+00 1.094968e-01 3.801864e-01 -1.000000e+00 -1.000000e+00 0.000000e+00 -1.000000e+00 9 0.000000e+00 0.000000e+00
-1.000000e+00 -1.000000e+00 0.000000e+00 -1.000000e+00 -1.000000e+00 5.000000e+01 6.504977e-03 -1.000000e+00 0.000000e+00 -1.000000e+00 0.000000e+00 -1.000000e+00 -1.000000e+00 5.153440e-05 1.750000e+03 -1.000000e+00 0.000000e+00 -9.990070e+05 3.000000e+00 -1.000000e+00 -1.000000e+00 6.249266e-04 0.000000e+00 0.000000e+00 -1.000000e+00 0.500000e+00 -1.000000e+00 -9.990070e+05 0.000000e+00 5.064426e-02 2.408801e-01 -1.000000e+00 -1.000000e+00 0.000000e+00 -1.000000e+00 9 0.000000e+00 0.000000e+00
-1.000000e+00 -1.000000e+00 0.000000e+00 -1.000000e+00 -1.000000e+00 1.500000e+02 1.206115e-23 -1.000000e+00 0.000000e+00 -1.000000e+00 0.000000e+00 -1.000000e+00 -1.000000e+00 5.902700e-32 1.250000e+03 -1.000000e+00 0.000000e+00 -9.990070e+05 3.000000e+00 -1.000000e+00 -1.000000e+00 9.314909e-28 0.000000e+00 0.000000e+00 -1.000000e+00 0.500000e+00 -1.000000e+00 -9.990070e+05 0.000000e+00 1.086220e-19 5.273852e-16 -1.000000e+00 -1.000000e+00 0.000000e+00 -1.000000e+00 13 0.000000e+00 0.000000e+00
-1.000000e+00 -1.000000e+00 0.000000e+00 -1.000000e+00 -1.000000e+00 5.000000e+01 1.738856e-12 -1.000000e+00 0.000000e+00 -1.000000e+00 0.000000e+00 -1.000000e+00 -1.000000e+00 3.029969e-18 1.350000e+03 -1.000000e+00 0.000000e+00 -9.990070e+05 3.000000e+00 -1.000000e+00 -1.000000e+00 2.525972e-15 0.000000e+00 0.000000e+00 -1.000000e+00 0.500000e+00 -1.000000e+00 -9.990070e+05 0.000000e+00 8.398466e-10 2.213982e-07 -1.000000e+00 -1.000000e+00 0.000000e+00 -1.000000e+00 13 0.000000e+00 0.000000e+00
-1.000000e+00 -1.000000e+00 0.000000e+00 -1.000000e+00 -1.000000e+00 9.000000e+02 4.790037e-01 -1.000000e+00 0.000000e+00 -1.000000e+00 0.000000e+00 -1.000000e+00 -1.000000e+00 1.488106e-01 1.900000e+03 -1.000000e+00 0.000000e+00 -9.990070e+05 3.000000e+00 -1.000000e+00 -1.000000e+00 2.762398e-01 0.000000e+00 0.000000e+00 -1.000000e+00 0.500000e+00 -1.000000e+00 -9.990070e+05 0.000000e+00 7.308450e-01 9.228323e-01 -1.000000e+00 -1.000000e+00 0.000000e+00 -1.000000e+00 9 0.000000e+00 0.000000e+00
-1.000000e+00 -1.000000e+00 0.000000e+00 -1.000000e+00 -1.000000e+00 3.000000e+02 1.752289e-39 -1.000000e+00 0.000000e+00 -1.000000e+00 0.000000e+00 -1.000000e+00 -1.000000e+00 0.000000e+00 1.100000e+03 -1.000000e+00 0.000000e+00 -9.990070e+05 3.000000e+00 -1.000000e+00 -1.000000e+00 5.605194e-45 0.000000e+00 0.000000e+00 -1.000000e+00 0.500000e+00 -1.000000e+00 -9.990070e+05 0.000000e+00 3.502703e-34 3.755929e-29 -1.000000e+00 -1.000000e+00 0.000000e+00 -1.000000e+00 1 0.000000e+00 0.000000e+00
-1.000000e+00 -1.000000e+00 0.000000e+00 -1.000000e+00 -1.000000e+00 4.500000e+02 1.999036e-23 -1.000000e+00 0.000000e+00 -1.000000e+00 0.000000e+00 -1.000000e+00 -1.000000e+00 1.080452e-31 7.500000e+02 -1.000000e+00 0.000000e+00 -9.990070e+05 3.000000e+00 -1.000000e+00 -1.000000e+00 1.622397e-27 0.000000e+00 0.000000e+00 -1.000000e+00 0.500000e+00 -1.000000e+00 -9.990070e+05 0.000000e+00 1.713336e-19 7.917679e-16 -1.000000e+00 -1.000000e+00 0.000000e+00 -1.000000e+00 3 0.000000e+00 0.000000e+00
-1.000000e+00 -1.000000e+00 0.000000e+00 -1.000000e+00 -1.000000e+00 0.000000e+00 0.000000e+00 -1.000000e+00 0.000000e+00 -1.000000e+00 0.000000e+00 -1.000000e+00 -1.000000e+00 0.000000e+00 1.000000e+03 -1.000000e+00 0.000000e+00 -9.990070e+05 3.000000e+00 -1.000000e+00 -1.000000e+00 0.000000e+00 0.000000e+00 0.000000e+00 -1.000000e+00 0.500000e+00 -1.000000e+00 -9.990070e+05 0.000000e+00 0.000000e+00 0.000000e+00 -1.000000e+00 -1.000000e+00 0.000000e+00 -1.000000e+00 1 0.000000e+00 0.000000e+00
-1.000000e+00 -1.000000e+00 0.000000e+00 -1.000000e+00 -1.000000e+00 8.750000e+02 3.218215e-01 -1.000000e+00 0.000000e+00 -1.000000e+00 0.000000e+00 -1.000000e+00 -1.000000e+00 6.116867e-02 9.250000e+02 -1.000000e+00 0.000000e+00 -9.990070e+05 3.000000e+00 -1.000000e+00 -1.000000e+00 1.465804e-01 0.000000e+00 0.000000e+00 -1.000000e+00 0.500000e+00 -1.000000e+00 -9.990070e+05 0.000000e+00 5.986862e-01 8.632177e-01 -1.000000e+00 -1.000000e+00 0.000000e+00 -1.000000e+00 14 0.000000e+00 0.000000e+00
-1.000000e+00 -1.000000e+00 0.000000e+00 -1.000000e+00 -1.000000e+00 7.500000e+02 7.465879e-03 -1.000000e+00 0.000000e+00 -1.000000e+00 0.000000e+00 -1.000000e+00 -1.000000e+00 6.450534e-05 1.450000e+03 -1.000000e+00 0.000000e+00 -9.990070e+05 3.000000e+00 -1.000000e+00 -1.000000e+00 7.486515e-04 0.000000e+00 0.000000e+00 -1.000000e+00 0.500000e+00 -1.000000e+00 -9.990070e+05 0.000000e+00 5.578700e-02 2.555513e-01 -1.000000e+00 -1.000000e+00 0.000000e+00 -1.000000e+00 13 0.000000e+00 0.000000e+00
-1.000000e+00 -1.000000e+00 0.000000e+00 -1.000000e+00 -1.000000e+00 5.500000e+02 2.033737e-02 -1.000000e+00 0.000000e+00 -1.000000e+00 0.000000e+00 -1.000000e+00 -1.000000e+00 3.428187e-04 1.650000e+03 -1.000000e+00 0.000000e+00 -9.990070e+05 3.000000e+00 -1.000000e+00 -1.000000e+00 2.836230e-03 0.000000e+00 0.000000e+00 -1.000000e+00 0.500000e+00 -1.000000e+00 -9.990070e+05 0.000000e+00 1.110207e-01 3.831770e-01 -1.000000e+00 -1.000000e+00 0.000000e+00 -1.000000e+00 4 0.000000e+00 0.000000e+00
-1.000000e+00 -1.000000e+00 0.000000e+00 -1.000000e+00 -1.000000e+00 8.500000e+02 3.187471e-01 -1.000000e+00 0.000000e+00 -1.000000e+00 0.000000e+00 -1.000000e+00 -1.000000e+00 5.991584e-02 1.750000e+03 -1.000000e+00 0.000000e+00 -9.990070e+05 3.000000e+00 -1.000000e+00 -1.000000e+00 1.444052e-01 1.000000e+00 0.000000e+00 -1.000000e+00 0.500000e+00 -1.000000e+00 -9.990070e+05 0.000000e+00 5.956922e-01 8.616639e-01 -1.000000e+00 -1.000000e+00 0.000000e+00 -1.000000e+00 13 0.000000e+00 0.000000e+00
-1.000000e+00 -1.000000e+00 0.000000e+00 -1.000000e+00 -1.000000e+00 7.000000e+02 1.474232e-04 -1.000000e+00 0.000000e+00 -1.000000e+00 0.000000e+00 -1.000000e+00 -1.000000e+00 1.498246e-07 9.000000e+02 -1.000000e+00 0.000000e+00 -9.990070e+05 3.000000e+00 -1.000000e+00 -1.000000e+00 5.117213e-06 0.000000e+00 0.000000e+00 -1.000000e+00 0.500000e+00 -1.000000e+00 -9.990070e+05 0.000000e+00 3.080799e-03 3.714235e-02 -1.000000e+00 -1.000000e+00 0.000000e+00 -1.000000e+00 5 0.000000e+00 0.000000e+00
-1.000000e+00 -1.000000e+00 0.000000e+00 -1.000000e+00 -1.000000e+00 6.000000e+02 1.008926e-11 -1.000000e+00 0.000000e+00 -1.000000e+00 0.000000e+00 -1.000000e+00 -1.000000e+00 2.870145e-17 1.200000e+03 -1.000000e+00 0.000000e+00 -9.990070e+05 3.000000e+00 -1.000000e+00 -1.000000e+00 1.871867e-14 0.000000e+00 0.000000e+00 -1.000000e+00 0.500000e+00 -1.000000e+00 -9.990070e+05 0.000000e+00 3.820092e-09 7.908873e-07 -1.000000e+00 -1.000000e+00 0.000000e+00 -1.000000e+00 1 0.000000e+00 0.000000e+00
-1.000000e+00 -1.000000e+00 0.000000e+00 -1.000000e+00 -1.000000e+00 5.870000e+02 1.202725e-09 -1.000000e+00 0.000000e+00 -1.000000e+00 0.000000e+00 -1.000000e+00 -1.000000e+00 1.424839e-14 6.120000e+02 -1.000000e+00 0.000000e+00 -9.990070e+05 3.000000e+00 -1.000000e+00 -1.000000e+00 4.546945e-12 0.000000e+00 0.000000e+00 -1.000000e+00 0.500000e+00 -1.000000e+00 -9.990070e+05 0.000000e+00 2.244463e-07 2.305396e-05 -1.000000e+00 -1.000000e+00 0.000000e+00 -1.000000e+00 14 0.000000e+00 0.000000e+00
-1.000000e+00 -1.000000e+00 0.000000e+00 -1.000000e+00 -1.000000e+00 0.000000e+00 2.025999e-09 -1.000000e+00 0.000000e+00 -1.000000e+00 0.000000e+00 -1.000000e+00 -1.000000e+00 2.831426e-14 1.400000e+03 -1.000000e+00 0.000000e+00 -9.990070e+05 3.000000e+00 -1.000000e+00 -1.000000e+00 8.317447e-12 0.000000e+00 0.000000e+00 -1.000000e+00 0.500000e+00 -1.000000e+00 -9.990070e+05 0.000000e+00 3.483714e-07 3.300128e-05 -1.000000e+00 -1.000000e+00 0.000000e+00 -1.000000e+00 4 0.000000e+00 0.000000e+00
-1.000000e+00 -1.000000e+00 0.000000e+00 -1.000000e+00 -1.000000e+00 4.500000e+02 1.853775e-01 -1.000000e+00 0.000000e+00 -1.000000e+00 0.000000e+00 -1.000000e+00 -1.000000e+00 1.947593e-02 1.950000e+03 -1.000000e+00 0.000000e+00 -9.990070e+05 3.000000e+00 -1.000000e+00 -1.000000e+00 6.336142e-02 0.000000e+00 0.000000e+00 -1.000000e+00 0.500000e+00 -1.000000e+00 -9.990070e+05 0.000000e+00 4.431310e-01 7.678279e-01 -1.000000e+00 -1.000000e+00 0.000000e+00 -1.000000e+00 9 0.000000e+00 0.000000e+00
-1.000000e+00 -1.000000e+00 0.000000e+00 -1.000000e+00 -1.000000e+00 7.500000e+02 2.505912e-03 -1.000000e+00 0.000000e+00 -1.000000e+00 0.000000e+00 -1.000000e+00 -1.000000e+00 1.120204e-05 8.500000e+02 -1.000000e+00 0.000000e+00 -9.990070e+05 3.000000e+00 -1.000000e+00 -1.000000e+00 1.813766e-04 0.000000e+00 0.000000e+00 -1.000000e+00 0.500000e+00 -1.000000e+00 -9.990070e+05 0.000000e+00 2.562068e-02 1.568096e-01 -1.000000e+00 -1.000000e+00 0.000000e+00 -1.000000e+00 14 0.000000e+00 0.000000e+00
-1.000000e+00 -1.000000e+00 0.000000e+00 -1.000000e+00 -1.000000e+00 7.000000e+02 3.915497e-03 -1.000000e+00 0.000000e+00 -1.000000e+00 0.000000e+00 -1.000000e+00 -1.000000e+00 2.274411e-05 1.500000e+03 -1.000000e+00 0.000000e+00 -9.990070e+05 3.000000e+00 -1.000000e+00 -1.000000e+00 3.226366e-04 0.000000e+00 0.000000e+00 -1.000000e+00 0.500000e+00 -1.000000e+00 -9.990070e+05 0.000000e+00 3.532714e-02 1.924869e-01 -1.000000e+00 -1.000000e+00 0.000000e+00 -1.000000e+00 13 0.000000e+00 0.000000e+00
-1.000000e+00 -1.000000e+00 0.000000e+00 -1.000000e+00 -1.000000e+00 0.000000e+00 0.000000e+00 -1.000000e+00 0.000000e+00 -1.000000e+00 0.000000e+00 -1.000000e+00 -1.000000e+00 0.000000e+00 6.000000e+02 -1.000000e+00 0.000000e+00 -9.990070e+05 3.000000e+00 -1.000000e+00 -1.000000e+00 0.000000e+00 0.000000e+00 0.000000e+00 -1.000000e+00 0.500000e+00 -1.000000e+00 -9.990070e+05 0.000000e+00 0.000000e+00 0.000000e+00 -1.000000e+00 -1.000000e+00 0.000000e+00 -1.000000e+00 1 0.000000e+00 0.000000e+00
-1.000000e+00 -1.000000e+00 0.000000e+00 -1.000000e+00 -1.000000e+00 4.500000e+02 1.823993e-10 -1.000000e+00 0.000000e+00 -1.000000e+00 0.000000e+00 -1.000000e+00 -1.000000e+00 1.208841e-15 1.350000e+03 -1.000000e+00 0.000000e+00 -9.990070e+05 3.000000e+00 -1.000000e+00 -1.000000e+00 5.160963e-13 0.000000e+00 0.000000e+00 -1.000000e+00 0.500000e+00 -1.000000e+00 -9.990070e+05 0.000000e+00 4.539279e-08 6.199517e-06 -1.000000e+00 -1.000000e+00 0.000000e+00 -1.000000e+00 13 0.000000e+00 0.000000e+00
-1.000000e+00 -1.000000e+00 0.000000e+00 -1.000000e+00 -1.000000e+00 7.500000e+02 3.023728e-04 -1.000000e+00 0.000000e+00 -1.000000e+00 0.000000e+00 -1.000000e+00 -1.000000e+00 4.363744e-07 1.250000e+03 -1.000000e+00 0.000000e+00 -9.990070e+05 3.000000e+00 -1.000000e+00 -1.000000e+00 1.249264e-05 0.000000e+00 0.000000e+00 -1.000000e+00 0.500000e+00 -1.000000e+00 -9.990070e+05 0.000000e+00 5.329766e-03 5.458600e-02 -1.000000e+00 -1.000000e+00 0.000000e+00 -1.000000e+00 1 0.000000e+00 0.000000e+00
-1.000000e+00 -1.000000e+00 0.000000e+00 -1.000000e+00 -1.000000e+00 1.870000e+02 2.612122e-02 -1.000000e+00 0.000000e+00 -1.000000e+00 0.000000e+00 -1.000000e+00 -1.000000e+00 5.265311e-04 2.120000e+02 -1.000000e+00 0.000000e+00 -9.990070e+05 3.000000e+00 -1.000000e+00 -1.000000e+00 3.978273e-03 0.000000e+00 0.000000e+00 -1.000000e+00 0.500000e+00 -1.000000e+00 -9.990070e+05 0.000000e+00 1.312182e-01 4.207943e-01 -1.000000e+00 -1.000000e+00 0.000000e+00 -1.000000e+00 11 0.000000e+00 0.000000e+00
-1.000000e+00 -1.000000e+00 0.000000e+00 -1.000000e+00 -1.000000e+00 0.000000e+00 0.000000e+00 -1.000000e+00 0.000000e+00 -1.000000e+00 0.000000e+00 -1.000000e+00 -1.000000e+00 0.000000e+00 8.000000e+02 -1.000000e+00 0.000000e+00 -9.990070e+05 3.000000e+00 -1.000000e+00 -1.000000e+00 0.000000e+00 0.000000e+00 0.000000e+00 -1.000000e+00 0.500000e+00 -1.000000e+00 -9.990070e+05 0.000000e+00 0.000000e+00 0.000000e+00 -1.000000e+00 -1.000000e+00 0.000000e+00 -1.000000e+00 1 0.000000e+00 0.000000e+00
-1.000000e+00 -1.000000e+00 0.000000e+00 -1.000000e+00 -1.000000e+00 2.000000e+02 1.495781e-04 -1.000000e+00 0.000000e+00 -1.000000e+00 0.000000e+00 -1.000000e+00 -1.000000e+00 1.530738e-07 1.600000e+03 -1.000000e+00 0.000000e+00 -9.990070e+05 3.000000e+00 -1.000000e+00 -1.000000e+00 5.209954e-06 0.000000e+00 0.000000e+00 -1.000000e+00 0.500000e+00 -1.000000e+00 -9.990070e+05 0.000000e+00 3.115298e-03 3.743669e-02 -1.000000e+00 -1.000000e+00 0.000000e+00 -1.000000e+00 9 0.000000e+00 0.000000e+00
-1.000000e+00 -1.000000e+00 0.000000e+00 -1.000000e+00 -1.000000e+00 1.000000e+02 2.147283e-03 -1.000000e+00 0.000000e+00 -1.000000e+00 0.000000e+00 -1.000000e+00 -1.000000e+00 8.786106e-06 1.700000e+03 -1.000000e+00 0.000000e+00 -9.990070e+05 3.000000e+00 -1.000000e+00 -1.000000e+00 1.487557e-04 0.000000e+00 0.000000e+00 -1.000000e+00 0.500000e+00 -1.000000e+00 -9.990070e+05 0.000000e+00 2.290368e-02 1.458375e-01 -1.000000e+00 -1.000000e+00 0.000000e+00 -1.000000e+00 9 0.000000e+00 0.000000e+00
-1.000000e+00 -1.000000e+00 0.000000e+00 -1.000000e+00 -1.000000e+00 3.750000e+02 4.651312e-12 -1.000000e+00 0.000000e+00 -1.000000e+00 0.000000e+00 -1.000000e+00 -1.000000e+00 1.064115e-17 4.250000e+02 -1.000000e+00 0.000000e+00 -9.990070e+05 3.000000e+00 -1.000000e+00 -1.000000e+00 7.740324e-15 0.000000e+00 0.000000e+00 -1.000000e+00 0.500000e+00 -1.000000e+00 -9.990070e+05 0.000000e+00 1.962369e-09 4.523255e-07 -1.000000e+00 -1.000000e+00 0.000000e+00 -1.000000e+00 14 0.000000e+00 0.000000e+00
-1.000000e+00 -1.000000e+00 0.000000e+00 -1.000000e+00 -1.000000e+00 2.000000e+02 2.119233e-02 -1.000000e+00 0.000000e+00 -1.000000e+00 0.000000e+00 -1.000000e+00 -1.000000e+00 3.677623e-04 1.800000e+03 -1.000000e+00 0.000000e+00 -9.990070e+05 3.000000e+00 -1.000000e+00 -1.000000e+00 2.998082e-03 0.000000e+00 0.000000e+00 -1.000000e+00 0.500000e+00 -1.000000e+00 -9.990070e+05 0.000000e+00 1.141324e-01 3.892128e-01 -1.000000e+00 -1.000000e+00 0.000000e+00 -1.000000e+00 9 0.000000e+00 0.000000e+00
-1.000000e+00 -1.000000e+00 0.000000e+00 -1.000000e+00 -1.000000e+00 9.000000e+02 1.557214e-01 -1.000000e+00 0.000000e+00 -1.000000e+00 0.000000e+00 -1.000000e+00 -1.000000e+00 1.378258e-02 1.300000e+03 -1.000000e+00 0.000000e+00 -9.990070e+05 3.000000e+00 -1.000000e+00 -1.000000e+00 4.896524e-02 0.000000e+00 0.000000e+00 -1.000000e+00 0.500000e+00 -1.000000e+00 -9.990070e+05 0.000000e+00 4.010073e-01 7.359166e-01 -1.000000e+00 -1.000000e+00 0.000000e+00 -1.000000e+00 3 0.000000e+00 0.000000e+00
-1.000000e+00 -1.000000e+00 0.000000e+00 -1.000000e+00 -1.000000e+00 8.500000e+02 6.388022e-02 -1.000000e+00 0.000000e+00 -1.000000e+00 0.000000e+00 -1.000000e+00 -1.000000e+00 2.564211e-03 1.350000e+03 -1.000000e+00 0.000000e+00 -9.990070e+05 3.000000e+00 -1.000000e+00 -1.000000e+00 1.364802e-02 0.000000e+00 0.000000e+00 -1.000000e+00 0.500000e+00 -1.000000e+00 -9.990070e+05 0.000000e+00 2.339416e-01 5.714282e-01 -1.000000e+00 -1.000000e+00 0.000000e+00 -1.000000e+00 1 0.000000e+00 0.000000e+00
-1.000000e+00 -1.000000e+00 0.000000e+00 -1.000000e+00 -1.000000e+00 3.500000e+02 3.943143e-20 -1.000000e+00 0.000000e+00 -1.000000e+00 0.000000e+00 -1.000000e+00 -1.000000e+00 1.007710e-27 1.250000e+03 -1.000000e+00 0.000000e+00 -9.990070e+05 3.000000e+00 -1.000000e+00 -1.000000e+00 6.954580e-24 0.000000e+00 0.000000e+00 -1.000000e+00 0.500000e+00 -1.000000e+00 -9.990070e+05 0.000000e+00 1.557634e-16 3.324771e-13 -1.000000e+00 -1.000000e+00 0.000000e+00 -1.000000e+00 13 0.000000e+00 0.000000e+00
-1.000000e+00 -1.000000e+00 0.000000e+00 -1.000000e+00 -1.000000e+00 6.000000e+02 4.816318e-12 -1.000000e+00 0.000000e+00 -1.000000e+00 0.000000e+00 -1.000000e+00 -1.000000e+00 1.112648e-17 1.000000e+03 -1.000000e+00 0.000000e+00 -9.990070e+05 3.000000e+00 -1.000000e+00 -1.000000e+00 8.053970e-15 0.000000e+00 0.000000e+00 -1.000000e+00 0.500000e+00 -1.000000e+00 -9.990070e+05 0.000000e+00 2.022179e-09 4.638794e-07 -1.000000e+00 -1.000000e+00 0.000000e+00 -1.000000e+00 3 0.000000e+00 0.000000e+00
-1.000000e+00 -1.000000e+00 0.000000e+00 -1.000000e+00 -1.000000e+00 6.500000e+02 1.550012e-08 -1.000000e+00 0.000000e+00 -1.000000e+00 0.000000e+00 -1.000000e+00 -1.000000e+00 4.217834e-13 1.150000e+03 -1.000000e+00 0.000000e+00 -9.990070e+05 3.000000e+00 -1.000000e+00 -1.000000e+00 8.871655e-11 0.000000e+00 0.000000e+00 -1.000000e+00 0.500000e+00 -1.000000e+00 -9.990070e+05 0.000000e+00 1.916667e-06 1.311064e-04 -1.000000e+00 -1.000000e+00 0.000000e+00 -1.000000e+00 1 0.000000e+00 0.000000e+00
-1.000000e+00 -1.000000e+00 0.000000e+00 -1.000000e+00 -1.000000e+00 2.000000e+02 1.690065e-29 -1.000000e+00 0.000000e+00 -1.000000e+00 0.000000e+00 -1.000000e+00 -1.000000e+00 6.848360e-39 1.200000e+03 -1.000000e+00 0.000000e+00 -9.990070e+05 3.000000e+00 -1.000000e+00 -1.000000e+00 3.758584e-34 0.000000e+00 0.000000e+00 -1.000000e+00 0.500000e+00 -1.000000e+00 -9.990070e+05 0.000000e+00 5.275629e-25 8.855929e-21 -1.000000e+00 -1.000000e+00 0.000000e+00 -1.000000e+00 13 0.000000e+00 0.000000e+00
-1.000000e+00 -1.000000e+00 0.000000e+00 -1.000000e+00 -1.000000e+00 1.500000e+02 5.754965e-04 -1.000000e+00 0.000000e+00 -1.000000e+00 0.000000e+00 -1.000000e+00 -1.000000e+00 1.152036e-06 1.650000e+03 -1.000000e+00 0.000000e+00 -9.990070e+05 3.000000e+00 -1.000000e+00 -1.000000e+00 2.796989e-05 0.000000e+00 0.000000e+00 -1.000000e+00 0.500000e+00 -1.000000e+00 -9.990070e+05 0.000000e+00 8.658448e-03 7.625818e-02 -1.000000e+00 -1.000000e+00 0.000000e+00 -1.000000e+00 9 0.000000e+00 0.000000e+00
-1.000000e+00 -1.000000e+00 0.000000e+00 -1.000000e+00 -1.000000e+00 4.000000e+02 9.698192e-21 -1.000000e+00 0.000000e+00 -1.000000e+00 0.000000e+00 -1.000000e+00 -1.000000e+00 1.842218e-28 1.200000e+03 -1.000000e+00 0.000000e+00 -9.990070e+05 3.000000e+00 -1.000000e+00 -1.000000e+00 1.474865e-24 0.000000e+00 0.000000e+00 -1.000000e+00 0.500000e+00 -1.000000e+00 -9.990070e+05 0.000000e+00 4.441561e-17 1.098641e-13 -1.000000e+00 -1.000000e+00 0.000000e+00 -1.000000e+00 13 0.000000e+00 0.000000e+00
-1.000000e+00 -1.000000e+00 0.000000e+00 -1.000000e+00 -1.000000e+00 8.000000e+02 8.727045e-02 -1.000000e+00 0.000000e+00 -1.000000e+00 0.000000e+00 -1.000000e+00 -1.000000e+00 4.555567e-03 1.600000e+03 -1.000000e+00 0.000000e+00 -9.990070e+05 3.000000e+00 -1.000000e+00 -1.000000e+00 2.120580e-02 1.000000e+00 0.000000e+00 -1.000000e+00 0.500000e+00 -1.000000e+00 -9.990070e+05 0.000000e+00 2.839023e-01 6.283975e-01 -1.000000e+00 -1.000000e+00 0.000000e+00 -1.000000e+00 13 0.000000e+00 0.000000e+00
-1.000000e+00 -1.000000e+00 4.000000e+03 -1.000000e+00 -1.000000e+00 8.700000e+01 3.148645e-01 -1.000000e+00 1.000000e+00 -1.000000e+00 0.000000e+00 -1.000000e+00 -1.000000e+00 5.835618e-02 1.120000e+02 -1.000000e+00 1.000000e+00 -9.990070e+05 2.000000e+00 -1.000000e+00 -1.000000e+00 1.416778e-01 0.000000e+00 0.000000e+00 -1.000000e+00 0.500000e+00 -1.000000e+00 -9.990070e+05 0.000000e+00 5.918840e-01 8.596732e-01 -1.000000e+00 -1.000000e+00 0.000000e+00 -1.000000e+00 2 1.000000e+00 0.000000e+00
-1.000000e+00 -1.000000e+00 4.000000e+03 -1.000000e+00 -1.000000e+00 5.000000e+01 1.537655e-01 -1.000000e+00 1.000000e+00 -1.000000e+00 0.000000e+00 -1.000000e+00 -1.000000e+00 1.344470e-02 1.500000e+02 -1.000000e+00 1.000000e+00 -9.990070e+05 3.000000e+00 -1.000000e+00 -1.000000e+00 4.806425e-02 0.000000e+00 0.000000e+00 -1.000000e+00 0.500000e+00 -1.000000e+00 -9.990070e+05 0.000000e+00 3.980819e-01 7.335847e-01 -1.000000e+00 -1.000000e+00 0.000000e+00 -1.000000e+00 5 0.000000e+00 0.000000e+00
-1.000000e+00 -1.000000e+00 0.000000e+00 -1.000000e+00 -1.000000e+00 1.500000e+02 4.719758e-02 -1.000000e+00 0.000000e+00 -1.000000e+00 0.000000e+00 -1.000000e+00 -1.000000e+00 1.486054e-03 1.850000e+03 -1.000000e+00 0.000000e+00 -9.990070e+05 3.000000e+00 -1.000000e+00 -1.000000e+00 8.950884e-03 0.000000e+00 0.000000e+00 -1.000000e+00 0.500000e+00 -1.000000e+00 -9.990070e+05 0.000000e+00 1.930591e-01 5.179579e-01 -1.000000e+00 -1.000000e+00 0.000000e+00 -1.000000e+00 9 0.000000e+00 0.000000e+00
-1.000000e+00 -1.000000e+00 0.000000e+00 -1.000000e+00 -1.000000e+00 7.000000e+02 2.253817e-01 -1.000000e+00 0.000000e+00 -1.000000e+00 0.000000e+00 -1.000000e+00 -1.000000e+00 2.893562e-02 1.900000e+03 -1.000000e+00 0.000000e+00 -9.990070e+05 3.000000e+00 -1.000000e+00 -1.000000e+00 8.491080e-02 0.000000e+00 0.000000e+00 -1.000000e+00 0.500000e+00 -1.000000e+00 -9.990070e+05 0.000000e+00 4.943519e-01 8.028160e-01 -1.000000e+00 -1.000000e+00 0.000000e+00 -1.000000e+00 9 0.000000e+00 0.000000e+00
-1.000000e+00 -1.000000e+00 0.000000e+00 -1.000000e+00 -1.000000e+00 1.000000e+02 5.138816e-17 -1.000000e+00 0.000000e+00 -1.000000e+00 0.000000e+00 -1.000000e+00 -1.000000e+00 6.480127e-24 1.300000e+03 -1.000000e+00 0.000000e+00 -9.990070e+05 3.000000e+00 -1.000000e+00 -1.000000e+00 2.011728e-20 0.000000e+00 0.000000e+00 -1.000000e+00 0.500000e+00 -1.000000e+00 -9.990070e+05 0.000000e+00 9.164621e-14 8.857270e-11 -1.000000e+00 -1.000000e+00 0.000000e+00 -1.000000e+00 13 0.000000e+00 0.000000e+00
-1.000000e+00 -1.000000e+00 0.000000e+00 -1.000000e+00 -1.000000e+00 5.000000e+02 2.298271e-12 -1.000000e+00 0.000000e+00 -1.000000e+00 0.000000e+00 -1.000000e+00 -1.000000e+00 4.323874e-18 1.300000e+03 -1.000000e+00 0.000000e+00 -9.990070e+05 3.000000e+00 -1.000000e+00 -1.000000e+00 3.468862e-15 0.000000e+00 0.000000e+00 -1.000000e+00 0.500000e+00 -1.000000e+00 -9.990070e+05 0.000000e+00 1.068554e-09 2.712358e-07 -1.000000e+00 -1.000000e+00 0.000000e+00 -1.000000e+00 13 0.000000e+00 0.000000e+00
-1.000000e+00 -1.000000e+00 0.000000e+00 -1.000000e+00 -1.000000e+00 8.500000e+02 9.631370e-02 -1.000000e+00 0.000000e+00 -1.000000e+00 0.000000e+00 -1.000000e+00 -1.000000e+00 5.478752e-03 1.150000e+03 -1.000000e+00 0.000000e+00 -9.990070e+05 3.000000e+00 -1.000000e+00 -1.000000e+00 2.440791e-02 0.000000e+00 0.000000e+00 -1.000000e+00 0.500000e+00 -1.000000e+00 -9.990070e+05 0.000000e+00 3.015022e-01 6.466554e-01 -1.000000e+00 -1.000000e+00 0.000000e+00 -1.000000e+00 3 0.000000e+00 0.000000e+00
-1.000000e+00 -1.000000e+00 0.000000e+00 -1.000000e+00 -1.000000e+00 5.500000e+02 2.025805e-11 -1.000000e+00 0.000000e+00 -1.000000e+00 0.000000e+00 -1.000000e+00 -1.000000e+00 7.032055e-17 8.500000e+02 -1.000000e+00 0.000000e+00 -9.990070e+05 3.000000e+00 -1.000000e+00 -1.000000e+00 4.151009e-14 0.000000e+00 0.000000e+00 -1.000000e+00 0.500000e+00 -1.000000e+00 -9.990070e+05 0.000000e+00 6.948655e-09 1.304295e-06 -1.000000e+00 -1.000000e+00 0.000000e+00 -1.000000e+00 3 0.000000e+00 0.000000e+00
-1.000000e+00 -1.000000e+00 0.000000e+00 -1.000000e+00 -1.000000e+00 5.500000e+02 1.698332e-05 -1.000000e+00 0.000000e+00 -1.000000e+00 0.000000e+00 -1.000000e+00 -1.000000e+00 6.488854e-09 1.450000e+03 -1.000000e+00 0.000000e+00 -9.990070e+05 3.000000e+00 -1.000000e+00 -1.000000e+00 3.624497e-07 0.000000e+00 0.000000e+00 -1.000000e+00 0.500000e+00 -1.000000e+00 -9.990070e+05 0.000000e+00 5.720202e-04 1.093743e-02 -1.000000e+00 -1.000000e+00 0.000000e+00 -1.000000e+00 13 0.000000e+00 0.000000e+00
-1.000000e+00 -1.000000e+00 -1.000000e+00 -1.000000e+00 -1.000000e+00 1.750000e+02 1.708987e-02 -1.000000e+00 0.000000e+00 -1.000000e+00 1.000000e+00 -1.000000e+00 -1.000000e+00 2.551835e-04 2.250000e+02 -1.000000e+00 0.000000e+00 -9.990070e+05 -1.000000e+00 -1.000000e+00 -1.000000e+00 2.245066e-03 0.000000e+00 0.000000e+00 -1.000000e+00 0.500000e+00 -1.000000e+00 -9.990070e+05 0.000000e+00 9.872483e-02 3.583571e-01 -1.000000e+00 -1.000000e+00 0.000000e+00 -1.000000e+00 14 0.000000e+00 0.000000e+00
-1.000000e+00 -1.000000e+00 0.000000e+00 -1.000000e+00 -1.000000e+00 7.500000e+02 2.528896e-01 -1.000000e+00 0.000000e+00 -1.000000e+00 0.000000e+00 -1.000000e+00 -1.000000e+00 3.670769e-02 1.850000e+03 -1.000000e+00 0.000000e+00 -9.990070e+05 3.000000e+00 -1.000000e+00 -1.000000e+00 1.011132e-01 0.000000e+00 0.000000e+00 -1.000000e+00 0.500000e+00 -1.000000e+00 -9.990070e+05 0.000000e+00 5.265421e-01 8.228995e-01 -1.000000e+00 -1.000000e+00 0.000000e+00 -1.000000e+00 9 0.000000e+00 0.000000e+00
-1.000000e+00 -1.000000e+00 0.000000e+00 -1.000000e+00 -1.000000e+00 8.000000e+02 7.324905e-03 -1.000000e+00 0.000000e+00 -1.000000e+00 0.000000e+00 -1.000000e+00 -1.000000e+00 6.252826e-05 1.200000e+03 -1.000000e+00 0.000000e+00 -9.990070e+05 3.000000e+00 -1.000000e+00 -1.000000e+00 7.301481e-04 0.000000e+00 0.000000e+00 -1.000000e+00 0.500000e+00 -1.000000e+00 -9.990070e+05 0.000000e+00 5.504698e-02 2.534810e-01 -1.000000e+00 -1.000000e+00 0.000000e+00 -1.000000e+00 3 0.000000e+00 0.000000e+00
-1.000000e+00 -1.000000e+00 0.000000e+00 -1.000000e+00 -1.000000e+00 0.000000e+00 2.574793e-01 -1.000000e+00 0.000000e+00 -1.000000e+00 0.000000e+00 -1.000000e+00 -1.000000e+00 3.811004e-02 2.000000e+03 -1.000000e+00 0.000000e+00 -9.990070e+05 3.000000e+00 -1.000000e+00 -1.000000e+00 1.039250e-01 0.000000e+00 0.000000e+00 -1.000000e+00 0.500000e+00 -1.000000e+00 -9.990070e+05 0.000000e+00 5.317038e-01 8.259932e-01 -1.000000e+00 -1.000000e+00 0.000000e+00 -1.000000e+00 9 0.000000e+00 0.000000e+00
-1.000000e+00 -1.000000e+00 0.000000e+00 -1.000000e+00 -1.000000e+00 4.500000e+02 1.059334e-03 -1.000000e+00 0.000000e+00 -1.000000e+00 0.000000e+00 -1.000000e+00 -1.000000e+00 2.929256e-06 1.550000e+03 -1.000000e+00 0.000000e+00 -9.990070e+05 3.000000e+00 -1.000000e+00 -1.000000e+00 6.043298e-05 0.000000e+00 0.000000e+00 -1.000000e+00 0.500000e+00 -1.000000e+00 -9.990070e+05 0.000000e+00 1.363856e-02 1.036408e-01 -1.000000e+00 -1.000000e+00 0.000000e+00 -1.000000e+00 4 0.000000e+00 0.000000e+00
-1.000000e+00 -1.000000e+00 0.000000e+00 -1.000000e+00 -1.000000e+00 7.000000e+02 1.136175e-05 -1.000000e+00 0.000000e+00 -1.000000e+00 0.000000e+00 -1.000000e+00 -1.000000e+00 3.658032e-09 1.100000e+03 -1.000000e+00 0.000000e+00 -9.990070e+05 3.000000e+00 -1.000000e+00 -1.000000e+00 2.226792e-07 0.000000e+00 0.000000e+00 -1.000000e+00 0.500000e+00 -1.000000e+00 -9.990070e+05 0.000000e+00 4.161381e-04 8.632309e-03 -1.000000e+00 -1.000000e+00 0.000000e+00 -1.000000e+00 3 0.000000e+00 0.000000e+00
-1.000000e+00 -1.000000e+00 0.000000e+00 -1.000000e+00 -1.000000e+00 6.500000e+02 3.216270e-09 -1.000000e+00 0.000000e+00 -1.000000e+00 0.000000e+00 -1.000000e+00 -1.000000e+00 5.213236e-14 7.500000e+02 -1.000000e+00 0.000000e+00 -9.990070e+05 3.000000e+00 -1.000000e+00 -1.000000e+00 1.421734e-11 0.000000e+00 0.000000e+00 -1.000000e+00 0.500000e+00 -1.000000e+00 -9.990070e+05 0.000000e+00 5.138984e-07 4.527496e-05 -1.000000e+00 -1.000000e+00 0.000000e+00 -1.000000e+00 14 0.000000e+00 0.000000e+00
-1.000000e+00 -1.000000e+00 0.000000e+00 -1.000000e+00 -1.000000e+00 0.000000e+00 6.593174e-30 -1.000000e+00 0.000000e+00 -1.000000e+00 0.000000e+00 -1.000000e+00 -1.000000e+00 2.267527e-39 1.200000e+03 -1.000000e+00 0.000000e+00 -9.990070e+05 3.000000e+00 -1.000000e+00 -1.000000e+00 1.350892e-34 0.000000e+00 0.000000e+00 -1.000000e+00 0.500000e+00 -1.000000e+00 -9.990070e+05 0.000000e+00 2.233649e-25 4.068787e-21 -1.000000e+00 -1.000000e+00 0.000000e+00 -1.000000e+00 13 0.000000e+00 0.000000e+00
-1.000000e+00 -1.000000e+00 0.000000e+00 -1.000000e+00 -1.000000e+00 7.500000e+02 1.039373e-01 -1.000000e+00 0.000000e+00 -1.000000e+00 0.000000e+00 -1.000000e+00 -1.000000e+00 6.324809e-03 1.650000e+03 -1.000000e+00 0.000000e+00 -9.990070e+05 3.000000e+00 -1.000000e+00 -1.000000e+00 2.722256e-02 1.000000e+00 0.000000e+00 -1.000000e+00 0.500000e+00 -1.000000e+00 -9.990070e+05 0.000000e+00 3.157307e-01 6.608097e-01 -1.000000e+00 -1.000000e+00 0.000000e+00 -1.000000e+00 13 0.000000e+00 0.000000e+00
-1.000000e+00 -1.000000e+00 0.000000e+00 -1.000000e+00 -1.000000e+00 2.500000e+02 2.968831e-05 -1.000000e+00 0.000000e+00 -1.000000e+00 0.000000e+00 -1.000000e+00 -1.000000e+00 1.446385e-08 1.550000e+03 -1.000000e+00 0.000000e+00 -9.990070e+05 3.000000e+00 -1.000000e+00 -1.000000e+00 7.150185e-07 0.000000e+00 0.000000e+00 -1.000000e+00 0.500000e+00 -1.000000e+00 -9.990070e+05 0.000000e+00 8.878717e-04 1.512762e-02 -1.000000e+00 -1.000000e+00 0.000000e+00 -1.000000e+00 9 0.000000e+00 0.000000e+00
-1.000000e+00 -1.000000e+00 0.000000e+00 -1.000000e+00 -1.000000e+00 1.500000e+02 1.358156e-06 -1.000000e+00 0.000000e+00 -1.000000e+00 0.000000e+00 -1.000000e+00 -1.000000e+00 1.852648e-10 2.500000e+02 -1.000000e+00 0.000000e+00 -9.990070e+05 3.000000e+00 -1.000000e+00 -1.000000e+00 1.735840e-08 0.000000e+00 0.000000e+00 -1.000000e+00 0.500000e+00 -1.000000e+00 -9.990070e+05 0.000000e+00 7.582988e-05 2.373785e-03 -1.000000e+00 -1.000000e+00 0.000000e+00 -1.000000e+00 14 0.000000e+00 0.000000e+00
-1.000000e+00 -1.000000e+00 0.000000e+00 -1.000000e+00 -1.000000e+00 3.500000e+02 2.299285e-03 -1.000000e+00 0.000000e+00 -1.000000e+00 0.000000e+00 -1.000000e+00 -1.000000e+00 9.782682e-06 1.650000e+03 -1.000000e+00 0.000000e+00 -9.990070e+05 3.000000e+00 -1.000000e+00 -1.000000e+00 1.623965e-04 0.000000e+00 0.000000e+00 -1.000000e+00 0.500000e+00 -1.000000e+00 -9.990070e+05 0.000000e+00 2.407073e-02 1.506130e-01 -1.000000e+00 -1.000000e+00 0.000000e+00 -1.000000e+00 9 0.000000e+00 0.000000e+00
-1.000000e+00 -1.000000e+00 0.000000e+00 -1.000000e+00 -1.000000e+00 6.500000e+02 5.528173e-07 -1.000000e+00 0.000000e+00 -1.000000e+00 0.000000e+00 -1.000000e+00 -1.000000e+00 5.350802e-11 9.500000e+02 -1.000000e+00 0.000000e+00 -9.990070e+05 3.000000e+00 -1.000000e+00 -1.000000e+00 5.955509e-09 0.000000e+00 0.000000e+00 -1.000000e+00 0.500000e+00 -1.000000e+00 -9.990070e+05 0.000000e+00 3.654386e-05 1.349860e-03 -1.000000e+00 -1.000000e+00 0.000000e+00 -1.000000e+00 3 0.000000e+00 0.000000e+00
-1.000000e+00 -1.000000e+00 0.000000e+00 -1.000000e+00 -1.000000e+00 6.500000e+02 2.312968e-01 -1.000000e+00 0.000000e+00 -1.000000e+00 0.000000e+00 -1.000000e+00 -1.000000e+00 3.051694e-02 1.950000e+03 -1.000000e+00 0.000000e+00 -9.990070e+05 3.000000e+00 -1.000000e+00 -1.000000e+00 8.830045e-02 0.000000e+00 0.000000e+00 -1.000000e+00 0.500000e+00 -1.000000e+00 -9.990070e+05 0.000000e+00 5.014639e-01 8.073733e-01 -1.000000e+00 -1.000000e+00 0.000000e+00 -1.000000e+00 9 0.000000e+00 0.000000e+00
-1.000000e+00 -1.000000e+00 0.000000e+00 -1.000000e+00 -1.000000e+00 4.000000e+02 9.173069e-09 -1.000000e+00 0.000000e+00 -1.000000e+00 0.000000e+00 -1.000000e+00 -1.000000e+00 2.094898e-13 1.400000e+03 -1.000000e+00 0.000000e+00 -9.990070e+05 3.000000e+00 -1.000000e+00 -1.000000e+00 4.810994e-11 0.000000e+00 0.000000e+00 -1.000000e+00 0.500000e+00 -1.000000e+00 -9.990070e+05 0.000000e+00 1.236981e-06 9.216782e-05 -1.000000e+00 -1.000000e+00 0.000000e+00 -1.000000e+00 13 0.000000e+00 0.000000e+00
-1.000000e+00 -1.000000e+00 0.000000e+00 -1.000000e+00 -1.000000e+00 5.000000e+02 1.328083e-01 -1.000000e+00 0.000000e+00 -1.000000e+00 0.000000e+00 -1.000000e+00 -1.000000e+00 1.010639e-02 1.900000e+03 -1.000000e+00 0.000000e+00 -9.990070e+05 3.000000e+00 -1.000000e+00 -1.000000e+00 3.879607e-02 0.000000e+00 0.000000e+00 -1.000000e+00 0.500000e+00 -1.000000e+00 -9.990070e+05 0.000000e+00 3.654152e-01 7.064348e-01 -1.000000e+00 -1.000000e+00 0.000000e+00 -1.000000e+00 9 0.000000e+00 0.000000e+00
-1.000000e+00 -1.000000e+00 0.000000e+00 -1.000000e+00 -1.000000e+00 3.000000e+02 9.978716e-02 -1.000000e+00 0.000000e+00 -1.000000e+00 0.000000e+00 -1.000000e+00 -1.000000e+00 5.856488e-03 1.900000e+03 -1.000000e+00 0.000000e+00 -9.990070e+05 3.000000e+00 -1.000000e+00 -1.000000e+00 2.567743e-02 0.000000e+00 0.000000e+00 -1.000000e+00 0.500000e+00 -1.000000e+00 -9.990070e+05 0.000000e+00 3.080503e-01 6.532343e-01 -1.000000e+00 -1.000000e+00 0.000000e+00 -1.000000e+00 9 0.000000e+00 0.000000e+00
-1.000000e+00 -1.000000e+00 0.000000e+00 -1.000000e+00 -1.000000e+00 6.750000e+02 2.203238e-05 -1.000000e+00 0.000000e+00 -1.000000e+00 0.000000e+00 -1.000000e+00 -1.000000e+00 9.420193e-09 7.250000e+02 -1.000000e+00 0.000000e+00 -9.990070e+05 3.000000e+00 -1.000000e+00 -1.000000e+00 4.972675e-07 0.000000e+00 0.000000e+00 -1.000000e+00 0.500000e+00 -1.000000e+00 -9.990070e+05 0.000000e+00 7.023403e-04 1.273056e-02 -1.000000e+00 -1.000000e+00 0.000000e+00 -1.000000e+00 14 0.000000e+00 0.000000e+00
-1.000000e+00 -1.000000e+00 0.000000e+00 -1.000000e+00 -1.000000e+00 3.000000e+02 3.715209e-03 -1.000000e+00 0.000000e+00 -1.000000e+00 0.000000e+00 -1.000000e+00 -1.000000e+00 2.091524e-05 1.700000e+03 -1.000000e+00 0.000000e+00 -9.990070e+05 3.000000e+00 -1.000000e+00 -1.000000e+00 3.014245e-04 0.000000e+00 0.000000e+00 -1.000000e+00 0.500000e+00 -1.000000e+00 -9.990070e+05 0.000000e+00 3.402412e-02 1.879690e-01 -1.000000e+00 -1.000000e+00 0.000000e+00 -1.000000e+00 9 0.000000e+00 0.000000e+00
-1.000000e+00 -1.000000e+00 0.000000e+00 -1.000000e+00 -1.000000e+00 5.000000e+02 2.400916e-25 -1.000000e+00 0.000000e+00 -1.000000e+00 0.000000e+00 -1.000000e+00 -1.000000e+00 5.527988e-34 1.100000e+03 -1.000000e+00 0.000000e+00 -9.990070e+05 3.000000e+00 -1.000000e+00 -1.000000e+00 1.272151e-29 0.000000e+00 0.000000e+00 -1.000000e+00 0.500000e+00 -1.000000e+00 -9.990070e+05 0.000000e+00 3.149591e-21 2.225556e-17 -1.000000e+00 -1.000000e+00 0.000000e+00 -1.000000e+00 1 0.000000e+00 0.000000e+00
-1.000000e+00 -1.000000e+00 0.000000e+00 -1.000000e+00 -1.000000e+00 5.500000e+02 1.002265e-01 -1.000000e+00 0.000000e+00 -1.000000e+00 0.000000e+00 -1.000000e+00 -1.000000e+00 5.905191e-03 1.850000e+03 -1.000000e+00 0.000000e+00 -9.990070e+05 3.000000e+00 -1.000000e+00 -1.000000e+00 2.583956e-02 0.000000e+00 0.000000e+00 -1.000000e+00 0.500000e+00 -1.000000e+00 -9.990070e+05 0.000000e+00 3.088707e-01 6.540506e-01 -1.000000e+00 -1.000000e+00 0.000000e+00 -1.000000e+00 9 0.000000e+00 0.000000e+00
-1.000000e+00 -1.000000e+00 0.000000e+00 -1.000000e+00 -1.000000e+00 6.000000e+02 8.164864e-02 -1.000000e+00 0.000000e+00 -1.000000e+00 0.000000e+00 -1.000000e+00 -1.000000e+00 4.025124e-03 1.800000e+03 -1.000000e+00 0.000000e+00 -9.990070e+05 3.000000e+00 -1.000000e+00 -1.000000e+00 1.929194e-02 0.000000e+00 0.000000e+00 -1.000000e+00 0.500000e+00 -1.000000e+00 -9.990070e+05 0.000000e+00 2.725236e-01 6.161224e-01 -1.000000e+00 -1.000000e+00 0.000000e+00 -1.000000e+00 9 0.000000e+00 0.000000e+00
-1.000000e+00 -1.000000e+00 0.000000e+00 -1.000000e+00 -1.000000e+00 4.500000e+02 2.768386e-16 -1.000000e+00 0.000000e+00 -1.000000e+00 0.000000e+00 -1.000000e+00 -1.000000e+00 5.189863e-23 5.500000e+02 -1.000000e+00 0.000000e+00 -9.990070e+05 3.000000e+00 -1.000000e+00 -1.000000e+00 1.321115e-19 0.000000e+00 0.000000e+00 -1.000000e+00 0.500000e+00 -1.000000e+00 -9.990070e+05 0.000000e+00 4.052605e-13 3.217726e-10 -1.000000e+00 -1.000000e+00 0.000000e+00 -1.000000e+00 14 0.000000e+00 0.000000e+00
-1.000000e+00 -1.000000e+00 0.000000e+00 -1.000000e+00 -1.000000e+00 6.500000e+02 6.156857e-05 -1.000000e+00 0.000000e+00 -1.000000e+00 0.000000e+00 -1.000000e+00 -1.000000e+00 4.160802e-08 1.350000e+03 -1.000000e+00 0.000000e+00 -9.990070e+05 3.000000e+00 -1.000000e+00 -1.000000e+00 1.744860e-06 0.000000e+00 0.000000e+00 -1.000000e+00 0.500000e+00 -1.000000e+00 -9.990070e+05 0.000000e+00 1.569425e-03 2.291114e-02 -1.000000e+00 -1.000000e+00 0.000000e+00 -1.000000e+00 13 0.000000e+00 0.000000e+00
-1.000000e+00 -1.000000e+00 0.000000e+00 -1.000000e+00 -1.000000e+00 4.000000e+02 3.633516e-02 -1.000000e+00 0.000000e+00 -1.000000e+00 0.000000e+00 -1.000000e+00 -1.000000e+00 9.352469e-04 1.800000e+03 -1.000000e+00 0.000000e+00 -9.990070e+05 3.000000e+00 -1.000000e+00 -1.000000e+00 6.241189e-03 0.000000e+00 0.000000e+00 -1.000000e+00 0.500000e+00 -1.000000e+00 -9.990070e+05 0.000000e+00 1.630277e-01 4.736655e-01 -1.000000e+00 -1.000000e+00 0.000000e+00 -1.000000e+00 9 0.000000e+00 0.000000e+00
-1.000000e+00 -1.000000e+00 0.000000e+00 -1.000000e+00 -1.000000e+00 8.870000e+02 2.812647e-01 -1.000000e+00 0.000000e+00 -1.000000e+00 0.000000e+00 -1.000000e+00 -1.000000e+00 4.588039e-02 9.120000e+02 -1.000000e+00 0.000000e+00 -9.990070e+05 3.000000e+00 -1.000000e+00 -1.000000e+00 1.189908e-01 0.000000e+00 0.000000e+00 -1.000000e+00 0.500000e+00 -1.000000e+00 -9.990070e+05 0.000000e+00 5.575833e-01 8.410035e-01 -1.000000e+00 -1.000000e+00 0.000000e+00 -1.000000e+00 10 0.000000e+00 0.000000e+00
-1.000000e+00 -1.000000e+00 0.000000e+00 -1.000000e+00 -1.000000e+00 6.000000e+02 9.032812e-06 -1.000000e+00 0.000000e+00 -1.000000e+00 0.000000e+00 -1.000000e+00 -1.000000e+00 2.641072e-09 1.400000e+03 -1.000000e+00 0.000000e+00 -9.990070e+05 3.000000e+00 -1.000000e+00 -1.000000e+00 1.687460e-07 0.000000e+00 0.000000e+00 -1.000000e+00 0.500000e+00 -1.000000e+00 -9.990070e+05 0.000000e+00 3.468329e-04 7.532948e-03 -1.000000e+00 -1.000000e+00 0.000000e+00 -1.000000e+00 13 0.000000e+00 0.000000e+00
-1.000000e+00 -1.000000e+00 0.000000e+00 -1.000000e+00 -1.000000e+00 6.500000e+02 7.528158e-02 -1.000000e+00 0.000000e+00 -1.000000e+00 0.000000e+00 -1.000000e+00 -1.000000e+00 3.464172e-03 1.750000e+03 -1.000000e+00 0.000000e+00 -9.990070e+05 3.000000e+00 -1.000000e+00 -1.000000e+00 1.719746e-02 0.000000e+00 0.000000e+00 -1.000000e+00 0.500000e+00 -1.000000e+00 -9.990070e+05 0.000000e+00 2.591862e-01 6.012312e-01 -1.000000e+00 -1.000000e+00 0.000000e+00 -1.000000e+00 9 0.000000e+00 0.000000e+00
-1.000000e+00 -1.000000e+00 0.000000e+00 -1.000000e+00 -1.000000e+00 8.000000e+02 4.142714e-01 -1.000000e+00 0.000000e+00 -1.000000e+00 0.000000e+00 -1.000000e+00 -1.000000e+00 1.067360e-01 2.000000e+03 -1.000000e+00 0.000000e+00 -9.990070e+05 3.000000e+00 -1.000000e+00 -1.000000e+00 2.184265e-01 0.000000e+00 0.000000e+00 -1.000000e+00 0.500000e+00 -1.000000e+00 -9.990070e+05 0.000000e+00 6.808580e-01 9.022403e-01 -1.000000e+00 -1.000000e+00 0.000000e+00 -1.000000e+00 9 0.000000e+00 0.000000e+00
