5.322196e-01 -1.000000e+00 0.000000e+00 -1.000000e+00 -1.000000e+00 3.000000e+02 1.226984e-02 -1.000000e+00 -1.000000e+00 1.568009e+00 0.000000e+00 -1.000000e+00 0.000000e+00 6.659627e-06 1.100000e+03 7.586237e-01 0.000000e+00 -9.990070e+05 3.000000e+00 -1.000000e+00 1.389830e-02 3 0.000000e+00 0.000000e+00 -1.000000e+00 1.324751e-01 -1.000000e+00 -9.990070e+05 5.441299e-03 5.441299e-03 5.986175e-01 3.912443e-01 1.100319e+00 0.000000e+00 -1.000000e+00 4.578323e-04 0.000000e+00 6.826186e-01
2.116488e-01 -1.000000e+00 0.000000e+00 -1.000000e+00 -1.000000e+00 0.000000e+00 1.532580e-07 -1.000000e+00 -1.000000e+00 6.183964e-01 0.000000e+00 -1.000000e+00 0.000000e+00 4.210961e-13 9.000000e+02 3.017018e-01 0.000000e+00 -9.990070e+05 3.000000e+00 -1.000000e+00 2.802262e-07 4 0.000000e+00 0.000000e+00 -1.000000e+00 2.151090e-05 -1.000000e+00 -9.990070e+05 1.379493e-07 1.379493e-07 1.159737e-03 1.562474e-01 4.360662e-01 0.000000e+00 -1.000000e+00 4.141434e-10 0.000000e+00 2.990240e-01
5.161920e-01 -1.000000e+00 0.000000e+00 -1.000000e+00 -1.000000e+00 0.000000e+00 6.577865e-02 -1.000000e+00 -1.000000e+00 2.025259e+01 0.000000e+00 -1.000000e+00 0.000000e+00 1.232167e-04 2.000000e+02 1.223268e+00 0.000000e+00 -9.990070e+05 3.000000e+00 -1.000000e+00 8.750943e-02 6 0.000000e+00 0.000000e+00 -1.000000e+00 3.930330e-01 -1.000000e+00 -9.990070e+05 3.415683e-02 3.415683e-02 8.780634e-01 3.141971e-01 8.930366e+00 0.000000e+00 -1.000000e+00 4.516416e-03 0.000000e+00 9.117536e-01
2.284172e+00 -1.000000e+00 0.000000e+00 -1.000000e+00 -1.000000e+00 4.000000e+02 4.153065e-01 -1.000000e+00 -1.000000e+00 7.124034e+00 0.000000e+00 -1.000000e+00 0.000000e+00 8.385801e-03 1.500000e+03 3.315892e+00 0.000000e+00 -9.990070e+05 3.000000e+00 -1.000000e+00 7.894066e-01 2 0.000000e+00 0.000000e+00 -1.000000e+00 8.077687e-01 -1.000000e+00 -9.990070e+05 3.319756e-01 3.319756e-01 9.723317e-01 1.659225e+00 4.911638e+00 0.000000e+00 -1.000000e+00 9.463066e-02 0.000000e+00 2.925860e+00
6.189704e-01 -1.000000e+00 0.000000e+00 -1.000000e+00 -1.000000e+00 4.000000e+02 2.930509e-02 -1.000000e+00 -1.000000e+00 1.710178e+00 0.000000e+00 -1.000000e+00 0.000000e+00 2.923544e-05 7.000000e+02 8.638912e-01 0.000000e+00 -9.990070e+05 3.000000e+00 -1.000000e+00 1.048363e-02 6 0.000000e+00 0.000000e+00 -1.000000e+00 2.376230e-01 -1.000000e+00 -9.990070e+05 1.825844e-03 1.825844e-03 7.709688e-01 4.578686e-01 1.227008e+00 0.000000e+00 -1.000000e+00 1.476100e-03 0.000000e+00 6.242444e-01
2.733705e-01 -1.000000e+00 0.000000e+00 -1.000000e+00 -1.000000e+00 2.000000e+02 3.252687e-06 -1.000000e+00 -1.000000e+00 7.494133e-01 0.000000e+00 -1.000000e+00 0.000000e+00 2.848791e-11 9.000000e+02 3.814940e-01 0.000000e+00 -9.990070e+05 3.000000e+00 -1.000000e+00 1.276426e-06 5 0.000000e+00 0.000000e+00 -1.000000e+00 2.580027e-04 -1.000000e+00 -9.990070e+05 4.417930e-07 4.417930e-07 7.950082e-03 2.025377e-01 5.417841e-01 0.000000e+00 -1.000000e+00 1.565898e-08 0.000000e+00 3.274121e-01
8.557183e-01 -1.000000e+00 0.000000e+00 -1.000000e+00 -1.000000e+00 2.000000e+02 1.063631e-01 -1.000000e+00 -1.000000e+00 2.678924e+00 0.000000e+00 -1.000000e+00 0.000000e+00 3.024449e-04 1.300000e+03 1.239580e+00 0.000000e+00 -9.990070e+05 3.000000e+00 -1.000000e+00 1.402525e-01 2 0.000000e+00 0.000000e+00 -1.000000e+00 5.094421e-01 -1.000000e+00 -9.990070e+05 5.203789e-02 5.203789e-02 9.168164e-01 6.185776e-01 1.841505e+00 0.000000e+00 -1.000000e+00 8.968716e-03 0.000000e+00 1.095071e+00
7.686601e-02 -1.000000e+00 0.000000e+00 -1.000000e+00 -1.000000e+00 2.750000e+02 3.118953e-06 -1.000000e+00 -1.000000e+00 3.722666e-01 0.000000e+00 -1.000000e+00 0.000000e+00 2.686102e-11 3.000000e+02 1.167904e-01 0.000000e+00 -9.990070e+05 3.000000e+00 -1.000000e+00 1.328582e-06 11 0.000000e+00 0.000000e+00 -1.000000e+00 2.494472e-04 -1.000000e+00 -9.990070e+05 4.699026e-07 4.699026e-07 7.748729e-03 5.450048e-02 1.958878e-01 0.000000e+00 -1.000000e+00 1.488995e-08 0.000000e+00 9.249949e-02
2.075969e+00 -1.000000e+00 0.000000e+00 -1.000000e+00 -1.000000e+00 2.000000e+02 3.970640e-01 -1.000000e+00 -1.000000e+00 6.474574e+00 0.000000e+00 -1.000000e+00 0.000000e+00 6.992887e-03 1.500000e+03 3.012063e+00 0.000000e+00 -9.990070e+05 3.000000e+00 -1.000000e+00 7.381754e-01 2 0.000000e+00 0.000000e+00 -1.000000e+00 7.996359e-01 -1.000000e+00 -9.990070e+05 3.011536e-01 3.011536e-01 9.711260e-01 1.506866e+00 4.462761e+00 0.000000e+00 -1.000000e+00 8.475550e-02 0.000000e+00 2.658417e+00
1.785760e-01 -1.000000e+00 0.000000e+00 -1.000000e+00 -1.000000e+00 3.750000e+02 2.663681e-08 -1.000000e+00 -1.000000e+00 5.329533e-01 0.000000e+00 -1.000000e+00 0.000000e+00 3.962552e-14 4.250000e+02 2.536006e-01 0.000000e+00 -9.990070e+05 3.000000e+00 -1.000000e+00 4.159068e-09 11 0.000000e+00 0.000000e+00 -1.000000e+00 5.061618e-06 -1.000000e+00 -9.990070e+05 1.270224e-09 1.270224e-09 3.677356e-04 1.326056e-01 3.691342e-01 0.000000e+00 -1.000000e+00 5.301343e-11 0.000000e+00 2.015073e-01
4.344220e-01 -1.000000e+00 0.000000e+00 -1.000000e+00 -1.000000e+00 1.000000e+02 3.482057e-03 -1.000000e+00 -1.000000e+00 1.329132e+00 0.000000e+00 -1.000000e+00 0.000000e+00 8.582666e-07 1.100000e+03 6.236044e-01 0.000000e+00 -9.990070e+05 3.000000e+00 -1.000000e+00 3.218367e-02 1 0.000000e+00 0.000000e+00 -1.000000e+00 5.465208e-02 -1.000000e+00 -9.990070e+05 2.404220e-02 2.404220e-02 3.561389e-01 3.148179e-01 9.206373e-01 0.000000e+00 -1.000000e+00 8.795222e-05 0.000000e+00 8.134054e-01
3.283228e-01 -1.000000e+00 4.000000e+03 -1.000000e+00 -1.000000e+00 2.000000e+02 1.953093e-04 -1.000000e+00 -1.000000e+00 9.758053e-01 0.000000e+00 -1.000000e+00 1.000000e+00 1.034290e-08 1.000000e+03 4.676623e-01 1.000000e+00 -9.990070e+05 3.000000e+00 -1.000000e+00 1.707174e-04 3 0.000000e+00 0.000000e+00 -1.000000e+00 6.429999e-03 -1.000000e+00 -9.990070e+05 6.795983e-05 6.795983e-05 8.452600e-02 2.403372e-01 6.825756e-01 0.000000e+00 -1.000000e+00 2.301066e-06 0.000000e+00 4.210969e-01
2.154650e+00 -1.000000e+00 0.000000e+00 -1.000000e+00 -1.000000e+00 3.000000e+02 4.044965e-01 -1.000000e+00 -1.000000e+00 6.726732e+00 0.000000e+00 -1.000000e+00 0.000000e+00 7.523142e-03 1.500000e+03 3.127364e+00 0.000000e+00 -9.990070e+05 3.000000e+00 -1.000000e+00 7.589266e-01 2 0.000000e+00 0.000000e+00 -1.000000e+00 8.029979e-01 -1.000000e+00 -9.990070e+05 3.131578e-01 3.131578e-01 9.716252e-01 1.564321e+00 4.634639e+00 0.000000e+00 -1.000000e+00 8.864513e-02 0.000000e+00 2.759771e+00
1.268496e-01 -1.000000e+00 0.000000e+00 -1.000000e+00 -1.000000e+00 0.000000e+00 6.894348e-11 -1.000000e+00 -1.000000e+00 3.865393e-01 0.000000e+00 -1.000000e+00 0.000000e+00 1.555564e-17 4.000000e+02 1.792785e-01 0.000000e+00 -9.990070e+05 3.000000e+00 -1.000000e+00 3.422755e-12 6 0.000000e+00 0.000000e+00 -1.000000e+00 3.333778e-08 -1.000000e+00 -9.990070e+05 9.165287e-13 9.165287e-13 6.098718e-06 9.379701e-02 2.621323e-01 0.000000e+00 -1.000000e+00 5.355892e-14 0.000000e+00 1.323247e-01
3.226884e+00 -1.000000e+00 0.000000e+00 -1.000000e+00 -1.000000e+00 1.000000e+02 4.595182e-01 -1.000000e+00 -1.000000e+00 1.002069e+01 0.000000e+00 -1.000000e+00 0.000000e+00 1.356803e-02 1.600000e+03 4.661341e+00 0.000000e+00 -9.990070e+05 3.000000e+00 -1.000000e+00 9.129541e-01 2 0.000000e+00 0.000000e+00 -1.000000e+00 8.260251e-01 -1.000000e+00 -9.990070e+05 4.348468e-01 4.348468e-01 9.750165e-01 2.327134e+00 6.905998e+00 0.000000e+00 -1.000000e+00 1.238154e-01 0.000000e+00 4.118259e+00
7.289674e-01 -1.000000e+00 0.000000e+00 -1.000000e+00 -1.000000e+00 5.000000e+02 5.666609e-02 -1.000000e+00 -1.000000e+00 1.998685e+00 0.000000e+00 -1.000000e+00 0.000000e+00 9.395123e-05 1.000000e+03 1.018737e+00 0.000000e+00 -9.990070e+05 3.000000e+00 -1.000000e+00 5.716750e-02 5 0.000000e+00 0.000000e+00 -1.000000e+00 3.599076e-01 -1.000000e+00 -9.990070e+05 1.877649e-02 1.877649e-02 8.626614e-01 5.415423e-01 1.444639e+00 0.000000e+00 -1.000000e+00 3.664237e-03 0.000000e+00 8.726233e-01
3.703388e-01 -1.000000e+00 0.000000e+00 -1.000000e+00 -1.000000e+00 3.000000e+02 3.169030e-04 -1.000000e+00 -1.000000e+00 1.002216e+00 0.000000e+00 -1.000000e+00 0.000000e+00 2.130254e-08 6.000000e+02 5.161415e-01 0.000000e+00 -9.990070e+05 3.000000e+00 -1.000000e+00 3.678233e-05 6 0.000000e+00 0.000000e+00 -1.000000e+00 9.293188e-03 -1.000000e+00 -9.990070e+05 6.774210e-06 6.774210e-06 1.093597e-01 2.755333e-01 7.268928e-01 0.000000e+00 -1.000000e+00 4.203142e-06 0.000000e+00 3.723121e-01
3.340268e+00 -1.000000e+00 0.000000e+00 -1.000000e+00 -1.000000e+00 2.000000e+02 4.625773e-01 -1.000000e+00 -1.000000e+00 1.038354e+01 0.000000e+00 -1.000000e+00 0.000000e+00 1.406668e-02 1.600000e+03 4.824448e+00 0.000000e+00 -9.990070e+05 3.000000e+00 -1.000000e+00 9.210284e-01 2 0.000000e+00 0.000000e+00 -1.000000e+00 8.272239e-01 -1.000000e+00 -9.990070e+05 4.444719e-01 4.444719e-01 9.751918e-01 2.407113e+00 7.154128e+00 0.000000e+00 -1.000000e+00 1.261526e-01 0.000000e+00 4.264838e+00
6.909219e-01 -1.000000e+00 0.000000e+00 -1.000000e+00 -1.000000e+00 3.000000e+02 4.812608e-02 -1.000000e+00 -1.000000e+00 2.102871e+00 0.000000e+00 -1.000000e+00 0.000000e+00 7.003805e-05 1.200000e+03 9.931382e-01 0.000000e+00 -9.990070e+05 3.000000e+00 -1.000000e+00 2.638863e-01 1 0.000000e+00 0.000000e+00 -1.000000e+00 3.258435e-01 -1.000000e+00 -9.990070e+05 1.996567e-01 1.996567e-01 8.436486e-01 5.031276e-01 1.459348e+00 0.000000e+00 -1.000000e+00 2.918845e-03 0.000000e+00 1.289188e+00
1.798108e+00 -1.000000e+00 0.000000e+00 -1.000000e+00 -1.000000e+00 6.000000e+02 3.654548e-01 -1.000000e+00 -1.000000e+00 5.300677e+00 0.000000e+00 -1.000000e+00 0.000000e+00 5.180686e-03 1.300000e+03 2.554774e+00 0.000000e+00 -9.990070e+05 3.000000e+00 -1.000000e+00 6.692332e-01 3 0.000000e+00 0.000000e+00 -1.000000e+00 7.844893e-01 -1.000000e+00 -9.990070e+05 2.776871e-01 2.776871e-01 9.688621e-01 1.316328e+00 3.723824e+00 0.000000e+00 -1.000000e+00 7.003277e-02 0.000000e+00 2.305339e+00
1.231367e-01 -1.000000e+00 4.000000e+03 -1.000000e+00 -1.000000e+00 2.500000e+02 1.132158e-04 -1.000000e+00 -1.000000e+00 7.977724e-01 0.000000e+00 -1.000000e+00 1.000000e+00 4.618390e-09 3.000000e+02 1.986087e-01 1.000000e+00 -9.990070e+05 3.000000e+00 -1.000000e+00 5.974395e-05 11 0.000000e+00 0.000000e+00 -1.000000e+00 4.231480e-03 -1.000000e+00 -9.990070e+05 2.064245e-05 2.064245e-05 6.283329e-02 8.735448e-02 3.618109e-01 0.000000e+00 -1.000000e+00 1.171670e-06 0.000000e+00 1.538264e-01
8.643555e-01 -1.000000e+00 4.000000e+03 -1.000000e+00 -1.000000e+00 4.000000e+02 1.072691e-01 -1.000000e+00 -1.000000e+00 2.555379e+00 0.000000e+00 -1.000000e+00 1.000000e+00 3.074003e-04 1.200000e+03 1.235111e+00 1.000000e+00 -9.990070e+05 2.000000e+00 -1.000000e+00 1.500192e-01 3 0.000000e+00 0.000000e+00 -1.000000e+00 5.115698e-01 -1.000000e+00 -9.990070e+05 5.820584e-02 5.820584e-02 9.173721e-01 6.372679e-01 1.795428e+00 0.000000e+00 -1.000000e+00 9.079880e-03 1.000000e+00 1.113521e+00
3.045022e-01 -1.000000e+00 0.000000e+00 -1.000000e+00 -1.000000e+00 3.000000e+02 2.026757e-05 -1.000000e+00 -1.000000e+00 8.341978e-01 0.000000e+00 -1.000000e+00 0.000000e+00 3.802597e-10 9.000000e+02 4.250011e-01 0.000000e+00 -9.990070e+05 3.000000e+00 -1.000000e+00 8.973662e-06 5 0.000000e+00 0.000000e+00 -1.000000e+00 1.106594e-03 -1.000000e+00 -9.990070e+05 3.080779e-06 3.080779e-06 2.370219e-02 2.253982e-01 6.031486e-01 0.000000e+00 -1.000000e+00 1.425568e-07 0.000000e+00 3.647531e-01
9.651397e-01 -1.000000e+00 0.000000e+00 -1.000000e+00 -1.000000e+00 3.000000e+02 1.468811e-01 -1.000000e+00 -1.000000e+00 3.029460e+00 0.000000e+00 -1.000000e+00 0.000000e+00 5.691251e-04 1.300000e+03 1.400257e+00 0.000000e+00 -9.990070e+05 3.000000e+00 -1.000000e+00 2.034656e-01 2 0.000000e+00 0.000000e+00 -1.000000e+00 5.898764e-01 -1.000000e+00 -9.990070e+05 7.538257e-02 7.538257e-02 9.354389e-01 6.987418e-01 2.080742e+00 0.000000e+00 -1.000000e+00 1.444056e-02 0.000000e+00 1.236203e+00
4.069723e-01 -1.000000e+00 0.000000e+00 -1.000000e+00 -1.000000e+00 3.000000e+02 1.771233e-03 -1.000000e+00 -1.000000e+00 1.213531e+00 0.000000e+00 -1.000000e+00 0.000000e+00 2.957586e-07 1.000000e+03 5.815994e-01 0.000000e+00 -9.990070e+05 3.000000e+00 -1.000000e+00 1.758539e-03 3 0.000000e+00 0.000000e+00 -1.000000e+00 3.349242e-02 -1.000000e+00 -9.990070e+05 6.953140e-04 6.953140e-04 2.600277e-01 2.988661e-01 8.477061e-01 0.000000e+00 -1.000000e+00 3.689189e-05 0.000000e+00 5.232485e-01
6.616336e-01 -1.000000e+00 4.000000e+03 -1.000000e+00 -1.000000e+00 5.000000e+02 4.146120e-02 -1.000000e+00 -1.000000e+00 1.795611e+00 0.000000e+00 -1.000000e+00 1.000000e+00 5.371822e-05 9.000000e+02 9.228020e-01 1.000000e+00 -9.990070e+05 3.000000e+00 -1.000000e+00 1.609566e-02 6 0.000000e+00 0.000000e+00 -1.000000e+00 2.969148e-01 -1.000000e+00 -9.990070e+05 2.714564e-03 2.714564e-03 8.242162e-01 4.926972e-01 1.300863e+00 0.000000e+00 -1.000000e+00 2.374973e-03 0.000000e+00 6.650703e-01
3.804048e-01 -1.000000e+00 4.000000e+03 -1.000000e+00 -1.000000e+00 4.000000e+02 4.378536e-04 -1.000000e+00 -1.000000e+00 1.028766e+00 0.000000e+00 -1.000000e+00 1.000000e+00 3.465066e-08 8.000000e+02 5.301344e-01 1.000000e+00 -9.990070e+05 3.000000e+00 -1.000000e+00 5.396553e-05 6 0.000000e+00 0.000000e+00 -1.000000e+00 1.186447e-02 -1.000000e+00 -9.990070e+05 9.881190e-06 9.881190e-06 1.294803e-01 2.830399e-01 7.464897e-01 0.000000e+00 -1.000000e+00 6.297407e-06 0.000000e+00 3.823511e-01
4.303704e+00 -1.000000e+00 0.000000e+00 -1.000000e+00 -1.000000e+00 6.000000e+02 4.795179e-01 -1.000000e+00 -1.000000e+00 1.339291e+01 0.000000e+00 -1.000000e+00 0.000000e+00 1.732093e-02 1.600000e+03 6.215394e+00 0.000000e+00 -9.990070e+05 3.000000e+00 -1.000000e+00 9.627283e-01 2 0.000000e+00 0.000000e+00 -1.000000e+00 8.337347e-01 -1.000000e+00 -9.990070e+05 5.095293e-01 5.095293e-01 9.761424e-01 3.101439e+00 9.225849e+00 0.000000e+00 -1.000000e+00 1.399398e-01 0.000000e+00 5.497603e+00
8.196000e-01 -1.000000e+00 0.000000e+00 -1.000000e+00 -1.000000e+00 0.000000e+00 9.343825e-02 -1.000000e+00 -1.000000e+00 2.569141e+00 0.000000e+00 -1.000000e+00 0.000000e+00 2.364225e-04 1.300000e+03 1.187395e+00 0.000000e+00 -9.990070e+05 3.000000e+00 -1.000000e+00 1.210372e-01 2 0.000000e+00 0.000000e+00 -1.000000e+00 4.770894e-01 -1.000000e+00 -9.990070e+05 4.494500e-02 4.494500e-02 9.078244e-01 5.922791e-01 1.764891e+00 0.000000e+00 -1.000000e+00 7.438159e-03 0.000000e+00 1.048973e+00
3.248029e+00 -1.000000e+00 0.000000e+00 -1.000000e+00 -1.000000e+00 0.000000e+00 4.601456e-01 -1.000000e+00 -1.000000e+00 1.007476e+01 0.000000e+00 -1.000000e+00 0.000000e+00 1.366836e-02 1.600000e+03 4.690954e+00 0.000000e+00 -9.990070e+05 3.000000e+00 -1.000000e+00 9.146210e-01 2 0.000000e+00 0.000000e+00 -1.000000e+00 8.262716e-01 -1.000000e+00 -9.990070e+05 4.367850e-01 4.367850e-01 9.750525e-01 2.343525e+00 6.945897e+00 0.000000e+00 -1.000000e+00 1.242910e-01 0.000000e+00 4.144057e+00
1.498538e+00 -1.000000e+00 0.000000e+00 -1.000000e+00 -1.000000e+00 5.000000e+02 2.992487e-01 -1.000000e+00 -1.000000e+00 5.018672e+00 0.000000e+00 -1.000000e+00 0.000000e+00 2.839781e-03 7.000000e+02 2.194957e+00 0.000000e+00 -9.990070e+05 3.000000e+00 -1.000000e+00 8.674435e-01 15 0.000000e+00 0.000000e+00 -1.000000e+00 7.467876e-01 -1.000000e+00 -9.990070e+05 7.076472e-01 7.076472e-01 9.630984e-01 1.087689e+00 3.324240e+00 0.000000e+00 -1.000000e+00 4.659166e-02 0.000000e+00 2.760214e+00
1.691590e-01 -1.000000e+00 0.000000e+00 -1.000000e+00 -1.000000e+00 2.000000e+02 4.207481e-11 -1.000000e+00 -1.000000e+00 4.631884e-01 0.000000e+00 -1.000000e+00 0.000000e+00 8.212627e-18 8.000000e+02 2.364690e-01 0.000000e+00 -9.990070e+05 3.000000e+00 -1.000000e+00 1.050505e-11 5 0.000000e+00 0.000000e+00 -1.000000e+00 2.186204e-08 -1.000000e+00 -9.990070e+05 3.827643e-12 3.827643e-12 4.294804e-06 1.251907e-01 3.345569e-01 0.000000e+00 -1.000000e+00 3.040573e-14 0.000000e+00 2.028030e-01
2.335922e+00 -1.000000e+00 4.000000e+03 -1.000000e+00 -1.000000e+00 6.000000e+02 4.119331e-01 -1.000000e+00 -1.000000e+00 7.099910e+00 0.000000e+00 -1.000000e+00 1.000000e+00 8.103988e-03 1.400000e+03 3.350481e+00 1.000000e+00 -9.990070e+05 2.000000e+00 -1.000000e+00 9.859005e-01 1 0.000000e+00 0.000000e+00 -1.000000e+00 8.062945e-01 -1.000000e+00 -9.990070e+05 9.278084e-01 9.278084e-01 9.721136e-01 1.697173e+00 4.930117e+00 0.000000e+00 -1.000000e+00 9.271951e-02 1.000000e+00 4.360492e+00
1.574120e-05 -1.000000e+00 0.000000e+00 -1.000000e+00 -1.000000e+00 4.750000e+02 4.912322e-01 -1.000000e+00 -1.000000e+00 5.188000e-05 0.000000e+00 -1.000000e+00 0.000000e+00 2.018264e-02 5.000000e+02 2.269666e-05 0.000000e+00 -9.990070e+05 3.000000e+00 -1.000000e+00 0.000000e+00 10 0.000000e+00 0.000000e+00 -1.000000e+00 8.381197e-01 -1.000000e+00 -9.990070e+05 0.000000e+00 0.000000e+00 9.767810e-01 1.144248e-05 3.440467e-05 0.000000e+00 -1.000000e+00 1.503574e-01 0.000000e+00 2.077422e-05
1.420584e+00 -1.000000e+00 4.000000e+03 -1.000000e+00 -1.000000e+00 5.000000e+02 2.843290e-01 -1.000000e+00 -1.000000e+00 4.334074e+00 0.000000e+00 -1.000000e+00 1.000000e+00 2.479058e-03 1.300000e+03 2.042731e+00 1.000000e+00 -9.990070e+05 2.000000e+00 -1.000000e+00 8.876711e-01 1 0.000000e+00 0.000000e+00 -1.000000e+00 7.367666e-01 -1.000000e+00 -9.990070e+05 7.593199e-01 7.593199e-01 9.615292e-01 1.034760e+00 3.003897e+00 0.000000e+00 -1.000000e+00 4.234963e-02 1.000000e+00 2.652390e+00
2.201459e-01 -1.000000e+00 4.000000e+03 -1.000000e+00 -1.000000e+00 3.000000e+02 4.183303e-08 -1.000000e+00 -1.000000e+00 6.040742e-01 0.000000e+00 -1.000000e+00 1.000000e+00 7.268166e-14 8.000000e+02 3.072794e-01 1.000000e+00 -9.990070e+05 3.000000e+00 -1.000000e+00 1.340867e-08 5 0.000000e+00 0.000000e+00 -1.000000e+00 7.362387e-06 -1.000000e+00 -9.990070e+05 4.756694e-09 4.756694e-09 4.959515e-04 1.629690e-01 4.362860e-01 0.000000e+00 -1.000000e+00 8.995614e-11 0.000000e+00 2.637752e-01
1.461986e+00 -1.000000e+00 0.000000e+00 -1.000000e+00 -1.000000e+00 6.000000e+02 3.009655e-01 -1.000000e+00 -1.000000e+00 5.150411e+00 0.000000e+00 -1.000000e+00 0.000000e+00 2.884291e-03 7.000000e+02 2.147748e+00 0.000000e+00 -9.990070e+05 3.000000e+00 -1.000000e+00 4.667898e-01 7 0.000000e+00 0.000000e+00 -1.000000e+00 7.478978e-01 -1.000000e+00 -9.990070e+05 1.610229e-01 1.610229e-01 9.632712e-01 1.056464e+00 3.322358e+00 0.000000e+00 -1.000000e+00 4.710058e-02 0.000000e+00 1.835765e+00
1.577702e+00 -1.000000e+00 0.000000e+00 -1.000000e+00 -1.000000e+00 4.000000e+02 3.258658e-01 -1.000000e+00 -1.000000e+00 4.931130e+00 0.000000e+00 -1.000000e+00 0.000000e+00 3.611308e-03 1.400000e+03 2.288176e+00 0.000000e+00 -9.990070e+05 3.000000e+00 -1.000000e+00 5.535034e-01 2 0.000000e+00 0.000000e+00 -1.000000e+00 7.631184e-01 -1.000000e+00 -9.990070e+05 2.116474e-01 2.116474e-01 9.656201e-01 1.143445e+00 3.394373e+00 0.000000e+00 -1.000000e+00 5.501599e-02 0.000000e+00 2.020106e+00
1.821312e+00 -1.000000e+00 0.000000e+00 -1.000000e+00 -1.000000e+00 5.000000e+02 3.667074e-01 -1.000000e+00 -1.000000e+00 5.703015e+00 0.000000e+00 -1.000000e+00 0.000000e+00 5.241232e-03 1.400000e+03 2.645235e+00 0.000000e+00 -9.990070e+05 3.000000e+00 -1.000000e+00 6.559880e-01 2 0.000000e+00 0.000000e+00 -1.000000e+00 7.851183e-01 -1.000000e+00 -9.990070e+05 2.582760e-01 2.582760e-01 9.689566e-01 1.321908e+00 3.924242e+00 0.000000e+00 -1.000000e+00 7.056521e-02 0.000000e+00 2.333912e+00
5.433322e-01 -1.000000e+00 0.000000e+00 -1.000000e+00 -1.000000e+00 4.000000e+02 1.277874e-02 -1.000000e+00 -1.000000e+00 1.572915e+00 0.000000e+00 -1.000000e+00 0.000000e+00 7.126470e-06 1.000000e+03 7.686803e-01 0.000000e+00 -9.990070e+05 3.000000e+00 -1.000000e+00 2.442473e-02 4 0.000000e+00 0.000000e+00 -1.000000e+00 1.362194e-01 -1.000000e+00 -9.990070e+05 1.199356e-02 1.199356e-02 6.072688e-01 4.016013e-01 1.111572e+00 0.000000e+00 -1.000000e+00 4.832450e-04 0.000000e+00 7.627862e-01
1.884897e-05 -1.000000e+00 0.000000e+00 -1.000000e+00 -1.000000e+00 5.750000e+02 4.912322e-01 -1.000000e+00 -1.000000e+00 6.727004e-05 0.000000e+00 -1.000000e+00 0.000000e+00 2.018264e-02 6.000000e+02 2.717765e-05 0.000000e+00 -9.990070e+05 3.000000e+00 -1.000000e+00 0.000000e+00 10 0.000000e+00 0.000000e+00 -1.000000e+00 8.381197e-01 -1.000000e+00 -9.990070e+05 0.000000e+00 0.000000e+00 9.767810e-01 1.370157e-05 4.349915e-05 0.000000e+00 -1.000000e+00 1.503574e-01 0.000000e+00 2.487566e-05
1.076421e+00 -1.000000e+00 0.000000e+00 -1.000000e+00 -1.000000e+00 4.000000e+02 1.874634e-01 -1.000000e+00 -1.000000e+00 3.385717e+00 0.000000e+00 -1.000000e+00 0.000000e+00 9.419687e-04 1.300000e+03 1.564328e+00 0.000000e+00 -9.990070e+05 3.000000e+00 -1.000000e+00 2.716534e-01 2 0.000000e+00 0.000000e+00 -1.000000e+00 6.478467e-01 -1.000000e+00 -9.990070e+05 1.007097e-01 1.007097e-01 9.466019e-01 7.804195e-01 2.324929e+00 0.000000e+00 -1.000000e+00 2.100508e-02 0.000000e+00 1.380116e+00
3.840393e-01 -1.000000e+00 4.000000e+03 -1.000000e+00 -1.000000e+00 4.000000e+02 4.938193e-04 -1.000000e+00 -1.000000e+00 1.053669e+00 0.000000e+00 -1.000000e+00 1.000000e+00 4.156107e-08 9.000000e+02 5.365072e-01 1.000000e+00 -9.990070e+05 3.000000e+00 -1.000000e+00 2.821465e-04 5 0.000000e+00 0.000000e+00 -1.000000e+00 1.298842e-02 -1.000000e+00 -9.990070e+05 9.535492e-05 9.535492e-05 1.377842e-01 2.850899e-01 7.613464e-01 0.000000e+00 -1.000000e+00 7.322686e-06 0.000000e+00 4.598387e-01
1.221906e+00 -1.000000e+00 0.000000e+00 -1.000000e+00 -1.000000e+00 6.000000e+02 2.843625e-01 -1.000000e+00 -1.000000e+00 3.303002e+00 0.000000e+00 -1.000000e+00 0.000000e+00 2.479819e-03 1.000000e+03 1.702982e+00 0.000000e+00 -9.990070e+05 3.000000e+00 -1.000000e+00 2.700929e-01 6 0.000000e+00 0.000000e+00 -1.000000e+00 7.367899e-01 -1.000000e+00 -9.990070e+05 4.374919e-02 4.374919e-02 9.615328e-01 9.098328e-01 2.397176e+00 0.000000e+00 -1.000000e+00 4.235882e-02 0.000000e+00 1.227849e+00
1.905582e+00 -1.000000e+00 0.000000e+00 -1.000000e+00 -1.000000e+00 6.000000e+02 4.317705e-01 -1.000000e+00 -1.000000e+00 5.198825e+00 0.000000e+00 -1.000000e+00 0.000000e+00 9.953413e-03 9.000000e+02 2.657997e+00 0.000000e+00 -9.990070e+05 3.000000e+00 -1.000000e+00 6.731000e-01 6 0.000000e+00 0.000000e+00 -1.000000e+00 8.147869e-01 -1.000000e+00 -9.990070e+05 1.170448e-01 1.170448e-01 9.733671e-01 1.415565e+00 3.754219e+00 0.000000e+00 -1.000000e+00 1.045598e-01 0.000000e+00 1.918264e+00
5.774643e-01 -1.000000e+00 0.000000e+00 -1.000000e+00 -1.000000e+00 1.000000e+02 2.301238e-02 -1.000000e+00 -1.000000e+00 1.807963e+00 0.000000e+00 -1.000000e+00 0.000000e+00 1.926683e-05 1.200000e+03 8.354336e-01 0.000000e+00 -9.990070e+05 3.000000e+00 -1.000000e+00 2.540359e-02 2 0.000000e+00 0.000000e+00 -1.000000e+00 2.026541e-01 -1.000000e+00 -9.990070e+05 9.515996e-03 9.515996e-03 7.275403e-01 4.163883e-01 1.242341e+00 0.000000e+00 -1.000000e+00 1.063288e-03 0.000000e+00 7.385554e-01
1.465771e-01 -1.000000e+00 0.000000e+00 -1.000000e+00 -1.000000e+00 0.000000e+00 6.417547e-13 -1.000000e+00 -1.000000e+00 4.012534e-01 0.000000e+00 -1.000000e+00 0.000000e+00 3.881080e-20 8.000000e+02 2.046623e-01 0.000000e+00 -9.990070e+05 3.000000e+00 -1.000000e+00 1.484767e-13 5 0.000000e+00 0.000000e+00 -1.000000e+00 5.966855e-10 -1.000000e+00 -9.990070e+05 5.516540e-14 5.516540e-14 2.088265e-07 1.083367e-01 2.901449e-01 0.000000e+00 -1.000000e+00 2.584112e-16 0.000000e+00 1.756312e-01
6.388491e-01 -1.000000e+00 0.000000e+00 -1.000000e+00 -1.000000e+00 2.000000e+02 3.709727e-02 -1.000000e+00 -1.000000e+00 2.005179e+00 0.000000e+00 -1.000000e+00 0.000000e+00 4.414260e-05 1.200000e+03 9.251987e-01 0.000000e+00 -9.990070e+05 3.000000e+00 -1.000000e+00 4.304492e-02 2 0.000000e+00 0.000000e+00 -1.000000e+00 2.766955e-01 -1.000000e+00 -9.990070e+05 1.607997e-02 1.607997e-02 8.083746e-01 4.611551e-01 1.376312e+00 0.000000e+00 -1.000000e+00 2.037890e-03 0.000000e+00 8.175438e-01
2.981966e-01 -1.000000e+00 0.000000e+00 -1.000000e+00 -1.000000e+00 1.000000e+02 5.465498e-05 -1.000000e+00 -1.000000e+00 8.810789e-01 0.000000e+00 -1.000000e+00 0.000000e+00 1.591858e-09 1.000000e+03 4.259163e-01 0.000000e+00 -9.990070e+05 3.000000e+00 -1.000000e+00 4.458622e-05 3 0.000000e+00 0.000000e+00 -1.000000e+00 2.407164e-03 -1.000000e+00 -9.990070e+05 1.778433e-05 1.778433e-05 4.187366e-02 2.194940e-01 6.190563e-01 0.000000e+00 -1.000000e+00 4.784141e-07 0.000000e+00 3.836290e-01
2.262883e-01 -1.000000e+00 4.000000e+03 -1.000000e+00 -1.000000e+00 1.000000e+02 1.023266e-06 -1.000000e+00 -1.000000e+00 6.760481e-01 0.000000e+00 -1.000000e+00 1.000000e+00 5.693696e-12 9.000000e+02 3.227055e-01 1.000000e+00 -9.990070e+05 3.000000e+00 -1.000000e+00 7.199719e-07 3 0.000000e+00 0.000000e+00 -1.000000e+00 1.014445e-04 -1.000000e+00 -9.990070e+05 2.911572e-07 2.911572e-07 3.887975e-03 1.655521e-01 4.716841e-01 0.000000e+00 -1.000000e+00 3.930057e-09 0.000000e+00 2.904397e-01
1.249930e+00 -1.000000e+00 0.000000e+00 -1.000000e+00 -1.000000e+00 1.000000e+02 2.447564e-01 -1.000000e+00 -1.000000e+00 3.897046e+00 0.000000e+00 -1.000000e+00 0.000000e+00 1.710157e-03 1.400000e+03 1.812854e+00 0.000000e+00 -9.990070e+05 3.000000e+00 -1.000000e+00 3.776538e-01 2 0.000000e+00 0.000000e+00 -1.000000e+00 7.063258e-01 -1.000000e+00 -9.990070e+05 1.407453e-01 1.407453e-01 9.566428e-01 9.067727e-01 2.686278e+00 0.000000e+00 -1.000000e+00 3.248076e-02 0.000000e+00 1.600360e+00
3.487791e+00 -1.000000e+00 0.000000e+00 -1.000000e+00 -1.000000e+00 4.000000e+02 4.661154e-01 -1.000000e+00 -1.000000e+00 1.083263e+01 0.000000e+00 -1.000000e+00 0.000000e+00 1.467425e-02 1.600000e+03 5.036608e+00 0.000000e+00 -9.990070e+05 3.000000e+00 -1.000000e+00 9.301962e-01 2 0.000000e+00 0.000000e+00 -1.000000e+00 8.286013e-01 -1.000000e+00 -9.990070e+05 4.562480e-01 4.562480e-01 9.753932e-01 2.513550e+00 7.467130e+00 0.000000e+00 -1.000000e+00 1.289124e-01 0.000000e+00 4.452676e+00
1.361900e+00 -1.000000e+00 0.000000e+00 -1.000000e+00 -1.000000e+00 2.000000e+02 2.765882e-01 -1.000000e+00 -1.000000e+00 4.248650e+00 0.000000e+00 -1.000000e+00 0.000000e+00 2.308825e-03 1.400000e+03 1.976286e+00 0.000000e+00 -9.990070e+05 3.000000e+00 -1.000000e+00 4.426006e-01 2 0.000000e+00 0.000000e+00 -1.000000e+00 7.312839e-01 -1.000000e+00 -9.990070e+05 1.660456e-01 1.660456e-01 9.606629e-01 9.885701e-01 2.928370e+00 0.000000e+00 -1.000000e+00 4.026938e-02 0.000000e+00 1.744229e+00
9.346602e-01 -1.000000e+00 0.000000e+00 -1.000000e+00 -1.000000e+00 5.000000e+02 1.288076e-01 -1.000000e+00 -1.000000e+00 2.698585e+00 0.000000e+00 -1.000000e+00 0.000000e+00 4.384199e-04 1.100000e+03 1.322713e+00 0.000000e+00 -9.990070e+05 3.000000e+00 -1.000000e+00 2.515924e-01 4 0.000000e+00 0.000000e+00 -1.000000e+00 5.574232e-01 -1.000000e+00 -9.990070e+05 1.237137e-01 1.237137e-01 9.284557e-01 6.914444e-01 1.907251e+00 0.000000e+00 -1.000000e+00 1.187232e-02 0.000000e+00 1.311696e+00
6.500183e-01 -1.000000e+00 4.000000e+03 -1.000000e+00 -1.000000e+00 4.000000e+02 3.629174e-02 -1.000000e+00 -1.000000e+00 1.925489e+00 0.000000e+00 -1.000000e+00 1.000000e+00 4.247117e-05 1.100000e+03 9.275416e-01 1.000000e+00 -9.990070e+05 3.000000e+00 -1.000000e+00 4.524171e-02 3 0.000000e+00 0.000000e+00 -1.000000e+00 2.728415e-01 -1.000000e+00 -9.990070e+05 1.764257e-02 1.764257e-02 8.051103e-01 4.774392e-01 1.348033e+00 0.000000e+00 -1.000000e+00 1.977381e-03 0.000000e+00 8.343860e-01
1.303099e+00 -1.000000e+00 0.000000e+00 -1.000000e+00 -1.000000e+00 6.000000e+02 2.730483e-01 -1.000000e+00 -1.000000e+00 3.570657e+00 0.000000e+00 -1.000000e+00 0.000000e+00 2.234492e-03 1.100000e+03 1.818129e+00 0.000000e+00 -9.990070e+05 3.000000e+00 -1.000000e+00 3.962385e-01 5 0.000000e+00 0.000000e+00 -1.000000e+00 7.287069e-01 -1.000000e+00 -9.990070e+05 1.306770e-01 1.306770e-01 9.602537e-01 9.660480e-01 2.581449e+00 0.000000e+00 -1.000000e+00 3.934392e-02 0.000000e+00 1.560494e+00
1.453117e+00 -1.000000e+00 0.000000e+00 -1.000000e+00 -1.000000e+00 3.000000e+02 2.989722e-01 -1.000000e+00 -1.000000e+00 4.536824e+00 0.000000e+00 -1.000000e+00 0.000000e+00 2.832674e-03 1.400000e+03 2.106953e+00 0.000000e+00 -9.990070e+05 3.000000e+00 -1.000000e+00 4.913331e-01 2 0.000000e+00 0.000000e+00 -1.000000e+00 7.466080e-01 -1.000000e+00 -9.990070e+05 1.856386e-01 1.856386e-01 9.630705e-01 1.052902e+00 3.124843e+00 0.000000e+00 -1.000000e+00 4.651012e-02 0.000000e+00 1.860283e+00
2.065645e+00 -1.000000e+00 0.000000e+00 -1.000000e+00 -1.000000e+00 0.000000e+00 3.960238e-01 -1.000000e+00 -1.000000e+00 6.439330e+00 0.000000e+00 -1.000000e+00 0.000000e+00 6.922352e-03 1.500000e+03 2.996129e+00 0.000000e+00 -9.990070e+05 3.000000e+00 -1.000000e+00 7.352882e-01 2 0.000000e+00 0.000000e+00 -1.000000e+00 7.991598e-01 -1.000000e+00 -9.990070e+05 2.995288e-01 2.995288e-01 9.710552e-01 1.498942e+00 4.438971e+00 0.000000e+00 -1.000000e+00 8.422513e-02 0.000000e+00 2.644722e+00
2.094941e-01 -1.000000e+00 0.000000e+00 -1.000000e+00 -1.000000e+00 3.000000e+02 1.308451e-08 -1.000000e+00 -1.000000e+00 5.703746e-01 0.000000e+00 -1.000000e+00 0.000000e+00 1.530476e-14 7.000000e+02 2.921059e-01 0.000000e+00 -9.990070e+05 3.000000e+00 -1.000000e+00 4.641621e-10 6 0.000000e+00 0.000000e+00 -1.000000e+00 2.800178e-06 -1.000000e+00 -9.990070e+05 1.009738e-10 1.009738e-10 2.287407e-04 1.557603e-01 4.121401e-01 0.000000e+00 -1.000000e+00 2.309915e-11 0.000000e+00 2.107693e-01
2.979821e+00 -1.000000e+00 0.000000e+00 -1.000000e+00 -1.000000e+00 6.000000e+02 4.519106e-01 -1.000000e+00 -1.000000e+00 9.364947e+00 0.000000e+00 -1.000000e+00 0.000000e+00 1.242556e-02 1.500000e+03 4.336532e+00 0.000000e+00 -9.990070e+05 3.000000e+00 -1.000000e+00 8.924614e-01 2 0.000000e+00 0.000000e+00 -1.000000e+00 8.230110e-01 -1.000000e+00 -9.990070e+05 4.130236e-01 4.130236e-01 9.745751e-01 2.167532e+00 6.435088e+00 0.000000e+00 -1.000000e+00 1.181954e-01 0.000000e+00 3.822811e+00
2.338393e+00 -1.000000e+00 0.000000e+00 -1.000000e+00 -1.000000e+00 6.000000e+02 4.098318e-01 -1.000000e+00 -1.000000e+00 7.598981e+00 0.000000e+00 -1.000000e+00 0.000000e+00 7.934401e-03 8.000000e+02 3.418521e+00 0.000000e+00 -9.990070e+05 3.000000e+00 -1.000000e+00 9.963853e-01 15 0.000000e+00 0.000000e+00 -1.000000e+00 8.053696e-01 -1.000000e+00 -9.990070e+05 9.810889e-01 9.810889e-01 9.719767e-01 1.700068e+00 5.131439e+00 0.000000e+00 -1.000000e+00 9.154916e-02 0.000000e+00 4.293475e+00
1.510018e-01 -1.000000e+00 0.000000e+00 -1.000000e+00 -1.000000e+00 1.000000e+02 1.564827e-12 -1.000000e+00 -1.000000e+00 4.139360e-01 0.000000e+00 -1.000000e+00 0.000000e+00 1.205345e-19 8.000000e+02 2.107780e-01 0.000000e+00 -9.990070e+05 3.000000e+00 -1.000000e+00 3.651454e-13 5 0.000000e+00 0.000000e+00 -1.000000e+00 1.290145e-09 -1.000000e+00 -9.990070e+05 1.350105e-13 1.350105e-13 4.007116e-07 1.119640e-01 2.992669e-01 0.000000e+00 -1.000000e+00 7.109753e-16 0.000000e+00 1.808196e-01
1.284838e+00 -1.000000e+00 0.000000e+00 -1.000000e+00 -1.000000e+00 0.000000e+00 2.552309e-01 -1.000000e+00 -1.000000e+00 4.025050e+00 0.000000e+00 -1.000000e+00 0.000000e+00 1.890789e-03 1.400000e+03 1.866649e+00 0.000000e+00 -9.990070e+05 3.000000e+00 -1.000000e+00 3.985155e-01 2 0.000000e+00 0.000000e+00 -1.000000e+00 7.150071e-01 -1.000000e+00 -9.990070e+05 1.487979e-01 1.487979e-01 9.580562e-01 9.331923e-01 2.768754e+00 0.000000e+00 -1.000000e+00 3.491628e-02 0.000000e+00 1.646664e+00
3.768370e+00 -1.000000e+00 0.000000e+00 -1.000000e+00 -1.000000e+00 5.000000e+02 4.717114e-01 -1.000000e+00 -1.000000e+00 1.172527e+01 0.000000e+00 -1.000000e+00 0.000000e+00 1.570866e-02 1.600000e+03 5.442266e+00 0.000000e+00 -9.990070e+05 3.000000e+00 -1.000000e+00 9.442575e-01 2 0.000000e+00 0.000000e+00 -1.000000e+00 8.307605e-01 -1.000000e+00 -9.990070e+05 4.765759e-01 4.765759e-01 9.757086e-01 2.716327e+00 8.078422e+00 0.000000e+00 -1.000000e+00 1.334047e-01 0.000000e+00 4.814003e+00
4.682818e-01 -1.000000e+00 0.000000e+00 -1.000000e+00 -1.000000e+00 5.500000e+02 5.941353e-03 -1.000000e+00 -1.000000e+00 1.426135e+00 0.000000e+00 -1.000000e+00 0.000000e+00 2.024125e-06 6.000000e+02 6.737418e-01 0.000000e+00 -9.990070e+05 3.000000e+00 -1.000000e+00 6.468348e-03 10 0.000000e+00 0.000000e+00 -1.000000e+00 7.994341e-02 -1.000000e+00 -9.990070e+05 2.556979e-03 2.556979e-03 4.501334e-01 3.374456e-01 9.875437e-01 0.000000e+00 -1.000000e+00 1.761303e-04 0.000000e+00 6.057311e-01
2.869618e-01 -1.000000e+00 0.000000e+00 -1.000000e+00 -1.000000e+00 0.000000e+00 3.134065e-05 -1.000000e+00 -1.000000e+00 8.462846e-01 0.000000e+00 -1.000000e+00 0.000000e+00 7.115453e-10 1.000000e+03 4.095851e-01 0.000000e+00 -9.990070e+05 3.000000e+00 -1.000000e+00 2.491695e-05 3 0.000000e+00 0.000000e+00 -1.000000e+00 1.558845e-03 -1.000000e+00 -9.990070e+05 9.954054e-06 9.954054e-06 3.050277e-02 2.112025e-01 5.947616e-01 0.000000e+00 -1.000000e+00 2.423750e-07 0.000000e+00 3.688622e-01
2.995435e-01 -1.000000e+00 0.000000e+00 -1.000000e+00 -1.000000e+00 3.000000e+02 9.766523e-04 -1.000000e+00 -1.000000e+00 1.203505e+00 0.000000e+00 -1.000000e+00 0.000000e+00 1.176128e-07 5.000000e+02 4.517732e-01 0.000000e+00 -9.990070e+05 3.000000e+00 -1.000000e+00 6.865414e-03 15 0.000000e+00 0.000000e+00 -1.000000e+00 2.160921e-02 -1.000000e+00 -9.990070e+05 4.669685e-03 4.669685e-03 1.945597e-01 2.139759e-01 7.313741e-01 0.000000e+00 -1.000000e+00 1.729945e-05 0.000000e+00 5.739748e-01
2.540877e+00 -1.000000e+00 0.000000e+00 -1.000000e+00 -1.000000e+00 5.000000e+02 4.321567e-01 -1.000000e+00 -1.000000e+00 7.950751e+00 0.000000e+00 -1.000000e+00 0.000000e+00 9.994490e-03 1.500000e+03 3.692096e+00 0.000000e+00 -9.990070e+05 3.000000e+00 -1.000000e+00 8.372171e-01 2 0.000000e+00 0.000000e+00 -1.000000e+00 8.149481e-01 -1.000000e+00 -9.990070e+05 3.652843e-01 3.652843e-01 9.733909e-01 1.846353e+00 5.473642e+00 0.000000e+00 -1.000000e+00 1.048052e-01 0.000000e+00 3.256652e+00
2.837845e-05 -1.000000e+00 0.000000e+00 -1.000000e+00 -1.000000e+00 3.750000e+02 4.912322e-01 -1.000000e+00 -1.000000e+00 9.455043e-05 0.000000e+00 -1.000000e+00 0.000000e+00 2.018264e-02 4.000000e+02 4.106763e-05 0.000000e+00 -9.990070e+05 3.000000e+00 -1.000000e+00 0.000000e+00 10 0.000000e+00 0.000000e+00 -1.000000e+00 8.381197e-01 -1.000000e+00 -9.990070e+05 0.000000e+00 0.000000e+00 9.767810e-01 2.058066e-05 6.251525e-05 0.000000e+00 -1.000000e+00 1.503574e-01 0.000000e+00 3.718566e-05
3.300593e+00 -1.000000e+00 0.000000e+00 -1.000000e+00 -1.000000e+00 3.000000e+02 4.615512e-01 -1.000000e+00 -1.000000e+00 1.024277e+01 0.000000e+00 -1.000000e+00 0.000000e+00 1.389675e-02 1.600000e+03 4.767049e+00 0.000000e+00 -9.990070e+05 3.000000e+00 -1.000000e+00 9.183339e-01 2 0.000000e+00 0.000000e+00 -1.000000e+00 8.268226e-01 -1.000000e+00 -9.990070e+05 4.411873e-01 4.411873e-01 9.751332e-01 2.380537e+00 7.061449e+00 0.000000e+00 -1.000000e+00 1.253636e-01 0.000000e+00 4.211941e+00
2.046868e+00 -1.000000e+00 0.000000e+00 -1.000000e+00 -1.000000e+00 1.000000e+02 3.941286e-01 -1.000000e+00 -1.000000e+00 6.377489e+00 0.000000e+00 -1.000000e+00 0.000000e+00 6.796034e-03 1.500000e+03 2.969226e+00 0.000000e+00 -9.990070e+05 3.000000e+00 -1.000000e+00 7.300370e-01 2 0.000000e+00 0.000000e+00 -1.000000e+00 7.982888e-01 -1.000000e+00 -9.990070e+05 2.965977e-01 2.965977e-01 9.709257e-01 1.485686e+00 4.398047e+00 0.000000e+00 -1.000000e+00 8.326742e-02 0.000000e+00 2.620836e+00
1.025137e+00 -1.000000e+00 0.000000e+00 -1.000000e+00 -1.000000e+00 5.000000e+02 2.005772e-01 -1.000000e+00 -1.000000e+00 2.853984e+00 0.000000e+00 -1.000000e+00 0.000000e+00 1.089581e-03 8.000000e+02 1.432120e+00 0.000000e+00 -9.990070e+05 3.000000e+00 -1.000000e+00 1.515684e-01 6 0.000000e+00 0.000000e+00 -1.000000e+00 6.631986e-01 -1.000000e+00 -9.990070e+05 2.501026e-02 2.501026e-02 9.493369e-01 7.589515e-01 2.040388e+00 0.000000e+00 -1.000000e+00 2.338373e-02 0.000000e+00 1.034089e+00
5.841950e-01 -1.000000e+00 0.000000e+00 -1.000000e+00 -1.000000e+00 0.000000e+00 2.440286e-02 -1.000000e+00 -1.000000e+00 1.829763e+00 0.000000e+00 -1.000000e+00 0.000000e+00 2.130862e-05 1.200000e+03 8.454201e-01 0.000000e+00 -9.990070e+05 3.000000e+00 -1.000000e+00 2.709639e-02 2 0.000000e+00 0.000000e+00 -1.000000e+00 2.106900e-01 -1.000000e+00 -9.990070e+05 1.014632e-02 1.014632e-02 7.385138e-01 4.213771e-01 1.257194e+00 0.000000e+00 -1.000000e+00 1.151139e-03 0.000000e+00 7.472786e-01
4.155469e-01 -1.000000e+00 0.000000e+00 -1.000000e+00 -1.000000e+00 0.000000e+00 2.441901e-03 -1.000000e+00 -1.000000e+00 1.270385e+00 0.000000e+00 -1.000000e+00 0.000000e+00 4.893315e-07 1.100000e+03 5.962690e-01 0.000000e+00 -9.990070e+05 3.000000e+00 -1.000000e+00 2.394778e-02 1 0.000000e+00 0.000000e+00 -1.000000e+00 4.231079e-02 -1.000000e+00 -9.990070e+05 1.786587e-02 1.786587e-02 3.025872e-01 3.012754e-01 8.800303e-01 0.000000e+00 -1.000000e+00 5.567031e-05 0.000000e+00 7.776538e-01
1.056394e+00 -1.000000e+00 0.000000e+00 -1.000000e+00 -1.000000e+00 5.000000e+02 1.795180e-01 -1.000000e+00 -1.000000e+00 3.125358e+00 0.000000e+00 -1.000000e+00 0.000000e+00 8.594383e-04 1.200000e+03 1.508994e+00 0.000000e+00 -9.990070e+05 3.000000e+00 -1.000000e+00 2.706052e-01 3 0.000000e+00 0.000000e+00 -1.000000e+00 6.378364e-01 -1.000000e+00 -9.990070e+05 1.050766e-01 1.050766e-01 9.447740e-01 7.776580e-01 2.194038e+00 0.000000e+00 -1.000000e+00 1.962786e-02 0.000000e+00 1.359227e+00
1.514398e+00 -1.000000e+00 0.000000e+00 -1.000000e+00 -1.000000e+00 6.000000e+02 3.141994e-01 -1.000000e+00 -1.000000e+00 4.513327e+00 0.000000e+00 -1.000000e+00 0.000000e+00 3.250615e-03 1.200000e+03 2.157544e+00 0.000000e+00 -9.990070e+05 3.000000e+00 -1.000000e+00 5.432908e-01 3 0.000000e+00 0.000000e+00 -1.000000e+00 7.561838e-01 -1.000000e+00 -9.990070e+05 2.174033e-01 2.174033e-01 9.645544e-01 1.108402e+00 3.151574e+00 0.000000e+00 -1.000000e+00 5.117849e-02 0.000000e+00 1.942742e+00
8.278513e-01 -1.000000e+00 0.000000e+00 -1.000000e+00 -1.000000e+00 1.000000e+02 9.621529e-02 -1.000000e+00 -1.000000e+00 2.584734e+00 0.000000e+00 -1.000000e+00 0.000000e+00 2.498811e-04 1.300000e+03 1.197999e+00 0.000000e+00 -9.990070e+05 3.000000e+00 -1.000000e+00 1.251133e-01 2 0.000000e+00 0.000000e+00 -1.000000e+00 4.843693e-01 -1.000000e+00 -9.990070e+05 4.644588e-02 4.644588e-02 9.099423e-01 5.978434e-01 1.778987e+00 0.000000e+00 -1.000000e+00 7.758277e-03 0.000000e+00 1.058828e+00
4.547267e-01 -1.000000e+00 0.000000e+00 -1.000000e+00 -1.000000e+00 2.000000e+02 5.008970e-03 -1.000000e+00 -1.000000e+00 1.399562e+00 0.000000e+00 -1.000000e+00 0.000000e+00 1.536291e-06 1.100000e+03 6.540966e-01 0.000000e+00 -9.990070e+05 3.000000e+00 -1.000000e+00 4.337536e-02 1 0.000000e+00 0.000000e+00 -1.000000e+00 7.084582e-02 -1.000000e+00 -9.990070e+05 3.243409e-02 3.243409e-02 4.183870e-01 3.289216e-01 9.670509e-01 0.000000e+00 -1.000000e+00 1.409722e-04 0.000000e+00 8.535365e-01
