1.649321e+00 -1.000000e+00 0.000000e+00 -1.000000e+00 -1.000000e+00 0.000000e+00 3.354232e-01 -1.000000e+00 -1.000000e+00 4.903828e+00 0.000000e+00 -1.000000e+00 0.000000e+00 3.936989e-03 1.000000e+03 2.357073e+00 0.000000e+00 -9.990070e+05 3.000000e+00 -1.000000e+00 5.960850e-01 -1.0 0.000000e+00 0.000000e+00 -1.000000e+00 7.685652e-01 -1.000000e+00 -9.990070e+05 2.430681e-01 2.430681e-01 9.664523e-01 1.189736e+00 3.438117e+00 0.000000e+00 -1.000000e+00 5.834417e-02 0.000000e+00 2.127390e+00
1.637875e+00 -1.000000e+00 4.000000e+03 -1.000000e+00 -1.000000e+00 1.000000e+02 3.336341e-01 -1.000000e+00 -1.000000e+00 4.851931e+00 0.000000e+00 -1.000000e+00 1.000000e+00 3.873786e-03 1.000000e+03 2.343932e+00 1.000000e+00 -9.990070e+05 2.000000e+00 -1.000000e+00 5.918003e-01 -1.0 0.000000e+00 0.000000e+00 -1.000000e+00 7.675608e-01 -1.000000e+00 -9.990070e+05 2.410827e-01 2.410827e-01 9.662991e-01 1.188197e+00 3.400605e+00 0.000000e+00 -1.000000e+00 5.770789e-02 1.000000e+00 2.109247e+00
2.167863e+00 -1.000000e+00 0.000000e+00 -1.000000e+00 -1.000000e+00 2.000000e+02 4.010302e-01 -1.000000e+00 -1.000000e+00 6.416077e+00 0.000000e+00 -1.000000e+00 0.000000e+00 7.269956e-03 1.000000e+03 3.104190e+00 0.000000e+00 -9.990070e+05 3.000000e+00 -1.000000e+00 7.656256e-01 -1.0 0.000000e+00 0.000000e+00 -1.000000e+00 8.014386e-01 -1.000000e+00 -9.990070e+05 3.345641e-01 3.345641e-01 9.713938e-01 1.572596e+00 4.501101e+00 0.000000e+00 -1.000000e+00 8.680900e-02 0.000000e+00 2.794466e+00
2.841512e+00 -1.000000e+00 0.000000e+00 -1.000000e+00 -1.000000e+00 3.000000e+02 4.419588e-01 -1.000000e+00 -1.000000e+00 8.488778e+00 0.000000e+00 -1.000000e+00 0.000000e+00 1.111473e-02 1.000000e+03 4.069097e+00 0.000000e+00 -9.990070e+05 3.000000e+00 -1.000000e+00 8.762627e-01 -1.0 0.000000e+00 0.000000e+00 -1.000000e+00 8.189936e-01 -1.000000e+00 -9.990070e+05 4.193077e-01 4.193077e-01 9.739857e-01 2.053182e+00 5.933374e+00 0.000000e+00 -1.000000e+00 1.112404e-01 0.000000e+00 3.663649e+00
3.801417e+00 -1.000000e+00 0.000000e+00 -1.000000e+00 -1.000000e+00 4.000000e+02 4.683462e-01 -1.000000e+00 -1.000000e+00 1.177351e+01 0.000000e+00 -1.000000e+00 0.000000e+00 1.507540e-02 1.000000e+03 5.505983e+00 0.000000e+00 -9.990070e+05 3.000000e+00 -1.000000e+00 9.424737e-01 -1.0 0.000000e+00 0.000000e+00 -1.000000e+00 8.294649e-01 -1.000000e+00 -9.990070e+05 4.995981e-01 4.995981e-01 9.755194e-01 2.753451e+00 8.103409e+00 0.000000e+00 -1.000000e+00 1.306844e-01 0.000000e+00 4.958113e+00
7.965337e+00 -1.000000e+00 0.000000e+00 -1.000000e+00 -1.000000e+00 5.000000e+02 4.953224e-01 -1.000000e+00 -1.000000e+00 2.436785e+01 0.000000e+00 -1.000000e+00 0.000000e+00 2.132973e-02 1.000000e+03 1.147173e+01 0.000000e+00 -9.990070e+05 3.000000e+00 -1.000000e+00 9.946278e-01 -1.0 0.000000e+00 0.000000e+00 -1.000000e+00 8.396300e-01 -1.000000e+00 -9.990070e+05 6.521966e-01 6.521966e-01 9.770006e-01 5.755285e+00 1.683680e+01 0.000000e+00 -1.000000e+00 1.541739e-01 0.000000e+00 1.031236e+01
2.070403e+01 -1.000000e+00 0.000000e+00 -1.000000e+00 -1.000000e+00 6.000000e+02 5.000000e-01 -1.000000e+00 -1.000000e+00 6.238575e+01 0.000000e+00 -1.000000e+00 0.000000e+00 2.275013e-02 1.000000e+03 2.973941e+01 0.000000e+00 -9.990070e+05 3.000000e+00 -1.000000e+00 1.000802e+00 -1.0 0.000000e+00 0.000000e+00 -1.000000e+00 8.413447e-01 -1.000000e+00 -9.990070e+05 7.618512e-01 7.618512e-01 9.772499e-01 1.503751e+01 4.340136e+01 0.000000e+00 -1.000000e+00 1.586553e-01 0.000000e+00 2.679070e+01
2.488876e+00 -1.000000e+00 0.000000e+00 -1.000000e+00 -1.000000e+00 0.000000e+00 4.244608e-01 -1.000000e+00 -1.000000e+00 7.400282e+00 0.000000e+00 -1.000000e+00 0.000000e+00 9.215108e-03 1.100000e+03 3.560596e+00 0.000000e+00 -9.990070e+05 3.000000e+00 -1.000000e+00 8.292098e-01 -1.0 0.000000e+00 0.000000e+00 -1.000000e+00 8.117060e-01 -1.000000e+00 -9.990070e+05 3.788779e-01 3.788779e-01 9.729131e-01 1.803396e+00 5.175838e+00 0.000000e+00 -1.000000e+00 1.000245e-01 0.000000e+00 3.201780e+00
2.771759e+00 -1.000000e+00 0.000000e+00 -1.000000e+00 -1.000000e+00 1.000000e+02 4.392776e-01 -1.000000e+00 -1.000000e+00 8.215454e+00 0.000000e+00 -1.000000e+00 0.000000e+00 1.079277e-02 1.100000e+03 3.966374e+00 0.000000e+00 -9.990070e+05 3.000000e+00 -1.000000e+00 8.691117e-01 -1.0 0.000000e+00 0.000000e+00 -1.000000e+00 8.178960e-01 -1.000000e+00 -9.990070e+05 4.125163e-01 4.125163e-01 9.738245e-01 2.011417e+00 5.754711e+00 0.000000e+00 -1.000000e+00 1.094403e-01 0.000000e+00 3.570839e+00
2.914393e+00 -1.000000e+00 0.000000e+00 -1.000000e+00 -1.000000e+00 2.000000e+02 4.451866e-01 -1.000000e+00 -1.000000e+00 8.724676e+00 0.000000e+00 -1.000000e+00 0.000000e+00 1.151913e-02 1.100000e+03 4.168251e+00 0.000000e+00 -9.990070e+05 3.000000e+00 -1.000000e+00 8.846857e-01 -1.0 0.000000e+00 0.000000e+00 -1.000000e+00 8.203062e-01 -1.000000e+00 -9.990070e+05 4.274094e-01 4.274094e-01 9.741784e-01 2.108532e+00 6.080160e+00 0.000000e+00 -1.000000e+00 1.134483e-01 0.000000e+00 3.753222e+00
3.152105e+00 -1.000000e+00 0.000000e+00 -1.000000e+00 -1.000000e+00 3.000000e+02 4.536625e-01 -1.000000e+00 -1.000000e+00 9.284372e+00 0.000000e+00 -1.000000e+00 0.000000e+00 1.267704e-02 1.100000e+03 4.510884e+00 0.000000e+00 -9.990070e+05 3.000000e+00 -1.000000e+00 9.065100e-01 -1.0 0.000000e+00 0.000000e+00 -1.000000e+00 8.237093e-01 -1.000000e+00 -9.990070e+05 4.506612e-01 4.506612e-01 9.746774e-01 2.294690e+00 6.529639e+00 0.000000e+00 -1.000000e+00 1.194657e-01 0.000000e+00 4.064977e+00
4.129449e+00 -1.000000e+00 0.000000e+00 -1.000000e+00 -1.000000e+00 4.000000e+02 4.741248e-01 -1.000000e+00 -1.000000e+00 1.225651e+01 0.000000e+00 -1.000000e+00 0.000000e+00 1.618486e-02 1.100000e+03 5.901475e+00 0.000000e+00 -9.990070e+05 3.000000e+00 -1.000000e+00 9.554885e-01 -1.0 0.000000e+00 0.000000e+00 -1.000000e+00 8.316846e-01 -1.000000e+00 -9.990070e+05 5.222344e-01 5.222344e-01 9.758434e-01 2.991448e+00 8.580698e+00 0.000000e+00 -1.000000e+00 1.353912e-01 0.000000e+00 5.310375e+00
6.232665e+00 -1.000000e+00 0.000000e+00 -1.000000e+00 -1.000000e+00 5.000000e+02 4.904942e-01 -1.000000e+00 -1.000000e+00 1.870359e+01 0.000000e+00 -1.000000e+00 0.000000e+00 1.998447e-02 1.100000e+03 8.926067e+00 0.000000e+00 -9.990070e+05 3.000000e+00 -1.000000e+00 9.873550e-01 -1.0 0.000000e+00 0.000000e+00 -1.000000e+00 8.378460e-01 -1.000000e+00 -9.990070e+05 6.104332e-01 6.104332e-01 9.767412e-01 4.508170e+00 1.301947e+01 0.000000e+00 -1.000000e+00 1.496789e-01 0.000000e+00 8.027068e+00
1.350000e+01 -1.000000e+00 0.000000e+00 -1.000000e+00 -1.000000e+00 6.000000e+02 5.000000e-01 -1.000000e+00 -1.000000e+00 4.048051e+01 0.000000e+00 -1.000000e+00 0.000000e+00 2.275013e-02 1.100000e+03 1.938585e+01 0.000000e+00 -9.990070e+05 3.000000e+00 -1.000000e+00 1.000083e+00 -1.0 0.000000e+00 0.000000e+00 -1.000000e+00 8.413447e-01 -1.000000e+00 -9.990070e+05 7.225916e-01 7.225916e-01 9.772499e-01 9.816283e+00 2.824982e+01 0.000000e+00 -1.000000e+00 1.586553e-01 0.000000e+00 1.747608e+01
3.790485e+00 -1.000000e+00 0.000000e+00 -1.000000e+00 -1.000000e+00 0.000000e+00 4.686344e-01 -1.000000e+00 -1.000000e+00 1.125751e+01 0.000000e+00 -1.000000e+00 0.000000e+00 1.512828e-02 1.200000e+03 5.416833e+00 0.000000e+00 -9.990070e+05 3.000000e+00 -1.000000e+00 9.431024e-01 -1.0 0.000000e+00 0.000000e+00 -1.000000e+00 8.295762e-01 -1.000000e+00 -9.990070e+05 5.004576e-01 5.004576e-01 9.755356e-01 2.745552e+00 7.880106e+00 0.000000e+00 -1.000000e+00 1.309151e-01 0.000000e+00 4.874617e+00
3.785757e+00 -1.000000e+00 0.000000e+00 -1.000000e+00 -1.000000e+00 1.000000e+02 4.688886e-01 -1.000000e+00 -1.000000e+00 1.099601e+01 0.000000e+00 -1.000000e+00 0.000000e+00 1.517512e-02 1.200000e+03 5.405358e+00 0.000000e+00 -9.990070e+05 3.000000e+00 -1.000000e+00 9.436822e-01 -1.0 0.000000e+00 0.000000e+00 -1.000000e+00 8.296743e-01 -1.000000e+00 -9.990070e+05 5.013690e-01 5.013690e-01 9.755499e-01 2.759360e+00 7.783025e+00 0.000000e+00 -1.000000e+00 1.311189e-01 0.000000e+00 4.873791e+00
3.760102e+00 -1.000000e+00 0.000000e+00 -1.000000e+00 -1.000000e+00 2.000000e+02 4.682791e-01 -1.000000e+00 -1.000000e+00 1.100492e+01 0.000000e+00 -1.000000e+00 0.000000e+00 1.506311e-02 1.200000e+03 5.370080e+00 0.000000e+00 -9.990070e+05 3.000000e+00 -1.000000e+00 9.422680e-01 -1.0 0.000000e+00 0.000000e+00 -1.000000e+00 8.294389e-01 -1.000000e+00 -9.990070e+05 4.990692e-01 4.990692e-01 9.755156e-01 2.735410e+00 7.755221e+00 0.000000e+00 -1.000000e+00 1.306307e-01 0.000000e+00 4.836731e+00
4.398209e+00 -1.000000e+00 0.000000e+00 -1.000000e+00 -1.000000e+00 3.000000e+02 4.777531e-01 -1.000000e+00 -1.000000e+00 1.294432e+01 0.000000e+00 -1.000000e+00 0.000000e+00 1.693776e-02 1.200000e+03 6.285732e+00 0.000000e+00 -9.990070e+05 3.000000e+00 -1.000000e+00 9.632847e-01 -1.0 0.000000e+00 0.000000e+00 -1.000000e+00 8.330661e-01 -1.000000e+00 -9.990070e+05 5.381861e-01 5.381861e-01 9.760449e-01 3.200543e+00 9.087913e+00 0.000000e+00 -1.000000e+00 1.384345e-01 0.000000e+00 5.664469e+00
5.218125e+00 -1.000000e+00 0.000000e+00 -1.000000e+00 -1.000000e+00 4.000000e+02 4.853412e-01 -1.000000e+00 -1.000000e+00 1.531834e+01 0.000000e+00 -1.000000e+00 0.000000e+00 1.867056e-02 1.200000e+03 7.472856e+00 0.000000e+00 -9.990070e+05 3.000000e+00 -1.000000e+00 9.783503e-01 -1.0 0.000000e+00 0.000000e+00 -1.000000e+00 8.359258e-01 -1.000000e+00 -9.990070e+05 5.772971e-01 5.772971e-01 9.764617e-01 3.815316e+00 1.081504e+01 0.000000e+00 -1.000000e+00 1.450249e-01 0.000000e+00 6.749903e+00
6.663329e+00 -1.000000e+00 0.000000e+00 -1.000000e+00 -1.000000e+00 5.000000e+02 4.920791e-01 -1.000000e+00 -1.000000e+00 2.009250e+01 0.000000e+00 -1.000000e+00 0.000000e+00 2.041331e-02 1.200000e+03 9.543462e+00 0.000000e+00 -9.990070e+05 3.000000e+00 -1.000000e+00 9.898886e-01 -1.0 0.000000e+00 0.000000e+00 -1.000000e+00 8.384333e-01 -1.000000e+00 -9.990070e+05 6.226467e-01 6.226467e-01 9.768266e-01 4.807526e+00 1.396618e+01 0.000000e+00 -1.000000e+00 1.511400e-01 0.000000e+00 8.601359e+00
1.050395e+01 -1.000000e+00 0.000000e+00 -1.000000e+00 -1.000000e+00 6.000000e+02 4.986087e-01 -1.000000e+00 -1.000000e+00 3.098305e+01 0.000000e+00 -1.000000e+00 0.000000e+00 2.231489e-02 1.200000e+03 1.504308e+01 0.000000e+00 -9.990070e+05 3.000000e+00 -1.000000e+00 9.986426e-01 -1.0 0.000000e+00 0.000000e+00 -1.000000e+00 8.408361e-01 -1.000000e+00 -9.990070e+05 6.934647e-01 6.934647e-01 9.771760e-01 7.649899e+00 2.179849e+01 0.000000e+00 -1.000000e+00 1.573092e-01 0.000000e+00 1.356723e+01
5.732876e+00 -1.000000e+00 0.000000e+00 -1.000000e+00 -1.000000e+00 0.000000e+00 4.884633e-01 -1.000000e+00 -1.000000e+00 1.673364e+01 0.000000e+00 -1.000000e+00 0.000000e+00 1.945236e-02 1.300000e+03 8.201307e+00 0.000000e+00 -9.990070e+05 3.000000e+00 -1.000000e+00 9.839256e-01 -1.0 0.000000e+00 0.000000e+00 -1.000000e+00 8.370913e-01 -1.000000e+00 -9.990070e+05 5.961793e-01 5.961793e-01 9.766314e-01 4.192241e+00 1.184689e+01 0.000000e+00 -1.000000e+00 1.478272e-01 0.000000e+00 7.406487e+00
5.367162e+00 -1.000000e+00 0.000000e+00 -1.000000e+00 -1.000000e+00 1.000000e+02 4.862021e-01 -1.000000e+00 -1.000000e+00 1.582370e+01 0.000000e+00 -1.000000e+00 0.000000e+00 1.888190e-02 1.300000e+03 7.691480e+00 0.000000e+00 -9.990070e+05 3.000000e+00 -1.000000e+00 9.799358e-01 -1.0 0.000000e+00 0.000000e+00 -1.000000e+00 8.362478e-01 -1.000000e+00 -9.990070e+05 5.824130e-01 5.824130e-01 9.765086e-01 3.915025e+00 1.114915e+01 0.000000e+00 -1.000000e+00 1.457923e-01 0.000000e+00 6.939812e+00
6.366834e+00 -1.000000e+00 0.000000e+00 -1.000000e+00 -1.000000e+00 2.000000e+02 4.912327e-01 -1.000000e+00 -1.000000e+00 1.871585e+01 0.000000e+00 -1.000000e+00 0.000000e+00 2.018280e-02 1.300000e+03 9.117664e+00 0.000000e+00 -9.990070e+05 3.000000e+00 -1.000000e+00 9.885509e-01 -1.0 0.000000e+00 0.000000e+00 -1.000000e+00 8.381199e-01 -1.000000e+00 -9.990070e+05 6.159637e-01 6.159637e-01 9.767810e-01 4.650720e+00 1.320080e+01 0.000000e+00 -1.000000e+00 1.503580e-01 0.000000e+00 8.232194e+00
6.953425e+00 -1.000000e+00 0.000000e+00 -1.000000e+00 -1.000000e+00 3.000000e+02 4.932108e-01 -1.000000e+00 -1.000000e+00 2.039851e+01 0.000000e+00 -1.000000e+00 0.000000e+00 2.072701e-02 1.300000e+03 9.959905e+00 0.000000e+00 -9.990070e+05 3.000000e+00 -1.000000e+00 9.916120e-01 -1.0 0.000000e+00 0.000000e+00 -1.000000e+00 8.388516e-01 -1.000000e+00 -9.990070e+05 6.320579e-01 6.320579e-01 9.768875e-01 5.085485e+00 1.441365e+01 0.000000e+00 -1.000000e+00 1.521918e-01 0.000000e+00 8.996510e+00
7.405381e+00 -1.000000e+00 0.000000e+00 -1.000000e+00 -1.000000e+00 4.000000e+02 4.943386e-01 -1.000000e+00 -1.000000e+00 2.166119e+01 0.000000e+00 -1.000000e+00 0.000000e+00 2.104607e-02 1.300000e+03 1.059164e+01 0.000000e+00 -9.990070e+05 3.000000e+00 -1.000000e+00 9.932595e-01 -1.0 0.000000e+00 0.000000e+00 -1.000000e+00 8.392677e-01 -1.000000e+00 -9.990070e+05 6.424037e-01 6.424037e-01 9.769480e-01 5.399977e+00 1.530087e+01 0.000000e+00 -1.000000e+00 1.532473e-01 0.000000e+00 9.555468e+00
8.726396e+00 -1.000000e+00 0.000000e+00 -1.000000e+00 -1.000000e+00 5.000000e+02 4.967709e-01 -1.000000e+00 -1.000000e+00 2.573151e+01 0.000000e+00 -1.000000e+00 0.000000e+00 2.175672e-02 1.300000e+03 1.250210e+01 0.000000e+00 -9.990070e+05 3.000000e+00 -1.000000e+00 9.965103e-01 -1.0 0.000000e+00 0.000000e+00 -1.000000e+00 8.401624e-01 -1.000000e+00 -9.990070e+05 6.681625e-01 6.681625e-01 9.770781e-01 6.371605e+00 1.811788e+01 0.000000e+00 -1.000000e+00 1.555483e-01 0.000000e+00 1.128407e+01
1.122335e+01 -1.000000e+00 0.000000e+00 -1.000000e+00 -1.000000e+00 6.000000e+02 4.991272e-01 -1.000000e+00 -1.000000e+00 3.276320e+01 0.000000e+00 -1.000000e+00 0.000000e+00 2.247579e-02 1.300000e+03 1.605882e+01 0.000000e+00 -9.990070e+05 3.000000e+00 -1.000000e+00 9.991796e-01 -1.0 0.000000e+00 0.000000e+00 -1.000000e+00 8.410258e-01 -1.000000e+00 -9.990070e+05 7.022604e-01 7.022604e-01 9.772035e-01 8.202358e+00 2.320157e+01 0.000000e+00 -1.000000e+00 1.578095e-01 0.000000e+00 1.450070e+01
8.983263e+00 -1.000000e+00 0.000000e+00 -1.000000e+00 -1.000000e+00 0.000000e+00 4.971324e-01 -1.000000e+00 -1.000000e+00 2.635250e+01 0.000000e+00 -1.000000e+00 0.000000e+00 2.186503e-02 1.400000e+03 1.286004e+01 0.000000e+00 -9.990070e+05 3.000000e+00 -1.000000e+00 9.969545e-01 -1.0 0.000000e+00 0.000000e+00 -1.000000e+00 8.402951e-01 -1.000000e+00 -9.990070e+05 6.726073e-01 6.726073e-01 9.770973e-01 6.565531e+00 1.860608e+01 0.000000e+00 -1.000000e+00 1.558931e-01 0.000000e+00 1.161025e+01
9.256182e+00 -1.000000e+00 0.000000e+00 -1.000000e+00 -1.000000e+00 1.000000e+02 4.974219e-01 -1.000000e+00 -1.000000e+00 2.738516e+01 0.000000e+00 -1.000000e+00 0.000000e+00 2.195231e-02 1.400000e+03 1.324707e+01 0.000000e+00 -9.990070e+05 3.000000e+00 -1.000000e+00 9.973021e-01 -1.0 0.000000e+00 0.000000e+00 -1.000000e+00 8.404013e-01 -1.000000e+00 -9.990070e+05 6.763285e-01 6.763285e-01 9.771128e-01 6.736541e+00 1.920202e+01 0.000000e+00 -1.000000e+00 1.561698e-01 0.000000e+00 1.193733e+01
9.600213e+00 -1.000000e+00 0.000000e+00 -1.000000e+00 -1.000000e+00 2.000000e+02 4.978628e-01 -1.000000e+00 -1.000000e+00 2.784285e+01 0.000000e+00 -1.000000e+00 0.000000e+00 2.208608e-02 1.400000e+03 1.371795e+01 0.000000e+00 -9.990070e+05 3.000000e+00 -1.000000e+00 9.978164e-01 -1.0 0.000000e+00 0.000000e+00 -1.000000e+00 8.405629e-01 -1.000000e+00 -9.990070e+05 6.822855e-01 6.822855e-01 9.771363e-01 7.022378e+00 1.977118e+01 0.000000e+00 -1.000000e+00 1.565921e-01 0.000000e+00 1.238868e+01
1.062824e+01 -1.000000e+00 0.000000e+00 -1.000000e+00 -1.000000e+00 3.000000e+02 4.987336e-01 -1.000000e+00 -1.000000e+00 3.099497e+01 0.000000e+00 -1.000000e+00 0.000000e+00 2.235352e-02 1.400000e+03 1.519718e+01 0.000000e+00 -9.990070e+05 3.000000e+00 -1.000000e+00 9.987749e-01 -1.0 0.000000e+00 0.000000e+00 -1.000000e+00 8.408818e-01 -1.000000e+00 -9.990070e+05 6.954821e-01 6.954821e-01 9.771826e-01 7.761484e+00 2.193837e+01 0.000000e+00 -1.000000e+00 1.574296e-01 0.000000e+00 1.371851e+01
1.109235e+01 -1.000000e+00 4.000000e+03 -1.000000e+00 -1.000000e+00 4.000000e+02 4.990531e-01 -1.000000e+00 -1.000000e+00 3.226444e+01 0.000000e+00 -1.000000e+00 1.000000e+00 2.245272e-02 1.400000e+03 1.586122e+01 1.000000e+00 -9.990070e+05 2.000000e+00 -1.000000e+00 9.991050e-01 -1.0 0.000000e+00 0.000000e+00 -1.000000e+00 8.409987e-01 -1.000000e+00 -9.990070e+05 7.009346e-01 7.009346e-01 9.771996e-01 8.109272e+00 2.288721e+01 0.000000e+00 -1.000000e+00 1.577380e-01 1.000000e+00 1.432430e+01
1.206673e+01 -1.000000e+00 0.000000e+00 -1.000000e+00 -1.000000e+00 5.000000e+02 4.995689e-01 -1.000000e+00 -1.000000e+00 3.546229e+01 0.000000e+00 -1.000000e+00 0.000000e+00 2.261407e-02 1.400000e+03 1.727630e+01 0.000000e+00 -9.990070e+05 3.000000e+00 -1.000000e+00 9.996095e-01 -1.0 0.000000e+00 0.000000e+00 -1.000000e+00 8.411872e-01 -1.000000e+00 -9.990070e+05 7.107431e-01 7.107431e-01 9.772270e-01 8.813152e+00 2.500928e+01 0.000000e+00 -1.000000e+00 1.582370e-01 0.000000e+00 1.559420e+01
1.422689e+01 -1.000000e+00 0.000000e+00 -1.000000e+00 -1.000000e+00 6.000000e+02 5.000000e-01 -1.000000e+00 -1.000000e+00 4.171995e+01 0.000000e+00 -1.000000e+00 0.000000e+00 2.275013e-02 1.400000e+03 2.037608e+01 0.000000e+00 -9.990070e+05 3.000000e+00 -1.000000e+00 1.000278e+00 -1.0 0.000000e+00 0.000000e+00 -1.000000e+00 8.413447e-01 -1.000000e+00 -9.990070e+05 7.288453e-01 7.288453e-01 9.772499e-01 1.039994e+01 2.948334e+01 0.000000e+00 -1.000000e+00 1.586553e-01 0.000000e+00 1.840038e+01
1.380803e+01 -1.000000e+00 0.000000e+00 -1.000000e+00 -1.000000e+00 0.000000e+00 5.000000e-01 -1.000000e+00 -1.000000e+00 4.018839e+01 0.000000e+00 -1.000000e+00 0.000000e+00 2.275013e-02 1.500000e+03 1.974153e+01 0.000000e+00 -9.990070e+05 3.000000e+00 -1.000000e+00 1.000195e+00 -1.0 0.000000e+00 0.000000e+00 -1.000000e+00 8.413447e-01 -1.000000e+00 -9.990070e+05 7.260253e-01 7.260253e-01 9.772499e-01 1.010378e+01 2.850186e+01 0.000000e+00 -1.000000e+00 1.586553e-01 0.000000e+00 1.783952e+01
1.436048e+01 -1.000000e+00 0.000000e+00 -1.000000e+00 -1.000000e+00 1.000000e+02 5.000000e-01 -1.000000e+00 -1.000000e+00 4.214312e+01 0.000000e+00 -1.000000e+00 0.000000e+00 2.275013e-02 1.500000e+03 2.055256e+01 0.000000e+00 -9.990070e+05 3.000000e+00 -1.000000e+00 1.000309e+00 -1.0 0.000000e+00 0.000000e+00 -1.000000e+00 8.413447e-01 -1.000000e+00 -9.990070e+05 7.299224e-01 7.299224e-01 9.772499e-01 1.049876e+01 2.973276e+01 0.000000e+00 -1.000000e+00 1.586553e-01 0.000000e+00 1.855895e+01
1.452306e+01 -1.000000e+00 0.000000e+00 -1.000000e+00 -1.000000e+00 2.000000e+02 5.000000e-01 -1.000000e+00 -1.000000e+00 4.230273e+01 0.000000e+00 -1.000000e+00 0.000000e+00 2.275013e-02 1.500000e+03 2.076773e+01 0.000000e+00 -9.990070e+05 3.000000e+00 -1.000000e+00 1.000343e+00 -1.0 0.000000e+00 0.000000e+00 -1.000000e+00 8.413447e-01 -1.000000e+00 -9.990070e+05 7.312200e-01 7.312200e-01 9.772499e-01 1.062753e+01 2.998858e+01 0.000000e+00 -1.000000e+00 1.586553e-01 0.000000e+00 1.876599e+01
1.561517e+01 -1.000000e+00 0.000000e+00 -1.000000e+00 -1.000000e+00 3.000000e+02 5.000000e-01 -1.000000e+00 -1.000000e+00 4.550016e+01 0.000000e+00 -1.000000e+00 0.000000e+00 2.275013e-02 1.500000e+03 2.233323e+01 0.000000e+00 -9.990070e+05 3.000000e+00 -1.000000e+00 1.000510e+00 -1.0 0.000000e+00 0.000000e+00 -1.000000e+00 8.413447e-01 -1.000000e+00 -9.990070e+05 7.383652e-01 7.383652e-01 9.772499e-01 1.142703e+01 3.225330e+01 0.000000e+00 -1.000000e+00 1.586553e-01 0.000000e+00 2.018110e+01
1.628344e+01 -1.000000e+00 0.000000e+00 -1.000000e+00 -1.000000e+00 4.000000e+02 5.000000e-01 -1.000000e+00 -1.000000e+00 4.758835e+01 0.000000e+00 -1.000000e+00 0.000000e+00 2.275013e-02 1.500000e+03 2.330096e+01 0.000000e+00 -9.990070e+05 3.000000e+00 -1.000000e+00 1.000584e+00 -1.0 0.000000e+00 0.000000e+00 -1.000000e+00 8.413447e-01 -1.000000e+00 -9.990070e+05 7.422647e-01 7.422647e-01 9.772499e-01 1.191496e+01 3.367145e+01 0.000000e+00 -1.000000e+00 1.586553e-01 0.000000e+00 2.104961e+01
1.758253e+01 -1.000000e+00 4.000000e+03 -1.000000e+00 -1.000000e+00 5.000000e+02 5.000000e-01 -1.000000e+00 -1.000000e+00 5.141913e+01 0.000000e+00 -1.000000e+00 1.000000e+00 2.275013e-02 1.500000e+03 2.515664e+01 1.000000e+00 -9.990070e+05 1.000000e+00 -1.000000e+00 1.000690e+00 -1.0 0.000000e+00 1.000000e+00 -1.000000e+00 8.413447e-01 -1.000000e+00 -9.990070e+05 7.492453e-01 7.492453e-01 9.772499e-01 1.286627e+01 3.635667e+01 0.000000e+00 -1.000000e+00 1.586553e-01 0.000000e+00 2.273056e+01
2.291254e+01 -1.000000e+00 0.000000e+00 -1.000000e+00 -1.000000e+00 6.000000e+02 5.000000e-01 -1.000000e+00 -1.000000e+00 6.692799e+01 0.000000e+00 -1.000000e+00 0.000000e+00 2.275013e-02 1.500000e+03 3.278929e+01 0.000000e+00 -9.990070e+05 3.000000e+00 -1.000000e+00 1.000829e+00 -1.0 0.000000e+00 0.000000e+00 -1.000000e+00 8.413447e-01 -1.000000e+00 -9.990070e+05 7.703867e-01 7.703867e-01 9.772499e-01 1.677081e+01 4.738160e+01 0.000000e+00 -1.000000e+00 1.586553e-01 0.000000e+00 2.962989e+01
2.445829e+01 -1.000000e+00 0.000000e+00 -1.000000e+00 -1.000000e+00 0.000000e+00 5.000000e-01 -1.000000e+00 -1.000000e+00 7.104936e+01 0.000000e+00 -1.000000e+00 0.000000e+00 2.275013e-02 1.600000e+03 3.491644e+01 0.000000e+00 -9.990070e+05 3.000000e+00 -1.000000e+00 1.000829e+00 -1.0 0.000000e+00 0.000000e+00 -1.000000e+00 8.413447e-01 -1.000000e+00 -9.990070e+05 7.749506e-01 7.749506e-01 9.772499e-01 1.788382e+01 5.040180e+01 0.000000e+00 -1.000000e+00 1.586553e-01 0.000000e+00 3.156179e+01
2.372113e+01 -1.000000e+00 0.000000e+00 -1.000000e+00 -1.000000e+00 1.000000e+02 5.000000e-01 -1.000000e+00 -1.000000e+00 6.884546e+01 0.000000e+00 -1.000000e+00 0.000000e+00 2.275013e-02 1.600000e+03 3.384405e+01 0.000000e+00 -9.990070e+05 3.000000e+00 -1.000000e+00 1.000830e+00 -1.0 0.000000e+00 0.000000e+00 -1.000000e+00 8.413447e-01 -1.000000e+00 -9.990070e+05 7.728405e-01 7.728405e-01 9.772499e-01 1.734100e+01 4.884705e+01 0.000000e+00 -1.000000e+00 1.586553e-01 0.000000e+00 3.059819e+01
2.309251e+01 -1.000000e+00 0.000000e+00 -1.000000e+00 -1.000000e+00 2.000000e+02 5.000000e-01 -1.000000e+00 -1.000000e+00 6.808909e+01 0.000000e+00 -1.000000e+00 0.000000e+00 2.275013e-02 1.600000e+03 3.307172e+01 0.000000e+00 -9.990070e+05 3.000000e+00 -1.000000e+00 1.000829e+00 -1.0 0.000000e+00 0.000000e+00 -1.000000e+00 8.413447e-01 -1.000000e+00 -9.990070e+05 7.706167e-01 7.706167e-01 9.772499e-01 1.686036e+01 4.791321e+01 0.000000e+00 -1.000000e+00 1.586553e-01 0.000000e+00 2.984904e+01
2.387507e+01 -1.000000e+00 4.000000e+03 -1.000000e+00 -1.000000e+00 3.000000e+02 5.000000e-01 -1.000000e+00 -1.000000e+00 6.949191e+01 0.000000e+00 -1.000000e+00 1.000000e+00 2.275013e-02 1.600000e+03 3.412345e+01 1.000000e+00 -9.990070e+05 1.000000e+00 -1.000000e+00 1.000830e+00 -1.0 0.000000e+00 1.000000e+00 -1.000000e+00 8.413447e-01 -1.000000e+00 -9.990070e+05 7.732925e-01 7.732925e-01 9.772499e-01 1.746594e+01 4.927405e+01 0.000000e+00 -1.000000e+00 1.586553e-01 0.000000e+00 3.084082e+01
2.376144e+01 -1.000000e+00 0.000000e+00 -1.000000e+00 -1.000000e+00 4.000000e+02 5.000000e-01 -1.000000e+00 -1.000000e+00 6.923478e+01 0.000000e+00 -1.000000e+00 0.000000e+00 2.275013e-02 1.600000e+03 3.398221e+01 0.000000e+00 -9.990070e+05 3.000000e+00 -1.000000e+00 1.000830e+00 -1.0 0.000000e+00 0.000000e+00 -1.000000e+00 8.413447e-01 -1.000000e+00 -9.990070e+05 7.730065e-01 7.730065e-01 9.772499e-01 1.739273e+01 4.906949e+01 0.000000e+00 -1.000000e+00 1.586553e-01 0.000000e+00 3.070917e+01
2.750015e+01 -1.000000e+00 0.000000e+00 -1.000000e+00 -1.000000e+00 5.000000e+02 5.000000e-01 -1.000000e+00 -1.000000e+00 8.003909e+01 0.000000e+00 -1.000000e+00 0.000000e+00 2.275013e-02 1.600000e+03 3.931705e+01 0.000000e+00 -9.990070e+05 3.000000e+00 -1.000000e+00 1.000811e+00 -1.0 0.000000e+00 0.000000e+00 -1.000000e+00 8.413447e-01 -1.000000e+00 -9.990070e+05 7.827180e-01 7.827180e-01 9.772499e-01 2.012199e+01 5.676508e+01 0.000000e+00 -1.000000e+00 1.586553e-01 0.000000e+00 3.553022e+01
2.948457e+01 -1.000000e+00 0.000000e+00 -1.000000e+00 -1.000000e+00 6.000000e+02 5.000000e-01 -1.000000e+00 -1.000000e+00 8.552767e+01 0.000000e+00 -1.000000e+00 0.000000e+00 2.275013e-02 1.600000e+03 4.206946e+01 0.000000e+00 -9.990070e+05 3.000000e+00 -1.000000e+00 1.000791e+00 -1.0 0.000000e+00 0.000000e+00 -1.000000e+00 8.413447e-01 -1.000000e+00 -9.990070e+05 7.870367e-01 7.870367e-01 9.772499e-01 2.155624e+01 6.070781e+01 0.000000e+00 -1.000000e+00 1.586553e-01 0.000000e+00 3.803291e+01
-1.000000e+00 -1.000000e+00 4.000000e+03 -1.000000e+00 -1.000000e+00 0.000000e+00 2.989971e-01 -1.000000e+00 -1.000000e+00 -1.000000e+00 0.000000e+00 -1.000000e+00 1.000000e+00 2.833313e-03 2.000000e+02 -1.000000e+00 1.000000e+00 -9.990070e+05 2.000000e+00 -1.000000e+00 5.865769e-01 -1.0 0.000000e+00 0.000000e+00 -1.000000e+00 7.466242e-01 -1.000000e+00 -9.990070e+05 2.856117e-01 2.856117e-01 9.630730e-01 -1.000000e+00 -1.000000e+00 0.000000e+00 -1.000000e+00 4.651746e-02 1.000000e+00 -1.000000e+00
0.000000e+00 -1.000000e+00 0.000000e+00 -1.000000e+00 -1.000000e+00 2.500000e+02 1.032198e-02 -1.000000e+00 -1.000000e+00 4.609513e+01 0.000000e+00 -1.000000e+00 0.000000e+00 4.998472e-06 3.000000e+02 5.026251e-01 0.000000e+00 -9.990070e+05 3.000000e+00 -1.000000e+00 1.478879e-02 -1.0 0.000000e+00 0.000000e+00 -1.000000e+00 1.176000e-01 -1.000000e+00 -9.990070e+05 6.463527e-03 6.463527e-03 5.619087e-01 0.000000e+00 1.302370e+00 0.000000e+00 -1.000000e+00 3.640617e-04 0.000000e+00 3.574728e-01
1.309457e-01 -1.000000e+00 0.000000e+00 -1.000000e+00 -1.000000e+00 2.750000e+02 7.523738e-04 -1.000000e+00 -1.000000e+00 1.758577e+00 0.000000e+00 -1.000000e+00 0.000000e+00 7.884742e-08 3.000000e+02 2.211899e-01 0.000000e+00 -9.990070e+05 3.000000e+00 -1.000000e+00 9.380367e-04 -1.0 0.000000e+00 0.000000e+00 -1.000000e+00 1.780029e-02 -1.000000e+00 -9.990070e+05 4.073570e-04 4.073570e-04 1.707599e-01 1.015418e-01 4.499262e-01 0.000000e+00 -1.000000e+00 1.243909e-05 0.000000e+00 1.959037e-01
6.121875e-01 -1.000000e+00 4.000000e+03 -1.000000e+00 -1.000000e+00 0.000000e+00 3.560547e-02 -1.000000e+00 -1.000000e+00 2.340278e+00 0.000000e+00 -1.000000e+00 1.000000e+00 4.107085e-05 4.000000e+02 9.119538e-01 1.000000e+00 -9.990070e+05 3.000000e+00 -1.000000e+00 4.777274e-02 -1.0 0.000000e+00 0.000000e+00 -1.000000e+00 2.695266e-01 -1.000000e+00 -9.990070e+05 1.943588e-02 1.943588e-02 8.022348e-01 4.367141e-01 1.435824e+00 0.000000e+00 -1.000000e+00 1.926262e-03 0.000000e+00 8.237187e-01
2.837845e-05 -1.000000e+00 0.000000e+00 -1.000000e+00 -1.000000e+00 3.750000e+02 4.912322e-01 -1.000000e+00 -1.000000e+00 9.455043e-05 0.000000e+00 -1.000000e+00 0.000000e+00 2.018264e-02 4.000000e+02 4.106763e-05 0.000000e+00 -9.990070e+05 3.000000e+00 -1.000000e+00 0.000000e+00 -1.0 0.000000e+00 0.000000e+00 -1.000000e+00 8.381197e-01 -1.000000e+00 -9.990070e+05 0.000000e+00 0.000000e+00 9.767810e-01 2.058066e-05 6.251525e-05 0.000000e+00 -1.000000e+00 1.503574e-01 0.000000e+00 3.718566e-05
2.098771e-01 -1.000000e+00 0.000000e+00 -1.000000e+00 -1.000000e+00 3.750000e+02 8.236241e-06 -1.000000e+00 -1.000000e+00 7.187556e-01 0.000000e+00 -1.000000e+00 0.000000e+00 1.054324e-10 4.250000e+02 3.088514e-01 0.000000e+00 -9.990070e+05 3.000000e+00 -1.000000e+00 6.863160e-06 -1.0 0.000000e+00 0.000000e+00 -1.000000e+00 5.422870e-04 -1.000000e+00 -9.990070e+05 2.822299e-06 2.822299e-06 1.393443e-02 1.502575e-01 4.715743e-01 0.000000e+00 -1.000000e+00 4.789606e-08 0.000000e+00 2.789961e-01
2.510980e+00 -1.000000e+00 4.000000e+03 -1.000000e+00 -1.000000e+00 3.000000e+02 4.257942e-01 -1.000000e+00 -1.000000e+00 7.361346e+00 0.000000e+00 -1.000000e+00 1.000000e+00 9.344437e-03 5.000000e+02 3.584376e+00 1.000000e+00 -9.990070e+05 2.000000e+00 -1.000000e+00 8.343542e-01 -1.0 0.000000e+00 0.000000e+00 -1.000000e+00 8.122721e-01 -1.000000e+00 -9.990070e+05 3.851373e-01 3.851373e-01 9.729966e-01 1.818300e+00 5.196649e+00 0.000000e+00 -1.000000e+00 1.008363e-01 1.000000e+00 3.233082e+00
1.574120e-05 -1.000000e+00 0.000000e+00 -1.000000e+00 -1.000000e+00 4.750000e+02 4.912322e-01 -1.000000e+00 -1.000000e+00 5.188000e-05 0.000000e+00 -1.000000e+00 0.000000e+00 2.018264e-02 5.000000e+02 2.269666e-05 0.000000e+00 -9.990070e+05 3.000000e+00 -1.000000e+00 0.000000e+00 -1.0 0.000000e+00 0.000000e+00 -1.000000e+00 8.381197e-01 -1.000000e+00 -9.990070e+05 0.000000e+00 0.000000e+00 9.767810e-01 1.144248e-05 3.440467e-05 0.000000e+00 -1.000000e+00 1.503574e-01 0.000000e+00 2.077422e-05
2.114135e+00 -1.000000e+00 0.000000e+00 -1.000000e+00 -1.000000e+00 3.000000e+02 3.844557e-01 -1.000000e+00 -1.000000e+00 9.024163e+00 0.000000e+00 -1.000000e+00 0.000000e+00 6.192692e-03 6.000000e+02 3.301417e+00 0.000000e+00 -9.990070e+05 3.000000e+00 -1.000000e+00 7.233944e-01 -1.0 0.000000e+00 0.000000e+00 -1.000000e+00 7.937677e-01 -1.000000e+00 -9.990070e+05 3.110898e-01 3.110898e-01 9.702519e-01 1.491476e+00 5.405338e+00 0.000000e+00 -1.000000e+00 7.854723e-02 0.000000e+00 2.939622e+00
4.682818e-01 -1.000000e+00 0.000000e+00 -1.000000e+00 -1.000000e+00 5.500000e+02 5.941353e-03 -1.000000e+00 -1.000000e+00 1.426135e+00 0.000000e+00 -1.000000e+00 0.000000e+00 2.024125e-06 6.000000e+02 6.737418e-01 0.000000e+00 -9.990070e+05 3.000000e+00 -1.000000e+00 6.468348e-03 -1.0 0.000000e+00 0.000000e+00 -1.000000e+00 7.994341e-02 -1.000000e+00 -9.990070e+05 2.556979e-03 2.556979e-03 4.501334e-01 3.374456e-01 9.875437e-01 0.000000e+00 -1.000000e+00 1.761303e-04 0.000000e+00 6.057311e-01
1.884897e-05 -1.000000e+00 0.000000e+00 -1.000000e+00 -1.000000e+00 5.750000e+02 4.912322e-01 -1.000000e+00 -1.000000e+00 6.727004e-05 0.000000e+00 -1.000000e+00 0.000000e+00 2.018264e-02 6.000000e+02 2.717765e-05 0.000000e+00 -9.990070e+05 3.000000e+00 -1.000000e+00 0.000000e+00 -1.0 0.000000e+00 0.000000e+00 -1.000000e+00 8.381197e-01 -1.000000e+00 -9.990070e+05 0.000000e+00 0.000000e+00 9.767810e-01 1.370157e-05 4.349915e-05 0.000000e+00 -1.000000e+00 1.503574e-01 0.000000e+00 2.487566e-05
3.622881e+00 -1.000000e+00 0.000000e+00 -1.000000e+00 -1.000000e+00 3.000000e+02 4.634676e-01 -1.000000e+00 -1.000000e+00 1.226763e+01 0.000000e+00 -1.000000e+00 0.000000e+00 1.421637e-02 7.000000e+02 5.307366e+00 0.000000e+00 -9.990070e+05 3.000000e+00 -1.000000e+00 9.311124e-01 -1.0 0.000000e+00 0.000000e+00 -1.000000e+00 8.275714e-01 -1.000000e+00 -9.990070e+05 4.830059e-01 4.830059e-01 9.752427e-01 2.604232e+00 8.090685e+00 0.000000e+00 -1.000000e+00 1.268412e-01 0.000000e+00 4.774695e+00
3.920814e+00 -1.000000e+00 0.000000e+00 -1.000000e+00 -1.000000e+00 4.000000e+02 4.691674e-01 -1.000000e+00 -1.000000e+00 1.310174e+01 0.000000e+00 -1.000000e+00 0.000000e+00 1.522674e-02 7.000000e+02 5.725256e+00 0.000000e+00 -9.990070e+05 3.000000e+00 -1.000000e+00 9.444358e-01 -1.0 0.000000e+00 0.000000e+00 -1.000000e+00 8.297818e-01 -1.000000e+00 -9.990070e+05 5.030587e-01 5.030587e-01 9.755657e-01 2.821741e+00 8.683820e+00 0.000000e+00 -1.000000e+00 1.313429e-01 0.000000e+00 5.139750e+00
6.289006e+00 -1.000000e+00 0.000000e+00 -1.000000e+00 -1.000000e+00 5.000000e+02 4.895946e-01 -1.000000e+00 -1.000000e+00 2.484350e+01 0.000000e+00 -1.000000e+00 0.000000e+00 1.974641e-02 7.000000e+02 9.523083e+00 0.000000e+00 -9.990070e+05 3.000000e+00 -1.000000e+00 9.858928e-01 -1.0 0.000000e+00 0.000000e+00 -1.000000e+00 8.375121e-01 -1.000000e+00 -9.990070e+05 6.045840e-01 6.045840e-01 9.766926e-01 4.494513e+00 1.538559e+01 0.000000e+00 -1.000000e+00 1.488558e-01 0.000000e+00 8.494090e+00
2.155846e+00 -1.000000e+00 0.000000e+00 -1.000000e+00 -1.000000e+00 6.000000e+02 3.994273e-01 -1.000000e+00 -1.000000e+00 6.619378e+00 0.000000e+00 -1.000000e+00 0.000000e+00 7.156400e-03 7.000000e+02 3.110236e+00 0.000000e+00 -9.990070e+05 3.000000e+00 -1.000000e+00 7.616585e-01 -1.0 0.000000e+00 0.000000e+00 -1.000000e+00 8.007124e-01 -1.000000e+00 -9.990070e+05 3.324404e-01 3.324404e-01 9.712860e-01 1.558273e+00 4.571245e+00 0.000000e+00 -1.000000e+00 8.597306e-02 0.000000e+00 2.804546e+00
1.147515e+00 -1.000000e+00 4.000000e+03 -1.000000e+00 -1.000000e+00 0.000000e+00 2.081959e-01 -1.000000e+00 -1.000000e+00 3.746983e+00 0.000000e+00 -1.000000e+00 1.000000e+00 1.182315e-03 8.000000e+02 1.670732e+00 1.000000e+00 -9.990070e+05 2.000000e+00 -1.000000e+00 3.252328e-01 -1.0 0.000000e+00 0.000000e+00 -1.000000e+00 6.715133e-01 -1.000000e+00 -9.990070e+05 1.276065e-01 1.276065e-01 9.507863e-01 8.303722e-01 2.516005e+00 0.000000e+00 -1.000000e+00 2.482887e-02 1.000000e+00 1.498006e+00
1.381265e+00 -1.000000e+00 0.000000e+00 -1.000000e+00 -1.000000e+00 1.000000e+02 2.775698e-01 -1.000000e+00 -1.000000e+00 4.246592e+00 0.000000e+00 -1.000000e+00 0.000000e+00 2.329818e-03 8.000000e+02 1.985263e+00 0.000000e+00 -9.990070e+05 3.000000e+00 -1.000000e+00 4.639591e-01 -1.0 0.000000e+00 0.000000e+00 -1.000000e+00 7.319906e-01 -1.000000e+00 -9.990070e+05 1.843468e-01 1.843468e-01 9.607749e-01 9.922949e-01 2.925599e+00 0.000000e+00 -1.000000e+00 4.052883e-02 0.000000e+00 1.790067e+00
1.673387e+00 -1.000000e+00 0.000000e+00 -1.000000e+00 -1.000000e+00 2.000000e+02 3.394070e-01 -1.000000e+00 -1.000000e+00 5.276527e+00 0.000000e+00 -1.000000e+00 0.000000e+00 4.081636e-03 8.000000e+02 2.432079e+00 0.000000e+00 -9.990070e+05 3.000000e+00 -1.000000e+00 6.062054e-01 -1.0 0.000000e+00 0.000000e+00 -1.000000e+00 7.707777e-01 -1.000000e+00 -9.990070e+05 2.481475e-01 2.481475e-01 9.667891e-01 1.214348e+00 3.601808e+00 0.000000e+00 -1.000000e+00 5.978366e-02 0.000000e+00 2.188679e+00
3.331129e+00 -1.000000e+00 0.000000e+00 -1.000000e+00 -1.000000e+00 3.000000e+02 4.566277e-01 -1.000000e+00 -1.000000e+00 1.127161e+01 0.000000e+00 -1.000000e+00 0.000000e+00 1.311821e-02 8.000000e+02 4.870218e+00 0.000000e+00 -9.990070e+05 3.000000e+00 -1.000000e+00 9.141931e-01 -1.0 0.000000e+00 0.000000e+00 -1.000000e+00 8.248855e-01 -1.000000e+00 -9.990070e+05 4.603177e-01 4.603177e-01 9.748497e-01 2.400432e+00 7.442575e+00 0.000000e+00 -1.000000e+00 1.216482e-01 0.000000e+00 4.375176e+00
5.397277e+00 -1.000000e+00 0.000000e+00 -1.000000e+00 -1.000000e+00 4.000000e+02 4.853711e-01 -1.000000e+00 -1.000000e+00 1.793873e+01 0.000000e+00 -1.000000e+00 0.000000e+00 1.867784e-02 8.000000e+02 7.884462e+00 0.000000e+00 -9.990070e+05 3.000000e+00 -1.000000e+00 9.784507e-01 -1.0 0.000000e+00 0.000000e+00 -1.000000e+00 8.359370e-01 -1.000000e+00 -9.990070e+05 5.780700e-01 5.780700e-01 9.764633e-01 3.889373e+00 1.191849e+01 0.000000e+00 -1.000000e+00 1.450514e-01 0.000000e+00 7.067810e+00
7.571870e+00 -1.000000e+00 0.000000e+00 -1.000000e+00 -1.000000e+00 5.000000e+02 4.946589e-01 -1.000000e+00 -1.000000e+00 2.223567e+01 0.000000e+00 -1.000000e+00 0.000000e+00 2.113787e-02 8.000000e+02 1.084337e+01 0.000000e+00 -9.990070e+05 3.000000e+00 -1.000000e+00 9.937136e-01 -1.0 0.000000e+00 0.000000e+00 -1.000000e+00 8.393857e-01 -1.000000e+00 -9.990070e+05 6.455572e-01 6.455572e-01 9.769651e-01 5.514570e+00 1.568526e+01 0.000000e+00 -1.000000e+00 1.535484e-01 0.000000e+00 9.778040e+00
9.313437e+00 -1.000000e+00 0.000000e+00 -1.000000e+00 -1.000000e+00 6.000000e+02 4.974465e-01 -1.000000e+00 -1.000000e+00 2.930709e+01 0.000000e+00 -1.000000e+00 0.000000e+00 2.195974e-02 8.000000e+02 1.343820e+01 0.000000e+00 -9.990070e+05 3.000000e+00 -1.000000e+00 9.973323e-01 -1.0 0.000000e+00 0.000000e+00 -1.000000e+00 8.404103e-01 -1.000000e+00 -9.990070e+05 6.767473e-01 6.767473e-01 9.771141e-01 6.699373e+00 2.001213e+01 0.000000e+00 -1.000000e+00 1.561934e-01 0.000000e+00 1.210960e+01
1.443096e+00 -1.000000e+00 0.000000e+00 -1.000000e+00 -1.000000e+00 0.000000e+00 2.929198e-01 -1.000000e+00 -1.000000e+00 4.391323e+00 0.000000e+00 -1.000000e+00 0.000000e+00 2.681211e-03 9.000000e+02 2.070134e+00 0.000000e+00 -9.990070e+05 3.000000e+00 -1.000000e+00 4.973645e-01 -1.0 0.000000e+00 0.000000e+00 -1.000000e+00 7.426203e-01 -1.000000e+00 -9.990070e+05 1.985838e-01 1.985838e-01 9.624480e-01 1.037644e+00 3.041338e+00 0.000000e+00 -1.000000e+00 4.475334e-02 0.000000e+00 1.867883e+00
1.470151e+00 -1.000000e+00 0.000000e+00 -1.000000e+00 -1.000000e+00 1.000000e+02 2.996493e-01 -1.000000e+00 -1.000000e+00 4.412482e+00 0.000000e+00 -1.000000e+00 0.000000e+00 2.850109e-03 9.000000e+02 2.105937e+00 0.000000e+00 -9.990070e+05 3.000000e+00 -1.000000e+00 5.121455e-01 -1.0 0.000000e+00 0.000000e+00 -1.000000e+00 7.470474e-01 -1.000000e+00 -9.990070e+05 2.048684e-01 2.048684e-01 9.631389e-01 1.058261e+00 3.079181e+00 0.000000e+00 -1.000000e+00 4.671002e-02 0.000000e+00 1.900744e+00
1.833441e+00 -1.000000e+00 0.000000e+00 -1.000000e+00 -1.000000e+00 2.000000e+02 3.640143e-01 -1.000000e+00 -1.000000e+00 5.497686e+00 0.000000e+00 -1.000000e+00 0.000000e+00 5.112026e-03 9.000000e+02 2.622281e+00 0.000000e+00 -9.990070e+05 3.000000e+00 -1.000000e+00 6.678131e-01 -1.0 0.000000e+00 0.000000e+00 -1.000000e+00 7.837626e-01 -1.000000e+00 -9.990070e+05 2.787371e-01 2.787371e-01 9.687528e-01 1.323350e+00 3.831151e+00 0.000000e+00 -1.000000e+00 6.942521e-02 0.000000e+00 2.365251e+00
2.269872e+00 -1.000000e+00 0.000000e+00 -1.000000e+00 -1.000000e+00 3.000000e+02 4.051897e-01 -1.000000e+00 -1.000000e+00 7.651968e+00 0.000000e+00 -1.000000e+00 0.000000e+00 7.575062e-03 9.000000e+02 3.330774e+00 0.000000e+00 -9.990070e+05 3.000000e+00 -1.000000e+00 7.774862e-01 -1.0 0.000000e+00 0.000000e+00 -1.000000e+00 8.033080e-01 -1.000000e+00 -9.990070e+05 3.428838e-01 3.428838e-01 9.716712e-01 1.632156e+00 5.059590e+00 0.000000e+00 -1.000000e+00 8.901702e-02 0.000000e+00 2.981674e+00
5.429495e+00 -1.000000e+00 0.000000e+00 -1.000000e+00 -1.000000e+00 4.000000e+02 4.863223e-01 -1.000000e+00 -1.000000e+00 1.681258e+01 0.000000e+00 -1.000000e+00 0.000000e+00 1.891164e-02 9.000000e+02 7.826211e+00 0.000000e+00 -9.990070e+05 3.000000e+00 -1.000000e+00 9.801632e-01 -1.0 0.000000e+00 0.000000e+00 -1.000000e+00 8.362927e-01 -1.000000e+00 -9.990070e+05 5.832621e-01 5.832621e-01 9.765151e-01 3.922734e+00 1.154069e+01 0.000000e+00 -1.000000e+00 1.458997e-01 0.000000e+00 7.052244e+00
1.044800e+01 -1.000000e+00 0.000000e+00 -1.000000e+00 -1.000000e+00 5.000000e+02 4.984957e-01 -1.000000e+00 -1.000000e+00 3.186227e+01 0.000000e+00 -1.000000e+00 0.000000e+00 2.228003e-02 9.000000e+02 1.503941e+01 0.000000e+00 -9.990070e+05 3.000000e+00 -1.000000e+00 9.985218e-01 -1.0 0.000000e+00 0.000000e+00 -1.000000e+00 8.407947e-01 -1.000000e+00 -9.990070e+05 6.917513e-01 6.917513e-01 9.771699e-01 7.548284e+00 2.205580e+01 0.000000e+00 -1.000000e+00 1.572004e-01 0.000000e+00 1.353323e+01
1.491866e+01 -1.000000e+00 0.000000e+00 -1.000000e+00 -1.000000e+00 6.000000e+02 5.000000e-01 -1.000000e+00 -1.000000e+00 4.686528e+01 0.000000e+00 -1.000000e+00 0.000000e+00 2.275013e-02 9.000000e+02 2.153006e+01 0.000000e+00 -9.990070e+05 3.000000e+00 -1.000000e+00 1.000361e+00 -1.0 0.000000e+00 0.000000e+00 -1.000000e+00 8.413447e-01 -1.000000e+00 -9.990070e+05 7.319795e-01 7.319795e-01 9.772499e-01 1.070771e+01 3.190067e+01 0.000000e+00 -1.000000e+00 1.586553e-01 0.000000e+00 1.937772e+01
