6.302816e+00 -1.000000e+00 0.000000e+00 -1.000000e+00 -1.000000e+00 0.000000e+00 5.000000e-01 -1.000000e+00 -1.000000e+00 1.843630e+01 0.000000e+00 -1.000000e+00 0.000000e+00 2.275013e-02 1.000000e+03 8.963529e+00 0.000000e+00 -9.990070e+05 3.000000e+00 -1.000000e+00 1.266775e+00 -1.0 0.000000e+00 0.000000e+00 -1.000000e+00 8.413447e-01 -1.000000e+00 -9.990070e+05 1.854171e-01 1.854171e-01 9.772499e-01 4.676102e+00 1.296260e+01 0.000000e+00 -1.000000e+00 1.586553e-01 0.000000e+00 4.880483e+00
4.697322e+00 -1.000000e+00 0.000000e+00 -1.000000e+00 -1.000000e+00 1.000000e+02 5.000000e-01 -1.000000e+00 -1.000000e+00 1.342267e+01 0.000000e+00 -1.000000e+00 0.000000e+00 2.275013e-02 1.000000e+03 6.616045e+00 0.000000e+00 -9.990070e+05 3.000000e+00 -1.000000e+00 1.365379e+00 -1.0 0.000000e+00 0.000000e+00 -1.000000e+00 8.413447e-01 -1.000000e+00 -9.990070e+05 1.456031e-01 1.456031e-01 9.772499e-01 3.474340e+00 9.505144e+00 0.000000e+00 -1.000000e+00 1.586553e-01 0.000000e+00 3.637232e+00
5.650241e+00 -1.000000e+00 0.000000e+00 -1.000000e+00 -1.000000e+00 2.000000e+02 5.000000e-01 -1.000000e+00 -1.000000e+00 1.609108e+01 0.000000e+00 -1.000000e+00 0.000000e+00 2.275013e-02 1.000000e+03 7.958385e+00 0.000000e+00 -9.990070e+05 3.000000e+00 -1.000000e+00 1.301486e+00 -1.0 0.000000e+00 0.000000e+00 -1.000000e+00 8.413447e-01 -1.000000e+00 -9.990070e+05 1.707674e-01 1.707674e-01 9.772499e-01 4.174663e+00 1.144131e+01 0.000000e+00 -1.000000e+00 1.586553e-01 0.000000e+00 4.370765e+00
5.726822e+00 -1.000000e+00 0.000000e+00 -1.000000e+00 -1.000000e+00 3.000000e+02 5.000000e-01 -1.000000e+00 -1.000000e+00 1.646775e+01 0.000000e+00 -1.000000e+00 0.000000e+00 2.275013e-02 1.000000e+03 8.085037e+00 0.000000e+00 -9.990070e+05 3.000000e+00 -1.000000e+00 1.297056e+00 -1.0 0.000000e+00 0.000000e+00 -1.000000e+00 8.413447e-01 -1.000000e+00 -9.990070e+05 1.725725e-01 1.725725e-01 9.772499e-01 4.238421e+00 1.164808e+01 0.000000e+00 -1.000000e+00 1.586553e-01 0.000000e+00 4.432593e+00
5.214745e+00 -1.000000e+00 0.000000e+00 -1.000000e+00 -1.000000e+00 4.000000e+02 5.000000e-01 -1.000000e+00 -1.000000e+00 1.488163e+01 0.000000e+00 -1.000000e+00 0.000000e+00 2.275013e-02 1.000000e+03 7.342375e+00 0.000000e+00 -9.990070e+05 3.000000e+00 -1.000000e+00 1.328137e+00 -1.0 0.000000e+00 0.000000e+00 -1.000000e+00 8.413447e-01 -1.000000e+00 -9.990070e+05 1.600772e-01 1.600772e-01 9.772499e-01 3.856510e+00 1.056363e+01 0.000000e+00 -1.000000e+00 1.586553e-01 0.000000e+00 4.045681e+00
4.860953e+00 -1.000000e+00 0.000000e+00 -1.000000e+00 -1.000000e+00 5.000000e+02 5.000000e-01 -1.000000e+00 -1.000000e+00 1.369652e+01 0.000000e+00 -1.000000e+00 0.000000e+00 2.275013e-02 1.000000e+03 6.835954e+00 0.000000e+00 -9.990070e+05 3.000000e+00 -1.000000e+00 1.353653e+00 -1.0 0.000000e+00 0.000000e+00 -1.000000e+00 8.413447e-01 -1.000000e+00 -9.990070e+05 1.502640e-01 1.502640e-01 9.772499e-01 3.587528e+00 9.783918e+00 0.000000e+00 -1.000000e+00 1.586553e-01 0.000000e+00 3.764898e+00
5.209973e+00 -1.000000e+00 0.000000e+00 -1.000000e+00 -1.000000e+00 6.000000e+02 5.000000e-01 -1.000000e+00 -1.000000e+00 1.466517e+01 0.000000e+00 -1.000000e+00 0.000000e+00 2.275013e-02 1.000000e+03 7.328656e+00 0.000000e+00 -9.990070e+05 3.000000e+00 -1.000000e+00 1.329499e+00 -1.0 0.000000e+00 0.000000e+00 -1.000000e+00 8.413447e-01 -1.000000e+00 -9.990070e+05 1.596257e-01 1.596257e-01 9.772499e-01 3.843264e+00 1.048425e+01 0.000000e+00 -1.000000e+00 1.586553e-01 0.000000e+00 4.031081e+00
1.261319e+01 -1.000000e+00 0.000000e+00 -1.000000e+00 -1.000000e+00 0.000000e+00 5.000000e-01 -1.000000e+00 -1.000000e+00 3.560595e+01 0.000000e+00 -1.000000e+00 0.000000e+00 2.275013e-02 1.100000e+03 1.774447e+01 0.000000e+00 -9.990070e+05 3.000000e+00 -1.000000e+00 1.115301e+00 -1.0 0.000000e+00 0.000000e+00 -1.000000e+00 8.413447e-01 -1.000000e+00 -9.990070e+05 2.741506e-01 2.741506e-01 9.772499e-01 9.308169e+00 2.540957e+01 0.000000e+00 -1.000000e+00 1.586553e-01 0.000000e+00 9.785775e+00
1.150442e+01 -1.000000e+00 0.000000e+00 -1.000000e+00 -1.000000e+00 1.000000e+02 5.000000e-01 -1.000000e+00 -1.000000e+00 3.347601e+01 0.000000e+00 -1.000000e+00 0.000000e+00 2.275013e-02 1.100000e+03 1.630908e+01 0.000000e+00 -9.990070e+05 3.000000e+00 -1.000000e+00 1.128679e+00 -1.0 0.000000e+00 0.000000e+00 -1.000000e+00 8.413447e-01 -1.000000e+00 -9.990070e+05 2.635083e-01 2.635083e-01 9.772499e-01 8.538268e+00 2.356612e+01 0.000000e+00 -1.000000e+00 1.586553e-01 0.000000e+00 8.954646e+00
1.051033e+01 -1.000000e+00 0.000000e+00 -1.000000e+00 -1.000000e+00 2.000000e+02 5.000000e-01 -1.000000e+00 -1.000000e+00 2.964918e+01 0.000000e+00 -1.000000e+00 0.000000e+00 2.275013e-02 1.100000e+03 1.478605e+01 0.000000e+00 -9.990070e+05 3.000000e+00 -1.000000e+00 1.144125e+00 -1.0 0.000000e+00 0.000000e+00 -1.000000e+00 8.413447e-01 -1.000000e+00 -9.990070e+05 2.521722e-01 2.521722e-01 9.772499e-01 7.753807e+00 2.116506e+01 0.000000e+00 -1.000000e+00 1.586553e-01 0.000000e+00 8.144040e+00
1.231006e+01 -1.000000e+00 0.000000e+00 -1.000000e+00 -1.000000e+00 3.000000e+02 5.000000e-01 -1.000000e+00 -1.000000e+00 3.485355e+01 0.000000e+00 -1.000000e+00 0.000000e+00 2.275013e-02 1.100000e+03 1.733088e+01 0.000000e+00 -9.990070e+05 3.000000e+00 -1.000000e+00 1.119003e+00 -1.0 0.000000e+00 0.000000e+00 -1.000000e+00 8.413447e-01 -1.000000e+00 -9.990070e+05 2.711084e-01 2.711084e-01 9.772499e-01 9.088489e+00 2.485517e+01 0.000000e+00 -1.000000e+00 1.586553e-01 0.000000e+00 9.542356e+00
1.142245e+01 -1.000000e+00 0.000000e+00 -1.000000e+00 -1.000000e+00 4.000000e+02 5.000000e-01 -1.000000e+00 -1.000000e+00 3.237378e+01 0.000000e+00 -1.000000e+00 0.000000e+00 2.275013e-02 1.100000e+03 1.608147e+01 0.000000e+00 -9.990070e+05 3.000000e+00 -1.000000e+00 1.130322e+00 -1.0 0.000000e+00 0.000000e+00 -1.000000e+00 8.413447e-01 -1.000000e+00 -9.990070e+05 2.622403e-01 2.622403e-01 9.772499e-01 8.433304e+00 2.306890e+01 0.000000e+00 -1.000000e+00 1.586553e-01 0.000000e+00 8.851667e+00
1.124482e+01 -1.000000e+00 0.000000e+00 -1.000000e+00 -1.000000e+00 5.000000e+02 5.000000e-01 -1.000000e+00 -1.000000e+00 3.195658e+01 0.000000e+00 -1.000000e+00 0.000000e+00 2.275013e-02 1.100000e+03 1.583719e+01 0.000000e+00 -9.990070e+05 3.000000e+00 -1.000000e+00 1.133273e+00 -1.0 0.000000e+00 0.000000e+00 -1.000000e+00 8.413447e-01 -1.000000e+00 -9.990070e+05 2.599912e-01 2.599912e-01 9.772499e-01 8.305379e+00 2.274207e+01 0.000000e+00 -1.000000e+00 1.586553e-01 0.000000e+00 8.691263e+00
8.592669e+00 -1.000000e+00 0.000000e+00 -1.000000e+00 -1.000000e+00 6.000000e+02 5.000000e-01 -1.000000e+00 -1.000000e+00 2.434366e+01 0.000000e+00 -1.000000e+00 0.000000e+00 2.275013e-02 1.100000e+03 1.208406e+01 0.000000e+00 -9.990070e+05 3.000000e+00 -1.000000e+00 1.183608e+00 -1.0 0.000000e+00 0.000000e+00 -1.000000e+00 8.413447e-01 -1.000000e+00 -9.990070e+05 2.271276e-01 2.271276e-01 9.772499e-01 6.347966e+00 1.732125e+01 0.000000e+00 -1.000000e+00 1.586553e-01 0.000000e+00 6.652954e+00
2.083935e+01 -1.000000e+00 4.000000e+03 -1.000000e+00 -1.000000e+00 0.000000e+00 5.000000e-01 -1.000000e+00 -1.000000e+00 5.927893e+01 0.000000e+00 -1.000000e+00 1.000000e+00 2.275013e-02 1.200000e+03 2.937476e+01 1.000000e+00 -9.990070e+05 3.000000e+00 -1.000000e+00 1.063641e+00 -1.0 0.000000e+00 0.000000e+00 -1.000000e+00 8.413447e-01 -1.000000e+00 -9.990070e+05 3.269558e-01 3.269558e-01 9.772499e-01 1.534565e+01 4.210698e+01 0.000000e+00 -1.000000e+00 1.586553e-01 0.000000e+00 1.616657e+01
2.097650e+01 -1.000000e+00 0.000000e+00 -1.000000e+00 -1.000000e+00 1.000000e+02 5.000000e-01 -1.000000e+00 -1.000000e+00 5.920085e+01 0.000000e+00 -1.000000e+00 0.000000e+00 2.275013e-02 1.200000e+03 2.953731e+01 0.000000e+00 -9.990070e+05 3.000000e+00 -1.000000e+00 1.063119e+00 -1.0 0.000000e+00 0.000000e+00 -1.000000e+00 8.413447e-01 -1.000000e+00 -9.990070e+05 3.276198e-01 3.276198e-01 9.772499e-01 1.542711e+01 4.223681e+01 0.000000e+00 -1.000000e+00 1.586553e-01 0.000000e+00 1.625992e+01
1.974292e+01 -1.000000e+00 0.000000e+00 -1.000000e+00 -1.000000e+00 2.000000e+02 5.000000e-01 -1.000000e+00 -1.000000e+00 5.614371e+01 0.000000e+00 -1.000000e+00 0.000000e+00 2.275013e-02 1.200000e+03 2.783550e+01 0.000000e+00 -9.990070e+05 3.000000e+00 -1.000000e+00 1.067882e+00 -1.0 0.000000e+00 0.000000e+00 -1.000000e+00 8.413447e-01 -1.000000e+00 -9.990070e+05 3.216376e-01 3.216376e-01 9.772499e-01 1.453527e+01 3.990025e+01 0.000000e+00 -1.000000e+00 1.586553e-01 0.000000e+00 1.531494e+01
1.915439e+01 -1.000000e+00 0.000000e+00 -1.000000e+00 -1.000000e+00 3.000000e+02 5.000000e-01 -1.000000e+00 -1.000000e+00 5.482508e+01 0.000000e+00 -1.000000e+00 0.000000e+00 2.275013e-02 1.200000e+03 2.702576e+01 0.000000e+00 -9.990070e+05 3.000000e+00 -1.000000e+00 1.070475e+00 -1.0 0.000000e+00 0.000000e+00 -1.000000e+00 8.413447e-01 -1.000000e+00 -9.990070e+05 3.184842e-01 3.184842e-01 9.772499e-01 1.410083e+01 3.885791e+01 0.000000e+00 -1.000000e+00 1.586553e-01 0.000000e+00 1.483121e+01
2.091406e+01 -1.000000e+00 0.000000e+00 -1.000000e+00 -1.000000e+00 4.000000e+02 5.000000e-01 -1.000000e+00 -1.000000e+00 5.892560e+01 0.000000e+00 -1.000000e+00 0.000000e+00 2.275013e-02 1.200000e+03 2.943769e+01 0.000000e+00 -9.990070e+05 3.000000e+00 -1.000000e+00 1.063306e+00 -1.0 0.000000e+00 0.000000e+00 -1.000000e+00 8.413447e-01 -1.000000e+00 -9.990070e+05 3.273839e-01 3.273839e-01 9.772499e-01 1.538623e+01 4.206143e+01 0.000000e+00 -1.000000e+00 1.586553e-01 0.000000e+00 1.621132e+01
1.979779e+01 -1.000000e+00 0.000000e+00 -1.000000e+00 -1.000000e+00 5.000000e+02 5.000000e-01 -1.000000e+00 -1.000000e+00 5.577320e+01 0.000000e+00 -1.000000e+00 0.000000e+00 2.275013e-02 1.200000e+03 2.786961e+01 0.000000e+00 -9.990070e+05 3.000000e+00 -1.000000e+00 1.067584e+00 -1.0 0.000000e+00 0.000000e+00 -1.000000e+00 8.413447e-01 -1.000000e+00 -9.990070e+05 3.219820e-01 3.219820e-01 9.772499e-01 1.456211e+01 3.982144e+01 0.000000e+00 -1.000000e+00 1.586553e-01 0.000000e+00 1.533717e+01
1.859571e+01 -1.000000e+00 0.000000e+00 -1.000000e+00 -1.000000e+00 6.000000e+02 5.000000e-01 -1.000000e+00 -1.000000e+00 5.246789e+01 0.000000e+00 -1.000000e+00 0.000000e+00 2.275013e-02 1.200000e+03 2.617205e+01 0.000000e+00 -9.990070e+05 3.000000e+00 -1.000000e+00 1.072616e+00 -1.0 0.000000e+00 0.000000e+00 -1.000000e+00 8.413447e-01 -1.000000e+00 -9.990070e+05 3.159522e-01 3.159522e-01 9.772499e-01 1.369048e+01 3.740510e+01 0.000000e+00 -1.000000e+00 1.586553e-01 0.000000e+00 1.442236e+01
3.715960e+01 -1.000000e+00 0.000000e+00 -1.000000e+00 -1.000000e+00 0.000000e+00 5.000000e-01 -1.000000e+00 -1.000000e+00 1.068045e+02 0.000000e+00 -1.000000e+00 0.000000e+00 2.275013e-02 1.300000e+03 5.249167e+01 0.000000e+00 -9.990070e+05 3.000000e+00 -1.000000e+00 1.032665e+00 -1.0 0.000000e+00 0.000000e+00 -1.000000e+00 8.413447e-01 -1.000000e+00 -9.990070e+05 3.762065e-01 3.762065e-01 9.772499e-01 2.745802e+01 7.554694e+01 0.000000e+00 -1.000000e+00 1.586553e-01 0.000000e+00 2.886809e+01
4.819417e+01 -1.000000e+00 0.000000e+00 -1.000000e+00 -1.000000e+00 1.000000e+02 5.000000e-01 -1.000000e+00 -1.000000e+00 1.353880e+02 0.000000e+00 -1.000000e+00 0.000000e+00 2.275013e-02 1.300000e+03 6.812312e+01 0.000000e+00 -9.990070e+05 3.000000e+00 -1.000000e+00 1.024430e+00 -1.0 0.000000e+00 0.000000e+00 -1.000000e+00 8.413447e-01 -1.000000e+00 -9.990070e+05 3.943704e-01 3.943704e-01 9.772499e-01 3.563767e+01 9.784639e+01 0.000000e+00 -1.000000e+00 1.586553e-01 0.000000e+00 3.717040e+01
4.088031e+01 -1.000000e+00 0.000000e+00 -1.000000e+00 -1.000000e+00 2.000000e+02 5.000000e-01 -1.000000e+00 -1.000000e+00 1.142043e+02 0.000000e+00 -1.000000e+00 0.000000e+00 2.275013e-02 1.300000e+03 5.809561e+01 0.000000e+00 -9.990070e+05 3.000000e+00 -1.000000e+00 1.029622e+00 -1.0 0.000000e+00 0.000000e+00 -1.000000e+00 8.413447e-01 -1.000000e+00 -9.990070e+05 3.825418e-01 3.825418e-01 9.772499e-01 3.013801e+01 8.439727e+01 0.000000e+00 -1.000000e+00 1.586553e-01 0.000000e+00 3.158015e+01
4.758605e+01 -1.000000e+00 0.000000e+00 -1.000000e+00 -1.000000e+00 3.000000e+02 5.000000e-01 -1.000000e+00 -1.000000e+00 1.355076e+02 0.000000e+00 -1.000000e+00 0.000000e+00 2.275013e-02 1.300000e+03 6.722618e+01 0.000000e+00 -9.990070e+05 3.000000e+00 -1.000000e+00 1.024627e+00 -1.0 0.000000e+00 0.000000e+00 -1.000000e+00 8.413447e-01 -1.000000e+00 -9.990070e+05 3.939112e-01 3.939112e-01 9.772499e-01 3.528001e+01 9.657470e+01 0.000000e+00 -1.000000e+00 1.586553e-01 0.000000e+00 3.687428e+01
3.659026e+01 -1.000000e+00 0.000000e+00 -1.000000e+00 -1.000000e+00 4.000000e+02 5.000000e-01 -1.000000e+00 -1.000000e+00 1.047878e+02 0.000000e+00 -1.000000e+00 0.000000e+00 2.275013e-02 1.300000e+03 5.168670e+01 0.000000e+00 -9.990070e+05 3.000000e+00 -1.000000e+00 1.033345e+00 -1.0 0.000000e+00 0.000000e+00 -1.000000e+00 8.413447e-01 -1.000000e+00 -9.990070e+05 3.748340e-01 3.748340e-01 9.772499e-01 2.692752e+01 7.435734e+01 0.000000e+00 -1.000000e+00 1.586553e-01 0.000000e+00 2.838155e+01
3.691671e+01 -1.000000e+00 0.000000e+00 -1.000000e+00 -1.000000e+00 5.000000e+02 5.000000e-01 -1.000000e+00 -1.000000e+00 1.048330e+02 0.000000e+00 -1.000000e+00 0.000000e+00 2.275013e-02 1.300000e+03 5.207921e+01 0.000000e+00 -9.990070e+05 3.000000e+00 -1.000000e+00 1.032900e+00 -1.0 0.000000e+00 0.000000e+00 -1.000000e+00 8.413447e-01 -1.000000e+00 -9.990070e+05 3.757072e-01 3.757072e-01 9.772499e-01 2.724886e+01 7.467777e+01 0.000000e+00 -1.000000e+00 1.586553e-01 0.000000e+00 2.865563e+01
3.568633e+01 -1.000000e+00 0.000000e+00 -1.000000e+00 -1.000000e+00 6.000000e+02 5.000000e-01 -1.000000e+00 -1.000000e+00 1.005907e+02 0.000000e+00 -1.000000e+00 0.000000e+00 2.275013e-02 1.300000e+03 5.026793e+01 0.000000e+00 -9.990070e+05 3.000000e+00 -1.000000e+00 1.034206e+00 -1.0 0.000000e+00 0.000000e+00 -1.000000e+00 8.413447e-01 -1.000000e+00 -9.990070e+05 3.731070e-01 3.731070e-01 9.772499e-01 2.623267e+01 7.188836e+01 0.000000e+00 -1.000000e+00 1.586553e-01 0.000000e+00 2.765302e+01
6.468265e+01 -1.000000e+00 4.000000e+03 -1.000000e+00 -1.000000e+00 0.000000e+00 5.000000e-01 -1.000000e+00 -1.000000e+00 1.808276e+02 0.000000e+00 -1.000000e+00 1.000000e+00 2.275013e-02 1.400000e+03 9.168089e+01 1.000000e+00 -9.990070e+05 1.000000e+00 -1.000000e+00 1.017642e+00 -1.0 0.000000e+00 1.000000e+00 -1.000000e+00 8.413447e-01 -1.000000e+00 -9.990070e+05 4.125993e-01 4.125993e-01 9.772499e-01 4.774666e+01 1.328767e+02 0.000000e+00 -1.000000e+00 1.586553e-01 0.000000e+00 4.991094e+01
7.589751e+01 -1.000000e+00 0.000000e+00 -1.000000e+00 -1.000000e+00 1.000000e+02 5.000000e-01 -1.000000e+00 -1.000000e+00 2.128195e+02 0.000000e+00 -1.000000e+00 0.000000e+00 2.275013e-02 1.400000e+03 1.070142e+02 0.000000e+00 -9.990070e+05 3.000000e+00 -1.000000e+00 1.014692e+00 -1.0 0.000000e+00 0.000000e+00 -1.000000e+00 8.413447e-01 -1.000000e+00 -9.990070e+05 4.218846e-01 4.218846e-01 9.772499e-01 5.618386e+01 1.531529e+02 0.000000e+00 -1.000000e+00 1.586553e-01 0.000000e+00 5.856528e+01
8.742908e+01 -1.000000e+00 0.000000e+00 -1.000000e+00 -1.000000e+00 2.000000e+02 5.000000e-01 -1.000000e+00 -1.000000e+00 2.416863e+02 0.000000e+00 -1.000000e+00 0.000000e+00 2.275013e-02 1.400000e+03 1.244530e+02 0.000000e+00 -9.990070e+05 3.000000e+00 -1.000000e+00 1.012795e+00 -1.0 0.000000e+00 0.000000e+00 -1.000000e+00 8.413447e-01 -1.000000e+00 -9.990070e+05 4.284403e-01 4.284403e-01 9.772499e-01 6.427976e+01 1.823966e+02 0.000000e+00 -1.000000e+00 1.586553e-01 0.000000e+00 6.766111e+01
7.733015e+01 -1.000000e+00 0.000000e+00 -1.000000e+00 -1.000000e+00 3.000000e+02 5.000000e-01 -1.000000e+00 -1.000000e+00 2.156262e+02 0.000000e+00 -1.000000e+00 0.000000e+00 2.275013e-02 1.400000e+03 1.094143e+02 0.000000e+00 -9.990070e+05 3.000000e+00 -1.000000e+00 1.014496e+00 -1.0 0.000000e+00 0.000000e+00 -1.000000e+00 8.413447e-01 -1.000000e+00 -9.990070e+05 4.225249e-01 4.225249e-01 9.772499e-01 5.709141e+01 1.578308e+02 0.000000e+00 -1.000000e+00 1.586553e-01 0.000000e+00 5.962826e+01
7.777741e+01 -1.000000e+00 0.000000e+00 -1.000000e+00 -1.000000e+00 4.000000e+02 5.000000e-01 -1.000000e+00 -1.000000e+00 2.156670e+02 0.000000e+00 -1.000000e+00 0.000000e+00 2.275013e-02 1.400000e+03 1.096827e+02 0.000000e+00 -9.990070e+05 3.000000e+00 -1.000000e+00 1.014349e+00 -1.0 0.000000e+00 0.000000e+00 -1.000000e+00 8.413447e-01 -1.000000e+00 -9.990070e+05 4.230169e-01 4.230169e-01 9.772499e-01 5.747014e+01 1.572320e+02 0.000000e+00 -1.000000e+00 1.586553e-01 0.000000e+00 6.000664e+01
6.842444e+01 -1.000000e+00 0.000000e+00 -1.000000e+00 -1.000000e+00 5.000000e+02 5.000000e-01 -1.000000e+00 -1.000000e+00 1.894492e+02 0.000000e+00 -1.000000e+00 0.000000e+00 2.275013e-02 1.400000e+03 9.682431e+01 0.000000e+00 -9.990070e+05 3.000000e+00 -1.000000e+00 1.016638e+00 -1.0 0.000000e+00 0.000000e+00 -1.000000e+00 8.413447e-01 -1.000000e+00 -9.990070e+05 4.156218e-01 4.156218e-01 9.772499e-01 5.045334e+01 1.397717e+02 0.000000e+00 -1.000000e+00 1.586553e-01 0.000000e+00 5.284289e+01
6.758007e+01 -1.000000e+00 0.000000e+00 -1.000000e+00 -1.000000e+00 6.000000e+02 5.000000e-01 -1.000000e+00 -1.000000e+00 1.895446e+02 0.000000e+00 -1.000000e+00 0.000000e+00 2.275013e-02 1.400000e+03 9.524432e+01 0.000000e+00 -9.990070e+05 3.000000e+00 -1.000000e+00 1.016698e+00 -1.0 0.000000e+00 0.000000e+00 -1.000000e+00 8.413447e-01 -1.000000e+00 -9.990070e+05 4.154534e-01 4.154534e-01 9.772499e-01 5.003494e+01 1.361639e+02 0.000000e+00 -1.000000e+00 1.586553e-01 0.000000e+00 5.211290e+01
1.526033e+02 -1.000000e+00 0.000000e+00 -1.000000e+00 -1.000000e+00 0.000000e+00 5.000000e-01 -1.000000e+00 -1.000000e+00 4.064507e+02 0.000000e+00 -1.000000e+00 0.000000e+00 2.275013e-02 1.500000e+03 2.168886e+02 0.000000e+00 -9.990070e+05 3.000000e+00 -1.000000e+00 1.006959e+00 -1.0 0.000000e+00 0.000000e+00 -1.000000e+00 8.413447e-01 -1.000000e+00 -9.990070e+05 4.534185e-01 4.534185e-01 9.772499e-01 1.120728e+02 3.134679e+02 0.000000e+00 -1.000000e+00 1.586553e-01 0.000000e+00 1.187126e+02
1.493193e+02 -1.000000e+00 0.000000e+00 -1.000000e+00 -1.000000e+00 1.000000e+02 5.000000e-01 -1.000000e+00 -1.000000e+00 4.046819e+02 0.000000e+00 -1.000000e+00 0.000000e+00 2.275013e-02 1.500000e+03 2.102635e+02 0.000000e+00 -9.990070e+05 3.000000e+00 -1.000000e+00 1.007065e+00 -1.0 0.000000e+00 0.000000e+00 -1.000000e+00 8.413447e-01 -1.000000e+00 -9.990070e+05 4.528686e-01 4.528686e-01 9.772499e-01 1.101306e+02 3.015263e+02 0.000000e+00 -1.000000e+00 1.586553e-01 0.000000e+00 1.156132e+02
1.526499e+02 -1.000000e+00 0.000000e+00 -1.000000e+00 -1.000000e+00 2.000000e+02 5.000000e-01 -1.000000e+00 -1.000000e+00 4.054979e+02 0.000000e+00 -1.000000e+00 0.000000e+00 2.275013e-02 1.500000e+03 2.173775e+02 0.000000e+00 -9.990070e+05 3.000000e+00 -1.000000e+00 1.006974e+00 -1.0 0.000000e+00 0.000000e+00 -1.000000e+00 8.413447e-01 -1.000000e+00 -9.990070e+05 4.533361e-01 4.533361e-01 9.772499e-01 1.120659e+02 3.154468e+02 0.000000e+00 -1.000000e+00 1.586553e-01 0.000000e+00 1.186731e+02
1.443697e+02 -1.000000e+00 0.000000e+00 -1.000000e+00 -1.000000e+00 3.000000e+02 5.000000e-01 -1.000000e+00 -1.000000e+00 3.955863e+02 0.000000e+00 -1.000000e+00 0.000000e+00 2.275013e-02 1.500000e+03 2.032449e+02 0.000000e+00 -9.990070e+05 3.000000e+00 -1.000000e+00 1.007307e+00 -1.0 0.000000e+00 0.000000e+00 -1.000000e+00 8.413447e-01 -1.000000e+00 -9.990070e+05 4.516418e-01 4.516418e-01 9.772499e-01 1.066235e+02 2.915295e+02 0.000000e+00 -1.000000e+00 1.586553e-01 0.000000e+00 1.118500e+02
1.488124e+02 -1.000000e+00 4.000000e+03 -1.000000e+00 -1.000000e+00 4.000000e+02 5.000000e-01 -1.000000e+00 -1.000000e+00 4.003372e+02 0.000000e+00 -1.000000e+00 1.000000e+00 2.275013e-02 1.500000e+03 2.112256e+02 1.000000e+00 -9.990070e+05 1.000000e+00 -1.000000e+00 1.007135e+00 -1.0 0.000000e+00 1.000000e+00 -1.000000e+00 8.413447e-01 -1.000000e+00 -9.990070e+05 4.524971e-01 4.524971e-01 9.772499e-01 1.094138e+02 3.062870e+02 0.000000e+00 -1.000000e+00 1.586553e-01 0.000000e+00 1.157883e+02
1.252086e+02 -1.000000e+00 0.000000e+00 -1.000000e+00 -1.000000e+00 5.000000e+02 5.000000e-01 -1.000000e+00 -1.000000e+00 3.403800e+02 0.000000e+00 -1.000000e+00 0.000000e+00 2.275013e-02 1.500000e+03 1.767448e+02 0.000000e+00 -9.990070e+05 3.000000e+00 -1.000000e+00 1.008568e+00 -1.0 0.000000e+00 0.000000e+00 -1.000000e+00 8.413447e-01 -1.000000e+00 -9.990070e+05 4.456068e-01 4.456068e-01 9.772499e-01 9.226470e+01 2.546309e+02 0.000000e+00 -1.000000e+00 1.586553e-01 0.000000e+00 9.707337e+01
1.411692e+02 -1.000000e+00 4.000000e+03 -1.000000e+00 -1.000000e+00 6.000000e+02 5.000000e-01 -1.000000e+00 -1.000000e+00 3.829071e+02 0.000000e+00 -1.000000e+00 1.000000e+00 2.275013e-02 1.500000e+03 1.989902e+02 1.000000e+00 -9.990070e+05 1.000000e+00 -1.000000e+00 1.007507e+00 -1.0 0.000000e+00 1.000000e+00 -1.000000e+00 8.413447e-01 -1.000000e+00 -9.990070e+05 4.506483e-01 4.506483e-01 9.772499e-01 1.040858e+02 2.858906e+02 0.000000e+00 -1.000000e+00 1.586553e-01 0.000000e+00 1.093850e+02
2.484682e+02 -1.000000e+00 0.000000e+00 -1.000000e+00 -1.000000e+00 0.000000e+00 5.000000e-01 -1.000000e+00 -1.000000e+00 7.021992e+02 0.000000e+00 -1.000000e+00 0.000000e+00 2.275013e-02 1.600000e+03 3.493943e+02 0.000000e+00 -9.990070e+05 3.000000e+00 -1.000000e+00 1.004097e+00 -1.0 0.000000e+00 0.000000e+00 -1.000000e+00 8.413447e-01 -1.000000e+00 -9.990070e+05 4.705137e-01 4.705137e-01 9.772499e-01 1.836198e+02 5.009004e+02 0.000000e+00 -1.000000e+00 1.586553e-01 0.000000e+00 1.925546e+02
2.449031e+02 -1.000000e+00 0.000000e+00 -1.000000e+00 -1.000000e+00 1.000000e+02 5.000000e-01 -1.000000e+00 -1.000000e+00 7.203364e+02 0.000000e+00 -1.000000e+00 0.000000e+00 2.275013e-02 1.600000e+03 3.485594e+02 0.000000e+00 -9.990070e+05 3.000000e+00 -1.000000e+00 1.004210e+00 -1.0 0.000000e+00 0.000000e+00 -1.000000e+00 8.413447e-01 -1.000000e+00 -9.990070e+05 4.697178e-01 4.697178e-01 9.772499e-01 1.813892e+02 5.053271e+02 0.000000e+00 -1.000000e+00 1.586553e-01 0.000000e+00 1.898061e+02
2.520619e+02 -1.000000e+00 0.000000e+00 -1.000000e+00 -1.000000e+00 2.000000e+02 5.000000e-01 -1.000000e+00 -1.000000e+00 7.196808e+02 0.000000e+00 -1.000000e+00 0.000000e+00 2.275013e-02 1.600000e+03 3.556339e+02 0.000000e+00 -9.990070e+05 3.000000e+00 -1.000000e+00 1.004055e+00 -1.0 0.000000e+00 0.000000e+00 -1.000000e+00 8.413447e-01 -1.000000e+00 -9.990070e+05 4.708104e-01 4.708104e-01 9.772499e-01 1.864635e+02 5.117741e+02 0.000000e+00 -1.000000e+00 1.586553e-01 0.000000e+00 1.948188e+02
2.811928e+02 -1.000000e+00 0.000000e+00 -1.000000e+00 -1.000000e+00 3.000000e+02 5.000000e-01 -1.000000e+00 -1.000000e+00 8.244910e+02 0.000000e+00 -1.000000e+00 0.000000e+00 2.275013e-02 1.600000e+03 4.001455e+02 0.000000e+00 -9.990070e+05 3.000000e+00 -1.000000e+00 1.003636e+00 -1.0 0.000000e+00 0.000000e+00 -1.000000e+00 8.413447e-01 -1.000000e+00 -9.990070e+05 4.738467e-01 4.738467e-01 9.772499e-01 2.084448e+02 5.791817e+02 0.000000e+00 -1.000000e+00 1.586553e-01 0.000000e+00 2.176622e+02
2.766707e+02 -1.000000e+00 0.000000e+00 -1.000000e+00 -1.000000e+00 4.000000e+02 5.000000e-01 -1.000000e+00 -1.000000e+00 8.166672e+02 0.000000e+00 -1.000000e+00 0.000000e+00 2.275013e-02 1.600000e+03 3.937839e+02 0.000000e+00 -9.990070e+05 3.000000e+00 -1.000000e+00 1.003701e+00 -1.0 0.000000e+00 0.000000e+00 -1.000000e+00 8.413447e-01 -1.000000e+00 -9.990070e+05 4.733750e-01 4.733750e-01 9.772499e-01 2.048925e+02 5.715107e+02 0.000000e+00 -1.000000e+00 1.586553e-01 0.000000e+00 2.143129e+02
2.478053e+02 -1.000000e+00 4.000000e+03 -1.000000e+00 -1.000000e+00 5.000000e+02 5.000000e-01 -1.000000e+00 -1.000000e+00 6.983229e+02 0.000000e+00 -1.000000e+00 1.000000e+00 2.275013e-02 1.600000e+03 3.485783e+02 1.000000e+00 -9.990070e+05 1.000000e+00 -1.000000e+00 1.004118e+00 -1.0 0.000000e+00 1.000000e+00 -1.000000e+00 8.413447e-01 -1.000000e+00 -9.990070e+05 4.703733e-01 4.703733e-01 9.772499e-01 1.829526e+02 4.991685e+02 0.000000e+00 -1.000000e+00 1.586553e-01 0.000000e+00 1.918563e+02
2.583772e+02 -1.000000e+00 0.000000e+00 -1.000000e+00 -1.000000e+00 6.000000e+02 5.000000e-01 -1.000000e+00 -1.000000e+00 7.416313e+02 0.000000e+00 -1.000000e+00 0.000000e+00 2.275013e-02 1.600000e+03 3.649586e+02 0.000000e+00 -9.990070e+05 3.000000e+00 -1.000000e+00 1.003944e+00 -1.0 0.000000e+00 0.000000e+00 -1.000000e+00 8.413447e-01 -1.000000e+00 -9.990070e+05 4.715997e-01 4.715997e-01 9.772499e-01 1.912086e+02 5.257858e+02 0.000000e+00 -1.000000e+00 1.586553e-01 0.000000e+00 2.001727e+02
-1.000000e+00 -1.000000e+00 0.000000e+00 -1.000000e+00 -1.000000e+00 0.000000e+00 3.216817e-01 -1.000000e+00 -1.000000e+00 -1.000000e+00 0.000000e+00 -1.000000e+00 0.000000e+00 3.477542e-03 2.000000e+02 -1.000000e+00 0.000000e+00 -9.990070e+05 3.000000e+00 -1.000000e+00 4.628720e-01 -1.0 0.000000e+00 0.000000e+00 -1.000000e+00 7.606689e-01 -1.000000e+00 -9.990070e+05 1.340522e-01 1.340522e-01 9.652445e-01 -1.000000e+00 -1.000000e+00 0.000000e+00 -1.000000e+00 5.361219e-02 0.000000e+00 -1.000000e+00
-1.000000e+00 -1.000000e+00 4.000000e+03 -1.000000e+00 -1.000000e+00 2.500000e+02 4.538892e-01 -1.000000e+00 -1.000000e+00 -1.000000e+00 0.000000e+00 -1.000000e+00 1.000000e+00 1.271007e-02 3.000000e+02 -1.000000e+00 1.000000e+00 -9.990070e+05 1.000000e+00 -1.000000e+00 9.003328e-01 -1.0 0.000000e+00 1.000000e+00 -1.000000e+00 8.237995e-01 -1.000000e+00 -9.990070e+05 4.270707e-01 4.270707e-01 9.746906e-01 -1.000000e+00 -1.000000e+00 0.000000e+00 -1.000000e+00 1.196311e-01 0.000000e+00 -1.000000e+00
2.156172e+00 -1.000000e+00 0.000000e+00 -1.000000e+00 -1.000000e+00 2.750000e+02 4.684513e-01 -1.000000e+00 -1.000000e+00 1.197581e+01 0.000000e+00 -1.000000e+00 0.000000e+00 1.509465e-02 3.000000e+02 3.351382e+00 0.000000e+00 -9.990070e+05 3.000000e+00 -1.000000e+00 7.701773e-01 -1.0 0.000000e+00 0.000000e+00 -1.000000e+00 8.295055e-01 -1.000000e+00 -9.990070e+05 6.732767e-02 6.732767e-02 9.755253e-01 1.495176e+00 5.870383e+00 0.000000e+00 -1.000000e+00 1.307684e-01 0.000000e+00 1.860291e+00
1.498470e-01 -1.000000e+00 4.000000e+03 -1.000000e+00 -1.000000e+00 0.000000e+00 2.177267e-07 -1.000000e+00 -1.000000e+00 5.088451e-01 0.000000e+00 -1.000000e+00 1.000000e+00 6.793475e-13 4.000000e+02 2.189948e-01 1.000000e+00 -9.990070e+05 3.000000e+00 -1.000000e+00 1.537211e-09 -1.0 0.000000e+00 0.000000e+00 -1.000000e+00 2.870188e-05 -1.000000e+00 -9.990070e+05 1.782398e-10 1.782398e-10 1.454917e-03 1.089614e-01 3.325918e-01 0.000000e+00 -1.000000e+00 6.268432e-10 0.000000e+00 1.228679e-01
0.000000e+00 -1.000000e+00 0.000000e+00 -1.000000e+00 -1.000000e+00 3.750000e+02 1.396928e-02 -1.000000e+00 -1.000000e+00 6.526071e-01 0.000000e+00 -1.000000e+00 0.000000e+00 8.270813e-06 4.000000e+02 2.645995e-03 0.000000e+00 -9.990070e+05 3.000000e+00 -1.000000e+00 4.436956e-03 -1.0 0.000000e+00 0.000000e+00 -1.000000e+00 1.447752e-01 -1.000000e+00 -9.990070e+05 8.383935e-04 8.383935e-04 6.261944e-01 0.000000e+00 2.085072e-01 0.000000e+00 -1.000000e+00 5.440978e-04 0.000000e+00 1.733967e-04
3.749589e+00 -1.000000e+00 0.000000e+00 -1.000000e+00 -1.000000e+00 3.750000e+02 4.949808e-01 -1.000000e+00 -1.000000e+00 3.481795e+01 0.000000e+00 -1.000000e+00 0.000000e+00 2.123066e-02 4.250000e+02 7.891817e+00 0.000000e+00 -9.990070e+05 3.000000e+00 -1.000000e+00 9.640241e-01 -1.0 0.000000e+00 0.000000e+00 -1.000000e+00 8.395043e-01 -1.000000e+00 -9.990070e+05 1.125127e-01 1.125127e-01 9.769824e-01 2.200044e+00 1.950413e+01 0.000000e+00 -1.000000e+00 1.538515e-01 0.000000e+00 3.905563e+00
4.306239e-01 -1.000000e+00 0.000000e+00 -1.000000e+00 -1.000000e+00 3.000000e+02 5.158724e-03 -1.000000e+00 -1.000000e+00 1.290136e+00 0.000000e+00 -1.000000e+00 0.000000e+00 1.610984e-06 5.000000e+02 6.150061e-01 0.000000e+00 -9.990070e+05 3.000000e+00 -1.000000e+00 1.932082e-04 -1.0 0.000000e+00 0.000000e+00 -1.000000e+00 7.234186e-02 -1.000000e+00 -9.990070e+05 1.029040e-05 1.029040e-05 4.237540e-01 3.173373e-01 8.973405e-01 0.000000e+00 -1.000000e+00 1.464863e-04 0.000000e+00 3.380763e-01
5.724864e-03 -1.000000e+00 4.000000e+03 -1.000000e+00 -1.000000e+00 4.750000e+02 9.951441e-02 -1.000000e+00 -1.000000e+00 3.427444e+01 0.000000e+00 -1.000000e+00 1.000000e+00 2.663831e-04 5.000000e+02 5.064064e+00 1.000000e+00 -9.990070e+05 2.000000e+00 -1.000000e+00 7.571732e-02 -1.0 0.000000e+00 0.000000e+00 -1.000000e+00 4.927780e-01 -1.000000e+00 -9.990070e+05 1.773322e-02 1.773322e-02 9.123177e-01 0.000000e+00 1.482486e+01 0.000000e+00 -1.000000e+00 8.144804e-03 1.000000e+00 1.471755e-02
4.207638e-01 -1.000000e+00 4.000000e+03 -1.000000e+00 -1.000000e+00 3.000000e+02 3.730923e-03 -1.000000e+00 -1.000000e+00 1.235311e+00 0.000000e+00 -1.000000e+00 1.000000e+00 9.580782e-07 6.000000e+02 5.981289e-01 1.000000e+00 -9.990070e+05 3.000000e+00 -1.000000e+00 1.242018e-04 -1.0 0.000000e+00 0.000000e+00 -1.000000e+00 5.742493e-02 -1.000000e+00 -9.990070e+05 6.815788e-06 6.815788e-06 3.673812e-01 3.122320e-01 8.663201e-01 0.000000e+00 -1.000000e+00 9.616920e-05 0.000000e+00 3.280875e-01
6.684370e+00 -1.000000e+00 0.000000e+00 -1.000000e+00 -1.000000e+00 5.500000e+02 5.000000e-01 -1.000000e+00 -1.000000e+00 2.262375e+01 0.000000e+00 -1.000000e+00 0.000000e+00 2.275013e-02 6.000000e+02 9.723391e+00 0.000000e+00 -9.990070e+05 3.000000e+00 -1.000000e+00 1.249778e+00 -1.0 0.000000e+00 0.000000e+00 -1.000000e+00 8.413447e-01 -1.000000e+00 -9.990070e+05 1.926858e-01 1.926858e-01 9.772499e-01 4.897405e+00 1.477864e+01 0.000000e+00 -1.000000e+00 1.586553e-01 0.000000e+00 5.305782e+00
5.093875e-04 -1.000000e+00 0.000000e+00 -1.000000e+00 -1.000000e+00 5.750000e+02 1.035555e-01 -1.000000e+00 -1.000000e+00 4.940555e+01 0.000000e+00 -1.000000e+00 0.000000e+00 2.873643e-04 6.000000e+02 7.386285e+00 0.000000e+00 -9.990070e+05 3.000000e+00 -1.000000e+00 8.022248e-02 -1.0 0.000000e+00 0.000000e+00 -1.000000e+00 5.027363e-01 -1.000000e+00 -9.990070e+05 1.888042e-02 1.888042e-02 9.150380e-01 0.000000e+00 2.131395e+01 0.000000e+00 -1.000000e+00 8.627449e-03 0.000000e+00 1.590337e-02
6.508329e-01 -1.000000e+00 4.000000e+03 -1.000000e+00 -1.000000e+00 3.000000e+02 6.380097e-02 -1.000000e+00 -1.000000e+00 1.870151e+00 0.000000e+00 -1.000000e+00 1.000000e+00 1.165340e-04 7.000000e+02 9.176116e-01 1.000000e+00 -9.990070e+05 3.000000e+00 -1.000000e+00 8.249829e-03 -1.0 0.000000e+00 0.000000e+00 -1.000000e+00 3.861039e-01 -1.000000e+00 -9.990070e+05 3.522739e-04 3.522739e-04 8.750551e-01 4.822727e-01 1.320568e+00 0.000000e+00 -1.000000e+00 4.326634e-03 0.000000e+00 5.046784e-01
8.433952e-01 -1.000000e+00 0.000000e+00 -1.000000e+00 -1.000000e+00 4.000000e+02 1.766919e-01 -1.000000e+00 -1.000000e+00 2.493584e+00 0.000000e+00 -1.000000e+00 0.000000e+00 8.312738e-04 7.000000e+02 1.193367e+00 0.000000e+00 -9.990070e+05 3.000000e+00 -1.000000e+00 5.004071e-02 -1.0 0.000000e+00 0.000000e+00 -1.000000e+00 6.341356e-01 -1.000000e+00 -9.990070e+05 2.036420e-03 2.036420e-03 9.440888e-01 6.267334e-01 1.734446e+00 0.000000e+00 -1.000000e+00 1.914924e-02 0.000000e+00 6.548651e-01
1.700783e+00 -1.000000e+00 0.000000e+00 -1.000000e+00 -1.000000e+00 5.000000e+02 4.829172e-01 -1.000000e+00 -1.000000e+00 4.813978e+00 0.000000e+00 -1.000000e+00 0.000000e+00 1.809227e-02 7.000000e+02 2.394900e+00 0.000000e+00 -9.990070e+05 3.000000e+00 -1.000000e+00 8.176756e-01 -1.0 0.000000e+00 0.000000e+00 -1.000000e+00 8.350165e-01 -1.000000e+00 -9.990070e+05 2.874366e-02 2.874366e-02 9.763292e-01 1.255706e+00 3.434890e+00 0.000000e+00 -1.000000e+00 1.428859e-01 0.000000e+00 1.319743e+00
6.249166e+00 -1.000000e+00 0.000000e+00 -1.000000e+00 -1.000000e+00 6.000000e+02 5.000000e-01 -1.000000e+00 -1.000000e+00 1.817936e+01 0.000000e+00 -1.000000e+00 0.000000e+00 2.275013e-02 7.000000e+02 8.865641e+00 0.000000e+00 -9.990070e+05 3.000000e+00 -1.000000e+00 1.267358e+00 -1.0 0.000000e+00 0.000000e+00 -1.000000e+00 8.413447e-01 -1.000000e+00 -9.990070e+05 1.851008e-01 1.851008e-01 9.772499e-01 4.634992e+00 1.281165e+01 0.000000e+00 -1.000000e+00 1.586553e-01 0.000000e+00 4.854079e+00
1.345038e+00 -1.000000e+00 0.000000e+00 -1.000000e+00 -1.000000e+00 0.000000e+00 4.206803e-01 -1.000000e+00 -1.000000e+00 3.826212e+00 0.000000e+00 -1.000000e+00 0.000000e+00 8.860601e-03 8.000000e+02 1.895142e+00 0.000000e+00 -9.990070e+05 3.000000e+00 -1.000000e+00 4.241295e-01 -1.0 0.000000e+00 0.000000e+00 -1.000000e+00 8.100909e-01 -1.000000e+00 -9.990070e+05 1.427598e-02 1.427598e-02 9.726748e-01 9.937344e-01 2.723926e+00 0.000000e+00 -1.000000e+00 9.775940e-02 0.000000e+00 1.040419e+00
1.361938e+00 -1.000000e+00 0.000000e+00 -1.000000e+00 -1.000000e+00 1.000000e+02 4.251185e-01 -1.000000e+00 -1.000000e+00 3.849038e+00 0.000000e+00 -1.000000e+00 0.000000e+00 9.278612e-03 8.000000e+02 1.916206e+00 0.000000e+00 -9.990070e+05 3.000000e+00 -1.000000e+00 4.427827e-01 -1.0 0.000000e+00 0.000000e+00 -1.000000e+00 8.119854e-01 -1.000000e+00 -9.990070e+05 1.491744e-02 1.491744e-02 9.729543e-01 1.005614e+00 2.746203e+00 0.000000e+00 -1.000000e+00 1.004241e-01 0.000000e+00 1.055144e+00
1.282528e+00 -1.000000e+00 0.000000e+00 -1.000000e+00 -1.000000e+00 2.000000e+02 4.031670e-01 -1.000000e+00 -1.000000e+00 3.679967e+00 0.000000e+00 -1.000000e+00 0.000000e+00 7.424773e-03 8.000000e+02 1.807250e+00 0.000000e+00 -9.990070e+05 3.000000e+00 -1.000000e+00 3.600983e-01 -1.0 0.000000e+00 0.000000e+00 -1.000000e+00 8.024016e-01 -1.000000e+00 -9.990070e+05 1.218086e-02 1.218086e-02 9.715367e-01 9.491783e-01 2.599384e+00 0.000000e+00 -1.000000e+00 8.793622e-02 0.000000e+00 9.924363e-01
1.297038e+00 -1.000000e+00 0.000000e+00 -1.000000e+00 -1.000000e+00 3.000000e+02 4.076675e-01 -1.000000e+00 -1.000000e+00 3.691399e+00 0.000000e+00 -1.000000e+00 0.000000e+00 7.764305e-03 8.000000e+02 1.824713e+00 0.000000e+00 -9.990070e+05 3.000000e+00 -1.000000e+00 3.749931e-01 -1.0 0.000000e+00 0.000000e+00 -1.000000e+00 8.044116e-01 -1.000000e+00 -9.990070e+05 1.262161e-02 1.262161e-02 9.718348e-01 9.588111e-01 2.619922e+00 0.000000e+00 -1.000000e+00 9.035955e-02 0.000000e+00 1.003826e+00
1.455019e+00 -1.000000e+00 0.000000e+00 -1.000000e+00 -1.000000e+00 4.000000e+02 4.460283e-01 -1.000000e+00 -1.000000e+00 4.126061e+00 0.000000e+00 -1.000000e+00 0.000000e+00 1.162774e-02 8.000000e+02 2.047633e+00 0.000000e+00 -9.990070e+05 3.000000e+00 -1.000000e+00 5.457022e-01 -1.0 0.000000e+00 0.000000e+00 -1.000000e+00 8.206469e-01 -1.000000e+00 -9.990070e+05 1.842460e-02 1.842460e-02 9.742284e-01 1.074974e+00 2.938476e+00 0.000000e+00 -1.000000e+00 1.140316e-01 0.000000e+00 1.127112e+00
1.670229e+00 -1.000000e+00 0.000000e+00 -1.000000e+00 -1.000000e+00 5.000000e+02 4.778006e-01 -1.000000e+00 -1.000000e+00 4.935305e+00 0.000000e+00 -1.000000e+00 0.000000e+00 1.694792e-02 8.000000e+02 2.376685e+00 0.000000e+00 -9.990070e+05 3.000000e+00 -1.000000e+00 7.725659e-01 -1.0 0.000000e+00 0.000000e+00 -1.000000e+00 8.330841e-01 -1.000000e+00 -9.990070e+05 2.759621e-02 2.759621e-02 9.760476e-01 1.237380e+00 3.448929e+00 0.000000e+00 -1.000000e+00 1.384748e-01 0.000000e+00 1.298200e+00
3.078594e+00 -1.000000e+00 0.000000e+00 -1.000000e+00 -1.000000e+00 6.000000e+02 5.000000e-01 -1.000000e+00 -1.000000e+00 8.843104e+00 0.000000e+00 -1.000000e+00 0.000000e+00 2.275013e-02 8.000000e+02 4.349007e+00 0.000000e+00 -9.990070e+05 3.000000e+00 -1.000000e+00 1.463425e+00 -1.0 0.000000e+00 0.000000e+00 -1.000000e+00 8.413447e-01 -1.000000e+00 -9.990070e+05 8.944573e-02 8.944573e-02 9.772499e-01 2.278461e+00 6.268366e+00 0.000000e+00 -1.000000e+00 1.586553e-01 0.000000e+00 2.388362e+00
2.884733e+00 -1.000000e+00 0.000000e+00 -1.000000e+00 -1.000000e+00 0.000000e+00 5.000000e-01 -1.000000e+00 -1.000000e+00 8.266321e+00 0.000000e+00 -1.000000e+00 0.000000e+00 2.275013e-02 9.000000e+02 4.072116e+00 0.000000e+00 -9.990070e+05 3.000000e+00 -1.000000e+00 1.457110e+00 -1.0 0.000000e+00 0.000000e+00 -1.000000e+00 8.413447e-01 -1.000000e+00 -9.990070e+05 8.088879e-02 8.088879e-02 9.772499e-01 2.133054e+00 5.864346e+00 0.000000e+00 -1.000000e+00 1.586553e-01 0.000000e+00 2.228325e+00
2.776222e+00 -1.000000e+00 0.000000e+00 -1.000000e+00 -1.000000e+00 1.000000e+02 5.000000e-01 -1.000000e+00 -1.000000e+00 7.842580e+00 0.000000e+00 -1.000000e+00 0.000000e+00 2.275013e-02 9.000000e+02 3.906451e+00 0.000000e+00 -9.990070e+05 3.000000e+00 -1.000000e+00 1.447240e+00 -1.0 0.000000e+00 0.000000e+00 -1.000000e+00 8.413447e-01 -1.000000e+00 -9.990070e+05 7.655207e-02 7.655207e-02 9.772499e-01 2.049500e+00 5.597607e+00 0.000000e+00 -1.000000e+00 1.586553e-01 0.000000e+00 2.149639e+00
2.779816e+00 -1.000000e+00 0.000000e+00 -1.000000e+00 -1.000000e+00 2.000000e+02 5.000000e-01 -1.000000e+00 -1.000000e+00 8.073549e+00 0.000000e+00 -1.000000e+00 0.000000e+00 2.275013e-02 9.000000e+02 3.940045e+00 0.000000e+00 -9.990070e+05 3.000000e+00 -1.000000e+00 1.443230e+00 -1.0 0.000000e+00 0.000000e+00 -1.000000e+00 8.413447e-01 -1.000000e+00 -9.990070e+05 7.659782e-02 7.659782e-02 9.772499e-01 2.059470e+00 5.689815e+00 0.000000e+00 -1.000000e+00 1.586553e-01 0.000000e+00 2.148303e+00
2.655760e+00 -1.000000e+00 0.000000e+00 -1.000000e+00 -1.000000e+00 3.000000e+02 5.000000e-01 -1.000000e+00 -1.000000e+00 7.507856e+00 0.000000e+00 -1.000000e+00 0.000000e+00 2.275013e-02 9.000000e+02 3.738659e+00 0.000000e+00 -9.990070e+05 3.000000e+00 -1.000000e+00 1.428175e+00 -1.0 0.000000e+00 0.000000e+00 -1.000000e+00 8.413447e-01 -1.000000e+00 -9.990070e+05 7.112875e-02 7.112875e-02 9.772499e-01 1.960088e+00 5.358401e+00 0.000000e+00 -1.000000e+00 1.586553e-01 0.000000e+00 2.053269e+00
2.973414e+00 -1.000000e+00 0.000000e+00 -1.000000e+00 -1.000000e+00 4.000000e+02 5.000000e-01 -1.000000e+00 -1.000000e+00 8.605444e+00 0.000000e+00 -1.000000e+00 0.000000e+00 2.275013e-02 9.000000e+02 4.202375e+00 0.000000e+00 -9.990070e+05 3.000000e+00 -1.000000e+00 1.464737e+00 -1.0 0.000000e+00 0.000000e+00 -1.000000e+00 8.413447e-01 -1.000000e+00 -9.990070e+05 8.498299e-02 8.498299e-02 9.772499e-01 2.205567e+00 6.047326e+00 0.000000e+00 -1.000000e+00 1.586553e-01 0.000000e+00 2.298254e+00
2.672715e+00 -1.000000e+00 0.000000e+00 -1.000000e+00 -1.000000e+00 5.000000e+02 5.000000e-01 -1.000000e+00 -1.000000e+00 7.585780e+00 0.000000e+00 -1.000000e+00 0.000000e+00 2.275013e-02 9.000000e+02 3.759329e+00 0.000000e+00 -9.990070e+05 3.000000e+00 -1.000000e+00 1.430991e+00 -1.0 0.000000e+00 0.000000e+00 -1.000000e+00 8.413447e-01 -1.000000e+00 -9.990070e+05 7.217576e-02 7.217576e-02 9.772499e-01 1.975420e+00 5.394948e+00 0.000000e+00 -1.000000e+00 1.586553e-01 0.000000e+00 2.070049e+00
3.426902e+00 -1.000000e+00 0.000000e+00 -1.000000e+00 -1.000000e+00 6.000000e+02 5.000000e-01 -1.000000e+00 -1.000000e+00 9.722156e+00 0.000000e+00 -1.000000e+00 0.000000e+00 2.275013e-02 9.000000e+02 4.825609e+00 0.000000e+00 -9.990070e+05 3.000000e+00 -1.000000e+00 1.458380e+00 -1.0 0.000000e+00 0.000000e+00 -1.000000e+00 8.413447e-01 -1.000000e+00 -9.990070e+05 1.030382e-01 1.030382e-01 9.772499e-01 2.531479e+00 6.928398e+00 0.000000e+00 -1.000000e+00 1.586553e-01 0.000000e+00 2.656251e+00
