5.635494e-01 -1.000000e+00 0.000000e+00 -1.000000e+00 -1.000000e+00 0.000000e+00 1.614955e-02 -1.000000e+00 -1.000000e+00 1.520947e+00 0.000000e+00 -1.000000e+00 0.000000e+00 1.055322e-05 1.000000e+03 7.853602e-01 0.000000e+00 -9.990070e+05 3.000000e+00 -1.000000e+00 4.598419e-03 -1.0 0.000000e+00 0.000000e+00 -1.000000e+00 1.597830e-01 -1.000000e+00 -9.990070e+05 7.827160e-04 7.827160e-04 6.567097e-01 4.189814e-01 1.105483e+00 0.000000e+00 -1.000000e+00 6.603907e-04 0.000000e+00 5.659697e-01
5.653342e-01 -1.000000e+00 0.000000e+00 -1.000000e+00 -1.000000e+00 1.000000e+02 1.652559e-02 -1.000000e+00 -1.000000e+00 1.526353e+00 0.000000e+00 -1.000000e+00 0.000000e+00 1.097099e-05 1.000000e+03 7.879412e-01 0.000000e+00 -9.990070e+05 3.000000e+00 -1.000000e+00 4.733686e-03 -1.0 0.000000e+00 0.000000e+00 -1.000000e+00 1.622934e-01 -1.000000e+00 -9.990070e+05 8.049210e-04 8.049210e-04 6.614983e-01 4.201346e-01 1.109426e+00 0.000000e+00 -1.000000e+00 6.810557e-04 0.000000e+00 5.677450e-01
5.577523e-01 -1.000000e+00 0.000000e+00 -1.000000e+00 -1.000000e+00 2.000000e+02 1.509252e-02 -1.000000e+00 -1.000000e+00 1.506360e+00 0.000000e+00 -1.000000e+00 0.000000e+00 9.416760e-06 1.000000e+03 7.774671e-01 0.000000e+00 -9.990070e+05 3.000000e+00 -1.000000e+00 4.211755e-03 -1.0 0.000000e+00 0.000000e+00 -1.000000e+00 1.526069e-01 -1.000000e+00 -9.990070e+05 7.176875e-04 7.176875e-04 6.425308e-01 4.148537e-01 1.094185e+00 0.000000e+00 -1.000000e+00 6.032478e-04 0.000000e+00 5.600985e-01
6.105259e-01 -1.000000e+00 0.000000e+00 -1.000000e+00 -1.000000e+00 3.000000e+02 2.668369e-02 -1.000000e+00 -1.000000e+00 1.648939e+00 0.000000e+00 -1.000000e+00 0.000000e+00 2.485609e-05 1.000000e+03 8.510740e-01 0.000000e+00 -9.990070e+05 3.000000e+00 -1.000000e+00 8.853608e-03 -1.0 0.000000e+00 0.000000e+00 -1.000000e+00 2.234775e-01 -1.000000e+00 -9.990070e+05 1.491616e-03 1.491616e-03 7.547070e-01 4.541583e-01 1.197665e+00 0.000000e+00 -1.000000e+00 1.299444e-03 0.000000e+00 6.130947e-01
6.496014e-01 -1.000000e+00 0.000000e+00 -1.000000e+00 -1.000000e+00 4.000000e+02 3.757417e-02 -1.000000e+00 -1.000000e+00 1.753030e+00 0.000000e+00 -1.000000e+00 0.000000e+00 4.514626e-05 1.000000e+03 9.052219e-01 0.000000e+00 -9.990070e+05 3.000000e+00 -1.000000e+00 1.396936e-02 -1.0 0.000000e+00 0.000000e+00 -1.000000e+00 2.789587e-01 -1.000000e+00 -9.990070e+05 2.341183e-03 2.341183e-03 8.102531e-01 4.830281e-01 1.274117e+00 0.000000e+00 -1.000000e+00 2.073967e-03 0.000000e+00 6.524330e-01
8.120747e-01 -1.000000e+00 0.000000e+00 -1.000000e+00 -1.000000e+00 5.000000e+02 1.007822e-01 -1.000000e+00 -1.000000e+00 2.190409e+00 0.000000e+00 -1.000000e+00 0.000000e+00 2.728738e-04 1.000000e+03 1.131365e+00 0.000000e+00 -9.990070e+05 3.000000e+00 -1.000000e+00 5.408358e-02 -1.0 0.000000e+00 0.000000e+00 -1.000000e+00 4.959419e-01 -1.000000e+00 -9.990070e+05 8.895423e-03 8.895423e-03 9.131926e-01 6.038365e-01 1.592420e+00 0.000000e+00 -1.000000e+00 8.295131e-03 0.000000e+00 8.157177e-01
1.221906e+00 -1.000000e+00 0.000000e+00 -1.000000e+00 -1.000000e+00 6.000000e+02 2.843625e-01 -1.000000e+00 -1.000000e+00 3.303002e+00 0.000000e+00 -1.000000e+00 0.000000e+00 2.479819e-03 1.000000e+03 1.702982e+00 0.000000e+00 -9.990070e+05 3.000000e+00 -1.000000e+00 2.700929e-01 -1.0 0.000000e+00 0.000000e+00 -1.000000e+00 7.367899e-01 -1.000000e+00 -9.990070e+05 4.374919e-02 4.374919e-02 9.615328e-01 9.098328e-01 2.397176e+00 0.000000e+00 -1.000000e+00 4.235882e-02 0.000000e+00 1.227849e+00
1.004390e+00 -1.000000e+00 0.000000e+00 -1.000000e+00 -1.000000e+00 0.000000e+00 1.923386e-01 -1.000000e+00 -1.000000e+00 2.718900e+00 0.000000e+00 -1.000000e+00 0.000000e+00 9.951382e-04 1.100000e+03 1.401115e+00 0.000000e+00 -9.990070e+05 3.000000e+00 -1.000000e+00 1.400665e-01 -1.0 0.000000e+00 0.000000e+00 -1.000000e+00 6.537163e-01 -1.000000e+00 -9.990070e+05 2.271129e-02 2.271129e-02 9.476570e-01 7.479153e-01 1.974246e+00 0.000000e+00 -1.000000e+00 2.187371e-02 0.000000e+00 1.008492e+00
1.046398e+00 -1.000000e+00 0.000000e+00 -1.000000e+00 -1.000000e+00 1.000000e+02 2.115719e-01 -1.000000e+00 -1.000000e+00 2.828452e+00 0.000000e+00 -1.000000e+00 0.000000e+00 1.225146e-03 1.100000e+03 1.458992e+00 0.000000e+00 -9.990070e+05 3.000000e+00 -1.000000e+00 1.628858e-01 -1.0 0.000000e+00 0.000000e+00 -1.000000e+00 6.750673e-01 -1.000000e+00 -9.990070e+05 2.637052e-02 2.637052e-02 9.513994e-01 7.782673e-01 2.053718e+00 0.000000e+00 -1.000000e+00 2.548471e-02 0.000000e+00 1.050777e+00
1.020240e+00 -1.000000e+00 0.000000e+00 -1.000000e+00 -1.000000e+00 2.000000e+02 1.994862e-01 -1.000000e+00 -1.000000e+00 2.758702e+00 0.000000e+00 -1.000000e+00 0.000000e+00 1.076733e-03 1.100000e+03 1.422576e+00 0.000000e+00 -9.990070e+05 3.000000e+00 -1.000000e+00 1.483218e-01 -1.0 0.000000e+00 0.000000e+00 -1.000000e+00 6.619731e-01 -1.000000e+00 -9.990070e+05 2.403409e-02 2.403409e-02 9.491214e-01 7.584918e-01 2.002961e+00 0.000000e+00 -1.000000e+00 2.318066e-02 0.000000e+00 1.024511e+00
1.073150e+00 -1.000000e+00 0.000000e+00 -1.000000e+00 -1.000000e+00 3.000000e+02 2.235002e-01 -1.000000e+00 -1.000000e+00 2.899574e+00 0.000000e+00 -1.000000e+00 0.000000e+00 1.385555e-03 1.100000e+03 1.495949e+00 0.000000e+00 -9.990070e+05 3.000000e+00 -1.000000e+00 1.780211e-01 -1.0 0.000000e+00 0.000000e+00 -1.000000e+00 6.870320e-01 -1.000000e+00 -9.990070e+05 2.879584e-02 2.879584e-02 9.534369e-01 7.974370e-01 2.106717e+00 0.000000e+00 -1.000000e+00 2.788132e-02 0.000000e+00 1.077688e+00
1.078690e+00 -1.000000e+00 0.000000e+00 -1.000000e+00 -1.000000e+00 4.000000e+02 2.261408e-01 -1.000000e+00 -1.000000e+00 2.914582e+00 0.000000e+00 -1.000000e+00 0.000000e+00 1.423071e-03 1.100000e+03 1.503947e+00 0.000000e+00 -9.990070e+05 3.000000e+00 -1.000000e+00 1.814900e-01 -1.0 0.000000e+00 0.000000e+00 -1.000000e+00 6.895631e-01 -1.000000e+00 -9.990070e+05 2.935404e-02 2.935404e-02 9.538629e-01 8.026520e-01 2.116919e+00 0.000000e+00 -1.000000e+00 2.842914e-02 0.000000e+00 1.083187e+00
1.218190e+00 -1.000000e+00 0.000000e+00 -1.000000e+00 -1.000000e+00 5.000000e+02 2.829706e-01 -1.000000e+00 -1.000000e+00 3.291281e+00 0.000000e+00 -1.000000e+00 0.000000e+00 2.448396e-03 1.100000e+03 1.698323e+00 0.000000e+00 -9.990070e+05 3.000000e+00 -1.000000e+00 2.672997e-01 -1.0 0.000000e+00 0.000000e+00 -1.000000e+00 7.358192e-01 -1.000000e+00 -9.990070e+05 4.318610e-02 4.318610e-02 9.613799e-01 9.064063e-01 2.390331e+00 0.000000e+00 -1.000000e+00 4.197885e-02 0.000000e+00 1.223320e+00
1.450648e+00 -1.000000e+00 0.000000e+00 -1.000000e+00 -1.000000e+00 6.000000e+02 3.544521e-01 -1.000000e+00 -1.000000e+00 3.918016e+00 0.000000e+00 -1.000000e+00 0.000000e+00 4.681220e-03 1.100000e+03 2.022318e+00 0.000000e+00 -9.990070e+05 3.000000e+00 -1.000000e+00 4.179966e-01 -1.0 0.000000e+00 0.000000e+00 -1.000000e+00 7.788489e-01 -1.000000e+00 -9.990070e+05 6.825300e-02 6.825300e-02 9.680122e-01 1.080465e+00 2.846650e+00 0.000000e+00 -1.000000e+00 6.551770e-02 0.000000e+00 1.456816e+00
1.778627e+00 -1.000000e+00 0.000000e+00 -1.000000e+00 -1.000000e+00 0.000000e+00 4.159937e-01 -1.000000e+00 -1.000000e+00 4.813825e+00 0.000000e+00 -1.000000e+00 0.000000e+00 8.444700e-03 1.200000e+03 2.480768e+00 0.000000e+00 -9.990070e+05 3.000000e+00 -1.000000e+00 6.099326e-01 -1.0 0.000000e+00 0.000000e+00 -1.000000e+00 8.080674e-01 -1.000000e+00 -9.990070e+05 1.033956e-01 1.033956e-01 9.723758e-01 1.322924e+00 3.494048e+00 0.000000e+00 -1.000000e+00 9.502490e-02 0.000000e+00 1.785991e+00
1.743850e+00 -1.000000e+00 0.000000e+00 -1.000000e+00 -1.000000e+00 1.000000e+02 4.111490e-01 -1.000000e+00 -1.000000e+00 4.713643e+00 0.000000e+00 -1.000000e+00 0.000000e+00 8.040183e-03 1.200000e+03 2.431752e+00 0.000000e+00 -9.990070e+05 3.000000e+00 -1.000000e+00 5.919673e-01 -1.0 0.000000e+00 0.000000e+00 -1.000000e+00 8.059500e-01 -1.000000e+00 -9.990070e+05 9.984294e-02 9.984294e-02 9.720626e-01 1.297997e+00 3.423858e+00 0.000000e+00 -1.000000e+00 9.228099e-02 0.000000e+00 1.751083e+00
1.886126e+00 -1.000000e+00 0.000000e+00 -1.000000e+00 -1.000000e+00 2.000000e+02 4.297161e-01 -1.000000e+00 -1.000000e+00 5.099834e+00 0.000000e+00 -1.000000e+00 0.000000e+00 9.738487e-03 1.200000e+03 2.630278e+00 0.000000e+00 -9.990070e+05 3.000000e+00 -1.000000e+00 6.638253e-01 -1.0 0.000000e+00 0.000000e+00 -1.000000e+00 8.139264e-01 -1.000000e+00 -9.990070e+05 1.144846e-01 1.144846e-01 9.732404e-01 1.403553e+00 3.703621e+00 0.000000e+00 -1.000000e+00 1.032639e-01 0.000000e+00 1.893943e+00
1.804393e+00 -1.000000e+00 0.000000e+00 -1.000000e+00 -1.000000e+00 3.000000e+02 4.196121e-01 -1.000000e+00 -1.000000e+00 4.878620e+00 0.000000e+00 -1.000000e+00 0.000000e+00 8.763581e-03 1.200000e+03 2.516258e+00 0.000000e+00 -9.990070e+05 3.000000e+00 -1.000000e+00 6.237142e-01 -1.0 0.000000e+00 0.000000e+00 -1.000000e+00 8.096319e-01 -1.000000e+00 -9.990070e+05 1.061709e-01 1.061709e-01 9.726070e-01 1.342838e+00 3.543069e+00 0.000000e+00 -1.000000e+00 9.712911e-02 0.000000e+00 1.811861e+00
1.920658e+00 -1.000000e+00 0.000000e+00 -1.000000e+00 -1.000000e+00 4.000000e+02 4.335835e-01 -1.000000e+00 -1.000000e+00 5.194715e+00 0.000000e+00 -1.000000e+00 0.000000e+00 1.014817e-02 1.200000e+03 2.678506e+00 0.000000e+00 -9.990070e+05 3.000000e+00 -1.000000e+00 6.798799e-01 -1.0 0.000000e+00 0.000000e+00 -1.000000e+00 8.155427e-01 -1.000000e+00 -9.990070e+05 1.179624e-01 1.179624e-01 9.734784e-01 1.428980e+00 3.771753e+00 0.000000e+00 -1.000000e+00 1.057173e-01 0.000000e+00 1.928634e+00
1.991061e+00 -1.000000e+00 0.000000e+00 -1.000000e+00 -1.000000e+00 5.000000e+02 4.408616e-01 -1.000000e+00 -1.000000e+00 5.384465e+00 0.000000e+00 -1.000000e+00 0.000000e+00 1.098149e-02 1.200000e+03 2.776578e+00 0.000000e+00 -9.990070e+05 3.000000e+00 -1.000000e+00 7.111171e-01 -1.0 0.000000e+00 0.000000e+00 -1.000000e+00 8.185452e-01 -1.000000e+00 -9.990070e+05 1.249828e-01 1.249828e-01 9.739198e-01 1.481426e+00 3.909668e+00 0.000000e+00 -1.000000e+00 1.105001e-01 0.000000e+00 1.999225e+00
2.179637e+00 -1.000000e+00 0.000000e+00 -1.000000e+00 -1.000000e+00 6.000000e+02 4.568176e-01 -1.000000e+00 -1.000000e+00 5.893341e+00 0.000000e+00 -1.000000e+00 0.000000e+00 1.314714e-02 1.200000e+03 3.039186e+00 0.000000e+00 -9.990070e+05 3.000000e+00 -1.000000e+00 7.841976e-01 -1.0 0.000000e+00 0.000000e+00 -1.000000e+00 8.249606e-01 -1.000000e+00 -9.990070e+05 1.430533e-01 1.430533e-01 9.748607e-01 1.621497e+00 4.278707e+00 0.000000e+00 -1.000000e+00 1.217893e-01 0.000000e+00 2.188784e+00
3.310683e+00 -1.000000e+00 0.000000e+00 -1.000000e+00 -1.000000e+00 0.000000e+00 4.985523e-01 -1.000000e+00 -1.000000e+00 8.958190e+00 0.000000e+00 -1.000000e+00 0.000000e+00 2.229748e-02 1.300000e+03 4.616873e+00 0.000000e+00 -9.990070e+05 3.000000e+00 -1.000000e+00 9.931767e-01 -1.0 0.000000e+00 0.000000e+00 -1.000000e+00 8.408154e-01 -1.000000e+00 -9.990070e+05 2.284343e-01 2.284343e-01 9.771730e-01 2.460413e+00 6.502690e+00 0.000000e+00 -1.000000e+00 1.572548e-01 0.000000e+00 3.324189e+00
3.196607e+00 -1.000000e+00 0.000000e+00 -1.000000e+00 -1.000000e+00 1.000000e+02 4.964892e-01 -1.000000e+00 -1.000000e+00 8.648005e+00 0.000000e+00 -1.000000e+00 0.000000e+00 2.167279e-02 1.300000e+03 4.457462e+00 0.000000e+00 -9.990070e+05 3.000000e+00 -1.000000e+00 9.832454e-01 -1.0 0.000000e+00 0.000000e+00 -1.000000e+00 8.400590e-01 -1.000000e+00 -9.990070e+05 2.213525e-01 2.213525e-01 9.770630e-01 2.375569e+00 6.278228e+00 0.000000e+00 -1.000000e+00 1.552800e-01 0.000000e+00 3.209660e+00
3.191867e+00 -1.000000e+00 0.000000e+00 -1.000000e+00 -1.000000e+00 2.000000e+02 4.964249e-01 -1.000000e+00 -1.000000e+00 8.626230e+00 0.000000e+00 -1.000000e+00 0.000000e+00 2.165369e-02 1.300000e+03 4.450067e+00 0.000000e+00 -9.990070e+05 3.000000e+00 -1.000000e+00 9.829323e-01 -1.0 0.000000e+00 0.000000e+00 -1.000000e+00 8.400353e-01 -1.000000e+00 -9.990070e+05 2.211382e-01 2.211382e-01 9.770596e-01 2.372912e+00 6.265267e+00 0.000000e+00 -1.000000e+00 1.552189e-01 0.000000e+00 3.204914e+00
3.275707e+00 -1.000000e+00 0.000000e+00 -1.000000e+00 -1.000000e+00 3.000000e+02 4.979672e-01 -1.000000e+00 -1.000000e+00 8.856544e+00 0.000000e+00 -1.000000e+00 0.000000e+00 2.211794e-02 1.300000e+03 4.567376e+00 0.000000e+00 -9.990070e+05 3.000000e+00 -1.000000e+00 9.903833e-01 -1.0 0.000000e+00 0.000000e+00 -1.000000e+00 8.406012e-01 -1.000000e+00 -9.990070e+05 2.263593e-01 2.263593e-01 9.771418e-01 2.435046e+00 6.431149e+00 0.000000e+00 -1.000000e+00 1.566924e-01 0.000000e+00 3.289019e+00
3.233526e+00 -1.000000e+00 0.000000e+00 -1.000000e+00 -1.000000e+00 4.000000e+02 4.972091e-01 -1.000000e+00 -1.000000e+00 8.743443e+00 0.000000e+00 -1.000000e+00 0.000000e+00 2.188811e-02 1.300000e+03 4.508395e+00 0.000000e+00 -9.990070e+05 3.000000e+00 -1.000000e+00 9.867362e-01 -1.0 0.000000e+00 0.000000e+00 -1.000000e+00 8.403232e-01 -1.000000e+00 -9.990070e+05 2.237638e-01 2.237638e-01 9.771014e-01 2.403648e+00 6.348518e+00 0.000000e+00 -1.000000e+00 1.559664e-01 0.000000e+00 3.246863e+00
3.378895e+00 -1.000000e+00 0.000000e+00 -1.000000e+00 -1.000000e+00 5.000000e+02 4.997036e-01 -1.000000e+00 -1.000000e+00 9.132793e+00 0.000000e+00 -1.000000e+00 0.000000e+00 2.265647e-02 1.300000e+03 4.710980e+00 0.000000e+00 -9.990070e+05 3.000000e+00 -1.000000e+00 9.986140e-01 -1.0 0.000000e+00 0.000000e+00 -1.000000e+00 8.412365e-01 -1.000000e+00 -9.990070e+05 2.326720e-01 2.326720e-01 9.772341e-01 2.512445e+00 6.631950e+00 0.000000e+00 -1.000000e+00 1.583675e-01 0.000000e+00 3.392592e+00
3.609782e+00 -1.000000e+00 0.000000e+00 -1.000000e+00 -1.000000e+00 6.000000e+02 5.000000e-01 -1.000000e+00 -1.000000e+00 9.755354e+00 0.000000e+00 -1.000000e+00 0.000000e+00 2.275013e-02 1.300000e+03 5.033022e+00 0.000000e+00 -9.990070e+05 3.000000e+00 -1.000000e+00 1.013340e+00 -1.0 0.000000e+00 0.000000e+00 -1.000000e+00 8.413447e-01 -1.000000e+00 -9.990070e+05 2.459537e-01 2.459537e-01 9.772499e-01 2.685431e+00 7.084472e+00 0.000000e+00 -1.000000e+00 1.586553e-01 0.000000e+00 3.624602e+00
5.699906e+00 -1.000000e+00 0.000000e+00 -1.000000e+00 -1.000000e+00 0.000000e+00 5.000000e-01 -1.000000e+00 -1.000000e+00 1.543111e+01 0.000000e+00 -1.000000e+00 0.000000e+00 2.275013e-02 1.400000e+03 7.951375e+00 0.000000e+00 -9.990070e+05 3.000000e+00 -1.000000e+00 1.049085e+00 -1.0 0.000000e+00 0.000000e+00 -1.000000e+00 8.413447e-01 -1.000000e+00 -9.990070e+05 3.302989e-01 3.302989e-01 9.772499e-01 4.241925e+00 1.120214e+01 0.000000e+00 -1.000000e+00 1.586553e-01 0.000000e+00 5.722920e+00
5.587045e+00 -1.000000e+00 0.000000e+00 -1.000000e+00 -1.000000e+00 1.000000e+02 5.000000e-01 -1.000000e+00 -1.000000e+00 1.511013e+01 0.000000e+00 -1.000000e+00 0.000000e+00 2.275013e-02 1.400000e+03 7.792170e+00 0.000000e+00 -9.990070e+05 3.000000e+00 -1.000000e+00 1.048953e+00 -1.0 0.000000e+00 0.000000e+00 -1.000000e+00 8.413447e-01 -1.000000e+00 -9.990070e+05 3.269411e-01 3.269411e-01 9.772499e-01 4.157904e+00 1.097304e+01 0.000000e+00 -1.000000e+00 1.586553e-01 0.000000e+00 5.609707e+00
5.826695e+00 -1.000000e+00 0.000000e+00 -1.000000e+00 -1.000000e+00 2.000000e+02 5.000000e-01 -1.000000e+00 -1.000000e+00 1.576567e+01 0.000000e+00 -1.000000e+00 0.000000e+00 2.275013e-02 1.400000e+03 8.127962e+00 0.000000e+00 -9.990070e+05 3.000000e+00 -1.000000e+00 1.049150e+00 -1.0 0.000000e+00 0.000000e+00 -1.000000e+00 8.413447e-01 -1.000000e+00 -9.990070e+05 3.340806e-01 3.340806e-01 9.772499e-01 4.338536e+00 1.145030e+01 0.000000e+00 -1.000000e+00 1.586553e-01 0.000000e+00 5.850142e+00
5.713119e+00 -1.000000e+00 0.000000e+00 -1.000000e+00 -1.000000e+00 3.000000e+02 5.000000e-01 -1.000000e+00 -1.000000e+00 1.547198e+01 0.000000e+00 -1.000000e+00 0.000000e+00 2.275013e-02 1.400000e+03 7.970542e+00 0.000000e+00 -9.990070e+05 3.000000e+00 -1.000000e+00 1.049092e+00 -1.0 0.000000e+00 0.000000e+00 -1.000000e+00 8.413447e-01 -1.000000e+00 -9.990070e+05 3.306379e-01 3.306379e-01 9.772499e-01 4.251118e+00 1.123047e+01 0.000000e+00 -1.000000e+00 1.586553e-01 0.000000e+00 5.736256e+00
5.761239e+00 -1.000000e+00 0.000000e+00 -1.000000e+00 -1.000000e+00 4.000000e+02 5.000000e-01 -1.000000e+00 -1.000000e+00 1.561493e+01 0.000000e+00 -1.000000e+00 0.000000e+00 2.275013e-02 1.400000e+03 8.038413e+00 0.000000e+00 -9.990070e+05 3.000000e+00 -1.000000e+00 1.049124e+00 -1.0 0.000000e+00 0.000000e+00 -1.000000e+00 8.413447e-01 -1.000000e+00 -9.990070e+05 3.320212e-01 3.320212e-01 9.772499e-01 4.286355e+00 1.132962e+01 0.000000e+00 -1.000000e+00 1.586553e-01 0.000000e+00 5.784370e+00
5.920587e+00 -1.000000e+00 0.000000e+00 -1.000000e+00 -1.000000e+00 5.000000e+02 5.000000e-01 -1.000000e+00 -1.000000e+00 1.602598e+01 0.000000e+00 -1.000000e+00 0.000000e+00 2.275013e-02 1.400000e+03 8.259353e+00 0.000000e+00 -9.990070e+05 3.000000e+00 -1.000000e+00 1.049144e+00 -1.0 0.000000e+00 0.000000e+00 -1.000000e+00 8.413447e-01 -1.000000e+00 -9.990070e+05 3.368139e-01 3.368139e-01 9.772499e-01 4.409700e+00 1.163784e+01 0.000000e+00 -1.000000e+00 1.586553e-01 0.000000e+00 5.944717e+00
6.079088e+00 -1.000000e+00 0.000000e+00 -1.000000e+00 -1.000000e+00 6.000000e+02 5.000000e-01 -1.000000e+00 -1.000000e+00 1.645604e+01 0.000000e+00 -1.000000e+00 0.000000e+00 2.275013e-02 1.400000e+03 8.480676e+00 0.000000e+00 -9.990070e+05 3.000000e+00 -1.000000e+00 1.049059e+00 -1.0 0.000000e+00 0.000000e+00 -1.000000e+00 8.413447e-01 -1.000000e+00 -9.990070e+05 3.410866e-01 3.410866e-01 9.772499e-01 4.525439e+00 1.194866e+01 0.000000e+00 -1.000000e+00 1.586553e-01 0.000000e+00 6.103596e+00
1.022515e+01 -1.000000e+00 0.000000e+00 -1.000000e+00 -1.000000e+00 0.000000e+00 5.000000e-01 -1.000000e+00 -1.000000e+00 2.765429e+01 0.000000e+00 -1.000000e+00 0.000000e+00 2.275013e-02 1.500000e+03 1.426094e+01 0.000000e+00 -9.990070e+05 3.000000e+00 -1.000000e+00 1.037152e+00 -1.0 0.000000e+00 0.000000e+00 -1.000000e+00 8.413447e-01 -1.000000e+00 -9.990070e+05 4.165149e-01 4.165149e-01 9.772499e-01 7.610110e+00 2.008287e+01 0.000000e+00 -1.000000e+00 1.586553e-01 0.000000e+00 1.026638e+01
9.902408e+00 -1.000000e+00 0.000000e+00 -1.000000e+00 -1.000000e+00 1.000000e+02 5.000000e-01 -1.000000e+00 -1.000000e+00 2.679004e+01 0.000000e+00 -1.000000e+00 0.000000e+00 2.275013e-02 1.500000e+03 1.381116e+01 0.000000e+00 -9.990070e+05 3.000000e+00 -1.000000e+00 1.037933e+00 -1.0 0.000000e+00 0.000000e+00 -1.000000e+00 8.413447e-01 -1.000000e+00 -9.990070e+05 4.129434e-01 4.129434e-01 9.772499e-01 7.369151e+00 1.945216e+01 0.000000e+00 -1.000000e+00 1.586553e-01 0.000000e+00 9.942354e+00
9.944592e+00 -1.000000e+00 0.000000e+00 -1.000000e+00 -1.000000e+00 2.000000e+02 5.000000e-01 -1.000000e+00 -1.000000e+00 2.692453e+01 0.000000e+00 -1.000000e+00 0.000000e+00 2.275013e-02 1.500000e+03 1.387119e+01 0.000000e+00 -9.990070e+05 3.000000e+00 -1.000000e+00 1.037813e+00 -1.0 0.000000e+00 0.000000e+00 -1.000000e+00 8.413447e-01 -1.000000e+00 -9.990070e+05 4.134678e-01 4.134678e-01 9.772499e-01 7.398299e+00 1.954057e+01 0.000000e+00 -1.000000e+00 1.586553e-01 0.000000e+00 9.985965e+00
1.027482e+01 -1.000000e+00 0.000000e+00 -1.000000e+00 -1.000000e+00 3.000000e+02 5.000000e-01 -1.000000e+00 -1.000000e+00 2.779253e+01 0.000000e+00 -1.000000e+00 0.000000e+00 2.275013e-02 1.500000e+03 1.433047e+01 0.000000e+00 -9.990070e+05 3.000000e+00 -1.000000e+00 1.037011e+00 -1.0 0.000000e+00 0.000000e+00 -1.000000e+00 8.413447e-01 -1.000000e+00 -9.990070e+05 4.171148e-01 4.171148e-01 9.772499e-01 7.645625e+00 2.018207e+01 0.000000e+00 -1.000000e+00 1.586553e-01 0.000000e+00 1.031664e+01
9.699149e+00 -1.000000e+00 0.000000e+00 -1.000000e+00 -1.000000e+00 4.000000e+02 5.000000e-01 -1.000000e+00 -1.000000e+00 2.623933e+01 0.000000e+00 -1.000000e+00 0.000000e+00 2.275013e-02 1.500000e+03 1.352841e+01 0.000000e+00 -9.990070e+05 3.000000e+00 -1.000000e+00 1.038550e+00 -1.0 0.000000e+00 0.000000e+00 -1.000000e+00 8.413447e-01 -1.000000e+00 -9.990070e+05 4.102329e-01 4.102329e-01 9.772499e-01 7.219657e+00 1.905548e+01 0.000000e+00 -1.000000e+00 1.586553e-01 0.000000e+00 9.738130e+00
1.018761e+01 -1.000000e+00 0.000000e+00 -1.000000e+00 -1.000000e+00 5.000000e+02 5.000000e-01 -1.000000e+00 -1.000000e+00 2.760891e+01 0.000000e+00 -1.000000e+00 0.000000e+00 2.275013e-02 1.500000e+03 1.421265e+01 0.000000e+00 -9.990070e+05 3.000000e+00 -1.000000e+00 1.037290e+00 -1.0 0.000000e+00 0.000000e+00 -1.000000e+00 8.413447e-01 -1.000000e+00 -9.990070e+05 4.159203e-01 4.159203e-01 9.772499e-01 7.575699e+00 2.002722e+01 0.000000e+00 -1.000000e+00 1.586553e-01 0.000000e+00 1.022932e+01
1.042648e+01 -1.000000e+00 0.000000e+00 -1.000000e+00 -1.000000e+00 6.000000e+02 5.000000e-01 -1.000000e+00 -1.000000e+00 2.820650e+01 0.000000e+00 -1.000000e+00 0.000000e+00 2.275013e-02 1.500000e+03 1.454266e+01 0.000000e+00 -9.990070e+05 3.000000e+00 -1.000000e+00 1.036566e+00 -1.0 0.000000e+00 0.000000e+00 -1.000000e+00 8.413447e-01 -1.000000e+00 -9.990070e+05 4.190085e-01 4.190085e-01 9.772499e-01 7.760139e+00 2.048217e+01 0.000000e+00 -1.000000e+00 1.586553e-01 0.000000e+00 1.046865e+01
1.711557e+01 -1.000000e+00 0.000000e+00 -1.000000e+00 -1.000000e+00 0.000000e+00 5.000000e-01 -1.000000e+00 -1.000000e+00 4.637230e+01 0.000000e+00 -1.000000e+00 0.000000e+00 2.275013e-02 1.600000e+03 2.388172e+01 0.000000e+00 -9.990070e+05 3.000000e+00 -1.000000e+00 1.023241e+00 -1.0 0.000000e+00 0.000000e+00 -1.000000e+00 8.413447e-01 -1.000000e+00 -9.990070e+05 4.744692e-01 4.744692e-01 9.772499e-01 1.274185e+01 3.366198e+01 0.000000e+00 -1.000000e+00 1.586553e-01 0.000000e+00 1.718417e+01
1.675112e+01 -1.000000e+00 0.000000e+00 -1.000000e+00 -1.000000e+00 1.000000e+02 5.000000e-01 -1.000000e+00 -1.000000e+00 4.536667e+01 0.000000e+00 -1.000000e+00 0.000000e+00 2.275013e-02 1.600000e+03 2.336972e+01 0.000000e+00 -9.990070e+05 3.000000e+00 -1.000000e+00 1.023734e+00 -1.0 0.000000e+00 0.000000e+00 -1.000000e+00 8.413447e-01 -1.000000e+00 -9.990070e+05 4.723589e-01 4.723589e-01 9.772499e-01 1.246705e+01 3.293130e+01 0.000000e+00 -1.000000e+00 1.586553e-01 0.000000e+00 1.681864e+01
1.727275e+01 -1.000000e+00 0.000000e+00 -1.000000e+00 -1.000000e+00 2.000000e+02 5.000000e-01 -1.000000e+00 -1.000000e+00 4.682697e+01 0.000000e+00 -1.000000e+00 0.000000e+00 2.275013e-02 1.600000e+03 2.410339e+01 0.000000e+00 -9.990070e+05 3.000000e+00 -1.000000e+00 1.023043e+00 -1.0 0.000000e+00 0.000000e+00 -1.000000e+00 8.413447e-01 -1.000000e+00 -9.990070e+05 4.753239e-01 4.753239e-01 9.772499e-01 1.285519e+01 3.398033e+01 0.000000e+00 -1.000000e+00 1.586553e-01 0.000000e+00 1.734264e+01
1.661357e+01 -1.000000e+00 0.000000e+00 -1.000000e+00 -1.000000e+00 3.000000e+02 5.000000e-01 -1.000000e+00 -1.000000e+00 4.499632e+01 0.000000e+00 -1.000000e+00 0.000000e+00 2.275013e-02 1.600000e+03 2.317749e+01 0.000000e+00 -9.990070e+05 3.000000e+00 -1.000000e+00 1.023923e+00 -1.0 0.000000e+00 0.000000e+00 -1.000000e+00 8.413447e-01 -1.000000e+00 -9.990070e+05 4.715520e-01 4.715520e-01 9.772499e-01 1.236477e+01 3.266060e+01 0.000000e+00 -1.000000e+00 1.586553e-01 0.000000e+00 1.668126e+01
1.677111e+01 -1.000000e+00 0.000000e+00 -1.000000e+00 -1.000000e+00 4.000000e+02 5.000000e-01 -1.000000e+00 -1.000000e+00 4.541204e+01 0.000000e+00 -1.000000e+00 0.000000e+00 2.275013e-02 1.600000e+03 2.339764e+01 0.000000e+00 -9.990070e+05 3.000000e+00 -1.000000e+00 1.023707e+00 -1.0 0.000000e+00 0.000000e+00 -1.000000e+00 8.413447e-01 -1.000000e+00 -9.990070e+05 4.724760e-01 4.724760e-01 9.772499e-01 1.248328e+01 3.296973e+01 0.000000e+00 -1.000000e+00 1.586553e-01 0.000000e+00 1.683893e+01
1.658049e+01 -1.000000e+00 4.000000e+03 -1.000000e+00 -1.000000e+00 5.000000e+02 5.000000e-01 -1.000000e+00 -1.000000e+00 4.491927e+01 0.000000e+00 -1.000000e+00 1.000000e+00 2.275013e-02 1.600000e+03 2.313176e+01 1.000000e+00 -9.990070e+05 1.000000e+00 -1.000000e+00 1.023974e+00 -1.0 0.000000e+00 1.000000e+00 -1.000000e+00 8.413447e-01 -1.000000e+00 -9.990070e+05 4.713374e-01 4.713374e-01 9.772499e-01 1.233742e+01 3.259745e+01 0.000000e+00 -1.000000e+00 1.586553e-01 0.000000e+00 1.664842e+01
1.803865e+01 -1.000000e+00 0.000000e+00 -1.000000e+00 -1.000000e+00 6.000000e+02 5.000000e-01 -1.000000e+00 -1.000000e+00 4.883685e+01 0.000000e+00 -1.000000e+00 0.000000e+00 2.275013e-02 1.600000e+03 2.516471e+01 0.000000e+00 -9.990070e+05 3.000000e+00 -1.000000e+00 1.022072e+00 -1.0 0.000000e+00 0.000000e+00 -1.000000e+00 8.413447e-01 -1.000000e+00 -9.990070e+05 4.795239e-01 4.795239e-01 9.772499e-01 1.342523e+01 3.545614e+01 0.000000e+00 -1.000000e+00 1.586553e-01 0.000000e+00 1.811118e+01
5.161920e-01 -1.000000e+00 0.000000e+00 -1.000000e+00 -1.000000e+00 0.000000e+00 6.577865e-02 -1.000000e+00 -1.000000e+00 2.025259e+01 0.000000e+00 -1.000000e+00 0.000000e+00 1.232167e-04 2.000000e+02 1.223268e+00 0.000000e+00 -9.990070e+05 3.000000e+00 -1.000000e+00 8.750943e-02 -1.0 0.000000e+00 0.000000e+00 -1.000000e+00 3.930330e-01 -1.000000e+00 -9.990070e+05 3.415683e-02 3.415683e-02 8.780634e-01 3.141971e-01 8.930366e+00 0.000000e+00 -1.000000e+00 4.516416e-03 0.000000e+00 9.117536e-01
8.063858e-01 -1.000000e+00 0.000000e+00 -1.000000e+00 -1.000000e+00 2.500000e+02 9.779240e-02 -1.000000e+00 -1.000000e+00 2.681213e+00 0.000000e+00 -1.000000e+00 0.000000e+00 2.576999e-04 3.000000e+02 1.176493e+00 0.000000e+00 -9.990070e+05 3.000000e+00 -1.000000e+00 7.604589e-02 -1.0 0.000000e+00 0.000000e+00 -1.000000e+00 4.884209e-01 -1.000000e+00 -9.990070e+05 1.826900e-02 1.826900e-02 9.110961e-01 5.875225e-01 1.773914e+00 0.000000e+00 -1.000000e+00 7.942210e-03 0.000000e+00 8.967121e-01
5.524156e-01 -1.000000e+00 0.000000e+00 -1.000000e+00 -1.000000e+00 2.750000e+02 2.747418e-02 -1.000000e+00 -1.000000e+00 2.237015e+00 0.000000e+00 -1.000000e+00 0.000000e+00 2.614277e-05 3.000000e+02 8.340378e-01 0.000000e+00 -9.990070e+05 3.000000e+00 -1.000000e+00 1.823455e-02 -1.0 0.000000e+00 0.000000e+00 -1.000000e+00 2.278026e-01 -1.000000e+00 -9.990070e+05 4.978176e-03 4.978176e-03 7.598546e-01 3.948921e-01 1.349189e+00 0.000000e+00 -1.000000e+00 1.352029e-03 0.000000e+00 6.360190e-01
1.268496e-01 -1.000000e+00 0.000000e+00 -1.000000e+00 -1.000000e+00 0.000000e+00 6.894348e-11 -1.000000e+00 -1.000000e+00 3.865393e-01 0.000000e+00 -1.000000e+00 0.000000e+00 1.555564e-17 4.000000e+02 1.792785e-01 0.000000e+00 -9.990070e+05 3.000000e+00 -1.000000e+00 3.422755e-12 -1.0 0.000000e+00 0.000000e+00 -1.000000e+00 3.333778e-08 -1.000000e+00 -9.990070e+05 9.165287e-13 9.165287e-13 6.098718e-06 9.379701e-02 2.621323e-01 0.000000e+00 -1.000000e+00 5.355892e-14 0.000000e+00 1.323247e-01
1.290100e-04 -1.000000e+00 4.000000e+03 -1.000000e+00 -1.000000e+00 3.750000e+02 4.912322e-01 -1.000000e+00 -1.000000e+00 4.843987e-04 0.000000e+00 -1.000000e+00 1.000000e+00 2.018264e-02 4.000000e+02 1.916027e-04 1.000000e+00 -9.990070e+05 2.000000e+00 -1.000000e+00 0.000000e+00 -1.0 0.000000e+00 0.000000e+00 -1.000000e+00 8.381197e-01 -1.000000e+00 -9.990070e+05 0.000000e+00 0.000000e+00 9.767810e-01 9.288618e-05 3.006174e-04 0.000000e+00 -1.000000e+00 1.503574e-01 1.000000e+00 1.481443e-04
6.887699e-01 -1.000000e+00 0.000000e+00 -1.000000e+00 -1.000000e+00 3.750000e+02 5.835352e-02 -1.000000e+00 -1.000000e+00 2.461355e+00 0.000000e+00 -1.000000e+00 0.000000e+00 9.907717e-05 4.250000e+02 1.003156e+00 0.000000e+00 -9.990070e+05 3.000000e+00 -1.000000e+00 3.229223e-02 -1.0 0.000000e+00 0.000000e+00 -1.000000e+00 3.662789e-01 -1.000000e+00 -9.990070e+05 6.642951e-03 6.642951e-03 8.658349e-01 5.049678e-01 1.552676e+00 0.000000e+00 -1.000000e+00 3.817705e-03 0.000000e+00 7.211787e-01
4.930458e-01 -1.000000e+00 0.000000e+00 -1.000000e+00 -1.000000e+00 3.000000e+02 7.602867e-03 -1.000000e+00 -1.000000e+00 1.444927e+00 0.000000e+00 -1.000000e+00 0.000000e+00 3.023524e-06 5.000000e+02 6.956464e-01 0.000000e+00 -9.990070e+05 3.000000e+00 -1.000000e+00 2.185263e-03 -1.0 0.000000e+00 0.000000e+00 -1.000000e+00 9.506884e-02 -1.000000e+00 -9.990070e+05 4.314212e-04 4.314212e-04 4.985634e-01 3.676575e-01 1.001669e+00 0.000000e+00 -1.000000e+00 2.432961e-04 0.000000e+00 5.028929e-01
5.948902e-05 -1.000000e+00 0.000000e+00 -1.000000e+00 -1.000000e+00 4.750000e+02 4.912322e-01 -1.000000e+00 -1.000000e+00 1.952677e-04 0.000000e+00 -1.000000e+00 0.000000e+00 2.018264e-02 5.000000e+02 8.724225e-05 0.000000e+00 -9.990070e+05 3.000000e+00 -1.000000e+00 0.000000e+00 -1.0 0.000000e+00 0.000000e+00 -1.000000e+00 8.381197e-01 -1.000000e+00 -9.990070e+05 0.000000e+00 0.000000e+00 9.767810e-01 4.405552e-05 1.301682e-04 0.000000e+00 -1.000000e+00 1.503574e-01 0.000000e+00 6.646345e-05
3.703388e-01 -1.000000e+00 0.000000e+00 -1.000000e+00 -1.000000e+00 3.000000e+02 3.169030e-04 -1.000000e+00 -1.000000e+00 1.002216e+00 0.000000e+00 -1.000000e+00 0.000000e+00 2.130254e-08 6.000000e+02 5.161415e-01 0.000000e+00 -9.990070e+05 3.000000e+00 -1.000000e+00 3.678233e-05 -1.0 0.000000e+00 0.000000e+00 -1.000000e+00 9.293188e-03 -1.000000e+00 -9.990070e+05 6.774210e-06 6.774210e-06 1.093597e-01 2.755333e-01 7.268928e-01 0.000000e+00 -1.000000e+00 4.203142e-06 0.000000e+00 3.723121e-01
1.986723e+00 -1.000000e+00 0.000000e+00 -1.000000e+00 -1.000000e+00 5.500000e+02 4.404028e-01 -1.000000e+00 -1.000000e+00 5.397300e+00 0.000000e+00 -1.000000e+00 0.000000e+00 1.092639e-02 6.000000e+02 2.770898e+00 0.000000e+00 -9.990070e+05 3.000000e+00 -1.000000e+00 7.094564e-01 -1.0 0.000000e+00 0.000000e+00 -1.000000e+00 8.183574e-01 -1.000000e+00 -9.990070e+05 1.248797e-01 1.248797e-01 9.738923e-01 1.477172e+00 3.906639e+00 0.000000e+00 -1.000000e+00 1.101921e-01 0.000000e+00 1.997508e+00
4.435661e-05 -1.000000e+00 0.000000e+00 -1.000000e+00 -1.000000e+00 5.750000e+02 4.912322e-01 -1.000000e+00 -1.000000e+00 1.380913e-04 0.000000e+00 -1.000000e+00 0.000000e+00 2.018264e-02 6.000000e+02 6.296269e-05 0.000000e+00 -9.990070e+05 3.000000e+00 -1.000000e+00 0.000000e+00 -1.0 0.000000e+00 0.000000e+00 -1.000000e+00 8.381197e-01 -1.000000e+00 -9.990070e+05 0.000000e+00 0.000000e+00 9.767810e-01 3.180285e-05 9.420760e-05 0.000000e+00 -1.000000e+00 1.503574e-01 0.000000e+00 4.734024e-05
2.094941e-01 -1.000000e+00 0.000000e+00 -1.000000e+00 -1.000000e+00 3.000000e+02 1.308451e-08 -1.000000e+00 -1.000000e+00 5.703746e-01 0.000000e+00 -1.000000e+00 0.000000e+00 1.530476e-14 7.000000e+02 2.921059e-01 0.000000e+00 -9.990070e+05 3.000000e+00 -1.000000e+00 4.641621e-10 -1.0 0.000000e+00 0.000000e+00 -1.000000e+00 2.800178e-06 -1.000000e+00 -9.990070e+05 1.009738e-10 1.009738e-10 2.287407e-04 1.557603e-01 4.121401e-01 0.000000e+00 -1.000000e+00 2.309915e-11 0.000000e+00 2.107693e-01
6.189704e-01 -1.000000e+00 0.000000e+00 -1.000000e+00 -1.000000e+00 4.000000e+02 2.930509e-02 -1.000000e+00 -1.000000e+00 1.710178e+00 0.000000e+00 -1.000000e+00 0.000000e+00 2.923544e-05 7.000000e+02 8.638912e-01 0.000000e+00 -9.990070e+05 3.000000e+00 -1.000000e+00 1.048363e-02 -1.0 0.000000e+00 0.000000e+00 -1.000000e+00 2.376230e-01 -1.000000e+00 -9.990070e+05 1.825844e-03 1.825844e-03 7.709688e-01 4.578686e-01 1.227008e+00 0.000000e+00 -1.000000e+00 1.476100e-03 0.000000e+00 6.242444e-01
1.718791e+00 -1.000000e+00 0.000000e+00 -1.000000e+00 -1.000000e+00 5.000000e+02 4.070226e-01 -1.000000e+00 -1.000000e+00 4.667358e+00 0.000000e+00 -1.000000e+00 0.000000e+00 7.714492e-03 7.000000e+02 2.396849e+00 0.000000e+00 -9.990070e+05 3.000000e+00 -1.000000e+00 5.773388e-01 -1.0 0.000000e+00 0.000000e+00 -1.000000e+00 8.041250e-01 -1.000000e+00 -9.990070e+05 9.713156e-02 9.713156e-02 9.717923e-01 1.276164e+00 3.381034e+00 0.000000e+00 -1.000000e+00 9.000813e-02 0.000000e+00 1.726987e+00
3.424782e+00 -1.000000e+00 0.000000e+00 -1.000000e+00 -1.000000e+00 6.000000e+02 5.000000e-01 -1.000000e+00 -1.000000e+00 9.267503e+00 0.000000e+00 -1.000000e+00 0.000000e+00 2.275013e-02 7.000000e+02 4.775391e+00 0.000000e+00 -9.990070e+05 3.000000e+00 -1.000000e+00 1.001923e+00 -1.0 0.000000e+00 0.000000e+00 -1.000000e+00 8.413447e-01 -1.000000e+00 -9.990070e+05 2.354766e-01 2.354766e-01 9.772499e-01 2.546665e+00 6.724972e+00 0.000000e+00 -1.000000e+00 1.586553e-01 0.000000e+00 3.439998e+00
1.678960e-01 -1.000000e+00 0.000000e+00 -1.000000e+00 -1.000000e+00 0.000000e+00 1.682406e-11 -1.000000e+00 -1.000000e+00 4.533067e-01 0.000000e+00 -1.000000e+00 0.000000e+00 2.519291e-18 8.000000e+02 2.340343e-01 0.000000e+00 -9.990070e+05 3.000000e+00 -1.000000e+00 3.552008e-13 -1.0 0.000000e+00 0.000000e+00 -1.000000e+00 9.970794e-09 -1.000000e+00 -9.990070e+05 8.202454e-14 8.202454e-14 2.231691e-06 1.250482e-01 3.293719e-01 0.000000e+00 -1.000000e+00 1.065166e-14 0.000000e+00 1.686205e-01
1.695679e-01 -1.000000e+00 0.000000e+00 -1.000000e+00 -1.000000e+00 1.000000e+02 2.242517e-11 -1.000000e+00 -1.000000e+00 4.575932e-01 0.000000e+00 -1.000000e+00 0.000000e+00 3.647028e-18 8.000000e+02 2.362984e-01 0.000000e+00 -9.990070e+05 3.000000e+00 -1.000000e+00 4.740025e-13 -1.0 0.000000e+00 0.000000e+00 -1.000000e+00 1.275666e-08 -1.000000e+00 -9.990070e+05 1.087859e-13 1.087859e-13 2.741510e-06 1.260533e-01 3.326429e-01 0.000000e+00 -1.000000e+00 1.479506e-14 0.000000e+00 1.702969e-01
1.871614e-01 -1.000000e+00 0.000000e+00 -1.000000e+00 -1.000000e+00 2.000000e+02 3.745558e-10 -1.000000e+00 -1.000000e+00 5.057519e-01 0.000000e+00 -1.000000e+00 0.000000e+00 1.405423e-16 8.000000e+02 2.609753e-01 0.000000e+00 -9.990070e+05 3.000000e+00 -1.000000e+00 9.250930e-12 -1.0 0.000000e+00 0.000000e+00 -1.000000e+00 1.407410e-07 -1.000000e+00 -9.990070e+05 2.050141e-12 2.050141e-12 2.005493e-05 1.394972e-01 3.675205e-01 0.000000e+00 -1.000000e+00 3.750349e-13 0.000000e+00 1.879519e-01
2.307759e-01 -1.000000e+00 0.000000e+00 -1.000000e+00 -1.000000e+00 3.000000e+02 7.578240e-08 -1.000000e+00 -1.000000e+00 6.234387e-01 0.000000e+00 -1.000000e+00 0.000000e+00 1.620267e-13 8.000000e+02 3.216485e-01 0.000000e+00 -9.990070e+05 3.000000e+00 -1.000000e+00 2.851048e-09 -1.0 0.000000e+00 0.000000e+00 -1.000000e+00 1.203833e-05 -1.000000e+00 -9.990070e+05 5.909297e-10 5.909297e-10 7.330970e-04 1.718761e-01 4.527169e-01 0.000000e+00 -1.000000e+00 1.807172e-10 0.000000e+00 2.318365e-01
3.804048e-01 -1.000000e+00 4.000000e+03 -1.000000e+00 -1.000000e+00 4.000000e+02 4.378536e-04 -1.000000e+00 -1.000000e+00 1.028766e+00 0.000000e+00 -1.000000e+00 1.000000e+00 3.465066e-08 8.000000e+02 5.301344e-01 1.000000e+00 -9.990070e+05 3.000000e+00 -1.000000e+00 5.396553e-05 -1.0 0.000000e+00 0.000000e+00 -1.000000e+00 1.186447e-02 -1.000000e+00 -9.990070e+05 9.881190e-06 9.881190e-06 1.294803e-01 2.830399e-01 7.464897e-01 0.000000e+00 -1.000000e+00 6.297407e-06 0.000000e+00 3.823511e-01
1.025137e+00 -1.000000e+00 0.000000e+00 -1.000000e+00 -1.000000e+00 5.000000e+02 2.005772e-01 -1.000000e+00 -1.000000e+00 2.853984e+00 0.000000e+00 -1.000000e+00 0.000000e+00 1.089581e-03 8.000000e+02 1.432120e+00 0.000000e+00 -9.990070e+05 3.000000e+00 -1.000000e+00 1.515684e-01 -1.0 0.000000e+00 0.000000e+00 -1.000000e+00 6.631986e-01 -1.000000e+00 -9.990070e+05 2.501026e-02 2.501026e-02 9.493369e-01 7.589515e-01 2.040388e+00 0.000000e+00 -1.000000e+00 2.338373e-02 0.000000e+00 1.034089e+00
2.928712e+00 -1.000000e+00 0.000000e+00 -1.000000e+00 -1.000000e+00 6.000000e+02 4.904546e-01 -1.000000e+00 -1.000000e+00 7.974181e+00 0.000000e+00 -1.000000e+00 0.000000e+00 1.997392e-02 8.000000e+02 4.084048e+00 0.000000e+00 -9.990070e+05 3.000000e+00 -1.000000e+00 9.532957e-01 -1.0 0.000000e+00 0.000000e+00 -1.000000e+00 8.378314e-01 -1.000000e+00 -9.990070e+05 2.040285e-01 2.040285e-01 9.767390e-01 2.174273e+00 5.767120e+00 0.000000e+00 -1.000000e+00 1.496426e-01 0.000000e+00 2.946199e+00
3.163050e-01 -1.000000e+00 0.000000e+00 -1.000000e+00 -1.000000e+00 0.000000e+00 3.325516e-05 -1.000000e+00 -1.000000e+00 8.554603e-01 0.000000e+00 -1.000000e+00 0.000000e+00 7.750862e-10 9.000000e+02 4.411796e-01 0.000000e+00 -9.990070e+05 3.000000e+00 -1.000000e+00 2.550780e-06 -1.0 0.000000e+00 0.000000e+00 -1.000000e+00 1.632998e-03 -1.000000e+00 -9.990070e+05 4.804168e-07 4.804168e-07 3.155937e-02 2.356363e-01 6.214926e-01 0.000000e+00 -1.000000e+00 2.605594e-07 0.000000e+00 3.176009e-01
2.982523e-01 -1.000000e+00 0.000000e+00 -1.000000e+00 -1.000000e+00 1.000000e+02 1.240442e-05 -1.000000e+00 -1.000000e+00 8.051543e-01 0.000000e+00 -1.000000e+00 0.000000e+00 1.885902e-10 9.000000e+02 4.156697e-01 0.000000e+00 -9.990070e+05 3.000000e+00 -1.000000e+00 8.232746e-07 -1.0 0.000000e+00 0.000000e+00 -1.000000e+00 7.507118e-04 -1.000000e+00 -9.990070e+05 1.574601e-07 1.574601e-07 1.777097e-02 2.217323e-01 5.851448e-01 0.000000e+00 -1.000000e+00 7.858144e-08 0.000000e+00 2.995337e-01
3.166355e-01 -1.000000e+00 0.000000e+00 -1.000000e+00 -1.000000e+00 2.000000e+02 3.355908e-05 -1.000000e+00 -1.000000e+00 8.553182e-01 0.000000e+00 -1.000000e+00 0.000000e+00 7.853303e-10 9.000000e+02 4.413585e-01 0.000000e+00 -9.990070e+05 3.000000e+00 -1.000000e+00 2.578895e-06 -1.0 0.000000e+00 0.000000e+00 -1.000000e+00 1.644679e-03 -1.000000e+00 -9.990070e+05 4.857291e-07 4.857291e-07 3.172451e-02 2.354228e-01 6.213271e-01 0.000000e+00 -1.000000e+00 2.634686e-07 0.000000e+00 3.179861e-01
3.457702e-01 -1.000000e+00 0.000000e+00 -1.000000e+00 -1.000000e+00 3.000000e+02 1.226540e-04 -1.000000e+00 -1.000000e+00 9.331943e-01 0.000000e+00 -1.000000e+00 0.000000e+00 5.196326e-09 9.000000e+02 4.818605e-01 0.000000e+00 -9.990070e+05 3.000000e+00 -1.000000e+00 1.173461e-05 -1.0 0.000000e+00 0.000000e+00 -1.000000e+00 4.500618e-03 -1.000000e+00 -9.990070e+05 2.172701e-06 2.172701e-06 6.565674e-02 2.572302e-01 6.780503e-01 0.000000e+00 -1.000000e+00 1.293436e-06 0.000000e+00 3.472705e-01
4.059409e-01 -1.000000e+00 4.000000e+03 -1.000000e+00 -1.000000e+00 4.000000e+02 9.177348e-04 -1.000000e+00 -1.000000e+00 1.095056e+00 0.000000e+00 -1.000000e+00 1.000000e+00 1.068903e-07 9.000000e+02 5.655790e-01 1.000000e+00 -9.990070e+05 3.000000e+00 -1.000000e+00 1.288081e-04 -1.0 0.000000e+00 0.000000e+00 -1.000000e+00 2.063469e-02 -1.000000e+00 -9.990070e+05 2.309469e-05 2.309469e-05 1.886321e-01 3.018550e-01 7.960503e-01 0.000000e+00 -1.000000e+00 1.598902e-05 0.000000e+00 4.077571e-01
6.616336e-01 -1.000000e+00 4.000000e+03 -1.000000e+00 -1.000000e+00 5.000000e+02 4.146120e-02 -1.000000e+00 -1.000000e+00 1.795611e+00 0.000000e+00 -1.000000e+00 1.000000e+00 5.371822e-05 9.000000e+02 9.228020e-01 1.000000e+00 -9.990070e+05 3.000000e+00 -1.000000e+00 1.609566e-02 -1.0 0.000000e+00 0.000000e+00 -1.000000e+00 2.969148e-01 -1.000000e+00 -9.990070e+05 2.714564e-03 2.714564e-03 8.242162e-01 4.926972e-01 1.300863e+00 0.000000e+00 -1.000000e+00 2.374973e-03 0.000000e+00 6.650703e-01
1.905582e+00 -1.000000e+00 0.000000e+00 -1.000000e+00 -1.000000e+00 6.000000e+02 4.317705e-01 -1.000000e+00 -1.000000e+00 5.198825e+00 0.000000e+00 -1.000000e+00 0.000000e+00 9.953413e-03 9.000000e+02 2.657997e+00 0.000000e+00 -9.990070e+05 3.000000e+00 -1.000000e+00 6.731000e-01 -1.0 0.000000e+00 0.000000e+00 -1.000000e+00 8.147869e-01 -1.000000e+00 -9.990070e+05 1.170448e-01 1.170448e-01 9.733671e-01 1.415565e+00 3.754219e+00 0.000000e+00 -1.000000e+00 1.045598e-01 0.000000e+00 1.918264e+00
