3.028038e-01 -1.000000e+00 0.000000e+00 -1.000000e+00 -1.000000e+00 0.000000e+00 4.802519e-05 -1.000000e+00 -1.000000e+00 8.764699e-01 0.000000e+00 -1.000000e+00 0.000000e+00 1.319247e-09 1.000000e+03 4.307920e-01 0.000000e+00 -9.990070e+05 3.000000e+00 -1.000000e+00 8.928437e-05 -1.0 0.000000e+00 0.000000e+00 -1.000000e+00 2.176443e-03 -1.000000e+00 -9.990070e+05 4.389738e-05 4.389738e-05 3.891966e-02 2.237667e-01 6.210306e-01 0.000000e+00 -1.000000e+00 4.083246e-07 0.000000e+00 4.269073e-01
3.161802e-01 -1.000000e+00 0.000000e+00 -1.000000e+00 -1.000000e+00 1.000000e+02 8.346465e-05 -1.000000e+00 -1.000000e+00 9.136790e-01 0.000000e+00 -1.000000e+00 0.000000e+00 2.952320e-09 1.000000e+03 4.492807e-01 0.000000e+00 -9.990070e+05 3.000000e+00 -1.000000e+00 1.555702e-04 -1.0 0.000000e+00 0.000000e+00 -1.000000e+00 3.343789e-03 -1.000000e+00 -9.990070e+05 7.648666e-05 7.648666e-05 5.308514e-02 2.344889e-01 6.477629e-01 0.000000e+00 -1.000000e+00 8.046855e-07 0.000000e+00 4.457001e-01
3.391147e-01 -1.000000e+00 0.000000e+00 -1.000000e+00 -1.000000e+00 2.000000e+02 2.060275e-04 -1.000000e+00 -1.000000e+00 9.827332e-01 0.000000e+00 -1.000000e+00 0.000000e+00 1.119789e-08 1.000000e+03 4.798524e-01 0.000000e+00 -9.990070e+05 3.000000e+00 -1.000000e+00 3.854936e-04 -1.0 0.000000e+00 0.000000e+00 -1.000000e+00 6.697775e-03 -1.000000e+00 -9.990070e+05 1.895009e-04 1.895009e-04 8.698712e-02 2.506080e-01 6.931857e-01 0.000000e+00 -1.000000e+00 2.458894e-06 0.000000e+00 4.756288e-01
-1.000000e+00 -1.000000e+00 0.000000e+00 -1.000000e+00 -1.000000e+00 3.000000e+02 1.474982e-03 -1.000000e+00 -1.000000e+00 -1.000000e+00 0.000000e+00 -1.000000e+00 0.000000e+00 2.224085e-07 1.000000e+03 -1.000000e+00 0.000000e+00 -9.990070e+05 3.000000e+00 -1.000000e+00 2.783831e-03 -1.0 0.000000e+00 0.000000e+00 -1.000000e+00 2.928999e-02 -1.000000e+00 -9.990070e+05 1.367678e-03 1.367678e-03 2.381267e-01 -1.000000e+00 -1.000000e+00 0.000000e+00 -1.000000e+00 2.920721e-05 0.000000e+00 -1.000000e+00
5.433322e-01 -1.000000e+00 0.000000e+00 -1.000000e+00 -1.000000e+00 4.000000e+02 1.277874e-02 -1.000000e+00 -1.000000e+00 1.572915e+00 0.000000e+00 -1.000000e+00 0.000000e+00 7.126470e-06 1.000000e+03 7.686803e-01 0.000000e+00 -9.990070e+05 3.000000e+00 -1.000000e+00 2.442473e-02 -1.0 0.000000e+00 0.000000e+00 -1.000000e+00 1.362194e-01 -1.000000e+00 -9.990070e+05 1.199356e-02 1.199356e-02 6.072688e-01 4.016013e-01 1.111572e+00 0.000000e+00 -1.000000e+00 4.832450e-04 0.000000e+00 7.627862e-01
1.100786e+00 -1.000000e+00 0.000000e+00 -1.000000e+00 -1.000000e+00 5.000000e+02 1.901968e-01 -1.000000e+00 -1.000000e+00 3.299941e+00 0.000000e+00 -1.000000e+00 0.000000e+00 9.715360e-04 1.000000e+03 1.566903e+00 0.000000e+00 -9.990070e+05 3.000000e+00 -1.000000e+00 3.759615e-01 -1.0 0.000000e+00 0.000000e+00 -1.000000e+00 6.511621e-01 -1.000000e+00 -9.990070e+05 1.860815e-01 1.860815e-01 9.471993e-01 8.123735e-01 2.289800e+00 0.000000e+00 -1.000000e+00 2.148984e-02 0.000000e+00 1.553991e+00
3.292978e+00 -1.000000e+00 0.000000e+00 -1.000000e+00 -1.000000e+00 6.000000e+02 4.571619e-01 -1.000000e+00 -1.000000e+00 9.783464e+00 0.000000e+00 -1.000000e+00 0.000000e+00 1.319984e-02 1.000000e+03 4.695834e+00 0.000000e+00 -9.990070e+05 3.000000e+00 -1.000000e+00 9.526643e-01 -1.0 0.000000e+00 0.000000e+00 -1.000000e+00 8.250966e-01 -1.000000e+00 -9.990070e+05 6.389786e-01 6.389786e-01 9.748806e-01 2.427164e+00 6.834967e+00 0.000000e+00 -1.000000e+00 1.220458e-01 0.000000e+00 4.655024e+00
-1.000000e+00 -1.000000e+00 0.000000e+00 -1.000000e+00 -1.000000e+00 0.000000e+00 5.913532e-03 -1.000000e+00 -1.000000e+00 -1.000000e+00 0.000000e+00 -1.000000e+00 0.000000e+00 2.008793e-06 1.100000e+03 -1.000000e+00 0.000000e+00 -9.990070e+05 3.000000e+00 -1.000000e+00 1.124380e-02 -1.0 0.000000e+00 0.000000e+00 -1.000000e+00 7.967903e-02 -1.000000e+00 -9.990070e+05 5.521506e-03 5.521506e-03 4.492401e-01 -1.000000e+00 -1.000000e+00 0.000000e+00 -1.000000e+00 1.750535e-04 0.000000e+00 -1.000000e+00
-1.000000e+00 -1.000000e+00 0.000000e+00 -1.000000e+00 -1.000000e+00 1.000000e+02 7.237750e-03 -1.000000e+00 -1.000000e+00 -1.000000e+00 0.000000e+00 -1.000000e+00 0.000000e+00 2.790014e-06 1.100000e+03 -1.000000e+00 0.000000e+00 -9.990070e+05 3.000000e+00 -1.000000e+00 1.377757e-02 -1.0 0.000000e+00 0.000000e+00 -1.000000e+00 9.184821e-02 -1.000000e+00 -9.990070e+05 6.765217e-03 6.765217e-03 4.886761e-01 -1.000000e+00 -1.000000e+00 0.000000e+00 -1.000000e+00 2.280727e-04 0.000000e+00 -1.000000e+00
-1.000000e+00 -1.000000e+00 0.000000e+00 -1.000000e+00 -1.000000e+00 2.000000e+02 7.734426e-03 -1.000000e+00 -1.000000e+00 -1.000000e+00 0.000000e+00 -1.000000e+00 0.000000e+00 3.109543e-06 1.100000e+03 -1.000000e+00 0.000000e+00 -9.990070e+05 3.000000e+00 -1.000000e+00 1.472915e-02 -1.0 0.000000e+00 0.000000e+00 -1.000000e+00 9.621648e-02 -1.000000e+00 -9.990070e+05 7.232358e-03 7.232358e-03 5.020337e-01 -1.000000e+00 -1.000000e+00 0.000000e+00 -1.000000e+00 2.488424e-04 0.000000e+00 -1.000000e+00
-1.000000e+00 -1.000000e+00 0.000000e+00 -1.000000e+00 -1.000000e+00 3.000000e+02 1.756211e-02 -1.000000e+00 -1.000000e+00 -1.000000e+00 0.000000e+00 -1.000000e+00 0.000000e+00 1.215880e-05 1.100000e+03 -1.000000e+00 0.000000e+00 -9.990070e+05 3.000000e+00 -1.000000e+00 3.363111e-02 -1.0 0.000000e+00 0.000000e+00 -1.000000e+00 1.691047e-01 -1.000000e+00 -9.990070e+05 1.651109e-02 1.651109e-02 6.740573e-01 -1.000000e+00 -1.000000e+00 0.000000e+00 -1.000000e+00 7.389063e-04 0.000000e+00 -1.000000e+00
-1.000000e+00 -1.000000e+00 0.000000e+00 -1.000000e+00 -1.000000e+00 4.000000e+02 3.946140e-02 -1.000000e+00 -1.000000e+00 -1.000000e+00 0.000000e+00 -1.000000e+00 0.000000e+00 4.922106e-05 1.100000e+03 -1.000000e+00 0.000000e+00 -9.990070e+05 3.000000e+00 -1.000000e+00 7.600123e-02 -1.0 0.000000e+00 0.000000e+00 -1.000000e+00 2.877836e-01 -1.000000e+00 -9.990070e+05 3.729921e-02 3.729921e-02 8.173178e-01 -1.000000e+00 -1.000000e+00 0.000000e+00 -1.000000e+00 2.218580e-03 0.000000e+00 -1.000000e+00
9.346602e-01 -1.000000e+00 0.000000e+00 -1.000000e+00 -1.000000e+00 5.000000e+02 1.288076e-01 -1.000000e+00 -1.000000e+00 2.698585e+00 0.000000e+00 -1.000000e+00 0.000000e+00 4.384199e-04 1.100000e+03 1.322713e+00 0.000000e+00 -9.990070e+05 3.000000e+00 -1.000000e+00 2.515924e-01 -1.0 0.000000e+00 0.000000e+00 -1.000000e+00 5.574232e-01 -1.000000e+00 -9.990070e+05 1.237137e-01 1.237137e-01 9.284557e-01 6.914444e-01 1.907251e+00 0.000000e+00 -1.000000e+00 1.187232e-02 0.000000e+00 1.311696e+00
-1.000000e+00 -1.000000e+00 0.000000e+00 -1.000000e+00 -1.000000e+00 6.000000e+02 3.523204e-01 -1.000000e+00 -1.000000e+00 -1.000000e+00 0.000000e+00 -1.000000e+00 0.000000e+00 4.590751e-03 1.100000e+03 -1.000000e+00 0.000000e+00 -9.990070e+05 3.000000e+00 -1.000000e+00 7.310439e-01 -1.0 0.000000e+00 0.000000e+00 -1.000000e+00 7.777314e-01 -1.000000e+00 -9.990070e+05 3.919140e-01 3.919140e-01 9.678434e-01 -1.000000e+00 -1.000000e+00 0.000000e+00 -1.000000e+00 6.467538e-02 0.000000e+00 -1.000000e+00
7.783666e-01 -1.000000e+00 0.000000e+00 -1.000000e+00 -1.000000e+00 0.000000e+00 7.235250e-02 -1.000000e+00 -1.000000e+00 2.234742e+00 0.000000e+00 -1.000000e+00 0.000000e+00 1.467624e-04 1.200000e+03 1.098277e+00 0.000000e+00 -9.990070e+05 3.000000e+00 -1.000000e+00 1.401290e-01 -1.0 0.000000e+00 0.000000e+00 -1.000000e+00 4.151035e-01 -1.000000e+00 -9.990070e+05 6.877791e-02 6.877791e-02 8.869942e-01 5.756517e-01 1.584628e+00 0.000000e+00 -1.000000e+00 5.166044e-03 0.000000e+00 1.090348e+00
7.745891e-01 -1.000000e+00 4.000000e+03 -1.000000e+00 -1.000000e+00 1.000000e+02 7.071181e-02 -1.000000e+00 -1.000000e+00 2.218503e+00 0.000000e+00 -1.000000e+00 1.000000e+00 1.406932e-04 1.200000e+03 1.093422e+00 1.000000e+00 -9.990070e+05 3.000000e+00 -1.000000e+00 1.369163e-01 -1.0 0.000000e+00 0.000000e+00 -1.000000e+00 4.097294e-01 -1.000000e+00 -9.990070e+05 6.719944e-02 6.719944e-02 8.849055e-01 5.730046e-01 1.576209e+00 0.000000e+00 -1.000000e+00 5.001231e-03 0.000000e+00 1.085192e+00
8.267171e-01 -1.000000e+00 0.000000e+00 -1.000000e+00 -1.000000e+00 2.000000e+02 8.908480e-02 -1.000000e+00 -1.000000e+00 2.375261e+00 0.000000e+00 -1.000000e+00 0.000000e+00 2.161096e-04 1.200000e+03 1.167309e+00 0.000000e+00 -9.990070e+05 3.000000e+00 -1.000000e+00 1.729570e-01 -1.0 0.000000e+00 0.000000e+00 -1.000000e+00 4.652901e-01 -1.000000e+00 -9.990070e+05 8.491341e-02 8.491341e-02 9.042625e-01 6.114303e-01 1.684289e+00 0.000000e+00 -1.000000e+00 6.946002e-03 0.000000e+00 1.158626e+00
-1.000000e+00 -1.000000e+00 0.000000e+00 -1.000000e+00 -1.000000e+00 3.000000e+02 9.721032e-02 -1.000000e+00 -1.000000e+00 -1.000000e+00 0.000000e+00 -1.000000e+00 0.000000e+00 2.547993e-04 1.200000e+03 -1.000000e+00 0.000000e+00 -9.990070e+05 3.000000e+00 -1.000000e+00 1.889594e-01 -1.0 0.000000e+00 0.000000e+00 -1.000000e+00 4.869324e-01 -1.000000e+00 -9.990070e+05 9.278990e-02 9.278990e-02 9.106743e-01 -1.000000e+00 -1.000000e+00 0.000000e+00 -1.000000e+00 7.874144e-03 0.000000e+00 -1.000000e+00
-1.000000e+00 -1.000000e+00 0.000000e+00 -1.000000e+00 -1.000000e+00 4.000000e+02 1.337520e-01 -1.000000e+00 -1.000000e+00 -1.000000e+00 0.000000e+00 -1.000000e+00 0.000000e+00 4.722170e-04 1.200000e+03 -1.000000e+00 0.000000e+00 -9.990070e+05 3.000000e+00 -1.000000e+00 2.614554e-01 -1.0 0.000000e+00 0.000000e+00 -1.000000e+00 5.667941e-01 -1.000000e+00 -9.990070e+05 1.286006e-01 1.286006e-01 9.305365e-01 -1.000000e+00 -1.000000e+00 0.000000e+00 -1.000000e+00 1.255423e-02 0.000000e+00 -1.000000e+00
-1.000000e+00 -1.000000e+00 0.000000e+00 -1.000000e+00 -1.000000e+00 5.000000e+02 1.982233e-01 -1.000000e+00 -1.000000e+00 -1.000000e+00 0.000000e+00 -1.000000e+00 0.000000e+00 1.061993e-03 1.200000e+03 -1.000000e+00 0.000000e+00 -9.990070e+05 3.000000e+00 -1.000000e+00 3.925408e-01 -1.0 0.000000e+00 0.000000e+00 -1.000000e+00 6.605433e-01 -1.000000e+00 -9.990070e+05 1.945461e-01 1.945461e-01 9.488695e-01 -1.000000e+00 -1.000000e+00 0.000000e+00 -1.000000e+00 2.294680e-02 0.000000e+00 -1.000000e+00
-1.000000e+00 -1.000000e+00 0.000000e+00 -1.000000e+00 -1.000000e+00 6.000000e+02 3.096523e-01 -1.000000e+00 -1.000000e+00 -1.000000e+00 0.000000e+00 -1.000000e+00 0.000000e+00 3.119930e-03 1.200000e+03 -1.000000e+00 0.000000e+00 -9.990070e+05 3.000000e+00 -1.000000e+00 6.338014e-01 -1.0 0.000000e+00 0.000000e+00 -1.000000e+00 7.533895e-01 -1.000000e+00 -9.990070e+05 3.276891e-01 3.276891e-01 9.641229e-01 -1.000000e+00 -1.000000e+00 0.000000e+00 -1.000000e+00 4.974565e-02 0.000000e+00 -1.000000e+00
-1.000000e+00 -1.000000e+00 0.000000e+00 -1.000000e+00 -1.000000e+00 0.000000e+00 2.543304e-01 -1.000000e+00 -1.000000e+00 -1.000000e+00 0.000000e+00 -1.000000e+00 0.000000e+00 1.874674e-03 1.300000e+03 -1.000000e+00 0.000000e+00 -9.990070e+05 3.000000e+00 -1.000000e+00 5.113693e-01 -1.0 0.000000e+00 0.000000e+00 -1.000000e+00 7.142801e-01 -1.000000e+00 -9.990070e+05 2.571917e-01 2.571917e-01 9.579385e-01 -1.000000e+00 -1.000000e+00 0.000000e+00 -1.000000e+00 3.470223e-02 0.000000e+00 -1.000000e+00
-1.000000e+00 -1.000000e+00 0.000000e+00 -1.000000e+00 -1.000000e+00 1.000000e+02 2.577375e-01 -1.000000e+00 -1.000000e+00 -1.000000e+00 0.000000e+00 -1.000000e+00 0.000000e+00 1.936256e-03 1.300000e+03 -1.000000e+00 0.000000e+00 -9.990070e+05 3.000000e+00 -1.000000e+00 5.187577e-01 -1.0 0.000000e+00 0.000000e+00 -1.000000e+00 7.170124e-01 -1.000000e+00 -9.990070e+05 2.612345e-01 2.612345e-01 9.583803e-01 -1.000000e+00 -1.000000e+00 0.000000e+00 -1.000000e+00 3.551689e-02 0.000000e+00 -1.000000e+00
-1.000000e+00 -1.000000e+00 0.000000e+00 -1.000000e+00 -1.000000e+00 2.000000e+02 2.576296e-01 -1.000000e+00 -1.000000e+00 -1.000000e+00 0.000000e+00 -1.000000e+00 0.000000e+00 1.934280e-03 1.300000e+03 -1.000000e+00 0.000000e+00 -9.990070e+05 3.000000e+00 -1.000000e+00 5.185244e-01 -1.0 0.000000e+00 0.000000e+00 -1.000000e+00 7.169266e-01 -1.000000e+00 -9.990070e+05 2.611070e-01 2.611070e-01 9.583665e-01 -1.000000e+00 -1.000000e+00 0.000000e+00 -1.000000e+00 3.549089e-02 0.000000e+00 -1.000000e+00
-1.000000e+00 -1.000000e+00 0.000000e+00 -1.000000e+00 -1.000000e+00 3.000000e+02 2.785092e-01 -1.000000e+00 -1.000000e+00 -1.000000e+00 0.000000e+00 -1.000000e+00 0.000000e+00 2.350069e-03 1.300000e+03 -1.000000e+00 0.000000e+00 -9.990070e+05 3.000000e+00 -1.000000e+00 5.642414e-01 -1.0 0.000000e+00 0.000000e+00 -1.000000e+00 7.326638e-01 -1.000000e+00 -9.990070e+05 2.866401e-01 2.866401e-01 9.608814e-01 -1.000000e+00 -1.000000e+00 0.000000e+00 -1.000000e+00 4.077831e-02 0.000000e+00 -1.000000e+00
-1.000000e+00 -1.000000e+00 0.000000e+00 -1.000000e+00 -1.000000e+00 4.000000e+02 2.895325e-01 -1.000000e+00 -1.000000e+00 -1.000000e+00 0.000000e+00 -1.000000e+00 0.000000e+00 2.599766e-03 1.300000e+03 -1.000000e+00 0.000000e+00 -9.990070e+05 3.000000e+00 -1.000000e+00 5.886884e-01 -1.0 0.000000e+00 0.000000e+00 -1.000000e+00 7.403402e-01 -1.000000e+00 -9.990070e+05 3.007262e-01 3.007262e-01 9.620908e-01 -1.000000e+00 -1.000000e+00 0.000000e+00 -1.000000e+00 4.379328e-02 0.000000e+00 -1.000000e+00
-1.000000e+00 -1.000000e+00 0.000000e+00 -1.000000e+00 -1.000000e+00 5.000000e+02 3.364566e-01 -1.000000e+00 -1.000000e+00 -1.000000e+00 0.000000e+00 -1.000000e+00 0.000000e+00 3.973984e-03 1.300000e+03 -1.000000e+00 0.000000e+00 -9.990070e+05 3.000000e+00 -1.000000e+00 6.947173e-01 -1.0 0.000000e+00 0.000000e+00 -1.000000e+00 7.691423e-01 -1.000000e+00 -9.990070e+05 3.667046e-01 3.667046e-01 9.665402e-01 -1.000000e+00 -1.000000e+00 0.000000e+00 -1.000000e+00 5.871453e-02 0.000000e+00 -1.000000e+00
-1.000000e+00 -1.000000e+00 0.000000e+00 -1.000000e+00 -1.000000e+00 6.000000e+02 3.792493e-01 -1.000000e+00 -1.000000e+00 -1.000000e+00 0.000000e+00 -1.000000e+00 0.000000e+00 5.894242e-03 1.300000e+03 -1.000000e+00 0.000000e+00 -9.990070e+05 3.000000e+00 -1.000000e+00 7.924757e-01 -1.0 0.000000e+00 0.000000e+00 -1.000000e+00 7.912798e-01 -1.000000e+00 -9.990070e+05 4.392597e-01 4.392597e-01 9.698802e-01 -1.000000e+00 -1.000000e+00 0.000000e+00 -1.000000e+00 7.611807e-02 0.000000e+00 -1.000000e+00
-1.000000e+00 -1.000000e+00 0.000000e+00 -1.000000e+00 -1.000000e+00 0.000000e+00 4.068636e-01 -1.000000e+00 -1.000000e+00 -1.000000e+00 0.000000e+00 -1.000000e+00 0.000000e+00 7.702275e-03 1.400000e+03 -1.000000e+00 0.000000e+00 -9.990070e+05 3.000000e+00 -1.000000e+00 8.539291e-01 -1.0 0.000000e+00 0.000000e+00 -1.000000e+00 8.040543e-01 -1.000000e+00 -9.990070e+05 4.960790e-01 4.960790e-01 9.717818e-01 -1.000000e+00 -1.000000e+00 0.000000e+00 -1.000000e+00 8.992173e-02 0.000000e+00 -1.000000e+00
-1.000000e+00 -1.000000e+00 0.000000e+00 -1.000000e+00 -1.000000e+00 1.000000e+02 4.037546e-01 -1.000000e+00 -1.000000e+00 -1.000000e+00 0.000000e+00 -1.000000e+00 0.000000e+00 7.468059e-03 1.400000e+03 -1.000000e+00 0.000000e+00 -9.990070e+05 3.000000e+00 -1.000000e+00 8.471534e-01 -1.0 0.000000e+00 0.000000e+00 -1.000000e+00 8.026654e-01 -1.000000e+00 -9.990070e+05 4.891478e-01 4.891478e-01 9.715759e-01 -1.000000e+00 -1.000000e+00 0.000000e+00 -1.000000e+00 8.824886e-02 0.000000e+00 -1.000000e+00
-1.000000e+00 -1.000000e+00 0.000000e+00 -1.000000e+00 -1.000000e+00 2.000000e+02 4.129052e-01 -1.000000e+00 -1.000000e+00 -1.000000e+00 0.000000e+00 -1.000000e+00 0.000000e+00 8.183967e-03 1.400000e+03 -1.000000e+00 0.000000e+00 -9.990070e+05 3.000000e+00 -1.000000e+00 8.669408e-01 -1.0 0.000000e+00 0.000000e+00 -1.000000e+00 8.067206e-01 -1.000000e+00 -9.990070e+05 5.099837e-01 5.099837e-01 9.721767e-01 -1.000000e+00 -1.000000e+00 0.000000e+00 -1.000000e+00 9.326612e-02 0.000000e+00 -1.000000e+00
-1.000000e+00 -1.000000e+00 0.000000e+00 -1.000000e+00 -1.000000e+00 3.000000e+02 4.124511e-01 -1.000000e+00 -1.000000e+00 -1.000000e+00 0.000000e+00 -1.000000e+00 0.000000e+00 8.146479e-03 1.400000e+03 -1.000000e+00 0.000000e+00 -9.990070e+05 3.000000e+00 -1.000000e+00 8.659698e-01 -1.0 0.000000e+00 0.000000e+00 -1.000000e+00 8.065217e-01 -1.000000e+00 -9.990070e+05 5.089160e-01 5.089160e-01 9.721472e-01 -1.000000e+00 -1.000000e+00 0.000000e+00 -1.000000e+00 9.301033e-02 0.000000e+00 -1.000000e+00
-1.000000e+00 -1.000000e+00 0.000000e+00 -1.000000e+00 -1.000000e+00 4.000000e+02 4.152532e-01 -1.000000e+00 -1.000000e+00 -1.000000e+00 0.000000e+00 -1.000000e+00 0.000000e+00 8.381248e-03 1.400000e+03 -1.000000e+00 0.000000e+00 -9.990070e+05 3.000000e+00 -1.000000e+00 8.719441e-01 -1.0 0.000000e+00 0.000000e+00 -1.000000e+00 8.077455e-01 -1.000000e+00 -9.990070e+05 5.155734e-01 5.155734e-01 9.723282e-01 -1.000000e+00 -1.000000e+00 0.000000e+00 -1.000000e+00 9.460011e-02 0.000000e+00 -1.000000e+00
2.578054e+00 -1.000000e+00 0.000000e+00 -1.000000e+00 -1.000000e+00 5.000000e+02 4.315930e-01 -1.000000e+00 -1.000000e+00 7.422303e+00 0.000000e+00 -1.000000e+00 0.000000e+00 9.934601e-03 1.400000e+03 3.657385e+00 0.000000e+00 -9.990070e+05 3.000000e+00 -1.000000e+00 9.057499e-01 -1.0 0.000000e+00 0.000000e+00 -1.000000e+00 8.147127e-01 -1.000000e+00 -9.990070e+05 5.580028e-01 5.580028e-01 9.733562e-01 1.910713e+00 5.261075e+00 0.000000e+00 -1.000000e+00 1.044471e-01 0.000000e+00 3.626894e+00
2.878910e+00 -1.000000e+00 0.000000e+00 -1.000000e+00 -1.000000e+00 6.000000e+02 4.451560e-01 -1.000000e+00 -1.000000e+00 8.292420e+00 0.000000e+00 -1.000000e+00 0.000000e+00 1.151520e-02 1.400000e+03 4.086776e+00 0.000000e+00 -9.990070e+05 3.000000e+00 -1.000000e+00 9.317183e-01 -1.0 0.000000e+00 0.000000e+00 -1.000000e+00 8.202938e-01 -1.000000e+00 -9.990070e+05 5.980702e-01 5.980702e-01 9.741766e-01 2.134908e+00 5.882759e+00 0.000000e+00 -1.000000e+00 1.134272e-01 0.000000e+00 4.053539e+00
3.791789e+00 -1.000000e+00 0.000000e+00 -1.000000e+00 -1.000000e+00 0.000000e+00 4.684503e-01 -1.000000e+00 -1.000000e+00 1.091825e+01 0.000000e+00 -1.000000e+00 0.000000e+00 1.509446e-02 1.500000e+03 5.384838e+00 0.000000e+00 -9.990070e+05 3.000000e+00 -1.000000e+00 9.701110e-01 -1.0 0.000000e+00 0.000000e+00 -1.000000e+00 8.295051e-01 -1.000000e+00 -9.990070e+05 6.844326e-01 6.844326e-01 9.755252e-01 2.813597e+00 7.753448e+00 0.000000e+00 -1.000000e+00 1.307676e-01 0.000000e+00 5.342447e+00
3.693419e+00 -1.000000e+00 0.000000e+00 -1.000000e+00 -1.000000e+00 1.000000e+02 4.667580e-01 -1.000000e+00 -1.000000e+00 1.063416e+01 0.000000e+00 -1.000000e+00 0.000000e+00 1.478832e-02 1.500000e+03 5.245462e+00 0.000000e+00 -9.990070e+05 3.000000e+00 -1.000000e+00 9.676589e-01 -1.0 0.000000e+00 0.000000e+00 -1.000000e+00 8.288504e-01 -1.000000e+00 -9.990070e+05 6.770691e-01 6.770691e-01 9.754296e-01 2.740954e+00 7.555514e+00 0.000000e+00 -1.000000e+00 1.294203e-01 0.000000e+00 5.203713e+00
3.744690e+00 -1.000000e+00 0.000000e+00 -1.000000e+00 -1.000000e+00 2.000000e+02 4.676763e-01 -1.000000e+00 -1.000000e+00 1.078534e+01 0.000000e+00 -1.000000e+00 0.000000e+00 1.495340e-02 1.500000e+03 5.319336e+00 0.000000e+00 -9.990070e+05 3.000000e+00 -1.000000e+00 9.689970e-01 -1.0 0.000000e+00 0.000000e+00 -1.000000e+00 8.292059e-01 -1.000000e+00 -9.990070e+05 6.810354e-01 6.810354e-01 9.754815e-01 2.779292e+00 7.661346e+00 0.000000e+00 -1.000000e+00 1.301496e-01 0.000000e+00 5.277494e+00
3.855493e+00 -1.000000e+00 0.000000e+00 -1.000000e+00 -1.000000e+00 3.000000e+02 4.694774e-01 -1.000000e+00 -1.000000e+00 1.109941e+01 0.000000e+00 -1.000000e+00 0.000000e+00 1.528440e-02 1.500000e+03 5.474788e+00 0.000000e+00 -9.990070e+05 3.000000e+00 -1.000000e+00 9.715686e-01 -1.0 0.000000e+00 0.000000e+00 -1.000000e+00 8.299013e-01 -1.000000e+00 -9.990070e+05 6.890150e-01 6.890150e-01 9.755831e-01 2.860854e+00 7.882052e+00 0.000000e+00 -1.000000e+00 1.315924e-01 0.000000e+00 5.430884e+00
3.760003e+00 -1.000000e+00 0.000000e+00 -1.000000e+00 -1.000000e+00 4.000000e+02 4.679178e-01 -1.000000e+00 -1.000000e+00 1.083022e+01 0.000000e+00 -1.000000e+00 0.000000e+00 1.499723e-02 1.500000e+03 5.340329e+00 0.000000e+00 -9.990070e+05 3.000000e+00 -1.000000e+00 9.693460e-01 -1.0 0.000000e+00 0.000000e+00 -1.000000e+00 8.292993e-01 -1.000000e+00 -9.990070e+05 6.820905e-01 6.820905e-01 9.754952e-01 2.790129e+00 7.690726e+00 0.000000e+00 -1.000000e+00 1.303421e-01 0.000000e+00 5.298426e+00
4.052676e+00 -1.000000e+00 0.000000e+00 -1.000000e+00 -1.000000e+00 5.000000e+02 4.723650e-01 -1.000000e+00 -1.000000e+00 1.167519e+01 0.000000e+00 -1.000000e+00 0.000000e+00 1.583577e-02 1.500000e+03 5.754772e+00 0.000000e+00 -9.990070e+05 3.000000e+00 -1.000000e+00 9.755358e-01 -1.0 0.000000e+00 0.000000e+00 -1.000000e+00 8.310112e-01 -1.000000e+00 -9.990070e+05 7.023890e-01 7.023890e-01 9.757452e-01 3.006522e+00 8.286412e+00 0.000000e+00 -1.000000e+00 1.339397e-01 0.000000e+00 5.708725e+00
4.397305e+00 -1.000000e+00 0.000000e+00 -1.000000e+00 -1.000000e+00 6.000000e+02 4.764858e-01 -1.000000e+00 -1.000000e+00 1.265398e+01 0.000000e+00 -1.000000e+00 0.000000e+00 1.666956e-02 1.500000e+03 6.227946e+00 0.000000e+00 -9.990070e+05 3.000000e+00 -1.000000e+00 9.808655e-01 -1.0 0.000000e+00 0.000000e+00 -1.000000e+00 8.325846e-01 -1.000000e+00 -9.990070e+05 7.231874e-01 7.231874e-01 9.759747e-01 3.253540e+00 8.982096e+00 0.000000e+00 -1.000000e+00 1.373637e-01 0.000000e+00 6.181216e+00
6.109792e+00 -1.000000e+00 0.000000e+00 -1.000000e+00 -1.000000e+00 0.000000e+00 4.878542e-01 -1.000000e+00 -1.000000e+00 1.756174e+01 0.000000e+00 -1.000000e+00 0.000000e+00 1.929646e-02 1.600000e+03 8.646645e+00 0.000000e+00 -9.990070e+05 3.000000e+00 -1.000000e+00 9.929901e-01 -1.0 0.000000e+00 0.000000e+00 -1.000000e+00 8.368644e-01 -1.000000e+00 -9.990070e+05 7.941344e-01 7.941344e-01 9.765983e-01 4.518239e+00 1.246916e+01 0.000000e+00 -1.000000e+00 1.472763e-01 0.000000e+00 8.581662e+00
6.087851e+00 -1.000000e+00 0.000000e+00 -1.000000e+00 -1.000000e+00 1.000000e+02 4.877650e-01 -1.000000e+00 -1.000000e+00 1.749885e+01 0.000000e+00 -1.000000e+00 0.000000e+00 1.927375e-02 1.600000e+03 8.615890e+00 0.000000e+00 -9.990070e+05 3.000000e+00 -1.000000e+00 9.929123e-01 -1.0 0.000000e+00 0.000000e+00 -1.000000e+00 8.368312e-01 -1.000000e+00 -9.990070e+05 7.934703e-01 7.934703e-01 9.765935e-01 4.502079e+00 1.242478e+01 0.000000e+00 -1.000000e+00 1.471957e-01 0.000000e+00 8.551087e+00
6.172969e+00 -1.000000e+00 0.000000e+00 -1.000000e+00 -1.000000e+00 2.000000e+02 4.881025e-01 -1.000000e+00 -1.000000e+00 1.775116e+01 0.000000e+00 -1.000000e+00 0.000000e+00 1.935979e-02 1.600000e+03 8.736917e+00 0.000000e+00 -9.990070e+05 3.000000e+00 -1.000000e+00 9.932046e-01 -1.0 0.000000e+00 0.000000e+00 -1.000000e+00 8.369569e-01 -1.000000e+00 -9.990070e+05 7.959932e-01 7.959932e-01 9.766118e-01 4.565027e+00 1.260086e+01 0.000000e+00 -1.000000e+00 1.475005e-01 0.000000e+00 8.671260e+00
6.097952e+00 -1.000000e+00 0.000000e+00 -1.000000e+00 -1.000000e+00 3.000000e+02 4.878064e-01 -1.000000e+00 -1.000000e+00 1.752710e+01 0.000000e+00 -1.000000e+00 0.000000e+00 1.928429e-02 1.600000e+03 8.630011e+00 0.000000e+00 -9.990070e+05 3.000000e+00 -1.000000e+00 9.929481e-01 -1.0 0.000000e+00 0.000000e+00 -1.000000e+00 8.368466e-01 -1.000000e+00 -9.990070e+05 7.937701e-01 7.937701e-01 9.765957e-01 4.509535e+00 1.244500e+01 0.000000e+00 -1.000000e+00 1.472331e-01 0.000000e+00 8.565123e+00
6.261173e+00 -1.000000e+00 0.000000e+00 -1.000000e+00 -1.000000e+00 4.000000e+02 4.884364e-01 -1.000000e+00 -1.000000e+00 1.799881e+01 0.000000e+00 -1.000000e+00 0.000000e+00 1.944544e-02 1.600000e+03 8.860035e+00 0.000000e+00 -9.990070e+05 3.000000e+00 -1.000000e+00 9.934900e-01 -1.0 0.000000e+00 0.000000e+00 -1.000000e+00 8.370813e-01 -1.000000e+00 -9.990070e+05 7.985367e-01 7.985367e-01 9.766299e-01 4.629627e+00 1.277795e+01 0.000000e+00 -1.000000e+00 1.478028e-01 0.000000e+00 8.793571e+00
6.444082e+00 -1.000000e+00 4.000000e+03 -1.000000e+00 -1.000000e+00 5.000000e+02 4.890837e-01 -1.000000e+00 -1.000000e+00 1.852769e+01 0.000000e+00 -1.000000e+00 1.000000e+00 1.961289e-02 1.600000e+03 9.117398e+00 1.000000e+00 -9.990070e+05 3.000000e+00 -1.000000e+00 9.940307e-01 -1.0 0.000000e+00 0.000000e+00 -1.000000e+00 8.373221e-01 -1.000000e+00 -9.990070e+05 8.035737e-01 8.035737e-01 9.766649e-01 4.763774e+00 1.315098e+01 0.000000e+00 -1.000000e+00 1.483904e-01 0.000000e+00 9.049178e+00
7.075960e+00 -1.000000e+00 0.000000e+00 -1.000000e+00 -1.000000e+00 6.000000e+02 4.909571e-01 -1.000000e+00 -1.000000e+00 2.033942e+01 0.000000e+00 -1.000000e+00 0.000000e+00 2.010847e-02 1.600000e+03 1.001150e+01 0.000000e+00 -9.990070e+05 3.000000e+00 -1.000000e+00 9.955005e-01 -1.0 0.000000e+00 0.000000e+00 -1.000000e+00 8.380177e-01 -1.000000e+00 -9.990070e+05 8.191217e-01 8.191217e-01 9.767662e-01 5.231131e+00 1.443930e+01 0.000000e+00 -1.000000e+00 1.501042e-01 0.000000e+00 9.936295e+00
-1.000000e+00 -1.000000e+00 0.000000e+00 -1.000000e+00 -1.000000e+00 0.000000e+00 3.372779e-01 -1.000000e+00 -1.000000e+00 -1.000000e+00 0.000000e+00 -1.000000e+00 0.000000e+00 4.003648e-03 2.000000e+02 -1.000000e+00 0.000000e+00 -9.990070e+05 3.000000e+00 -1.000000e+00 7.038113e-01 -1.0 0.000000e+00 0.000000e+00 -1.000000e+00 7.695994e-01 -1.000000e+00 -9.990070e+05 3.783532e-01 3.783532e-01 9.666098e-01 -1.000000e+00 -1.000000e+00 0.000000e+00 -1.000000e+00 5.901040e-02 0.000000e+00 -1.000000e+00
-1.000000e+00 -1.000000e+00 4.000000e+03 -1.000000e+00 -1.000000e+00 2.500000e+02 3.892019e-01 -1.000000e+00 -1.000000e+00 -1.000000e+00 0.000000e+00 -1.000000e+00 1.000000e+00 6.480389e-03 3.000000e+02 -1.000000e+00 1.000000e+00 -9.990070e+05 3.000000e+00 -1.000000e+00 8.187684e-01 -1.0 0.000000e+00 0.000000e+00 -1.000000e+00 7.960021e-01 -1.000000e+00 -9.990070e+05 4.664493e-01 4.664493e-01 9.705851e-01 -1.000000e+00 -1.000000e+00 0.000000e+00 -1.000000e+00 8.082880e-02 0.000000e+00 -1.000000e+00
1.095003e+00 -1.000000e+00 0.000000e+00 -1.000000e+00 -1.000000e+00 2.750000e+02 1.679541e-01 -1.000000e+00 -1.000000e+00 1.057750e+01 0.000000e+00 -1.000000e+00 0.000000e+00 7.479775e-04 3.000000e+02 1.771755e+00 0.000000e+00 -9.990070e+05 3.000000e+00 -1.000000e+00 3.333805e-01 -1.0 0.000000e+00 0.000000e+00 -1.000000e+00 6.221928e-01 -1.000000e+00 -9.990070e+05 1.656842e-01 1.656842e-01 9.418403e-01 7.559314e-01 3.480439e+00 0.000000e+00 -1.000000e+00 1.770563e-02 0.000000e+00 1.755925e+00
3.228512e-01 -1.000000e+00 0.000000e+00 -1.000000e+00 -1.000000e+00 0.000000e+00 1.232074e-03 -1.000000e+00 -1.000000e+00 1.234300e+00 0.000000e+00 -1.000000e+00 0.000000e+00 1.682774e-07 4.000000e+02 4.835849e-01 0.000000e+00 -9.990070e+05 3.000000e+00 -1.000000e+00 2.348263e-03 -1.0 0.000000e+00 0.000000e+00 -1.000000e+00 2.565801e-02 -1.000000e+00 -9.990070e+05 1.157442e-03 1.157442e-03 2.181643e-01 2.324604e-01 7.665909e-01 0.000000e+00 -1.000000e+00 2.322939e-05 0.000000e+00 4.795779e-01
-1.000000e+00 -1.000000e+00 -1.000000e+00 -1.000000e+00 -1.000000e+00 3.750000e+02 1.233546e-08 -1.000000e+00 -1.000000e+00 -1.000000e+00 1.000000e+00 -1.000000e+00 0.000000e+00 1.414677e-14 4.000000e+02 -1.000000e+00 0.000000e+00 -9.990070e+05 -1.000000e+00 -1.000000e+00 9.776548e-01 -1.0 0.000000e+00 0.000000e+00 -1.000000e+00 2.665755e-06 -1.000000e+00 -9.990070e+05 9.776548e-01 9.776548e-01 2.198661e-04 -1.000000e+00 -1.000000e+00 0.000000e+00 -1.000000e+00 2.156364e-11 0.000000e+00 -1.000000e+00
9.296794e-01 -1.000000e+00 0.000000e+00 -1.000000e+00 -1.000000e+00 3.750000e+02 1.299509e-01 -1.000000e+00 -1.000000e+00 3.570677e+00 0.000000e+00 -1.000000e+00 0.000000e+00 4.461070e-04 4.250000e+02 1.396324e+00 0.000000e+00 -9.990070e+05 3.000000e+00 -1.000000e+00 2.547463e-01 -1.0 0.000000e+00 0.000000e+00 -1.000000e+00 5.596251e-01 -1.000000e+00 -9.990070e+05 1.255799e-01 1.255799e-01 9.289496e-01 6.691235e-01 2.234880e+00 0.000000e+00 -1.000000e+00 1.202863e-02 0.000000e+00 1.382300e+00
1.173610e+00 -1.000000e+00 0.000000e+00 -1.000000e+00 -1.000000e+00 3.000000e+02 1.921470e-01 -1.000000e+00 -1.000000e+00 8.039253e+00 0.000000e+00 -1.000000e+00 0.000000e+00 9.930104e-04 5.000000e+02 2.047926e+00 0.000000e+00 -9.990070e+05 3.000000e+00 -1.000000e+00 3.816435e-01 -1.0 0.000000e+00 0.000000e+00 -1.000000e+00 6.534893e-01 -1.000000e+00 -9.990070e+05 1.896744e-01 1.896744e-01 9.476164e-01 8.027147e-01 3.955213e+00 0.000000e+00 -1.000000e+00 2.183922e-02 0.000000e+00 2.026376e+00
-1.000000e+00 -1.000000e+00 0.000000e+00 -1.000000e+00 -1.000000e+00 4.750000e+02 4.912322e-01 -1.000000e+00 -1.000000e+00 -1.000000e+00 0.000000e+00 -1.000000e+00 0.000000e+00 2.018264e-02 5.000000e+02 -1.000000e+00 0.000000e+00 -9.990070e+05 3.000000e+00 -1.000000e+00 0.000000e+00 -1.0 0.000000e+00 0.000000e+00 -1.000000e+00 8.381197e-01 -1.000000e+00 -9.990070e+05 0.000000e+00 0.000000e+00 9.767810e-01 -1.000000e+00 -1.000000e+00 0.000000e+00 -1.000000e+00 1.503574e-01 0.000000e+00 -1.000000e+00
7.916828e-01 -1.000000e+00 0.000000e+00 -1.000000e+00 -1.000000e+00 3.000000e+02 7.792492e-02 -1.000000e+00 -1.000000e+00 2.370653e+00 0.000000e+00 -1.000000e+00 0.000000e+00 1.683410e-04 6.000000e+02 1.127358e+00 0.000000e+00 -9.990070e+05 3.000000e+00 -1.000000e+00 1.511578e-01 -1.0 0.000000e+00 0.000000e+00 -1.000000e+00 4.327241e-01 -1.000000e+00 -9.990070e+05 7.422904e-02 7.422904e-02 8.934914e-01 5.830821e-01 1.648163e+00 0.000000e+00 -1.000000e+00 5.738916e-03 0.000000e+00 1.118897e+00
-1.000000e+00 -1.000000e+00 0.000000e+00 -1.000000e+00 -1.000000e+00 5.500000e+02 4.136060e-01 -1.000000e+00 -1.000000e+00 -1.000000e+00 0.000000e+00 -1.000000e+00 0.000000e+00 8.242237e-03 6.000000e+02 -1.000000e+00 0.000000e+00 -9.990070e+05 3.000000e+00 -1.000000e+00 8.685118e-01 -1.0 0.000000e+00 0.000000e+00 -1.000000e+00 8.070272e-01 -1.000000e+00 -9.990070e+05 5.118337e-01 5.118337e-01 9.722220e-01 -1.000000e+00 -1.000000e+00 0.000000e+00 -1.000000e+00 9.366224e-02 0.000000e+00 -1.000000e+00
2.829651e-05 -1.000000e+00 0.000000e+00 -1.000000e+00 -1.000000e+00 5.750000e+02 4.912322e-01 -1.000000e+00 -1.000000e+00 9.548627e-05 0.000000e+00 -1.000000e+00 0.000000e+00 2.018264e-02 6.000000e+02 4.202194e-05 0.000000e+00 -9.990070e+05 3.000000e+00 -1.000000e+00 0.000000e+00 -1.0 0.000000e+00 0.000000e+00 -1.000000e+00 8.381197e-01 -1.000000e+00 -9.990070e+05 0.000000e+00 0.000000e+00 9.767810e-01 2.069294e-05 6.339150e-05 0.000000e+00 -1.000000e+00 1.503574e-01 0.000000e+00 4.202194e-05
6.450539e-01 -1.000000e+00 0.000000e+00 -1.000000e+00 -1.000000e+00 3.000000e+02 3.396910e-02 -1.000000e+00 -1.000000e+00 1.934867e+00 0.000000e+00 -1.000000e+00 0.000000e+00 3.781982e-05 7.000000e+02 9.189291e-01 0.000000e+00 -9.990070e+05 3.000000e+00 -1.000000e+00 6.542919e-02 -1.0 0.000000e+00 0.000000e+00 -1.000000e+00 2.615015e-01 -1.000000e+00 -9.990070e+05 3.213170e-02 3.213170e-02 7.950025e-01 4.757040e-01 1.342823e+00 0.000000e+00 -1.000000e+00 1.805991e-03 0.000000e+00 9.113855e-01
-1.000000e+00 -1.000000e+00 0.000000e+00 -1.000000e+00 -1.000000e+00 4.000000e+02 2.105167e-01 -1.000000e+00 -1.000000e+00 -1.000000e+00 0.000000e+00 -1.000000e+00 0.000000e+00 1.211641e-03 7.000000e+02 -1.000000e+00 0.000000e+00 -9.990070e+05 3.000000e+00 -1.000000e+00 4.181465e-01 -1.0 0.000000e+00 0.000000e+00 -1.000000e+00 6.739648e-01 -1.000000e+00 -9.990070e+05 2.077375e-01 2.077375e-01 9.512096e-01 -1.000000e+00 -1.000000e+00 0.000000e+00 -1.000000e+00 2.527869e-02 0.000000e+00 -1.000000e+00
-1.000000e+00 -1.000000e+00 0.000000e+00 -1.000000e+00 -1.000000e+00 5.000000e+02 4.345621e-01 -1.000000e+00 -1.000000e+00 -1.000000e+00 0.000000e+00 -1.000000e+00 0.000000e+00 1.025534e-02 7.000000e+02 -1.000000e+00 0.000000e+00 -9.990070e+05 3.000000e+00 -1.000000e+00 9.115001e-01 -1.0 0.000000e+00 0.000000e+00 -1.000000e+00 8.159493e-01 -1.000000e+00 -9.990070e+05 5.659274e-01 5.659274e-01 9.735382e-01 -1.000000e+00 -1.000000e+00 0.000000e+00 -1.000000e+00 1.063477e-01 0.000000e+00 -1.000000e+00
4.106887e+00 -1.000000e+00 0.000000e+00 -1.000000e+00 -1.000000e+00 6.000000e+02 4.728701e-01 -1.000000e+00 -1.000000e+00 1.198029e+01 0.000000e+00 -1.000000e+00 0.000000e+00 1.593492e-02 7.000000e+02 5.838065e+00 0.000000e+00 -9.990070e+05 3.000000e+00 -1.000000e+00 9.762096e-01 -1.0 0.000000e+00 0.000000e+00 -1.000000e+00 8.312047e-01 -1.000000e+00 -9.990070e+05 7.048127e-01 7.048127e-01 9.757734e-01 3.039783e+00 8.439448e+00 0.000000e+00 -1.000000e+00 1.343547e-01 0.000000e+00 5.789275e+00
1.772114e-01 -1.000000e+00 0.000000e+00 -1.000000e+00 -1.000000e+00 0.000000e+00 4.075099e-09 -1.000000e+00 -1.000000e+00 5.192956e-01 0.000000e+00 -1.000000e+00 0.000000e+00 3.244704e-15 8.000000e+02 2.517696e-01 0.000000e+00 -9.990070e+05 3.000000e+00 -1.000000e+00 7.374701e-09 -1.0 0.000000e+00 0.000000e+00 -1.000000e+00 1.054873e-06 -1.000000e+00 -9.990070e+05 3.631298e-09 3.631298e-09 1.039783e-04 1.302447e-01 3.650516e-01 0.000000e+00 -1.000000e+00 5.938554e-12 0.000000e+00 2.494371e-01
1.886561e-01 -1.000000e+00 0.000000e+00 -1.000000e+00 -1.000000e+00 1.000000e+02 5.569064e-08 -1.000000e+00 -1.000000e+00 5.695319e-01 0.000000e+00 -1.000000e+00 0.000000e+00 1.068764e-13 8.000000e+02 2.690737e-01 0.000000e+00 -9.990070e+05 3.000000e+00 -1.000000e+00 1.016489e-07 -1.0 0.000000e+00 0.000000e+00 -1.000000e+00 9.331409e-06 -1.000000e+00 -9.990070e+05 5.005374e-08 5.005374e-08 5.988980e-04 1.390592e-01 3.944207e-01 0.000000e+00 -1.000000e+00 1.258421e-10 0.000000e+00 2.664335e-01
2.500994e-01 -1.000000e+00 0.000000e+00 -1.000000e+00 -1.000000e+00 2.000000e+02 7.030413e-06 -1.000000e+00 -1.000000e+00 7.560051e-01 0.000000e+00 -1.000000e+00 0.000000e+00 8.427471e-11 8.000000e+02 3.584009e-01 0.000000e+00 -9.990070e+05 3.000000e+00 -1.000000e+00 1.302758e-05 -1.0 0.000000e+00 0.000000e+00 -1.000000e+00 4.780458e-04 -1.000000e+00 -9.990070e+05 6.412156e-06 6.412156e-06 1.267525e-02 1.837334e-01 5.236515e-01 0.000000e+00 -1.000000e+00 3.956876e-08 0.000000e+00 3.553624e-01
4.966190e-01 -1.000000e+00 0.000000e+00 -1.000000e+00 -1.000000e+00 3.000000e+02 8.872571e-03 -1.000000e+00 -1.000000e+00 1.543711e+00 0.000000e+00 -1.000000e+00 0.000000e+00 3.894675e-06 8.000000e+02 7.125910e-01 0.000000e+00 -9.990070e+05 3.000000e+00 -1.000000e+00 1.694823e-02 -1.0 0.000000e+00 0.000000e+00 -1.000000e+00 1.058842e-01 -1.000000e+00 -9.990070e+05 8.328586e-03 8.328586e-03 5.302007e-01 3.652325e-01 1.054571e+00 0.000000e+00 -1.000000e+00 2.981233e-04 0.000000e+00 7.065424e-01
1.064755e+00 -1.000000e+00 0.000000e+00 -1.000000e+00 -1.000000e+00 4.000000e+02 1.777238e-01 -1.000000e+00 -1.000000e+00 3.115772e+00 0.000000e+00 -1.000000e+00 0.000000e+00 8.414867e-04 8.000000e+02 1.511500e+00 0.000000e+00 -9.990070e+05 3.000000e+00 -1.000000e+00 3.503313e-01 -1.0 0.000000e+00 0.000000e+00 -1.000000e+00 6.354957e-01 -1.000000e+00 -9.990070e+05 1.730699e-01 1.730699e-01 9.443412e-01 7.872557e-01 2.185733e+00 0.000000e+00 -1.000000e+00 1.932332e-02 0.000000e+00 1.498109e+00
-1.000000e+00 -1.000000e+00 0.000000e+00 -1.000000e+00 -1.000000e+00 5.000000e+02 4.032963e-01 -1.000000e+00 -1.000000e+00 -1.000000e+00 0.000000e+00 -1.000000e+00 0.000000e+00 7.434274e-03 8.000000e+02 -1.000000e+00 0.000000e+00 -9.990070e+05 3.000000e+00 -1.000000e+00 8.461608e-01 -1.0 0.000000e+00 0.000000e+00 -1.000000e+00 8.024597e-01 -1.000000e+00 -9.990070e+05 4.881627e-01 4.881627e-01 9.715454e-01 -1.000000e+00 -1.000000e+00 0.000000e+00 -1.000000e+00 8.800494e-02 0.000000e+00 -1.000000e+00
5.765628e+00 -1.000000e+00 0.000000e+00 -1.000000e+00 -1.000000e+00 6.000000e+02 4.857604e-01 -1.000000e+00 -1.000000e+00 1.784916e+01 0.000000e+00 -1.000000e+00 0.000000e+00 1.877306e-02 8.000000e+02 8.267295e+00 0.000000e+00 -9.990070e+05 3.000000e+00 -1.000000e+00 9.910915e-01 -1.0 0.000000e+00 0.000000e+00 -1.000000e+00 8.360827e-01 -1.000000e+00 -9.990070e+05 7.792305e-01 7.792305e-01 9.764845e-01 4.213324e+00 1.221437e+01 0.000000e+00 -1.000000e+00 1.453980e-01 0.000000e+00 8.187520e+00
2.116488e-01 -1.000000e+00 0.000000e+00 -1.000000e+00 -1.000000e+00 0.000000e+00 1.532580e-07 -1.000000e+00 -1.000000e+00 6.183964e-01 0.000000e+00 -1.000000e+00 0.000000e+00 4.210961e-13 9.000000e+02 3.017018e-01 0.000000e+00 -9.990070e+05 3.000000e+00 -1.000000e+00 2.802262e-07 -1.0 0.000000e+00 0.000000e+00 -1.000000e+00 2.151090e-05 -1.000000e+00 -9.990070e+05 1.379493e-07 1.379493e-07 1.159737e-03 1.562474e-01 4.360662e-01 0.000000e+00 -1.000000e+00 4.141434e-10 0.000000e+00 2.990240e-01
-1.000000e+00 -1.000000e+00 0.000000e+00 -1.000000e+00 -1.000000e+00 1.000000e+02 2.872499e-07 -1.000000e+00 -1.000000e+00 -1.000000e+00 0.000000e+00 -1.000000e+00 0.000000e+00 9.919011e-13 9.000000e+02 -1.000000e+00 0.000000e+00 -9.990070e+05 3.000000e+00 -1.000000e+00 5.259732e-07 -1.0 0.000000e+00 0.000000e+00 -1.000000e+00 3.602062e-05 -1.000000e+00 -9.990070e+05 2.588894e-07 2.588894e-07 1.738412e-03 -1.000000e+00 -1.000000e+00 0.000000e+00 -1.000000e+00 8.698541e-10 0.000000e+00 -1.000000e+00
-1.000000e+00 -1.000000e+00 0.000000e+00 -1.000000e+00 -1.000000e+00 2.000000e+02 6.943710e-06 -1.000000e+00 -1.000000e+00 -1.000000e+00 0.000000e+00 -1.000000e+00 0.000000e+00 8.280939e-11 9.000000e+02 -1.000000e+00 0.000000e+00 -9.990070e+05 3.000000e+00 -1.000000e+00 1.282913e-05 -1.0 0.000000e+00 0.000000e+00 -1.000000e+00 4.733399e-04 -1.000000e+00 -9.990070e+05 6.310690e-06 6.310690e-06 1.258128e-02 -1.000000e+00 -1.000000e+00 0.000000e+00 -1.000000e+00 3.898110e-08 0.000000e+00 -1.000000e+00
3.484959e-01 -1.000000e+00 0.000000e+00 -1.000000e+00 -1.000000e+00 3.000000e+02 3.293224e-04 -1.000000e+00 -1.000000e+00 1.023713e+00 0.000000e+00 -1.000000e+00 0.000000e+00 2.256737e-08 9.000000e+02 4.946585e-01 0.000000e+00 -9.990070e+05 3.000000e+00 -1.000000e+00 6.179638e-04 -1.0 0.000000e+00 0.000000e+00 -1.000000e+00 9.567785e-03 -1.000000e+00 -9.990070e+05 3.038167e-04 3.038167e-04 1.115932e-01 2.575450e-01 7.174084e-01 0.000000e+00 -1.000000e+00 4.409780e-06 0.000000e+00 4.904760e-01
-1.000000e+00 -1.000000e+00 0.000000e+00 -1.000000e+00 -1.000000e+00 4.000000e+02 4.504996e-02 -1.000000e+00 -1.000000e+00 -1.000000e+00 0.000000e+00 -1.000000e+00 0.000000e+00 6.225112e-05 9.000000e+02 -1.000000e+00 0.000000e+00 -9.990070e+05 3.000000e+00 -1.000000e+00 8.687840e-02 -1.0 0.000000e+00 0.000000e+00 -1.000000e+00 3.127672e-01 -1.000000e+00 -9.990070e+05 4.264115e-02 4.264115e-02 8.352892e-01 -1.000000e+00 -1.000000e+00 0.000000e+00 -1.000000e+00 2.663571e-03 0.000000e+00 -1.000000e+00
-1.000000e+00 -1.000000e+00 0.000000e+00 -1.000000e+00 -1.000000e+00 5.000000e+02 3.460079e-01 -1.000000e+00 -1.000000e+00 -1.000000e+00 0.000000e+00 -1.000000e+00 0.000000e+00 4.333840e-03 9.000000e+02 -1.000000e+00 0.000000e+00 -9.990070e+05 3.000000e+00 -1.000000e+00 7.165817e-01 -1.0 0.000000e+00 0.000000e+00 -1.000000e+00 7.743726e-01 -1.000000e+00 -9.990070e+05 3.816730e-01 3.816730e-01 9.673349e-01 -1.000000e+00 -1.000000e+00 0.000000e+00 -1.000000e+00 6.223991e-02 0.000000e+00 -1.000000e+00
3.723426e+00 -1.000000e+00 0.000000e+00 -1.000000e+00 -1.000000e+00 6.000000e+02 4.668243e-01 -1.000000e+00 -1.000000e+00 1.088950e+01 0.000000e+00 -1.000000e+00 0.000000e+00 1.480017e-02 9.000000e+02 5.295743e+00 0.000000e+00 -9.990070e+05 3.000000e+00 -1.000000e+00 9.677560e-01 -1.0 0.000000e+00 0.000000e+00 -1.000000e+00 8.288762e-01 -1.000000e+00 -9.990070e+05 6.773516e-01 6.773516e-01 9.754334e-01 2.752793e+00 7.662702e+00 0.000000e+00 -1.000000e+00 1.294728e-01 0.000000e+00 5.250879e+00
