3.123462e-01 -1.000000e+00 0.000000e+00 -1.000000e+00 -1.000000e+00 0.000000e+00 1.681875e-04 -1.000000e+00 -1.000000e+00 9.636232e-01 0.000000e+00 -1.000000e+00 0.000000e+00 8.285089e-09 1.000000e+03 4.496741e-01 0.000000e+00 -9.990070e+05 3.000000e+00 -1.000000e+00 2.412668e-03 -1.0 0.000000e+00 0.000000e+00 -1.000000e+00 5.735120e-03 -1.000000e+00 -9.990070e+05 1.781249e-03 1.781249e-03 7.797581e-02 2.258013e-01 6.652684e-01 0.000000e+00 -1.000000e+00 1.911587e-06 0.000000e+00 5.869254e-01
3.328062e-01 -1.000000e+00 0.000000e+00 -1.000000e+00 -1.000000e+00 1.000000e+02 3.287599e-04 -1.000000e+00 -1.000000e+00 1.024517e+00 0.000000e+00 -1.000000e+00 0.000000e+00 2.250954e-08 1.000000e+03 4.789122e-01 0.000000e+00 -9.990070e+05 3.000000e+00 -1.000000e+00 4.323926e-03 -1.0 0.000000e+00 0.000000e+00 -1.000000e+00 9.555407e-03 -1.000000e+00 -9.990070e+05 3.200192e-03 3.200192e-03 1.114930e-01 2.406101e-01 7.081915e-01 0.000000e+00 -1.000000e+00 4.400377e-06 0.000000e+00 6.249969e-01
4.014878e-01 -1.000000e+00 0.000000e+00 -1.000000e+00 -1.000000e+00 2.000000e+02 2.075844e-03 -1.000000e+00 -1.000000e+00 1.251992e+00 0.000000e+00 -1.000000e+00 0.000000e+00 3.791050e-07 1.000000e+03 5.798695e-01 0.000000e+00 -9.990070e+05 3.000000e+00 -1.000000e+00 2.068704e-02 -1.0 0.000000e+00 0.000000e+00 -1.000000e+00 3.760249e-02 -1.000000e+00 -9.990070e+05 1.539426e-02 1.539426e-02 2.803838e-01 2.907546e-01 8.602551e-01 0.000000e+00 -1.000000e+00 4.519850e-05 0.000000e+00 7.573729e-01
5.662657e-01 -1.000000e+00 0.000000e+00 -1.000000e+00 -1.000000e+00 3.000000e+02 2.088600e-02 -1.000000e+00 -1.000000e+00 1.805504e+00 0.000000e+00 -1.000000e+00 0.000000e+00 1.632294e-05 1.000000e+03 8.245390e-01 0.000000e+00 -9.990070e+05 3.000000e+00 -1.000000e+00 1.364242e-01 -1.0 0.000000e+00 0.000000e+00 -1.000000e+00 1.899791e-01 -1.000000e+00 -9.990070e+05 1.024247e-01 1.024247e-01 7.088652e-01 4.123250e-01 1.229545e+00 0.000000e+00 -1.000000e+00 9.328461e-04 0.000000e+00 1.078021e+00
9.374560e-01 -1.000000e+00 4.000000e+03 -1.000000e+00 -1.000000e+00 4.000000e+02 1.324069e-01 -1.000000e+00 -1.000000e+00 2.972711e+00 0.000000e+00 -1.000000e+00 1.000000e+00 4.628796e-04 1.000000e+03 1.358462e+00 1.000000e+00 -9.990070e+05 2.000000e+00 -1.000000e+00 5.519229e-01 -1.0 0.000000e+00 0.000000e+00 -1.000000e+00 5.642835e-01 -1.000000e+00 -9.990070e+05 4.248920e-01 4.248920e-01 9.299844e-01 6.773759e-01 2.027253e+00 0.000000e+00 -1.000000e+00 1.236719e-02 1.000000e+00 1.779470e+00
2.185962e+00 -1.000000e+00 4.000000e+03 -1.000000e+00 -1.000000e+00 5.000000e+02 3.989932e-01 -1.000000e+00 -1.000000e+00 6.734217e+00 0.000000e+00 -1.000000e+00 1.000000e+00 7.126022e-03 1.000000e+03 3.149895e+00 1.000000e+00 -9.990070e+05 2.000000e+00 -1.000000e+00 9.926997e-01 -1.0 0.000000e+00 0.000000e+00 -1.000000e+00 8.005153e-01 -1.000000e+00 -9.990070e+05 9.659269e-01 9.659269e-01 9.712567e-01 1.582695e+00 4.652846e+00 0.000000e+00 -1.000000e+00 8.574811e-02 1.000000e+00 4.106738e+00
4.598395e+00 -1.000000e+00 0.000000e+00 -1.000000e+00 -1.000000e+00 6.000000e+02 4.765328e-01 -1.000000e+00 -1.000000e+00 1.500250e+01 0.000000e+00 -1.000000e+00 0.000000e+00 1.667941e-02 1.000000e+03 6.712672e+00 0.000000e+00 -9.990070e+05 3.000000e+00 -1.000000e+00 9.774595e-01 -1.0 0.000000e+00 0.000000e+00 -1.000000e+00 8.326025e-01 -1.000000e+00 -9.990070e+05 6.853364e-01 6.853364e-01 9.759773e-01 3.350329e+00 1.009628e+01 0.000000e+00 -1.000000e+00 1.374033e-01 0.000000e+00 8.787788e+00
4.155469e-01 -1.000000e+00 0.000000e+00 -1.000000e+00 -1.000000e+00 0.000000e+00 2.441901e-03 -1.000000e+00 -1.000000e+00 1.270385e+00 0.000000e+00 -1.000000e+00 0.000000e+00 4.893315e-07 1.100000e+03 5.962690e-01 0.000000e+00 -9.990070e+05 3.000000e+00 -1.000000e+00 2.394778e-02 -1.0 0.000000e+00 0.000000e+00 -1.000000e+00 4.231079e-02 -1.000000e+00 -9.990070e+05 1.786587e-02 1.786587e-02 3.025872e-01 3.012754e-01 8.800303e-01 0.000000e+00 -1.000000e+00 5.567031e-05 0.000000e+00 7.776538e-01
4.344220e-01 -1.000000e+00 0.000000e+00 -1.000000e+00 -1.000000e+00 1.000000e+02 3.482057e-03 -1.000000e+00 -1.000000e+00 1.329132e+00 0.000000e+00 -1.000000e+00 0.000000e+00 8.582666e-07 1.100000e+03 6.236044e-01 0.000000e+00 -9.990070e+05 3.000000e+00 -1.000000e+00 3.218367e-02 -1.0 0.000000e+00 0.000000e+00 -1.000000e+00 5.465208e-02 -1.000000e+00 -9.990070e+05 2.404220e-02 2.404220e-02 3.561389e-01 3.148179e-01 9.206373e-01 0.000000e+00 -1.000000e+00 8.795222e-05 0.000000e+00 8.134054e-01
4.547267e-01 -1.000000e+00 0.000000e+00 -1.000000e+00 -1.000000e+00 2.000000e+02 5.008970e-03 -1.000000e+00 -1.000000e+00 1.399562e+00 0.000000e+00 -1.000000e+00 0.000000e+00 1.536291e-06 1.100000e+03 6.540966e-01 0.000000e+00 -9.990070e+05 3.000000e+00 -1.000000e+00 4.337536e-02 -1.0 0.000000e+00 0.000000e+00 -1.000000e+00 7.084582e-02 -1.000000e+00 -9.990070e+05 3.243409e-02 3.243409e-02 4.183870e-01 3.289216e-01 9.670509e-01 0.000000e+00 -1.000000e+00 1.409722e-04 0.000000e+00 8.535365e-01
5.654901e-01 -1.000000e+00 0.000000e+00 -1.000000e+00 -1.000000e+00 3.000000e+02 1.920790e-02 -1.000000e+00 -1.000000e+00 1.741296e+00 0.000000e+00 -1.000000e+00 0.000000e+00 1.415340e-05 1.100000e+03 8.136875e-01 0.000000e+00 -9.990070e+05 3.000000e+00 -1.000000e+00 1.288650e-01 -1.0 0.000000e+00 0.000000e+00 -1.000000e+00 1.796144e-01 -1.000000e+00 -9.990070e+05 9.694389e-02 9.694389e-02 6.922484e-01 4.098859e-01 1.202009e+00 0.000000e+00 -1.000000e+00 8.333668e-04 0.000000e+00 1.060943e+00
7.913372e-01 -1.000000e+00 4.000000e+03 -1.000000e+00 -1.000000e+00 4.000000e+02 8.061616e-02 -1.000000e+00 -1.000000e+00 2.481297e+00 0.000000e+00 -1.000000e+00 1.000000e+00 1.793009e-04 1.100000e+03 1.142072e+00 1.000000e+00 -9.990070e+05 2.000000e+00 -1.000000e+00 3.870050e-01 -1.0 0.000000e+00 0.000000e+00 -1.000000e+00 4.408987e-01 -1.000000e+00 -9.990070e+05 2.940261e-01 2.940261e-01 8.963365e-01 5.711933e-01 1.699177e+00 0.000000e+00 -1.000000e+00 6.022765e-03 1.000000e+00 1.494516e+00
1.494678e+00 -1.000000e+00 4.000000e+03 -1.000000e+00 -1.000000e+00 5.000000e+02 3.000682e-01 -1.000000e+00 -1.000000e+00 4.775582e+00 0.000000e+00 -1.000000e+00 1.000000e+00 2.860946e-03 1.100000e+03 2.170785e+00 1.000000e+00 -9.990070e+05 3.000000e+00 -1.000000e+00 9.102975e-01 -1.0 0.000000e+00 0.000000e+00 -1.000000e+00 7.473186e-01 -1.000000e+00 -9.990070e+05 7.921101e-01 7.921101e-01 9.631811e-01 1.081160e+00 3.245903e+00 0.000000e+00 -1.000000e+00 4.683404e-02 0.000000e+00 2.844864e+00
3.342881e+00 -1.000000e+00 0.000000e+00 -1.000000e+00 -1.000000e+00 6.000000e+02 4.555597e-01 -1.000000e+00 -1.000000e+00 1.030305e+01 0.000000e+00 -1.000000e+00 0.000000e+00 1.295701e-02 1.100000e+03 4.813049e+00 0.000000e+00 -9.990070e+05 3.000000e+00 -1.000000e+00 9.737440e-01 -1.0 0.000000e+00 0.000000e+00 -1.000000e+00 8.244627e-01 -1.000000e+00 -9.990070e+05 7.794319e-01 7.794319e-01 9.747878e-01 2.420745e+00 7.113869e+00 0.000000e+00 -1.000000e+00 1.208574e-01 0.000000e+00 6.277588e+00
5.990424e-01 -1.000000e+00 0.000000e+00 -1.000000e+00 -1.000000e+00 0.000000e+00 2.519760e-02 -1.000000e+00 -1.000000e+00 1.820125e+00 0.000000e+00 -1.000000e+00 0.000000e+00 2.251682e-05 1.200000e+03 8.606882e-01 0.000000e+00 -9.990070e+05 3.000000e+00 -1.000000e+00 1.600158e-01 -1.0 0.000000e+00 0.000000e+00 -1.000000e+00 2.151994e-01 -1.000000e+00 -9.990070e+05 1.206145e-01 1.206145e-01 7.443961e-01 4.366317e-01 1.263849e+00 0.000000e+00 -1.000000e+00 1.202231e-03 0.000000e+00 1.116628e+00
5.952605e-01 -1.000000e+00 0.000000e+00 -1.000000e+00 -1.000000e+00 1.000000e+02 2.448398e-02 -1.000000e+00 -1.000000e+00 1.810308e+00 0.000000e+00 -1.000000e+00 0.000000e+00 2.143057e-05 1.200000e+03 8.559360e-01 0.000000e+00 -9.990070e+05 3.000000e+00 -1.000000e+00 1.564505e-01 -1.0 0.000000e+00 0.000000e+00 -1.000000e+00 2.111529e-01 -1.000000e+00 -9.990070e+05 1.179105e-01 1.179105e-01 7.391266e-01 4.343431e-01 1.257396e+00 0.000000e+00 -1.000000e+00 1.156325e-03 0.000000e+00 1.111070e+00
6.518551e-01 -1.000000e+00 0.000000e+00 -1.000000e+00 -1.000000e+00 2.000000e+02 3.751803e-02 -1.000000e+00 -1.000000e+00 1.978983e+00 0.000000e+00 -1.000000e+00 0.000000e+00 4.502758e-05 1.200000e+03 9.370478e-01 0.000000e+00 -9.990070e+05 3.000000e+00 -1.000000e+00 2.181264e-01 -1.0 0.000000e+00 0.000000e+00 -1.000000e+00 2.786930e-01 -1.000000e+00 -9.990070e+05 1.647809e-01 1.647809e-01 8.100340e-01 4.757837e-01 1.375746e+00 0.000000e+00 -1.000000e+00 2.069711e-03 0.000000e+00 1.215971e+00
6.909219e-01 -1.000000e+00 0.000000e+00 -1.000000e+00 -1.000000e+00 3.000000e+02 4.812608e-02 -1.000000e+00 -1.000000e+00 2.102871e+00 0.000000e+00 -1.000000e+00 0.000000e+00 7.003805e-05 1.200000e+03 9.931382e-01 0.000000e+00 -9.990070e+05 3.000000e+00 -1.000000e+00 2.638863e-01 -1.0 0.000000e+00 0.000000e+00 -1.000000e+00 3.258435e-01 -1.000000e+00 -9.990070e+05 1.996567e-01 1.996567e-01 8.436486e-01 5.031276e-01 1.459348e+00 0.000000e+00 -1.000000e+00 2.918845e-03 0.000000e+00 1.289188e+00
8.620700e-01 -1.000000e+00 4.000000e+03 -1.000000e+00 -1.000000e+00 4.000000e+02 1.042436e-01 -1.000000e+00 -1.000000e+00 2.636707e+00 0.000000e+00 -1.000000e+00 1.000000e+00 2.910216e-04 1.200000e+03 1.239497e+00 1.000000e+00 -9.990070e+05 3.000000e+00 -1.000000e+00 4.678639e-01 -1.0 0.000000e+00 0.000000e+00 -1.000000e+00 5.043955e-01 -1.000000e+00 -9.990070e+05 3.577374e-01 3.577374e-01 9.154819e-01 6.263981e-01 1.824852e+00 0.000000e+00 -1.000000e+00 8.710630e-03 0.000000e+00 1.612501e+00
1.204234e+00 -1.000000e+00 4.000000e+03 -1.000000e+00 -1.000000e+00 5.000000e+02 2.236095e-01 -1.000000e+00 -1.000000e+00 3.738998e+00 0.000000e+00 -1.000000e+00 1.000000e+00 1.387092e-03 1.200000e+03 1.734706e+00 1.000000e+00 -9.990070e+05 3.000000e+00 -1.000000e+00 7.777941e-01 -1.0 0.000000e+00 0.000000e+00 -1.000000e+00 6.871375e-01 -1.000000e+00 -9.990070e+05 6.292240e-01 6.292240e-01 9.534547e-01 8.710490e-01 2.571473e+00 0.000000e+00 -1.000000e+00 2.790385e-02 0.000000e+00 2.266137e+00
2.053259e+00 -1.000000e+00 4.000000e+03 -1.000000e+00 -1.000000e+00 6.000000e+02 3.859386e-01 -1.000000e+00 -1.000000e+00 6.546381e+00 0.000000e+00 -1.000000e+00 1.000000e+00 6.280922e-03 1.200000e+03 2.983692e+00 1.000000e+00 -9.990070e+05 3.000000e+00 -1.000000e+00 9.995151e-01 -1.0 0.000000e+00 0.000000e+00 -1.000000e+00 7.944692e-01 -1.000000e+00 -9.990070e+05 9.979191e-01 9.979191e-01 9.703566e-01 1.487222e+00 4.457564e+00 0.000000e+00 -1.000000e+00 7.925308e-02 0.000000e+00 3.907983e+00
9.014296e-01 -1.000000e+00 4.000000e+03 -1.000000e+00 -1.000000e+00 0.000000e+00 1.182674e-01 -1.000000e+00 -1.000000e+00 2.733667e+00 0.000000e+00 -1.000000e+00 1.000000e+00 3.710834e-04 1.300000e+03 1.294528e+00 1.000000e+00 -9.990070e+05 3.000000e+00 -1.000000e+00 5.119623e-01 -1.0 0.000000e+00 0.000000e+00 -1.000000e+00 5.360678e-01 -1.000000e+00 -9.990070e+05 3.930369e-01 3.930369e-01 9.234931e-01 6.567528e-01 1.899569e+00 0.000000e+00 -1.000000e+00 1.046982e-02 0.000000e+00 1.679875e+00
9.189813e-01 -1.000000e+00 4.000000e+03 -1.000000e+00 -1.000000e+00 1.000000e+02 1.246411e-01 -1.000000e+00 -1.000000e+00 2.782406e+00 0.000000e+00 -1.000000e+00 1.000000e+00 4.110456e-04 1.300000e+03 1.319335e+00 1.000000e+00 -9.990070e+05 3.000000e+00 -1.000000e+00 5.311406e-01 -1.0 0.000000e+00 0.000000e+00 -1.000000e+00 5.492136e-01 -1.000000e+00 -9.990070e+05 4.085515e-01 4.085515e-01 9.265856e-01 6.699356e-01 1.934858e+00 0.000000e+00 -1.000000e+00 1.130962e-02 0.000000e+00 1.711115e+00
9.270746e-01 -1.000000e+00 4.000000e+03 -1.000000e+00 -1.000000e+00 2.000000e+02 1.275932e-01 -1.000000e+00 -1.000000e+00 2.808657e+00 0.000000e+00 -1.000000e+00 1.000000e+00 4.303374e-04 1.300000e+03 1.330945e+00 1.000000e+00 -9.990070e+05 3.000000e+00 -1.000000e+00 5.398778e-01 -1.0 0.000000e+00 0.000000e+00 -1.000000e+00 5.550605e-01 -1.000000e+00 -9.990070e+05 4.156666e-01 4.156666e-01 9.279221e-01 6.757668e-01 1.952208e+00 0.000000e+00 -1.000000e+00 1.170718e-02 0.000000e+00 1.726505e+00
1.035576e+00 -1.000000e+00 4.000000e+03 -1.000000e+00 -1.000000e+00 3.000000e+02 1.669861e-01 -1.000000e+00 -1.000000e+00 3.145800e+00 0.000000e+00 -1.000000e+00 1.000000e+00 7.390925e-04 1.300000e+03 1.487479e+00 1.000000e+00 -9.990070e+05 2.000000e+00 -1.000000e+00 6.478674e-01 -1.0 0.000000e+00 0.000000e+00 -1.000000e+00 6.208210e-01 -1.000000e+00 -9.990070e+05 5.066881e-01 5.066881e-01 9.415782e-01 7.541177e-01 2.183937e+00 0.000000e+00 -1.000000e+00 1.754902e-02 1.000000e+00 1.931228e+00
1.103786e+00 -1.000000e+00 4.000000e+03 -1.000000e+00 -1.000000e+00 4.000000e+02 1.909121e-01 -1.000000e+00 -1.000000e+00 3.350562e+00 0.000000e+00 -1.000000e+00 1.000000e+00 9.793764e-04 1.300000e+03 1.585635e+00 1.000000e+00 -9.990070e+05 2.000000e+00 -1.000000e+00 7.063412e-01 -1.0 0.000000e+00 0.000000e+00 -1.000000e+00 6.520194e-01 -1.000000e+00 -9.990070e+05 5.594436e-01 5.594436e-01 9.473532e-01 8.038723e-01 2.327706e+00 0.000000e+00 -1.000000e+00 2.161766e-02 1.000000e+00 2.058124e+00
1.420584e+00 -1.000000e+00 4.000000e+03 -1.000000e+00 -1.000000e+00 5.000000e+02 2.843290e-01 -1.000000e+00 -1.000000e+00 4.334074e+00 0.000000e+00 -1.000000e+00 1.000000e+00 2.479058e-03 1.300000e+03 2.042731e+00 1.000000e+00 -9.990070e+05 2.000000e+00 -1.000000e+00 8.876711e-01 -1.0 0.000000e+00 0.000000e+00 -1.000000e+00 7.367666e-01 -1.000000e+00 -9.990070e+05 7.593199e-01 7.593199e-01 9.615292e-01 1.034760e+00 3.003897e+00 0.000000e+00 -1.000000e+00 4.234963e-02 1.000000e+00 2.652390e+00
1.891410e+00 -1.000000e+00 4.000000e+03 -1.000000e+00 -1.000000e+00 6.000000e+02 3.683778e-01 -1.000000e+00 -1.000000e+00 5.806528e+00 0.000000e+00 -1.000000e+00 1.000000e+00 5.323232e-03 1.300000e+03 2.722036e+00 1.000000e+00 -9.990070e+05 2.000000e+00 -1.000000e+00 9.873761e-01 -1.0 0.000000e+00 0.000000e+00 -1.000000e+00 7.859533e-01 -1.000000e+00 -9.990070e+05 9.538144e-01 9.538144e-01 9.690820e-01 1.373241e+00 4.011976e+00 0.000000e+00 -1.000000e+00 7.128136e-02 1.000000e+00 3.543030e+00
1.469077e+00 -1.000000e+00 4.000000e+03 -1.000000e+00 -1.000000e+00 0.000000e+00 2.960925e-01 -1.000000e+00 -1.000000e+00 4.449978e+00 0.000000e+00 -1.000000e+00 1.000000e+00 2.759637e-03 1.400000e+03 2.109353e+00 1.000000e+00 -9.990070e+05 2.000000e+00 -1.000000e+00 9.054258e-01 -1.0 0.000000e+00 0.000000e+00 -1.000000e+00 7.447243e-01 -1.000000e+00 -9.990070e+05 7.851106e-01 7.851106e-01 9.627767e-01 1.071035e+00 3.094123e+00 0.000000e+00 -1.000000e+00 4.566756e-02 1.000000e+00 2.735669e+00
1.437712e+00 -1.000000e+00 4.000000e+03 -1.000000e+00 -1.000000e+00 1.000000e+02 2.888778e-01 -1.000000e+00 -1.000000e+00 4.350543e+00 0.000000e+00 -1.000000e+00 1.000000e+00 2.584289e-03 1.400000e+03 2.064260e+00 1.000000e+00 -9.990070e+05 2.000000e+00 -1.000000e+00 8.947023e-01 -1.0 0.000000e+00 0.000000e+00 -1.000000e+00 7.398953e-01 -1.000000e+00 -9.990070e+05 7.693076e-01 7.693076e-01 9.620210e-01 1.048936e+00 3.026989e+00 0.000000e+00 -1.000000e+00 4.360957e-02 1.000000e+00 2.675524e+00
1.550367e+00 -1.000000e+00 4.000000e+03 -1.000000e+00 -1.000000e+00 2.000000e+02 3.137293e-01 -1.000000e+00 -1.000000e+00 4.688818e+00 0.000000e+00 -1.000000e+00 1.000000e+00 3.236859e-03 1.400000e+03 2.224593e+00 1.000000e+00 -9.990070e+05 2.000000e+00 -1.000000e+00 9.297540e-01 -1.0 0.000000e+00 0.000000e+00 -1.000000e+00 7.558974e-01 -1.000000e+00 -9.990070e+05 8.243122e-01 8.243122e-01 9.645103e-01 1.129906e+00 3.260749e+00 0.000000e+00 -1.000000e+00 5.102876e-02 1.000000e+00 2.885960e+00
1.622805e+00 -1.000000e+00 4.000000e+03 -1.000000e+00 -1.000000e+00 3.000000e+02 3.277723e-01 -1.000000e+00 -1.000000e+00 4.911262e+00 0.000000e+00 -1.000000e+00 1.000000e+00 3.673985e-03 1.400000e+03 2.328373e+00 1.000000e+00 -9.990070e+05 3.000000e+00 -1.000000e+00 9.471663e-01 -1.0 0.000000e+00 0.000000e+00 -1.000000e+00 7.642211e-01 -1.000000e+00 -9.990070e+05 8.562324e-01 8.562324e-01 9.657890e-01 1.182088e+00 3.414932e+00 0.000000e+00 -1.000000e+00 5.566619e-02 0.000000e+00 3.022067e+00
1.735432e+00 -1.000000e+00 0.000000e+00 -1.000000e+00 -1.000000e+00 4.000000e+02 3.470657e-01 -1.000000e+00 -1.000000e+00 5.251812e+00 0.000000e+00 -1.000000e+00 0.000000e+00 4.375783e-03 1.400000e+03 2.490369e+00 0.000000e+00 -9.990070e+05 3.000000e+00 -1.000000e+00 9.681979e-01 -1.0 0.000000e+00 0.000000e+00 -1.000000e+00 7.749407e-01 -1.000000e+00 -9.990070e+05 9.014797e-01 9.014797e-01 9.674210e-01 1.264644e+00 3.651134e+00 0.000000e+00 -1.000000e+00 6.264201e-02 0.000000e+00 3.231098e+00
1.949065e+00 -1.000000e+00 4.000000e+03 -1.000000e+00 -1.000000e+00 5.000000e+02 3.762964e-01 -1.000000e+00 -1.000000e+00 5.915826e+00 0.000000e+00 -1.000000e+00 1.000000e+00 5.732441e-03 1.400000e+03 2.801340e+00 1.000000e+00 -9.990070e+05 3.000000e+00 -1.000000e+00 9.934819e-01 -1.0 0.000000e+00 0.000000e+00 -1.000000e+00 7.898510e-01 -1.000000e+00 -9.990070e+05 9.744309e-01 9.744309e-01 9.696664e-01 1.422966e+00 4.112286e+00 0.000000e+00 -1.000000e+00 7.477345e-02 0.000000e+00 3.634734e+00
2.335922e+00 -1.000000e+00 4.000000e+03 -1.000000e+00 -1.000000e+00 6.000000e+02 4.119331e-01 -1.000000e+00 -1.000000e+00 7.099910e+00 0.000000e+00 -1.000000e+00 1.000000e+00 8.103988e-03 1.400000e+03 3.350481e+00 1.000000e+00 -9.990070e+05 2.000000e+00 -1.000000e+00 9.859005e-01 -1.0 0.000000e+00 0.000000e+00 -1.000000e+00 8.062945e-01 -1.000000e+00 -9.990070e+05 9.278084e-01 9.278084e-01 9.721136e-01 1.697173e+00 4.930117e+00 0.000000e+00 -1.000000e+00 9.271951e-02 1.000000e+00 4.360492e+00
2.429014e+00 -1.000000e+00 4.000000e+03 -1.000000e+00 -1.000000e+00 0.000000e+00 4.185338e-01 -1.000000e+00 -1.000000e+00 7.341801e+00 0.000000e+00 -1.000000e+00 1.000000e+00 8.666987e-03 1.500000e+03 3.480229e+00 1.000000e+00 -9.990070e+05 3.000000e+00 -1.000000e+00 9.829361e-01 -1.0 0.000000e+00 0.000000e+00 -1.000000e+00 8.091671e-01 -1.000000e+00 -9.990070e+05 9.078024e-01 9.078024e-01 9.725383e-01 1.767356e+00 5.110494e+00 0.000000e+00 -1.000000e+00 9.649703e-02 0.000000e+00 4.522994e+00
2.405884e+00 -1.000000e+00 0.000000e+00 -1.000000e+00 -1.000000e+00 1.000000e+02 4.169766e-01 -1.000000e+00 -1.000000e+00 7.275121e+00 0.000000e+00 -1.000000e+00 0.000000e+00 8.529855e-03 1.500000e+03 3.447643e+00 0.000000e+00 -9.990070e+05 3.000000e+00 -1.000000e+00 9.836064e-01 -1.0 0.000000e+00 0.000000e+00 -1.000000e+00 8.084938e-01 -1.000000e+00 -9.990070e+05 9.125800e-01 9.125800e-01 9.724389e-01 1.750185e+00 5.063457e+00 0.000000e+00 -1.000000e+00 9.559177e-02 0.000000e+00 4.481008e+00
2.454153e+00 -1.000000e+00 0.000000e+00 -1.000000e+00 -1.000000e+00 2.000000e+02 4.200953e-01 -1.000000e+00 -1.000000e+00 7.420348e+00 0.000000e+00 -1.000000e+00 0.000000e+00 8.807301e-03 1.500000e+03 3.516596e+00 0.000000e+00 -9.990070e+05 3.000000e+00 -1.000000e+00 9.822832e-01 -1.0 0.000000e+00 0.000000e+00 -1.000000e+00 8.098397e-01 -1.000000e+00 -9.990070e+05 9.029765e-01 9.029765e-01 9.726377e-01 1.785249e+00 5.164835e+00 0.000000e+00 -1.000000e+00 9.741369e-02 0.000000e+00 4.570888e+00
2.494682e+00 -1.000000e+00 4.000000e+03 -1.000000e+00 -1.000000e+00 3.000000e+02 4.225241e-01 -1.000000e+00 -1.000000e+00 7.553653e+00 0.000000e+00 -1.000000e+00 1.000000e+00 9.031298e-03 1.500000e+03 3.575336e+00 1.000000e+00 -9.990070e+05 3.000000e+00 -1.000000e+00 9.813048e-01 -1.0 0.000000e+00 0.000000e+00 -1.000000e+00 8.108805e-01 -1.000000e+00 -9.990070e+05 8.953871e-01 8.953871e-01 9.727913e-01 1.813911e+00 5.254465e+00 0.000000e+00 -1.000000e+00 9.885740e-02 0.000000e+00 4.649530e+00
2.594336e+00 -1.000000e+00 0.000000e+00 -1.000000e+00 -1.000000e+00 4.000000e+02 4.281588e-01 -1.000000e+00 -1.000000e+00 7.854105e+00 0.000000e+00 -1.000000e+00 0.000000e+00 9.579522e-03 1.500000e+03 3.718630e+00 0.000000e+00 -9.990070e+05 3.000000e+00 -1.000000e+00 9.792223e-01 -1.0 0.000000e+00 0.000000e+00 -1.000000e+00 8.132714e-01 -1.000000e+00 -9.990070e+05 8.773823e-01 8.773823e-01 9.731439e-01 1.886812e+00 5.463526e+00 0.000000e+00 -1.000000e+00 1.022928e-01 0.000000e+00 4.834773e+00
2.842179e+00 -1.000000e+00 0.000000e+00 -1.000000e+00 -1.000000e+00 5.000000e+02 4.397982e-01 -1.000000e+00 -1.000000e+00 8.602476e+00 0.000000e+00 -1.000000e+00 0.000000e+00 1.085433e-02 1.500000e+03 4.076918e+00 0.000000e+00 -9.990070e+05 3.000000e+00 -1.000000e+00 9.758466e-01 -1.0 0.000000e+00 0.000000e+00 -1.000000e+00 8.181096e-01 -1.000000e+00 -9.990070e+05 8.381630e-01 8.381630e-01 9.738558e-01 2.069617e+00 5.981883e+00 0.000000e+00 -1.000000e+00 1.097875e-01 0.000000e+00 5.293783e+00
3.237871e+00 -1.000000e+00 0.000000e+00 -1.000000e+00 -1.000000e+00 6.000000e+02 4.532872e-01 -1.000000e+00 -1.000000e+00 9.828985e+00 0.000000e+00 -1.000000e+00 0.000000e+00 1.262261e-02 1.500000e+03 4.653795e+00 0.000000e+00 -9.990070e+05 3.000000e+00 -1.000000e+00 9.738243e-01 -1.0 0.000000e+00 0.000000e+00 -1.000000e+00 8.235600e-01 -1.000000e+00 -9.990070e+05 7.882927e-01 7.882927e-01 9.746555e-01 2.363270e+00 6.832068e+00 0.000000e+00 -1.000000e+00 1.191924e-01 0.000000e+00 6.038685e+00
3.864962e+00 -1.000000e+00 0.000000e+00 -1.000000e+00 -1.000000e+00 0.000000e+00 4.671463e-01 -1.000000e+00 -1.000000e+00 1.168488e+01 0.000000e+00 -1.000000e+00 0.000000e+00 1.485784e-02 1.600000e+03 5.551780e+00 0.000000e+00 -9.990070e+05 3.000000e+00 -1.000000e+00 9.746773e-01 -1.0 0.000000e+00 0.000000e+00 -1.000000e+00 8.290009e-01 -1.000000e+00 -9.990070e+05 7.308170e-01 7.308170e-01 9.754516e-01 2.825909e+00 8.138858e+00 0.000000e+00 -1.000000e+00 1.297282e-01 0.000000e+00 7.198457e+00
3.839209e+00 -1.000000e+00 0.000000e+00 -1.000000e+00 -1.000000e+00 1.000000e+02 4.666866e-01 -1.000000e+00 -1.000000e+00 1.161255e+01 0.000000e+00 -1.000000e+00 0.000000e+00 1.477560e-02 1.600000e+03 5.515204e+00 0.000000e+00 -9.990070e+05 3.000000e+00 -1.000000e+00 9.745944e-01 -1.0 0.000000e+00 0.000000e+00 -1.000000e+00 8.288228e-01 -1.000000e+00 -9.990070e+05 7.328932e-01 7.328932e-01 9.754256e-01 2.806353e+00 8.086619e+00 0.000000e+00 -1.000000e+00 1.293638e-01 0.000000e+00 7.151745e+00
3.927950e+00 -1.000000e+00 0.000000e+00 -1.000000e+00 -1.000000e+00 2.000000e+02 4.681037e-01 -1.000000e+00 -1.000000e+00 1.189970e+01 0.000000e+00 -1.000000e+00 0.000000e+00 1.503109e-02 1.600000e+03 5.642902e+00 0.000000e+00 -9.990070e+05 3.000000e+00 -1.000000e+00 9.748647e-01 -1.0 0.000000e+00 0.000000e+00 -1.000000e+00 8.293712e-01 -1.000000e+00 -9.990070e+05 7.264532e-01 7.264532e-01 9.755057e-01 2.868743e+00 8.278082e+00 0.000000e+00 -1.000000e+00 1.304905e-01 0.000000e+00 7.317256e+00
3.897539e+00 -1.000000e+00 0.000000e+00 -1.000000e+00 -1.000000e+00 3.000000e+02 4.676620e-01 -1.000000e+00 -1.000000e+00 1.178733e+01 0.000000e+00 -1.000000e+00 0.000000e+00 1.495083e-02 1.600000e+03 5.598750e+00 0.000000e+00 -9.990070e+05 3.000000e+00 -1.000000e+00 9.747755e-01 -1.0 0.000000e+00 0.000000e+00 -1.000000e+00 8.292004e-01 -1.000000e+00 -9.990070e+05 7.284707e-01 7.284707e-01 9.754807e-01 2.848941e+00 8.208700e+00 0.000000e+00 -1.000000e+00 1.301382e-01 0.000000e+00 7.259508e+00
4.057948e+00 -1.000000e+00 0.000000e+00 -1.000000e+00 -1.000000e+00 4.000000e+02 4.701258e-01 -1.000000e+00 -1.000000e+00 1.226961e+01 0.000000e+00 -1.000000e+00 0.000000e+00 1.540595e-02 1.600000e+03 5.828749e+00 0.000000e+00 -9.990070e+05 3.000000e+00 -1.000000e+00 9.753250e-01 -1.0 0.000000e+00 0.000000e+00 -1.000000e+00 8.301511e-01 -1.000000e+00 -9.990070e+05 7.170299e-01 7.170299e-01 9.756196e-01 2.965866e+00 8.545259e+00 0.000000e+00 -1.000000e+00 1.321158e-01 0.000000e+00 7.557112e+00
4.359167e+00 -1.000000e+00 0.000000e+00 -1.000000e+00 -1.000000e+00 5.000000e+02 4.741570e-01 -1.000000e+00 -1.000000e+00 1.318850e+01 0.000000e+00 -1.000000e+00 0.000000e+00 1.619134e-02 1.600000e+03 6.247941e+00 0.000000e+00 -9.990070e+05 3.000000e+00 -1.000000e+00 9.765313e-01 -1.0 0.000000e+00 0.000000e+00 -1.000000e+00 8.316969e-01 -1.000000e+00 -9.990070e+05 6.973625e-01 6.973625e-01 9.758452e-01 3.170846e+00 9.177078e+00 0.000000e+00 -1.000000e+00 1.354179e-01 0.000000e+00 8.121341e+00
4.897070e+00 -1.000000e+00 4.000000e+03 -1.000000e+00 -1.000000e+00 6.000000e+02 4.807675e-01 -1.000000e+00 -1.000000e+00 1.482752e+01 0.000000e+00 -1.000000e+00 1.000000e+00 1.759928e-02 1.600000e+03 7.019088e+00 1.000000e+00 -9.990070e+05 2.000000e+00 -1.000000e+00 9.795080e-01 -1.0 0.000000e+00 0.000000e+00 -1.000000e+00 8.342068e-01 -1.000000e+00 -9.990070e+05 6.622677e-01 6.622677e-01 9.762112e-01 3.561068e+00 1.031421e+01 0.000000e+00 -1.000000e+00 1.410157e-01 1.000000e+00 9.127004e+00
-1.000000e+00 -1.000000e+00 0.000000e+00 -1.000000e+00 -1.000000e+00 0.000000e+00 2.338951e-01 -1.000000e+00 -1.000000e+00 -1.000000e+00 0.000000e+00 -1.000000e+00 0.000000e+00 1.537701e-03 2.000000e+02 -1.000000e+00 0.000000e+00 -9.990070e+05 3.000000e+00 -1.000000e+00 5.530094e-01 -1.0 0.000000e+00 0.000000e+00 -1.000000e+00 6.967679e-01 -1.000000e+00 -9.990070e+05 3.257128e-01 3.257128e-01 9.550663e-01 -1.000000e+00 -1.000000e+00 0.000000e+00 -1.000000e+00 3.007564e-02 0.000000e+00 -1.000000e+00
2.928746e-01 -1.000000e+00 0.000000e+00 -1.000000e+00 -1.000000e+00 0.000000e+00 3.920569e-03 -1.000000e+00 -1.000000e+00 1.723504e+00 0.000000e+00 -1.000000e+00 0.000000e+00 1.037006e-06 4.000000e+02 4.847736e-01 0.000000e+00 -9.990070e+05 3.000000e+00 -1.000000e+00 2.293735e-02 -1.0 0.000000e+00 0.000000e+00 -1.000000e+00 5.949915e-02 -1.000000e+00 -9.990070e+05 1.558301e-02 1.558301e-02 3.756231e-01 1.948218e-01 8.924031e-01 0.000000e+00 -1.000000e+00 1.025479e-04 0.000000e+00 6.432624e-01
8.932630e-05 -1.000000e+00 0.000000e+00 -1.000000e+00 -1.000000e+00 3.750000e+02 9.431590e-08 -1.000000e+00 -1.000000e+00 4.653621e-04 0.000000e+00 -1.000000e+00 0.000000e+00 2.178676e-13 4.000000e+02 1.402237e-04 0.000000e+00 -9.990070e+05 3.000000e+00 -1.000000e+00 1.026552e-06 -1.0 0.000000e+00 0.000000e+00 -1.000000e+00 1.442122e-05 -1.000000e+00 -9.990070e+05 6.592532e-07 6.592532e-07 8.458197e-04 6.349077e-05 2.394305e-04 0.000000e+00 -1.000000e+00 2.337536e-10 0.000000e+00 1.805400e-04
9.073307e-01 -1.000000e+00 0.000000e+00 -1.000000e+00 -1.000000e+00 3.750000e+02 1.268266e-01 -1.000000e+00 -1.000000e+00 3.953480e+00 0.000000e+00 -1.000000e+00 0.000000e+00 4.252800e-04 4.250000e+02 1.414054e+00 0.000000e+00 -9.990070e+05 3.000000e+00 -1.000000e+00 4.802785e-01 -1.0 0.000000e+00 0.000000e+00 -1.000000e+00 5.535566e-01 -1.000000e+00 -9.990070e+05 3.502851e-01 3.502851e-01 9.275805e-01 6.415227e-01 2.342046e+00 0.000000e+00 -1.000000e+00 1.160343e-02 0.000000e+00 1.858163e+00
1.321114e+00 -1.000000e+00 4.000000e+03 -1.000000e+00 -1.000000e+00 3.000000e+02 2.523997e-01 -1.000000e+00 -1.000000e+00 4.725490e+00 0.000000e+00 -1.000000e+00 1.000000e+00 1.840501e-03 5.000000e+02 1.959719e+00 1.000000e+00 -9.990070e+05 2.000000e+00 -1.000000e+00 8.134725e-01 -1.0 0.000000e+00 0.000000e+00 -1.000000e+00 7.127095e-01 -1.000000e+00 -9.990070e+05 6.580180e-01 6.580180e-01 9.576838e-01 9.465919e-01 3.045826e+00 0.000000e+00 -1.000000e+00 3.424630e-02 1.000000e+00 2.576490e+00
-1.000000e+00 -1.000000e+00 -1.000000e+00 -1.000000e+00 -1.000000e+00 4.750000e+02 4.912322e-01 -1.000000e+00 -1.000000e+00 -1.000000e+00 1.000000e+00 -1.000000e+00 0.000000e+00 2.018264e-02 5.000000e+02 -1.000000e+00 0.000000e+00 -9.990070e+05 -1.000000e+00 -1.000000e+00 0.000000e+00 -1.0 0.000000e+00 0.000000e+00 -1.000000e+00 8.381197e-01 -1.000000e+00 -9.990070e+05 0.000000e+00 0.000000e+00 9.767810e-01 -1.000000e+00 -1.000000e+00 0.000000e+00 -1.000000e+00 1.503574e-01 0.000000e+00 -1.000000e+00
1.017685e+00 -1.000000e+00 4.000000e+03 -1.000000e+00 -1.000000e+00 3.000000e+02 1.612430e-01 -1.000000e+00 -1.000000e+00 4.474011e+00 0.000000e+00 -1.000000e+00 1.000000e+00 6.877406e-04 6.000000e+02 1.598286e+00 1.000000e+00 -9.990070e+05 2.000000e+00 -1.000000e+00 6.093848e-01 -1.0 0.000000e+00 0.000000e+00 -1.000000e+00 6.124711e-01 -1.000000e+00 -9.990070e+05 4.652926e-01 4.652926e-01 9.399656e-01 7.239243e-01 2.662131e+00 0.000000e+00 -1.000000e+00 1.663319e-02 1.000000e+00 2.156464e+00
2.590645e+00 -1.000000e+00 0.000000e+00 -1.000000e+00 -1.000000e+00 5.500000e+02 4.261611e-01 -1.000000e+00 -1.000000e+00 8.638476e+00 0.000000e+00 -1.000000e+00 0.000000e+00 9.380427e-03 6.000000e+02 3.795527e+00 0.000000e+00 -9.990070e+05 3.000000e+00 -1.000000e+00 9.816969e-01 -1.0 0.000000e+00 0.000000e+00 -1.000000e+00 8.124275e-01 -1.000000e+00 -9.990070e+05 8.932356e-01 8.932356e-01 9.730195e-01 1.883938e+00 5.745125e+00 0.000000e+00 -1.000000e+00 1.010609e-01 0.000000e+00 4.934949e+00
-1.000000e+00 -1.000000e+00 0.000000e+00 -1.000000e+00 -1.000000e+00 5.750000e+02 4.912322e-01 -1.000000e+00 -1.000000e+00 -1.000000e+00 0.000000e+00 -1.000000e+00 0.000000e+00 2.018264e-02 6.000000e+02 -1.000000e+00 0.000000e+00 -9.990070e+05 3.000000e+00 -1.000000e+00 0.000000e+00 -1.0 0.000000e+00 0.000000e+00 -1.000000e+00 8.381197e-01 -1.000000e+00 -9.990070e+05 0.000000e+00 0.000000e+00 9.767810e-01 -1.000000e+00 -1.000000e+00 0.000000e+00 -1.000000e+00 1.503574e-01 0.000000e+00 -1.000000e+00
9.078957e-01 -1.000000e+00 4.000000e+03 -1.000000e+00 -1.000000e+00 3.000000e+02 1.232050e-01 -1.000000e+00 -1.000000e+00 2.992159e+00 0.000000e+00 -1.000000e+00 1.000000e+00 4.018412e-04 7.000000e+02 1.330032e+00 1.000000e+00 -9.990070e+05 3.000000e+00 -1.000000e+00 5.209699e-01 -1.0 0.000000e+00 0.000000e+00 -1.000000e+00 5.463149e-01 -1.000000e+00 -9.990070e+05 3.984990e-01 3.984990e-01 9.259143e-01 6.609582e-01 2.006588e+00 0.000000e+00 -1.000000e+00 1.111819e-02 0.000000e+00 1.742458e+00
1.347367e+00 -1.000000e+00 4.000000e+03 -1.000000e+00 -1.000000e+00 4.000000e+02 2.649481e-01 -1.000000e+00 -1.000000e+00 4.416424e+00 0.000000e+00 -1.000000e+00 1.000000e+00 2.072178e-03 7.000000e+02 1.972351e+00 1.000000e+00 -9.990070e+05 3.000000e+00 -1.000000e+00 8.525585e-01 -1.0 0.000000e+00 0.000000e+00 -1.000000e+00 7.226349e-01 -1.000000e+00 -9.990070e+05 7.116712e-01 7.116712e-01 9.592845e-01 9.805515e-01 2.969017e+00 0.000000e+00 -1.000000e+00 3.728457e-02 0.000000e+00 2.582151e+00
3.360571e+00 -1.000000e+00 0.000000e+00 -1.000000e+00 -1.000000e+00 5.000000e+02 4.562940e-01 -1.000000e+00 -1.000000e+00 1.046782e+01 0.000000e+00 -1.000000e+00 0.000000e+00 1.306755e-02 7.000000e+02 4.844031e+00 0.000000e+00 -9.990070e+05 3.000000e+00 -1.000000e+00 9.741769e-01 -1.0 0.000000e+00 0.000000e+00 -1.000000e+00 8.247535e-01 -1.000000e+00 -9.990070e+05 7.796632e-01 7.796632e-01 9.748304e-01 2.431022e+00 7.187068e+00 0.000000e+00 -1.000000e+00 1.214005e-01 0.000000e+00 6.307383e+00
7.373815e+00 -1.000000e+00 4.000000e+03 -1.000000e+00 -1.000000e+00 6.000000e+02 4.950257e-01 -1.000000e+00 -1.000000e+00 3.532572e+01 0.000000e+00 -1.000000e+00 1.000000e+00 2.124366e-02 7.000000e+02 1.168177e+01 1.000000e+00 -9.990070e+05 2.000000e+00 -1.000000e+00 9.922931e-01 -1.0 0.000000e+00 0.000000e+00 -1.000000e+00 8.395208e-01 -1.000000e+00 -9.990070e+05 5.712554e-01 5.712554e-01 9.769848e-01 5.114825e+00 2.001277e+01 0.000000e+00 -1.000000e+00 1.538939e-01 1.000000e+00 1.588662e+01
3.418486e-01 -1.000000e+00 0.000000e+00 -1.000000e+00 -1.000000e+00 0.000000e+00 6.548387e-04 -1.000000e+00 -1.000000e+00 1.101623e+00 0.000000e+00 -1.000000e+00 0.000000e+00 6.379618e-08 8.000000e+02 4.994455e-01 0.000000e+00 -9.990070e+05 3.000000e+00 -1.000000e+00 7.529188e-03 -1.0 0.000000e+00 0.000000e+00 -1.000000e+00 1.604805e-02 -1.000000e+00 -9.990070e+05 5.550137e-03 5.550137e-03 1.591801e-01 2.487812e-01 7.477718e-01 0.000000e+00 -1.000000e+00 1.044158e-05 0.000000e+00 6.529593e-01
4.006993e-01 -1.000000e+00 0.000000e+00 -1.000000e+00 -1.000000e+00 1.000000e+02 2.255697e-03 -1.000000e+00 -1.000000e+00 1.269661e+00 0.000000e+00 -1.000000e+00 0.000000e+00 4.319220e-07 8.000000e+02 5.823137e-01 0.000000e+00 -9.990070e+05 3.000000e+00 -1.000000e+00 2.188217e-02 -1.0 0.000000e+00 0.000000e+00 -1.000000e+00 3.994445e-02 -1.000000e+00 -9.990070e+05 1.624703e-02 1.624703e-02 2.915671e-01 2.908651e-01 8.674959e-01 0.000000e+00 -1.000000e+00 5.027988e-05 0.000000e+00 7.604626e-01
5.647680e-01 -1.000000e+00 0.000000e+00 -1.000000e+00 -1.000000e+00 2.000000e+02 2.028008e-02 -1.000000e+00 -1.000000e+00 1.785132e+00 0.000000e+00 -1.000000e+00 0.000000e+00 1.552384e-05 8.000000e+02 8.202851e-01 0.000000e+00 -9.990070e+05 3.000000e+00 -1.000000e+00 1.323606e-01 -1.0 0.000000e+00 0.000000e+00 -1.000000e+00 1.862753e-01 -1.000000e+00 -9.990070e+05 9.918268e-02 9.918268e-02 7.030720e-01 4.103123e-01 1.220657e+00 0.000000e+00 -1.000000e+00 8.965662e-04 0.000000e+00 1.069686e+00
9.099753e-01 -1.000000e+00 4.000000e+03 -1.000000e+00 -1.000000e+00 3.000000e+02 1.221591e-01 -1.000000e+00 -1.000000e+00 2.850314e+00 0.000000e+00 -1.000000e+00 1.000000e+00 3.952115e-04 8.000000e+02 1.314137e+00 1.000000e+00 -9.990070e+05 3.000000e+00 -1.000000e+00 5.193432e-01 -1.0 0.000000e+00 0.000000e+00 -1.000000e+00 5.441810e-01 -1.000000e+00 -9.990070e+05 3.976502e-01 3.976502e-01 9.254164e-01 6.561248e-01 1.954816e+00 0.000000e+00 -1.000000e+00 1.097958e-02 0.000000e+00 1.715432e+00
1.546792e+00 -1.000000e+00 4.000000e+03 -1.000000e+00 -1.000000e+00 4.000000e+02 3.120998e-01 -1.000000e+00 -1.000000e+00 5.059388e+00 0.000000e+00 -1.000000e+00 1.000000e+00 3.189620e-03 8.000000e+02 2.262621e+00 1.000000e+00 -9.990070e+05 2.000000e+00 -1.000000e+00 9.269607e-01 -1.0 0.000000e+00 0.000000e+00 -1.000000e+00 7.549002e-01 -1.000000e+00 -9.990070e+05 8.191743e-01 8.191743e-01 9.643564e-01 1.126739e+00 3.402549e+00 0.000000e+00 -1.000000e+00 5.051266e-02 1.000000e+00 2.967072e+00
2.279812e+00 -1.000000e+00 4.000000e+03 -1.000000e+00 -1.000000e+00 5.000000e+02 4.066963e-01 -1.000000e+00 -1.000000e+00 7.534634e+00 0.000000e+00 -1.000000e+00 1.000000e+00 7.689443e-03 8.000000e+02 3.338012e+00 1.000000e+00 -9.990070e+05 3.000000e+00 -1.000000e+00 9.886357e-01 -1.0 0.000000e+00 0.000000e+00 -1.000000e+00 8.039799e-01 -1.000000e+00 -9.990070e+05 9.440295e-01 9.440295e-01 9.717708e-01 1.661228e+00 5.047138e+00 0.000000e+00 -1.000000e+00 8.983088e-02 0.000000e+00 4.378491e+00
4.015428e+00 -1.000000e+00 0.000000e+00 -1.000000e+00 -1.000000e+00 6.000000e+02 4.690758e-01 -1.000000e+00 -1.000000e+00 1.293947e+01 0.000000e+00 -1.000000e+00 0.000000e+00 1.520975e-02 8.000000e+02 5.852385e+00 0.000000e+00 -9.990070e+05 3.000000e+00 -1.000000e+00 9.750879e-01 -1.0 0.000000e+00 0.000000e+00 -1.000000e+00 8.297465e-01 -1.000000e+00 -9.990070e+05 7.220747e-01 7.220747e-01 9.755605e-01 2.930542e+00 8.768843e+00 0.000000e+00 -1.000000e+00 1.312692e-01 0.000000e+00 7.650022e+00
3.022457e-01 -1.000000e+00 0.000000e+00 -1.000000e+00 -1.000000e+00 0.000000e+00 1.567342e-04 -1.000000e+00 -1.000000e+00 9.559523e-01 0.000000e+00 -1.000000e+00 0.000000e+00 7.463426e-09 9.000000e+02 4.387290e-01 0.000000e+00 -9.990070e+05 3.000000e+00 -1.000000e+00 2.196152e-03 -1.0 0.000000e+00 0.000000e+00 -1.000000e+00 5.433387e-03 -1.000000e+00 -9.990070e+05 1.613187e-03 1.613187e-03 7.505145e-02 2.189271e-01 6.537075e-01 0.000000e+00 -1.000000e+00 1.751649e-06 0.000000e+00 5.731159e-01
3.219288e-01 -1.000000e+00 0.000000e+00 -1.000000e+00 -1.000000e+00 1.000000e+02 3.334510e-04 -1.000000e+00 -1.000000e+00 1.027046e+00 0.000000e+00 -1.000000e+00 0.000000e+00 2.299343e-08 9.000000e+02 4.683843e-01 0.000000e+00 -9.990070e+05 3.000000e+00 -1.000000e+00 4.258590e-03 -1.0 0.000000e+00 0.000000e+00 -1.000000e+00 9.658470e-03 -1.000000e+00 -9.990070e+05 3.138372e-03 3.138372e-03 1.123260e-01 2.344921e-01 6.986609e-01 0.000000e+00 -1.000000e+00 4.478929e-06 0.000000e+00 6.122809e-01
4.284174e-01 -1.000000e+00 0.000000e+00 -1.000000e+00 -1.000000e+00 2.000000e+02 4.382256e-03 -1.000000e+00 -1.000000e+00 1.409867e+00 0.000000e+00 -1.000000e+00 0.000000e+00 1.239297e-06 9.000000e+02 6.266519e-01 0.000000e+00 -9.990070e+05 3.000000e+00 -1.000000e+00 3.744894e-02 -1.0 0.000000e+00 0.000000e+00 -1.000000e+00 6.442107e-02 -1.000000e+00 -9.990070e+05 2.777905e-02 2.777905e-02 3.946372e-01 3.116740e-01 9.454511e-01 0.000000e+00 -1.000000e+00 1.184805e-04 0.000000e+00 8.212836e-01
6.614443e-01 -1.000000e+00 0.000000e+00 -1.000000e+00 -1.000000e+00 3.000000e+02 4.442671e-02 -1.000000e+00 -1.000000e+00 2.261493e+00 0.000000e+00 -1.000000e+00 0.000000e+00 6.072662e-05 9.000000e+02 9.716354e-01 0.000000e+00 -9.990070e+05 3.000000e+00 -1.000000e+00 2.416449e-01 -1.0 0.000000e+00 0.000000e+00 -1.000000e+00 3.100616e-01 -1.000000e+00 -9.990070e+05 1.812134e-01 1.812134e-01 8.334754e-01 4.789957e-01 1.489112e+00 0.000000e+00 -1.000000e+00 2.612731e-03 0.000000e+00 1.281880e+00
1.189868e+00 -1.000000e+00 4.000000e+03 -1.000000e+00 -1.000000e+00 4.000000e+02 2.190838e-01 -1.000000e+00 -1.000000e+00 3.731113e+00 0.000000e+00 -1.000000e+00 1.000000e+00 1.324468e-03 9.000000e+02 1.718075e+00 1.000000e+00 -9.990070e+05 2.000000e+00 -1.000000e+00 7.679107e-01 -1.0 0.000000e+00 0.000000e+00 -1.000000e+00 6.827059e-01 -1.000000e+00 -9.990070e+05 6.188805e-01 6.188805e-01 9.527048e-01 8.593185e-01 2.555866e+00 0.000000e+00 -1.000000e+00 2.697928e-02 1.000000e+00 2.247452e+00
2.311547e+00 -1.000000e+00 0.000000e+00 -1.000000e+00 -1.000000e+00 5.000000e+02 4.095235e-01 -1.000000e+00 -1.000000e+00 7.477750e+00 0.000000e+00 -1.000000e+00 0.000000e+00 7.909889e-03 9.000000e+02 3.365550e+00 0.000000e+00 -9.990070e+05 3.000000e+00 -1.000000e+00 9.871656e-01 -1.0 0.000000e+00 0.000000e+00 -1.000000e+00 8.052335e-01 -1.000000e+00 -9.990070e+05 9.354634e-01 9.354634e-01 9.719565e-01 1.681582e+00 5.050122e+00 0.000000e+00 -1.000000e+00 9.137872e-02 0.000000e+00 4.407427e+00
4.865107e+00 -1.000000e+00 4.000000e+03 -1.000000e+00 -1.000000e+00 6.000000e+02 4.800224e-01 -1.000000e+00 -1.000000e+00 1.517848e+01 0.000000e+00 -1.000000e+00 1.000000e+00 1.743260e-02 9.000000e+02 7.030165e+00 1.000000e+00 -9.990070e+05 3.000000e+00 -1.000000e+00 9.791067e-01 -1.0 0.000000e+00 0.000000e+00 -1.000000e+00 8.339254e-01 -1.000000e+00 -9.990070e+05 6.664858e-01 6.664858e-01 9.761702e-01 3.526874e+00 1.042558e+01 0.000000e+00 -1.000000e+00 1.403732e-01 0.000000e+00 9.180152e+00
