1.380232e+00 -1.000000e+00 0.000000e+00 -1.000000e+00 -1.000000e+00 0.000000e+00 2.641396e-01 -1.000000e+00 -1.000000e+00 4.967205e+00 0.000000e+00 -1.000000e+00 0.000000e+00 2.056547e-03 1.000000e+03 2.068933e+00 0.000000e+00 -9.990070e+05 3.000000e+00 -1.000000e+00 6.951224e-01 -1.0 0.000000e+00 0.000000e+00 -1.000000e+00 7.220148e-01 -1.000000e+00 -9.990070e+05 4.696193e-01 4.696193e-01 9.591851e-01 9.748638e-01 3.229424e+00 0.000000e+00 -1.000000e+00 3.708334e-02 0.000000e+00 2.394992e+00
1.170879e+00 -1.000000e+00 4.000000e+03 -1.000000e+00 -1.000000e+00 1.000000e+02 2.090220e-01 -1.000000e+00 -1.000000e+00 4.319302e+00 0.000000e+00 -1.000000e+00 1.000000e+00 1.192695e-03 1.000000e+03 1.770709e+00 1.000000e+00 -9.990070e+05 2.000000e+00 -1.000000e+00 5.730065e-01 -1.0 0.000000e+00 0.000000e+00 -1.000000e+00 6.723902e-01 -1.000000e+00 -9.990070e+05 3.753560e-01 3.753560e-01 9.509380e-01 8.246889e-01 2.774246e+00 0.000000e+00 -1.000000e+00 2.498847e-02 1.000000e+00 2.046202e+00
1.415948e+00 -1.000000e+00 4.000000e+03 -1.000000e+00 -1.000000e+00 2.000000e+02 2.726506e-01 -1.000000e+00 -1.000000e+00 5.054792e+00 0.000000e+00 -1.000000e+00 1.000000e+00 2.226273e-03 1.000000e+03 2.118552e+00 1.000000e+00 -9.990070e+05 3.000000e+00 -1.000000e+00 7.134274e-01 -1.0 0.000000e+00 0.000000e+00 -1.000000e+00 7.284145e-01 -1.000000e+00 -9.990070e+05 4.852177e-01 4.852177e-01 9.602072e-01 1.002124e+00 3.299421e+00 0.000000e+00 -1.000000e+00 3.924092e-02 0.000000e+00 2.450350e+00
1.794717e+00 -1.000000e+00 4.000000e+03 -1.000000e+00 -1.000000e+00 3.000000e+02 3.432127e-01 -1.000000e+00 -1.000000e+00 6.448829e+00 0.000000e+00 -1.000000e+00 1.000000e+00 4.225069e-03 1.000000e+03 2.695272e+00 1.000000e+00 -9.990070e+05 2.000000e+00 -1.000000e+00 8.507918e-01 -1.0 0.000000e+00 0.000000e+00 -1.000000e+00 7.728609e-01 -1.000000e+00 -9.990070e+05 6.217910e-01 6.217910e-01 9.671056e-01 1.266348e+00 4.198547e+00 0.000000e+00 -1.000000e+00 6.118874e-02 1.000000e+00 3.117308e+00
1.902825e+00 -1.000000e+00 4.000000e+03 -1.000000e+00 -1.000000e+00 4.000000e+02 3.580066e-01 -1.000000e+00 -1.000000e+00 6.905905e+00 0.000000e+00 -1.000000e+00 1.000000e+00 4.836463e-03 1.000000e+03 2.862404e+00 1.000000e+00 -9.990070e+05 3.000000e+00 -1.000000e+00 8.762551e-01 -1.0 0.000000e+00 0.000000e+00 -1.000000e+00 7.806940e-01 -1.000000e+00 -9.990070e+05 6.540911e-01 6.540911e-01 9.682907e-01 1.341452e+00 4.467477e+00 0.000000e+00 -1.000000e+00 6.694519e-02 0.000000e+00 3.310440e+00
2.723288e+00 -1.000000e+00 4.000000e+03 -1.000000e+00 -1.000000e+00 5.000000e+02 4.247867e-01 -1.000000e+00 -1.000000e+00 1.026674e+01 0.000000e+00 -1.000000e+00 1.000000e+00 9.246506e-03 1.000000e+03 4.137266e+00 1.000000e+00 -9.990070e+05 3.000000e+00 -1.000000e+00 9.685890e-01 -1.0 0.000000e+00 0.000000e+00 -1.000000e+00 8.118445e-01 -1.000000e+00 -9.990070e+05 8.290471e-01 8.290471e-01 9.729335e-01 1.925015e+00 6.528713e+00 0.000000e+00 -1.000000e+00 1.002223e-01 0.000000e+00 4.779551e+00
4.204667e+00 -1.000000e+00 4.000000e+03 -1.000000e+00 -1.000000e+00 6.000000e+02 4.667158e-01 -1.000000e+00 -1.000000e+00 1.507029e+01 0.000000e+00 -1.000000e+00 1.000000e+00 1.478080e-02 1.000000e+03 6.313889e+00 1.000000e+00 -9.990070e+05 3.000000e+00 -1.000000e+00 9.992812e-01 -1.0 0.000000e+00 0.000000e+00 -1.000000e+00 8.288341e-01 -1.000000e+00 -9.990070e+05 9.903975e-01 9.903975e-01 9.754272e-01 2.966541e+00 9.827393e+00 0.000000e+00 -1.000000e+00 1.293869e-01 0.000000e+00 7.302984e+00
2.337219e+00 -1.000000e+00 0.000000e+00 -1.000000e+00 -1.000000e+00 0.000000e+00 4.006936e-01 -1.000000e+00 -1.000000e+00 8.574404e+00 0.000000e+00 -1.000000e+00 0.000000e+00 7.245931e-03 1.100000e+03 3.529171e+00 0.000000e+00 -9.990070e+05 3.000000e+00 -1.000000e+00 9.402798e-01 -1.0 0.000000e+00 0.000000e+00 -1.000000e+00 8.012864e-01 -1.000000e+00 -9.990070e+05 7.587312e-01 7.587312e-01 9.713712e-01 1.643232e+00 5.526173e+00 0.000000e+00 -1.000000e+00 8.663279e-02 0.000000e+00 4.082466e+00
2.768985e+00 -1.000000e+00 4.000000e+03 -1.000000e+00 -1.000000e+00 1.000000e+02 4.271139e-01 -1.000000e+00 -1.000000e+00 9.950159e+00 0.000000e+00 -1.000000e+00 1.000000e+00 9.474715e-03 1.100000e+03 4.156987e+00 1.000000e+00 -9.990070e+05 2.000000e+00 -1.000000e+00 9.710005e-01 -1.0 0.000000e+00 0.000000e+00 -1.000000e+00 8.128305e-01 -1.000000e+00 -9.990070e+05 8.366623e-01 8.366623e-01 9.730789e-01 1.953988e+00 6.475812e+00 0.000000e+00 -1.000000e+00 1.016465e-01 1.000000e+00 4.809097e+00
2.112440e+00 -1.000000e+00 4.000000e+03 -1.000000e+00 -1.000000e+00 2.000000e+02 3.813324e-01 -1.000000e+00 -1.000000e+00 7.576703e+00 0.000000e+00 -1.000000e+00 1.000000e+00 6.011582e-03 1.100000e+03 3.166912e+00 1.000000e+00 -9.990070e+05 3.000000e+00 -1.000000e+00 9.131970e-01 -1.0 0.000000e+00 0.000000e+00 -1.000000e+00 7.922799e-01 -1.000000e+00 -9.990070e+05 7.088513e-01 7.088513e-01 9.700297e-01 1.492062e+00 4.932830e+00 0.000000e+00 -1.000000e+00 7.708091e-02 0.000000e+00 3.664879e+00
2.816066e+00 -1.000000e+00 4.000000e+03 -1.000000e+00 -1.000000e+00 3.000000e+02 4.294563e-01 -1.000000e+00 -1.000000e+00 1.006922e+01 0.000000e+00 -1.000000e+00 1.000000e+00 9.711727e-03 1.100000e+03 4.221647e+00 1.000000e+00 -9.990070e+05 3.000000e+00 -1.000000e+00 9.733455e-01 -1.0 0.000000e+00 0.000000e+00 -1.000000e+00 8.138173e-01 -1.000000e+00 -9.990070e+05 8.444155e-01 8.444155e-01 9.732243e-01 1.989213e+00 6.567779e+00 0.000000e+00 -1.000000e+00 1.031012e-01 0.000000e+00 4.883586e+00
2.877276e+00 -1.000000e+00 4.000000e+03 -1.000000e+00 -1.000000e+00 4.000000e+02 4.321227e-01 -1.000000e+00 -1.000000e+00 1.040867e+01 0.000000e+00 -1.000000e+00 1.000000e+00 9.990863e-03 1.100000e+03 4.330376e+00 1.000000e+00 -9.990070e+05 2.000000e+00 -1.000000e+00 9.758713e-01 -1.0 0.000000e+00 0.000000e+00 -1.000000e+00 8.149339e-01 -1.000000e+00 -9.990070e+05 8.531249e-01 8.531249e-01 9.733888e-01 2.027496e+00 6.756254e+00 0.000000e+00 -1.000000e+00 1.047836e-01 1.000000e+00 5.007392e+00
3.622154e+00 -1.000000e+00 4.000000e+03 -1.000000e+00 -1.000000e+00 5.000000e+02 4.559371e-01 -1.000000e+00 -1.000000e+00 1.297108e+01 0.000000e+00 -1.000000e+00 1.000000e+00 1.301367e-02 1.100000e+03 5.437722e+00 1.000000e+00 -9.990070e+05 2.000000e+00 -1.000000e+00 9.940519e-01 -1.0 0.000000e+00 0.000000e+00 -1.000000e+00 8.246122e-01 -1.000000e+00 -9.990070e+05 9.417476e-01 9.417476e-01 9.748097e-01 2.556406e+00 8.460847e+00 0.000000e+00 -1.000000e+00 1.211363e-01 1.000000e+00 6.287594e+00
3.810361e+00 -1.000000e+00 4.000000e+03 -1.000000e+00 -1.000000e+00 6.000000e+02 4.599149e-01 -1.000000e+00 -1.000000e+00 1.369224e+01 0.000000e+00 -1.000000e+00 1.000000e+00 1.363137e-02 1.100000e+03 5.728239e+00 1.000000e+00 -9.990070e+05 2.000000e+00 -1.000000e+00 9.962105e-01 -1.0 0.000000e+00 0.000000e+00 -1.000000e+00 8.261810e-01 -1.000000e+00 -9.990070e+05 9.587956e-01 9.587956e-01 9.750393e-01 2.686613e+00 8.920544e+00 0.000000e+00 -1.000000e+00 1.241160e-01 1.000000e+00 6.623455e+00
3.670913e+00 -1.000000e+00 4.000000e+03 -1.000000e+00 -1.000000e+00 0.000000e+00 4.570117e-01 -1.000000e+00 -1.000000e+00 1.317699e+01 0.000000e+00 -1.000000e+00 1.000000e+00 1.317682e-02 1.200000e+03 5.515319e+00 1.000000e+00 -9.990070e+05 2.000000e+00 -1.000000e+00 9.946606e-01 -1.0 0.000000e+00 0.000000e+00 -1.000000e+00 8.250373e-01 -1.000000e+00 -9.990070e+05 9.462625e-01 9.462625e-01 9.748719e-01 2.589637e+00 8.586244e+00 0.000000e+00 -1.000000e+00 1.219338e-01 1.000000e+00 6.376396e+00
3.768967e+00 -1.000000e+00 4.000000e+03 -1.000000e+00 -1.000000e+00 1.000000e+02 4.591317e-01 -1.000000e+00 -1.000000e+00 1.361125e+01 0.000000e+00 -1.000000e+00 1.000000e+00 1.350673e-02 1.200000e+03 5.672890e+00 1.000000e+00 -9.990070e+05 3.000000e+00 -1.000000e+00 9.958077e-01 -1.0 0.000000e+00 0.000000e+00 -1.000000e+00 8.258731e-01 -1.000000e+00 -9.990070e+05 9.553810e-01 9.553810e-01 9.749943e-01 2.655785e+00 8.841752e+00 0.000000e+00 -1.000000e+00 1.235234e-01 0.000000e+00 6.557656e+00
4.309115e+00 -1.000000e+00 4.000000e+03 -1.000000e+00 -1.000000e+00 2.000000e+02 4.682491e-01 -1.000000e+00 -1.000000e+00 1.551111e+01 0.000000e+00 -1.000000e+00 1.000000e+00 1.505763e-02 1.200000e+03 6.478604e+00 1.000000e+00 -9.990070e+05 2.000000e+00 -1.000000e+00 9.998157e-01 -1.0 0.000000e+00 0.000000e+00 -1.000000e+00 8.294274e-01 -1.000000e+00 -9.990070e+05 9.974074e-01 9.974074e-01 9.755139e-01 3.038439e+00 1.009410e+01 0.000000e+00 -1.000000e+00 1.306067e-01 1.000000e+00 7.490522e+00
4.112803e+00 -1.000000e+00 4.000000e+03 -1.000000e+00 -1.000000e+00 3.000000e+02 4.653017e-01 -1.000000e+00 -1.000000e+00 1.489929e+01 0.000000e+00 -1.000000e+00 1.000000e+00 1.453147e-02 1.200000e+03 6.199181e+00 1.000000e+00 -9.990070e+05 3.000000e+00 -1.000000e+00 9.987066e-01 -1.0 0.000000e+00 0.000000e+00 -1.000000e+00 8.282854e-01 -1.000000e+00 -9.990070e+05 9.835011e-01 9.835011e-01 9.753470e-01 2.895336e+00 9.673634e+00 0.000000e+00 -1.000000e+00 1.282722e-01 0.000000e+00 7.166311e+00
4.624016e+00 -1.000000e+00 4.000000e+03 -1.000000e+00 -1.000000e+00 4.000000e+02 4.722286e-01 -1.000000e+00 -1.000000e+00 1.665936e+01 0.000000e+00 -1.000000e+00 1.000000e+00 1.580913e-02 1.200000e+03 6.952276e+00 1.000000e+00 -9.990070e+05 2.000000e+00 -1.000000e+00 9.988907e-01 -1.0 0.000000e+00 0.000000e+00 -1.000000e+00 8.309589e-01 -1.000000e+00 -9.990070e+05 9.824974e-01 9.824974e-01 9.757375e-01 3.260350e+00 1.083630e+01 0.000000e+00 -1.000000e+00 1.338279e-01 1.000000e+00 8.038976e+00
4.587131e+00 -1.000000e+00 4.000000e+03 -1.000000e+00 -1.000000e+00 5.000000e+02 4.718372e-01 -1.000000e+00 -1.000000e+00 1.652099e+01 0.000000e+00 -1.000000e+00 1.000000e+00 1.573302e-02 1.200000e+03 6.894086e+00 1.000000e+00 -9.990070e+05 3.000000e+00 -1.000000e+00 9.990100e-01 -1.0 0.000000e+00 0.000000e+00 -1.000000e+00 8.308088e-01 -1.000000e+00 -9.990070e+05 9.845603e-01 9.845603e-01 9.757156e-01 3.235483e+00 1.074191e+01 0.000000e+00 -1.000000e+00 1.335075e-01 0.000000e+00 7.971740e+00
5.671734e+00 -1.000000e+00 4.000000e+03 -1.000000e+00 -1.000000e+00 6.000000e+02 4.812775e-01 -1.000000e+00 -1.000000e+00 2.077881e+01 0.000000e+00 -1.000000e+00 1.000000e+00 1.771458e-02 1.200000e+03 8.560566e+00 1.000000e+00 -9.990070e+05 3.000000e+00 -1.000000e+00 9.968077e-01 -1.0 0.000000e+00 0.000000e+00 -1.000000e+00 8.343991e-01 -1.000000e+00 -9.990070e+05 9.298308e-01 9.298308e-01 9.762393e-01 3.990578e+00 1.338916e+01 0.000000e+00 -1.000000e+00 1.414571e-01 0.000000e+00 9.892583e+00
5.524639e+00 -1.000000e+00 4.000000e+03 -1.000000e+00 -1.000000e+00 0.000000e+00 4.802514e-01 -1.000000e+00 -1.000000e+00 1.972862e+01 0.000000e+00 -1.000000e+00 1.000000e+00 1.748360e-02 1.300000e+03 8.264005e+00 1.000000e+00 -9.990070e+05 2.000000e+00 -1.000000e+00 9.969667e-01 -1.0 0.000000e+00 0.000000e+00 -1.000000e+00 8.340119e-01 -1.000000e+00 -9.990070e+05 9.363008e-01 9.363008e-01 9.761828e-01 3.908108e+00 1.287480e+01 0.000000e+00 -1.000000e+00 1.405703e-01 1.000000e+00 9.566105e+00
6.336970e+00 -1.000000e+00 0.000000e+00 -1.000000e+00 -1.000000e+00 1.000000e+02 4.847709e-01 -1.000000e+00 -1.000000e+00 2.300269e+01 0.000000e+00 -1.000000e+00 0.000000e+00 1.853231e-02 1.300000e+03 9.526667e+00 0.000000e+00 -9.990070e+05 3.000000e+00 -1.000000e+00 9.964338e-01 -1.0 0.000000e+00 0.000000e+00 -1.000000e+00 8.357122e-01 -1.000000e+00 -9.990070e+05 9.062920e-01 9.062920e-01 9.764306e-01 4.467221e+00 1.489446e+01 0.000000e+00 -1.000000e+00 1.445188e-01 0.000000e+00 1.102687e+01
5.962113e+00 -1.000000e+00 0.000000e+00 -1.000000e+00 -1.000000e+00 2.000000e+02 4.829383e-01 -1.000000e+00 -1.000000e+00 2.133348e+01 0.000000e+00 -1.000000e+00 0.000000e+00 1.809720e-02 1.300000e+03 8.922555e+00 0.000000e+00 -9.990070e+05 3.000000e+00 -1.000000e+00 9.965934e-01 -1.0 0.000000e+00 0.000000e+00 -1.000000e+00 8.350244e-01 -1.000000e+00 -9.990070e+05 9.188934e-01 9.188934e-01 9.763304e-01 4.217437e+00 1.390915e+01 0.000000e+00 -1.000000e+00 1.429044e-01 0.000000e+00 1.032544e+01
7.146276e+00 -1.000000e+00 0.000000e+00 -1.000000e+00 -1.000000e+00 3.000000e+02 4.879872e-01 -1.000000e+00 -1.000000e+00 2.574257e+01 0.000000e+00 -1.000000e+00 0.000000e+00 1.933035e-02 1.300000e+03 1.073657e+01 0.000000e+00 -9.990070e+05 3.000000e+00 -1.000000e+00 9.963570e-01 -1.0 0.000000e+00 0.000000e+00 -1.000000e+00 8.369140e-01 -1.000000e+00 -9.990070e+05 8.820836e-01 8.820836e-01 9.766055e-01 5.040977e+00 1.673475e+01 0.000000e+00 -1.000000e+00 1.473964e-01 0.000000e+00 1.241906e+01
6.206299e+00 -1.000000e+00 4.000000e+03 -1.000000e+00 -1.000000e+00 4.000000e+02 4.841867e-01 -1.000000e+00 -1.000000e+00 2.236699e+01 0.000000e+00 -1.000000e+00 1.000000e+00 1.839209e-02 1.300000e+03 9.303671e+00 1.000000e+00 -9.990070e+05 3.000000e+00 -1.000000e+00 9.964746e-01 -1.0 0.000000e+00 0.000000e+00 -1.000000e+00 8.354932e-01 -1.000000e+00 -9.990070e+05 9.103549e-01 9.103549e-01 9.763987e-01 4.383782e+00 1.452868e+01 0.000000e+00 -1.000000e+00 1.440021e-01 0.000000e+00 1.077126e+01
7.329343e+00 -1.000000e+00 0.000000e+00 -1.000000e+00 -1.000000e+00 5.000000e+02 4.885476e-01 -1.000000e+00 -1.000000e+00 2.634166e+01 0.000000e+00 -1.000000e+00 0.000000e+00 1.947406e-02 1.300000e+03 1.097905e+01 0.000000e+00 -9.990070e+05 3.000000e+00 -1.000000e+00 9.963745e-01 -1.0 0.000000e+00 0.000000e+00 -1.000000e+00 8.371227e-01 -1.000000e+00 -9.990070e+05 8.775662e-01 8.775662e-01 9.766359e-01 5.179422e+00 1.713754e+01 0.000000e+00 -1.000000e+00 1.479035e-01 0.000000e+00 1.271132e+01
7.460612e+00 -1.000000e+00 4.000000e+03 -1.000000e+00 -1.000000e+00 6.000000e+02 4.889335e-01 -1.000000e+00 -1.000000e+00 2.677280e+01 0.000000e+00 -1.000000e+00 1.000000e+00 1.957386e-02 1.300000e+03 1.116921e+01 1.000000e+00 -9.990070e+05 3.000000e+00 -1.000000e+00 9.963921e-01 -1.0 0.000000e+00 0.000000e+00 -1.000000e+00 8.372663e-01 -1.000000e+00 -9.990070e+05 8.743832e-01 8.743832e-01 9.766568e-01 5.273612e+00 1.743104e+01 0.000000e+00 -1.000000e+00 1.482538e-01 0.000000e+00 1.293489e+01
9.804381e+00 -1.000000e+00 0.000000e+00 -1.000000e+00 -1.000000e+00 0.000000e+00 4.936896e-01 -1.000000e+00 -1.000000e+00 3.529307e+01 0.000000e+00 -1.000000e+00 0.000000e+00 2.086169e-02 1.400000e+03 1.473823e+01 0.000000e+00 -9.990070e+05 3.000000e+00 -1.000000e+00 9.970596e-01 -1.0 0.000000e+00 0.000000e+00 -1.000000e+00 8.390283e-01 -1.000000e+00 -9.990070e+05 8.296823e-01 8.296823e-01 9.769132e-01 6.913681e+00 2.296222e+01 0.000000e+00 -1.000000e+00 1.526391e-01 0.000000e+00 1.704254e+01
1.049684e+01 -1.000000e+00 0.000000e+00 -1.000000e+00 -1.000000e+00 1.000000e+02 4.947450e-01 -1.000000e+00 -1.000000e+00 3.835574e+01 0.000000e+00 -1.000000e+00 0.000000e+00 2.116264e-02 1.400000e+03 1.583123e+01 0.000000e+00 -9.990070e+05 3.000000e+00 -1.000000e+00 9.973448e-01 -1.0 0.000000e+00 0.000000e+00 -1.000000e+00 8.394174e-01 -1.000000e+00 -9.990070e+05 8.178628e-01 8.178628e-01 9.769697e-01 7.387679e+00 2.473975e+01 0.000000e+00 -1.000000e+00 1.536294e-01 0.000000e+00 1.829805e+01
1.081804e+01 -1.000000e+00 0.000000e+00 -1.000000e+00 -1.000000e+00 2.000000e+02 4.951939e-01 -1.000000e+00 -1.000000e+00 3.908148e+01 0.000000e+00 -1.000000e+00 0.000000e+00 2.129241e-02 1.400000e+03 1.627337e+01 0.000000e+00 -9.990070e+05 3.000000e+00 -1.000000e+00 9.974853e-01 -1.0 0.000000e+00 0.000000e+00 -1.000000e+00 8.395827e-01 -1.000000e+00 -9.990070e+05 8.125574e-01 8.125574e-01 9.769938e-01 7.625158e+00 2.538257e+01 0.000000e+00 -1.000000e+00 1.540526e-01 0.000000e+00 1.881754e+01
1.062484e+01 -1.000000e+00 0.000000e+00 -1.000000e+00 -1.000000e+00 3.000000e+02 4.949267e-01 -1.000000e+00 -1.000000e+00 3.815963e+01 0.000000e+00 -1.000000e+00 0.000000e+00 2.121504e-02 1.400000e+03 1.595609e+01 0.000000e+00 -9.990070e+05 3.000000e+00 -1.000000e+00 9.974000e-01 -1.0 0.000000e+00 0.000000e+00 -1.000000e+00 8.394843e-01 -1.000000e+00 -9.990070e+05 8.157228e-01 8.157228e-01 9.769795e-01 7.497011e+00 2.485059e+01 0.000000e+00 -1.000000e+00 1.538006e-01 0.000000e+00 1.845462e+01
1.120187e+01 -1.000000e+00 0.000000e+00 -1.000000e+00 -1.000000e+00 4.000000e+02 4.957188e-01 -1.000000e+00 -1.000000e+00 4.043362e+01 0.000000e+00 -1.000000e+00 0.000000e+00 2.144547e-02 1.400000e+03 1.685215e+01 0.000000e+00 -9.990070e+05 3.000000e+00 -1.000000e+00 9.976652e-01 -1.0 0.000000e+00 0.000000e+00 -1.000000e+00 8.397758e-01 -1.000000e+00 -9.990070e+05 8.061019e-01 8.061019e-01 9.770218e-01 7.893943e+00 2.628266e+01 0.000000e+00 -1.000000e+00 1.545488e-01 0.000000e+00 1.949153e+01
1.049263e+01 -1.000000e+00 0.000000e+00 -1.000000e+00 -1.000000e+00 5.000000e+02 4.947350e-01 -1.000000e+00 -1.000000e+00 3.766280e+01 0.000000e+00 -1.000000e+00 0.000000e+00 2.115977e-02 1.400000e+03 1.575548e+01 0.000000e+00 -9.990070e+05 3.000000e+00 -1.000000e+00 9.973419e-01 -1.0 0.000000e+00 0.000000e+00 -1.000000e+00 8.394138e-01 -1.000000e+00 -9.990070e+05 8.179799e-01 8.179799e-01 9.769692e-01 7.404311e+00 2.453388e+01 0.000000e+00 -1.000000e+00 1.536201e-01 0.000000e+00 1.822091e+01
1.254453e+01 -1.000000e+00 0.000000e+00 -1.000000e+00 -1.000000e+00 6.000000e+02 4.974110e-01 -1.000000e+00 -1.000000e+00 4.490932e+01 0.000000e+00 -1.000000e+00 0.000000e+00 2.194900e-02 1.400000e+03 1.880954e+01 0.000000e+00 -9.990070e+05 3.000000e+00 -1.000000e+00 9.983791e-01 -1.0 0.000000e+00 0.000000e+00 -1.000000e+00 8.403973e-01 -1.000000e+00 -9.990070e+05 7.832667e-01 7.832667e-01 9.771122e-01 8.859423e+00 2.927231e+01 0.000000e+00 -1.000000e+00 1.561594e-01 0.000000e+00 2.176352e+01
1.828316e+01 -1.000000e+00 0.000000e+00 -1.000000e+00 -1.000000e+00 0.000000e+00 5.000000e-01 -1.000000e+00 -1.000000e+00 6.547660e+01 0.000000e+00 -1.000000e+00 0.000000e+00 2.275013e-02 1.500000e+03 2.742661e+01 0.000000e+00 -9.990070e+05 3.000000e+00 -1.000000e+00 1.002398e+00 -1.0 0.000000e+00 0.000000e+00 -1.000000e+00 8.413447e-01 -1.000000e+00 -9.990070e+05 6.899565e-01 6.899565e-01 9.772499e-01 1.290905e+01 4.268532e+01 0.000000e+00 -1.000000e+00 1.586553e-01 0.000000e+00 3.172654e+01
1.762917e+01 -1.000000e+00 0.000000e+00 -1.000000e+00 -1.000000e+00 1.000000e+02 5.000000e-01 -1.000000e+00 -1.000000e+00 6.309056e+01 0.000000e+00 -1.000000e+00 0.000000e+00 2.275013e-02 1.500000e+03 2.644219e+01 0.000000e+00 -9.990070e+05 3.000000e+00 -1.000000e+00 1.001866e+00 -1.0 0.000000e+00 0.000000e+00 -1.000000e+00 8.413447e-01 -1.000000e+00 -9.990070e+05 7.003685e-01 7.003685e-01 9.772499e-01 1.244721e+01 4.114705e+01 0.000000e+00 -1.000000e+00 1.586553e-01 0.000000e+00 3.059087e+01
1.927751e+01 -1.000000e+00 0.000000e+00 -1.000000e+00 -1.000000e+00 2.000000e+02 5.000000e-01 -1.000000e+00 -1.000000e+00 6.951266e+01 0.000000e+00 -1.000000e+00 0.000000e+00 2.275013e-02 1.500000e+03 2.897793e+01 0.000000e+00 -9.990070e+05 3.000000e+00 -1.000000e+00 1.003199e+00 -1.0 0.000000e+00 0.000000e+00 -1.000000e+00 8.413447e-01 -1.000000e+00 -9.990070e+05 6.750148e-01 6.750148e-01 9.772499e-01 1.359316e+01 4.518139e+01 0.000000e+00 -1.000000e+00 1.586553e-01 0.000000e+00 3.351661e+01
1.730545e+01 -1.000000e+00 0.000000e+00 -1.000000e+00 -1.000000e+00 3.000000e+02 5.000000e-01 -1.000000e+00 -1.000000e+00 6.209293e+01 0.000000e+00 -1.000000e+00 0.000000e+00 2.275013e-02 1.500000e+03 2.592884e+01 0.000000e+00 -9.990070e+05 3.000000e+00 -1.000000e+00 1.001606e+00 -1.0 0.000000e+00 0.000000e+00 -1.000000e+00 8.413447e-01 -1.000000e+00 -9.990070e+05 7.056152e-01 7.056152e-01 9.772499e-01 1.222670e+01 4.042008e+01 0.000000e+00 -1.000000e+00 1.586553e-01 0.000000e+00 3.001591e+01
1.893086e+01 -1.000000e+00 0.000000e+00 -1.000000e+00 -1.000000e+00 4.000000e+02 5.000000e-01 -1.000000e+00 -1.000000e+00 6.784622e+01 0.000000e+00 -1.000000e+00 0.000000e+00 2.275013e-02 1.500000e+03 2.840518e+01 0.000000e+00 -9.990070e+05 3.000000e+00 -1.000000e+00 1.002921e+00 -1.0 0.000000e+00 0.000000e+00 -1.000000e+00 8.413447e-01 -1.000000e+00 -9.990070e+05 6.801061e-01 6.801061e-01 9.772499e-01 1.336365e+01 4.421754e+01 0.000000e+00 -1.000000e+00 1.586553e-01 0.000000e+00 3.285746e+01
1.715561e+01 -1.000000e+00 0.000000e+00 -1.000000e+00 -1.000000e+00 5.000000e+02 5.000000e-01 -1.000000e+00 -1.000000e+00 6.166899e+01 0.000000e+00 -1.000000e+00 0.000000e+00 2.275013e-02 1.500000e+03 2.571990e+01 0.000000e+00 -9.990070e+05 3.000000e+00 -1.000000e+00 1.001486e+00 -1.0 0.000000e+00 0.000000e+00 -1.000000e+00 8.413447e-01 -1.000000e+00 -9.990070e+05 7.080698e-01 7.080698e-01 9.772499e-01 1.211627e+01 4.010693e+01 0.000000e+00 -1.000000e+00 1.586553e-01 0.000000e+00 2.977149e+01
2.237736e+01 -1.000000e+00 4.000000e+03 -1.000000e+00 -1.000000e+00 6.000000e+02 5.000000e-01 -1.000000e+00 -1.000000e+00 8.044465e+01 0.000000e+00 -1.000000e+00 1.000000e+00 2.275013e-02 1.500000e+03 3.352920e+01 1.000000e+00 -9.990070e+05 3.000000e+00 -1.000000e+00 1.005913e+00 -1.0 0.000000e+00 0.000000e+00 -1.000000e+00 8.413447e-01 -1.000000e+00 -9.990070e+05 6.295836e-01 6.295836e-01 9.772499e-01 1.580874e+01 5.233238e+01 0.000000e+00 -1.000000e+00 1.586553e-01 0.000000e+00 3.882600e+01
3.391708e+01 -1.000000e+00 4.000000e+03 -1.000000e+00 -1.000000e+00 0.000000e+00 5.000000e-01 -1.000000e+00 -1.000000e+00 1.216079e+02 0.000000e+00 -1.000000e+00 1.000000e+00 2.275013e-02 1.600000e+03 5.088813e+01 1.000000e+00 -9.990070e+05 2.000000e+00 -1.000000e+00 1.016983e+00 -1.0 0.000000e+00 0.000000e+00 -1.000000e+00 8.413447e-01 -1.000000e+00 -9.990070e+05 4.926684e-01 4.926684e-01 9.772499e-01 2.394410e+01 7.922603e+01 0.000000e+00 -1.000000e+00 1.586553e-01 1.000000e+00 5.887112e+01
3.397117e+01 -1.000000e+00 4.000000e+03 -1.000000e+00 -1.000000e+00 1.000000e+02 5.000000e-01 -1.000000e+00 -1.000000e+00 1.233139e+02 0.000000e+00 -1.000000e+00 1.000000e+00 2.275013e-02 1.600000e+03 5.119884e+01 1.000000e+00 -9.990070e+05 3.000000e+00 -1.000000e+00 1.017000e+00 -1.0 0.000000e+00 0.000000e+00 -1.000000e+00 8.413447e-01 -1.000000e+00 -9.990070e+05 4.924967e-01 4.924967e-01 9.772499e-01 2.391456e+01 7.996133e+01 0.000000e+00 -1.000000e+00 1.586553e-01 0.000000e+00 5.920735e+01
3.445902e+01 -1.000000e+00 4.000000e+03 -1.000000e+00 -1.000000e+00 2.000000e+02 5.000000e-01 -1.000000e+00 -1.000000e+00 1.234995e+02 0.000000e+00 -1.000000e+00 1.000000e+00 2.275013e-02 1.600000e+03 5.168022e+01 1.000000e+00 -9.990070e+05 2.000000e+00 -1.000000e+00 1.017454e+00 -1.0 0.000000e+00 0.000000e+00 -1.000000e+00 8.413447e-01 -1.000000e+00 -9.990070e+05 4.878614e-01 4.878614e-01 9.772499e-01 2.433233e+01 8.045285e+01 0.000000e+00 -1.000000e+00 1.586553e-01 1.000000e+00 5.979608e+01
3.440267e+01 -1.000000e+00 4.000000e+03 -1.000000e+00 -1.000000e+00 3.000000e+02 5.000000e-01 -1.000000e+00 -1.000000e+00 1.243671e+02 0.000000e+00 -1.000000e+00 1.000000e+00 2.275013e-02 1.600000e+03 5.173635e+01 1.000000e+00 -9.990070e+05 3.000000e+00 -1.000000e+00 1.017366e+00 -1.0 0.000000e+00 0.000000e+00 -1.000000e+00 8.413447e-01 -1.000000e+00 -9.990070e+05 4.887344e-01 4.887344e-01 9.772499e-01 2.425127e+01 8.070494e+01 0.000000e+00 -1.000000e+00 1.586553e-01 0.000000e+00 5.985543e+01
3.663794e+01 -1.000000e+00 4.000000e+03 -1.000000e+00 -1.000000e+00 4.000000e+02 5.000000e-01 -1.000000e+00 -1.000000e+00 1.365363e+02 0.000000e+00 -1.000000e+00 1.000000e+00 2.275013e-02 1.600000e+03 5.572123e+01 1.000000e+00 -9.990070e+05 3.000000e+00 -1.000000e+00 1.019241e+00 -1.0 0.000000e+00 0.000000e+00 -1.000000e+00 8.413447e-01 -1.000000e+00 -9.990070e+05 4.701075e-01 4.701075e-01 9.772499e-01 2.588018e+01 8.764562e+01 0.000000e+00 -1.000000e+00 1.586553e-01 0.000000e+00 6.438648e+01
3.368354e+01 -1.000000e+00 4.000000e+03 -1.000000e+00 -1.000000e+00 5.000000e+02 5.000000e-01 -1.000000e+00 -1.000000e+00 1.245249e+02 0.000000e+00 -1.000000e+00 1.000000e+00 2.275013e-02 1.600000e+03 5.109984e+01 1.000000e+00 -9.990070e+05 2.000000e+00 -1.000000e+00 1.016721e+00 -1.0 0.000000e+00 0.000000e+00 -1.000000e+00 8.413447e-01 -1.000000e+00 -9.990070e+05 4.953530e-01 4.953530e-01 9.772499e-01 2.375207e+01 8.019035e+01 0.000000e+00 -1.000000e+00 1.586553e-01 1.000000e+00 5.906286e+01
3.595788e+01 -1.000000e+00 4.000000e+03 -1.000000e+00 -1.000000e+00 6.000000e+02 5.000000e-01 -1.000000e+00 -1.000000e+00 1.296236e+02 0.000000e+00 -1.000000e+00 1.000000e+00 2.275013e-02 1.600000e+03 5.395438e+01 1.000000e+00 -9.990070e+05 2.000000e+00 -1.000000e+00 1.018692e+00 -1.0 0.000000e+00 0.000000e+00 -1.000000e+00 8.413447e-01 -1.000000e+00 -9.990070e+05 4.754883e-01 4.754883e-01 9.772499e-01 2.537847e+01 8.421425e+01 0.000000e+00 -1.000000e+00 1.586553e-01 1.000000e+00 6.245930e+01
2.401441e-01 -1.000000e+00 0.000000e+00 -1.000000e+00 -1.000000e+00 0.000000e+00 5.043954e-03 -1.000000e+00 -1.000000e+00 9.077486e+00 0.000000e+00 -1.000000e+00 0.000000e+00 1.553612e-06 4.000000e+02 3.971702e-01 0.000000e+00 -9.990070e+05 3.000000e+00 -1.000000e+00 1.763647e-02 -1.0 0.000000e+00 0.000000e+00 -1.000000e+00 7.119658e-02 -1.000000e+00 -9.990070e+05 1.053487e-02 1.053487e-02 4.196507e-01 1.423007e-01 9.125343e-01 0.000000e+00 -1.000000e+00 1.422556e-04 0.000000e+00 4.919470e-01
4.793353e+01 -1.000000e+00 0.000000e+00 -1.000000e+00 -1.000000e+00 3.750000e+02 4.520505e-01 -1.000000e+00 -1.000000e+00 7.016287e+01 0.000000e+00 -1.000000e+00 0.000000e+00 1.244540e-02 4.250000e+02 5.285914e+01 0.000000e+00 -9.990070e+05 3.000000e+00 -1.000000e+00 9.786028e-01 -1.0 0.000000e+00 0.000000e+00 -1.000000e+00 8.230668e-01 -1.000000e+00 -9.990070e+05 8.253761e-01 8.253761e-01 9.745833e-01 4.429288e+01 6.009547e+01 0.000000e+00 -1.000000e+00 1.182963e-01 0.000000e+00 5.276817e+01
5.820855e-01 -1.000000e+00 0.000000e+00 -1.000000e+00 -1.000000e+00 3.000000e+02 4.109986e-02 -1.000000e+00 -1.000000e+00 3.285259e+00 0.000000e+00 -1.000000e+00 0.000000e+00 5.289200e-05 5.000000e+02 9.412883e-01 0.000000e+00 -9.990070e+05 3.000000e+00 -1.000000e+00 1.316160e-01 -1.0 0.000000e+00 0.000000e+00 -1.000000e+00 2.952812e-01 -1.000000e+00 -9.990070e+05 8.130089e-02 8.130089e-02 8.230113e-01 3.930379e-01 1.688457e+00 0.000000e+00 -1.000000e+00 2.346478e-03 0.000000e+00 1.105515e+00
-1.000000e+00 -1.000000e+00 4.000000e+03 -1.000000e+00 -1.000000e+00 4.750000e+02 2.946061e-01 -1.000000e+00 -1.000000e+00 -1.000000e+00 0.000000e+00 -1.000000e+00 1.000000e+00 2.722633e-03 5.000000e+02 -1.000000e+00 1.000000e+00 -9.990070e+05 3.000000e+00 -1.000000e+00 9.989407e-01 -1.0 0.000000e+00 0.000000e+00 -1.000000e+00 7.437424e-01 -1.000000e+00 -9.990070e+05 9.972991e-01 9.972991e-01 9.626234e-01 -1.000000e+00 -1.000000e+00 0.000000e+00 -1.000000e+00 4.523744e-02 0.000000e+00 -1.000000e+00
5.907128e-01 -1.000000e+00 4.000000e+03 -1.000000e+00 -1.000000e+00 3.000000e+02 3.343897e-02 -1.000000e+00 -1.000000e+00 2.254099e+00 0.000000e+00 -1.000000e+00 1.000000e+00 3.679318e-05 6.000000e+02 8.987144e-01 1.000000e+00 -9.990070e+05 2.000000e+00 -1.000000e+00 1.141723e-01 -1.0 0.000000e+00 0.000000e+00 -1.000000e+00 2.588641e-01 -1.000000e+00 -9.990070e+05 7.165748e-02 7.165748e-02 7.925384e-01 4.166815e-01 1.426230e+00 0.000000e+00 -1.000000e+00 1.767522e-03 1.000000e+00 1.038070e+00
3.831318e+01 -1.000000e+00 0.000000e+00 -1.000000e+00 -1.000000e+00 5.500000e+02 4.963619e-01 -1.000000e+00 -1.000000e+00 1.564349e+02 0.000000e+00 -1.000000e+00 0.000000e+00 2.163502e-02 6.000000e+02 1.115714e+02 0.000000e+00 -9.990070e+05 3.000000e+00 -1.000000e+00 9.979651e-01 -1.0 0.000000e+00 0.000000e+00 -1.000000e+00 8.400122e-01 -1.000000e+00 -9.990070e+05 8.021736e-01 8.021736e-01 9.770562e-01 1.767062e+01 1.564349e+02 0.000000e+00 -1.000000e+00 1.551590e-01 0.000000e+00 1.421856e+02
2.554725e-03 -1.000000e+00 0.000000e+00 -1.000000e+00 -1.000000e+00 5.750000e+02 9.280601e-03 -1.000000e+00 -1.000000e+00 1.557878e+01 0.000000e+00 -1.000000e+00 0.000000e+00 4.193773e-06 6.000000e+02 2.583627e-03 0.000000e+00 -9.990070e+05 3.000000e+00 -1.000000e+00 2.749041e-02 -1.0 0.000000e+00 0.000000e+00 -1.000000e+00 1.092452e-01 -1.000000e+00 -9.990070e+05 1.579381e-02 1.579381e-02 5.395611e-01 2.551504e-03 2.738380e+00 0.000000e+00 -1.000000e+00 3.163370e-04 0.000000e+00 2.599506e-03
6.621554e-01 -1.000000e+00 0.000000e+00 -1.000000e+00 -1.000000e+00 3.000000e+02 4.958800e-02 -1.000000e+00 -1.000000e+00 2.429774e+00 0.000000e+00 -1.000000e+00 0.000000e+00 7.389198e-05 7.000000e+02 9.999518e-01 0.000000e+00 -9.990070e+05 3.000000e+00 -1.000000e+00 1.633912e-01 -1.0 0.000000e+00 0.000000e+00 -1.000000e+00 3.319015e-01 -1.000000e+00 -9.990070e+05 1.030402e-01 1.030402e-01 8.473064e-01 4.652787e-01 1.566404e+00 0.000000e+00 -1.000000e+00 3.042661e-03 0.000000e+00 1.157520e+00
1.265471e+00 -1.000000e+00 4.000000e+03 -1.000000e+00 -1.000000e+00 4.000000e+02 2.331485e-01 -1.000000e+00 -1.000000e+00 4.882956e+00 0.000000e+00 -1.000000e+00 1.000000e+00 1.526367e-03 7.000000e+02 1.920593e+00 1.000000e+00 -9.990070e+05 3.000000e+00 -1.000000e+00 6.261353e-01 -1.0 0.000000e+00 0.000000e+00 -1.000000e+00 6.960885e-01 -1.000000e+00 -9.990070e+05 4.141294e-01 4.141294e-01 9.549534e-01 8.939784e-01 3.062627e+00 0.000000e+00 -1.000000e+00 2.991462e-02 0.000000e+00 2.223192e+00
2.130167e+00 -1.000000e+00 4.000000e+03 -1.000000e+00 -1.000000e+00 5.000000e+02 3.794410e-01 -1.000000e+00 -1.000000e+00 8.460888e+00 0.000000e+00 -1.000000e+00 1.000000e+00 5.904928e-03 7.000000e+02 3.242815e+00 1.000000e+00 -9.990070e+05 2.000000e+00 -1.000000e+00 9.091379e-01 -1.0 0.000000e+00 0.000000e+00 -1.000000e+00 7.913721e-01 -1.000000e+00 -9.990070e+05 7.008779e-01 7.008779e-01 9.698940e-01 1.502260e+00 5.234596e+00 0.000000e+00 -1.000000e+00 7.620618e-02 1.000000e+00 3.765693e+00
5.727687e+00 -1.000000e+00 4.000000e+03 -1.000000e+00 -1.000000e+00 6.000000e+02 4.803295e-01 -1.000000e+00 -1.000000e+00 2.401668e+01 0.000000e+00 -1.000000e+00 1.000000e+00 1.750102e-02 7.000000e+02 8.859489e+00 1.000000e+00 -9.990070e+05 2.000000e+00 -1.000000e+00 9.970556e-01 -1.0 0.000000e+00 0.000000e+00 -1.000000e+00 8.340414e-01 -1.000000e+00 -9.990070e+05 9.378376e-01 9.378376e-01 9.761871e-01 4.028056e+00 1.451901e+01 0.000000e+00 -1.000000e+00 1.406376e-01 1.000000e+00 1.027931e+01
4.907970e-01 -1.000000e+00 0.000000e+00 -1.000000e+00 -1.000000e+00 0.000000e+00 1.570146e-02 -1.000000e+00 -1.000000e+00 1.955940e+00 0.000000e+00 -1.000000e+00 0.000000e+00 1.006463e-05 8.000000e+02 7.445524e-01 0.000000e+00 -9.990070e+05 3.000000e+00 -1.000000e+00 5.673782e-02 -1.0 0.000000e+00 0.000000e+00 -1.000000e+00 1.567629e-01 -1.000000e+00 -9.990070e+05 3.529225e-02 3.529225e-02 6.508322e-01 3.468724e-01 1.202062e+00 0.000000e+00 -1.000000e+00 6.359956e-04 0.000000e+00 8.658841e-01
6.737635e-01 -1.000000e+00 0.000000e+00 -1.000000e+00 -1.000000e+00 1.000000e+02 5.354506e-02 -1.000000e+00 -1.000000e+00 2.537200e+00 0.000000e+00 -1.000000e+00 0.000000e+00 8.481973e-05 8.000000e+02 1.024169e+00 0.000000e+00 -9.990070e+05 3.000000e+00 -1.000000e+00 1.743842e-01 -1.0 0.000000e+00 0.000000e+00 -1.000000e+00 3.478205e-01 -1.000000e+00 -9.990070e+05 1.098847e-01 1.098847e-01 8.563294e-01 4.759436e-01 1.616662e+00 0.000000e+00 -1.000000e+00 3.385699e-03 0.000000e+00 1.182947e+00
8.101662e-01 -1.000000e+00 0.000000e+00 -1.000000e+00 -1.000000e+00 2.000000e+02 9.297737e-02 -1.000000e+00 -1.000000e+00 2.967372e+00 0.000000e+00 -1.000000e+00 0.000000e+00 2.342268e-04 8.000000e+02 1.222264e+00 0.000000e+00 -9.990070e+05 3.000000e+00 -1.000000e+00 2.847101e-01 -1.0 0.000000e+00 0.000000e+00 -1.000000e+00 4.758629e-01 -1.000000e+00 -9.990070e+05 1.806075e-01 1.806075e-01 9.074618e-01 5.696313e-01 1.914741e+00 0.000000e+00 -1.000000e+00 7.385497e-03 0.000000e+00 1.414859e+00
8.966180e-01 -1.000000e+00 0.000000e+00 -1.000000e+00 -1.000000e+00 3.000000e+02 1.223328e-01 -1.000000e+00 -1.000000e+00 3.357725e+00 0.000000e+00 -1.000000e+00 0.000000e+00 3.963086e-04 8.000000e+02 1.364599e+00 0.000000e+00 -9.990070e+05 3.000000e+00 -1.000000e+00 3.614986e-01 -1.0 0.000000e+00 0.000000e+00 -1.000000e+00 5.445368e-01 -1.000000e+00 -9.990070e+05 2.303903e-01 2.303903e-01 9.254997e-01 6.331193e-01 2.149186e+00 0.000000e+00 -1.000000e+00 1.100256e-02 0.000000e+00 1.577628e+00
1.477790e+00 -1.000000e+00 4.000000e+03 -1.000000e+00 -1.000000e+00 4.000000e+02 2.864584e-01 -1.000000e+00 -1.000000e+00 5.335847e+00 0.000000e+00 -1.000000e+00 1.000000e+00 2.527824e-03 8.000000e+02 2.219819e+00 1.000000e+00 -9.990070e+05 2.000000e+00 -1.000000e+00 7.415871e-01 -1.0 0.000000e+00 0.000000e+00 -1.000000e+00 7.382396e-01 -1.000000e+00 -9.990070e+05 5.095912e-01 5.095912e-01 9.617609e-01 1.042273e+00 3.463697e+00 0.000000e+00 -1.000000e+00 4.293590e-02 1.000000e+00 2.569301e+00
1.862068e+00 -1.000000e+00 4.000000e+03 -1.000000e+00 -1.000000e+00 5.000000e+02 3.527374e-01 -1.000000e+00 -1.000000e+00 6.984984e+00 0.000000e+00 -1.000000e+00 1.000000e+00 4.608296e-03 8.000000e+02 2.829012e+00 1.000000e+00 -9.990070e+05 3.000000e+00 -1.000000e+00 8.669446e-01 -1.0 0.000000e+00 0.000000e+00 -1.000000e+00 7.779506e-01 -1.000000e+00 -9.990070e+05 6.415075e-01 6.415075e-01 9.678765e-01 1.316084e+00 4.454810e+00 0.000000e+00 -1.000000e+00 6.483935e-02 0.000000e+00 3.268625e+00
4.049159e+00 -1.000000e+00 4.000000e+03 -1.000000e+00 -1.000000e+00 6.000000e+02 4.612019e-01 -1.000000e+00 -1.000000e+00 1.792883e+01 0.000000e+00 -1.000000e+00 1.000000e+00 1.383953e-02 8.000000e+02 6.381184e+00 1.000000e+00 -9.990070e+05 3.000000e+00 -1.000000e+00 9.966570e-01 -1.0 0.000000e+00 0.000000e+00 -1.000000e+00 8.266858e-01 -1.000000e+00 -9.990070e+05 9.623874e-01 9.623874e-01 9.751132e-01 2.814439e+00 1.063482e+01 0.000000e+00 -1.000000e+00 1.250962e-01 0.000000e+00 7.413440e+00
8.113449e-01 -1.000000e+00 0.000000e+00 -1.000000e+00 -1.000000e+00 0.000000e+00 9.395975e-02 -1.000000e+00 -1.000000e+00 3.002105e+00 0.000000e+00 -1.000000e+00 0.000000e+00 2.389200e-04 9.000000e+02 1.228997e+00 0.000000e+00 -9.990070e+05 3.000000e+00 -1.000000e+00 2.873846e-01 -1.0 0.000000e+00 0.000000e+00 -1.000000e+00 4.784709e-01 -1.000000e+00 -9.990070e+05 1.823440e-01 1.823440e-01 9.082309e-01 5.700629e-01 1.929598e+00 0.000000e+00 -1.000000e+00 7.497908e-03 0.000000e+00 1.421891e+00
9.195588e-01 -1.000000e+00 0.000000e+00 -1.000000e+00 -1.000000e+00 1.000000e+02 1.291583e-01 -1.000000e+00 -1.000000e+00 3.383806e+00 0.000000e+00 -1.000000e+00 0.000000e+00 4.407700e-04 9.000000e+02 1.392051e+00 0.000000e+00 -9.990070e+05 3.000000e+00 -1.000000e+00 3.795490e-01 -1.0 0.000000e+00 0.000000e+00 -1.000000e+00 5.581010e-01 -1.000000e+00 -9.990070e+05 2.424504e-01 2.424504e-01 9.286081e-01 6.472976e-01 2.181421e+00 0.000000e+00 -1.000000e+00 1.192019e-02 0.000000e+00 1.609055e+00
9.719096e-01 -1.000000e+00 0.000000e+00 -1.000000e+00 -1.000000e+00 2.000000e+02 1.451942e-01 -1.000000e+00 -1.000000e+00 3.494017e+00 0.000000e+00 -1.000000e+00 0.000000e+00 5.560745e-04 9.000000e+02 1.458065e+00 0.000000e+00 -9.990070e+05 3.000000e+00 -1.000000e+00 4.204200e-01 -1.0 0.000000e+00 0.000000e+00 -1.000000e+00 5.870483e-01 -1.000000e+00 -9.990070e+05 2.697210e-01 2.697210e-01 9.348542e-01 6.861264e-01 2.272505e+00 0.000000e+00 -1.000000e+00 1.419197e-02 0.000000e+00 1.687453e+00
1.106111e+00 -1.000000e+00 0.000000e+00 -1.000000e+00 -1.000000e+00 3.000000e+02 1.897737e-01 -1.000000e+00 -1.000000e+00 4.108909e+00 0.000000e+00 -1.000000e+00 0.000000e+00 9.669196e-04 9.000000e+02 1.680847e+00 0.000000e+00 -9.990070e+05 3.000000e+00 -1.000000e+00 5.276589e-01 -1.0 0.000000e+00 0.000000e+00 -1.000000e+00 6.506531e-01 -1.000000e+00 -9.990070e+05 3.427296e-01 3.427296e-01 9.471079e-01 7.808848e-01 2.641070e+00 0.000000e+00 -1.000000e+00 2.141445e-02 0.000000e+00 1.942356e+00
1.573946e+00 -1.000000e+00 0.000000e+00 -1.000000e+00 -1.000000e+00 4.000000e+02 3.061775e-01 -1.000000e+00 -1.000000e+00 5.700031e+00 0.000000e+00 -1.000000e+00 0.000000e+00 3.023530e-03 9.000000e+02 2.367142e+00 0.000000e+00 -9.990070e+05 3.000000e+00 -1.000000e+00 7.812633e-01 -1.0 0.000000e+00 0.000000e+00 -1.000000e+00 7.512175e-01 -1.000000e+00 -9.990070e+05 5.467466e-01 5.467466e-01 9.637867e-01 1.109523e+00 3.694462e+00 0.000000e+00 -1.000000e+00 4.867335e-02 0.000000e+00 2.738110e+00
2.087586e+00 -1.000000e+00 4.000000e+03 -1.000000e+00 -1.000000e+00 5.000000e+02 3.788915e-01 -1.000000e+00 -1.000000e+00 7.650892e+00 0.000000e+00 -1.000000e+00 1.000000e+00 5.874356e-03 9.000000e+02 3.153019e+00 1.000000e+00 -9.990070e+05 2.000000e+00 -1.000000e+00 9.093942e-01 -1.0 0.000000e+00 0.000000e+00 -1.000000e+00 7.911074e-01 -1.000000e+00 -9.990070e+05 7.024842e-01 7.024842e-01 9.698544e-01 1.467741e+00 4.935071e+00 0.000000e+00 -1.000000e+00 7.595388e-02 1.000000e+00 3.645504e+00
4.786076e+00 -1.000000e+00 4.000000e+03 -1.000000e+00 -1.000000e+00 6.000000e+02 4.739743e-01 -1.000000e+00 -1.000000e+00 1.716325e+01 0.000000e+00 -1.000000e+00 1.000000e+00 1.615461e-02 9.000000e+02 7.180536e+00 1.000000e+00 -9.990070e+05 2.000000e+00 -1.000000e+00 9.983943e-01 -1.0 0.000000e+00 0.000000e+00 -1.000000e+00 8.316271e-01 -1.000000e+00 -9.990070e+05 9.732633e-01 9.732633e-01 9.758350e-01 3.378822e+00 1.118003e+01 0.000000e+00 -1.000000e+00 1.352664e-01 1.000000e+00 8.308308e+00
