3.838634e+00 -1.000000e+00 0.000000e+00 -1.000000e+00 -1.000000e+00 0.000000e+00 5.000000e-01 -1.000000e+00 -1.000000e+00 1.200444e+01 0.000000e+00 -1.000000e+00 0.000000e+00 2.275013e-02 1.000000e+03 5.548150e+00 0.000000e+00 -9.990070e+05 3.000000e+00 -1.000000e+00 1.848421e+00 -1.0 0.000000e+00 0.000000e+00 -1.000000e+00 8.413447e-01 -1.000000e+00 -9.990070e+05 7.976785e-02 7.976785e-02 9.772499e-01 2.781322e+00 8.242470e+00 0.000000e+00 -1.000000e+00 1.586553e-01 0.000000e+00 2.569225e+00
2.998920e+00 -1.000000e+00 0.000000e+00 -1.000000e+00 -1.000000e+00 1.000000e+02 5.000000e-01 -1.000000e+00 -1.000000e+00 9.184298e+00 0.000000e+00 -1.000000e+00 0.000000e+00 2.275013e-02 1.000000e+03 4.313515e+00 0.000000e+00 -9.990070e+05 3.000000e+00 -1.000000e+00 2.093687e+00 -1.0 0.000000e+00 0.000000e+00 -1.000000e+00 8.413447e-01 -1.000000e+00 -9.990070e+05 5.507336e-02 5.507336e-02 9.772499e-01 2.174725e+00 6.371983e+00 0.000000e+00 -1.000000e+00 1.586553e-01 0.000000e+00 2.010975e+00
3.495347e+00 -1.000000e+00 0.000000e+00 -1.000000e+00 -1.000000e+00 2.000000e+02 5.000000e-01 -1.000000e+00 -1.000000e+00 1.081465e+01 0.000000e+00 -1.000000e+00 0.000000e+00 2.275013e-02 1.000000e+03 5.042474e+00 0.000000e+00 -9.990070e+05 3.000000e+00 -1.000000e+00 1.954299e+00 -1.0 0.000000e+00 0.000000e+00 -1.000000e+00 8.413447e-01 -1.000000e+00 -9.990070e+05 6.962142e-02 6.962142e-02 9.772499e-01 2.535701e+00 7.457023e+00 0.000000e+00 -1.000000e+00 1.586553e-01 0.000000e+00 2.331040e+00
3.510443e+00 -1.000000e+00 0.000000e+00 -1.000000e+00 -1.000000e+00 3.000000e+02 5.000000e-01 -1.000000e+00 -1.000000e+00 1.081765e+01 0.000000e+00 -1.000000e+00 0.000000e+00 2.275013e-02 1.000000e+03 5.059179e+00 0.000000e+00 -9.990070e+05 3.000000e+00 -1.000000e+00 1.944334e+00 -1.0 0.000000e+00 0.000000e+00 -1.000000e+00 8.413447e-01 -1.000000e+00 -9.990070e+05 7.038687e-02 7.038687e-02 9.772499e-01 2.547780e+00 7.467871e+00 0.000000e+00 -1.000000e+00 1.586553e-01 0.000000e+00 2.346333e+00
3.221247e+00 -1.000000e+00 0.000000e+00 -1.000000e+00 -1.000000e+00 4.000000e+02 5.000000e-01 -1.000000e+00 -1.000000e+00 9.868825e+00 0.000000e+00 -1.000000e+00 0.000000e+00 2.275013e-02 1.000000e+03 4.633263e+00 0.000000e+00 -9.990070e+05 3.000000e+00 -1.000000e+00 2.027505e+00 -1.0 0.000000e+00 0.000000e+00 -1.000000e+00 8.413447e-01 -1.000000e+00 -9.990070e+05 6.207694e-02 6.207694e-02 9.772499e-01 2.333353e+00 6.839851e+00 0.000000e+00 -1.000000e+00 1.586553e-01 0.000000e+00 2.161700e+00
3.242130e+00 -1.000000e+00 0.000000e+00 -1.000000e+00 -1.000000e+00 5.000000e+02 5.000000e-01 -1.000000e+00 -1.000000e+00 9.919684e+00 0.000000e+00 -1.000000e+00 0.000000e+00 2.275013e-02 1.000000e+03 4.662359e+00 0.000000e+00 -9.990070e+05 3.000000e+00 -1.000000e+00 2.020544e+00 -1.0 0.000000e+00 0.000000e+00 -1.000000e+00 8.413447e-01 -1.000000e+00 -9.990070e+05 6.276561e-02 6.276561e-02 9.772499e-01 2.349587e+00 6.881394e+00 0.000000e+00 -1.000000e+00 1.586553e-01 0.000000e+00 2.176257e+00
3.754365e+00 -1.000000e+00 0.000000e+00 -1.000000e+00 -1.000000e+00 6.000000e+02 5.000000e-01 -1.000000e+00 -1.000000e+00 1.149915e+01 0.000000e+00 -1.000000e+00 0.000000e+00 2.275013e-02 1.000000e+03 5.402355e+00 0.000000e+00 -9.990070e+05 3.000000e+00 -1.000000e+00 1.871608e+00 -1.0 0.000000e+00 0.000000e+00 -1.000000e+00 8.413447e-01 -1.000000e+00 -9.990070e+05 7.762018e-02 7.762018e-02 9.772499e-01 2.720528e+00 7.970081e+00 0.000000e+00 -1.000000e+00 1.586553e-01 0.000000e+00 2.512060e+00
8.057649e+00 -1.000000e+00 0.000000e+00 -1.000000e+00 -1.000000e+00 0.000000e+00 5.000000e-01 -1.000000e+00 -1.000000e+00 2.479931e+01 0.000000e+00 -1.000000e+00 0.000000e+00 2.275013e-02 1.100000e+03 1.161476e+01 0.000000e+00 -9.990070e+05 3.000000e+00 -1.000000e+00 1.300684e+00 -1.0 0.000000e+00 0.000000e+00 -1.000000e+00 8.413447e-01 -1.000000e+00 -9.990070e+05 1.705679e-01 1.705679e-01 9.772499e-01 5.873936e+00 1.712294e+01 0.000000e+00 -1.000000e+00 1.586553e-01 0.000000e+00 5.395260e+00
7.195200e+00 -1.000000e+00 0.000000e+00 -1.000000e+00 -1.000000e+00 1.000000e+02 5.000000e-01 -1.000000e+00 -1.000000e+00 2.288631e+01 0.000000e+00 -1.000000e+00 0.000000e+00 2.275013e-02 1.100000e+03 1.043859e+01 0.000000e+00 -9.990070e+05 3.000000e+00 -1.000000e+00 1.352535e+00 -1.0 0.000000e+00 0.000000e+00 -1.000000e+00 8.413447e-01 -1.000000e+00 -9.990070e+05 1.562112e-01 1.562112e-01 9.772499e-01 5.250561e+00 1.555392e+01 0.000000e+00 -1.000000e+00 1.586553e-01 0.000000e+00 4.830695e+00
6.205583e+00 -1.000000e+00 0.000000e+00 -1.000000e+00 -1.000000e+00 2.000000e+02 5.000000e-01 -1.000000e+00 -1.000000e+00 1.919775e+01 0.000000e+00 -1.000000e+00 0.000000e+00 2.275013e-02 1.100000e+03 8.952202e+00 0.000000e+00 -9.990070e+05 3.000000e+00 -1.000000e+00 1.433749e+00 -1.0 0.000000e+00 0.000000e+00 -1.000000e+00 8.413447e-01 -1.000000e+00 -9.990070e+05 1.375857e-01 1.375857e-01 9.772499e-01 4.524439e+00 1.321779e+01 0.000000e+00 -1.000000e+00 1.586553e-01 0.000000e+00 4.152539e+00
7.305700e+00 -1.000000e+00 0.000000e+00 -1.000000e+00 -1.000000e+00 3.000000e+02 5.000000e-01 -1.000000e+00 -1.000000e+00 2.259294e+01 0.000000e+00 -1.000000e+00 0.000000e+00 2.275013e-02 1.100000e+03 1.054215e+01 0.000000e+00 -9.990070e+05 3.000000e+00 -1.000000e+00 1.344377e+00 -1.0 0.000000e+00 0.000000e+00 -1.000000e+00 8.413447e-01 -1.000000e+00 -9.990070e+05 1.582598e-01 1.582598e-01 9.772499e-01 5.328532e+00 1.556835e+01 0.000000e+00 -1.000000e+00 1.586553e-01 0.000000e+00 4.894524e+00
7.134673e+00 -1.000000e+00 0.000000e+00 -1.000000e+00 -1.000000e+00 4.000000e+02 5.000000e-01 -1.000000e+00 -1.000000e+00 2.224611e+01 0.000000e+00 -1.000000e+00 0.000000e+00 2.275013e-02 1.100000e+03 1.031246e+01 0.000000e+00 -9.990070e+05 3.000000e+00 -1.000000e+00 1.357629e+00 -1.0 0.000000e+00 0.000000e+00 -1.000000e+00 8.413447e-01 -1.000000e+00 -9.990070e+05 1.548440e-01 1.548440e-01 9.772499e-01 5.202792e+00 1.526660e+01 0.000000e+00 -1.000000e+00 1.586553e-01 0.000000e+00 4.768958e+00
6.835632e+00 -1.000000e+00 0.000000e+00 -1.000000e+00 -1.000000e+00 5.000000e+02 5.000000e-01 -1.000000e+00 -1.000000e+00 2.107349e+01 0.000000e+00 -1.000000e+00 0.000000e+00 2.275013e-02 1.100000e+03 9.858339e+00 0.000000e+00 -9.990070e+05 3.000000e+00 -1.000000e+00 1.379854e+00 -1.0 0.000000e+00 0.000000e+00 -1.000000e+00 8.413447e-01 -1.000000e+00 -9.990070e+05 1.493824e-01 1.493824e-01 9.772499e-01 4.982895e+00 1.454046e+01 0.000000e+00 -1.000000e+00 1.586553e-01 0.000000e+00 4.559551e+00
5.460675e+00 -1.000000e+00 0.000000e+00 -1.000000e+00 -1.000000e+00 6.000000e+02 5.000000e-01 -1.000000e+00 -1.000000e+00 1.685198e+01 0.000000e+00 -1.000000e+00 0.000000e+00 2.275013e-02 1.100000e+03 7.874375e+00 0.000000e+00 -9.990070e+05 3.000000e+00 -1.000000e+00 1.520301e+00 -1.0 0.000000e+00 0.000000e+00 -1.000000e+00 8.413447e-01 -1.000000e+00 -9.990070e+05 1.216298e-01 1.216298e-01 9.772499e-01 3.979573e+00 1.161646e+01 0.000000e+00 -1.000000e+00 1.586553e-01 0.000000e+00 3.652367e+00
1.232539e+01 -1.000000e+00 0.000000e+00 -1.000000e+00 -1.000000e+00 0.000000e+00 5.000000e-01 -1.000000e+00 -1.000000e+00 3.816971e+01 0.000000e+00 -1.000000e+00 0.000000e+00 2.275013e-02 1.200000e+03 1.777222e+01 0.000000e+00 -9.990070e+05 3.000000e+00 -1.000000e+00 1.170740e+00 -1.0 0.000000e+00 0.000000e+00 -1.000000e+00 8.413447e-01 -1.000000e+00 -9.990070e+05 2.222994e-01 2.222994e-01 9.772499e-01 8.923611e+00 2.634108e+01 0.000000e+00 -1.000000e+00 1.586553e-01 0.000000e+00 8.272464e+00
1.231280e+01 -1.000000e+00 0.000000e+00 -1.000000e+00 -1.000000e+00 1.000000e+02 5.000000e-01 -1.000000e+00 -1.000000e+00 3.775129e+01 0.000000e+00 -1.000000e+00 0.000000e+00 2.275013e-02 1.200000e+03 1.771778e+01 0.000000e+00 -9.990070e+05 3.000000e+00 -1.000000e+00 1.170795e+00 -1.0 0.000000e+00 0.000000e+00 -1.000000e+00 8.413447e-01 -1.000000e+00 -9.990070e+05 2.222358e-01 2.222358e-01 9.772499e-01 8.921141e+00 2.618096e+01 0.000000e+00 -1.000000e+00 1.586553e-01 0.000000e+00 8.250381e+00
1.164652e+01 -1.000000e+00 0.000000e+00 -1.000000e+00 -1.000000e+00 2.000000e+02 5.000000e-01 -1.000000e+00 -1.000000e+00 3.596417e+01 0.000000e+00 -1.000000e+00 0.000000e+00 2.275013e-02 1.200000e+03 1.678649e+01 0.000000e+00 -9.990070e+05 3.000000e+00 -1.000000e+00 1.184377e+00 -1.0 0.000000e+00 0.000000e+00 -1.000000e+00 8.413447e-01 -1.000000e+00 -9.990070e+05 2.152979e-01 2.152979e-01 9.772499e-01 8.423452e+00 2.487264e+01 0.000000e+00 -1.000000e+00 1.586553e-01 0.000000e+00 7.801242e+00
1.177399e+01 -1.000000e+00 0.000000e+00 -1.000000e+00 -1.000000e+00 3.000000e+02 5.000000e-01 -1.000000e+00 -1.000000e+00 3.612380e+01 0.000000e+00 -1.000000e+00 0.000000e+00 2.275013e-02 1.200000e+03 1.694626e+01 0.000000e+00 -9.990070e+05 3.000000e+00 -1.000000e+00 1.181325e+00 -1.0 0.000000e+00 0.000000e+00 -1.000000e+00 8.413447e-01 -1.000000e+00 -9.990070e+05 2.167970e-01 2.167970e-01 9.772499e-01 8.527693e+00 2.504653e+01 0.000000e+00 -1.000000e+00 1.586553e-01 0.000000e+00 7.881834e+00
1.268787e+01 -1.000000e+00 0.000000e+00 -1.000000e+00 -1.000000e+00 4.000000e+02 5.000000e-01 -1.000000e+00 -1.000000e+00 3.878419e+01 0.000000e+00 -1.000000e+00 0.000000e+00 2.275013e-02 1.200000e+03 1.824428e+01 0.000000e+00 -9.990070e+05 3.000000e+00 -1.000000e+00 1.163958e+00 -1.0 0.000000e+00 0.000000e+00 -1.000000e+00 8.413447e-01 -1.000000e+00 -9.990070e+05 2.259288e-01 2.259288e-01 9.772499e-01 9.201323e+00 2.692949e+01 0.000000e+00 -1.000000e+00 1.586553e-01 0.000000e+00 8.504783e+00
1.190642e+01 -1.000000e+00 0.000000e+00 -1.000000e+00 -1.000000e+00 5.000000e+02 5.000000e-01 -1.000000e+00 -1.000000e+00 3.645496e+01 0.000000e+00 -1.000000e+00 0.000000e+00 2.275013e-02 1.200000e+03 1.712760e+01 0.000000e+00 -9.990070e+05 3.000000e+00 -1.000000e+00 1.178379e+00 -1.0 0.000000e+00 0.000000e+00 -1.000000e+00 8.413447e-01 -1.000000e+00 -9.990070e+05 2.182862e-01 2.182862e-01 9.772499e-01 8.630762e+00 2.529739e+01 0.000000e+00 -1.000000e+00 1.586553e-01 0.000000e+00 7.977324e+00
1.143930e+01 -1.000000e+00 0.000000e+00 -1.000000e+00 -1.000000e+00 6.000000e+02 5.000000e-01 -1.000000e+00 -1.000000e+00 3.504225e+01 0.000000e+00 -1.000000e+00 0.000000e+00 2.275013e-02 1.200000e+03 1.645665e+01 0.000000e+00 -9.990070e+05 3.000000e+00 -1.000000e+00 1.187890e+00 -1.0 0.000000e+00 0.000000e+00 -1.000000e+00 8.413447e-01 -1.000000e+00 -9.990070e+05 2.135658e-01 2.135658e-01 9.772499e-01 8.289557e+00 2.430661e+01 0.000000e+00 -1.000000e+00 1.586553e-01 0.000000e+00 7.668900e+00
2.170144e+01 -1.000000e+00 0.000000e+00 -1.000000e+00 -1.000000e+00 0.000000e+00 5.000000e-01 -1.000000e+00 -1.000000e+00 6.730948e+01 0.000000e+00 -1.000000e+00 0.000000e+00 2.275013e-02 1.300000e+03 3.130805e+01 0.000000e+00 -9.990070e+05 3.000000e+00 -1.000000e+00 1.083879e+00 -1.0 0.000000e+00 0.000000e+00 -1.000000e+00 8.413447e-01 -1.000000e+00 -9.990070e+05 2.841419e-01 2.841419e-01 9.772499e-01 1.570030e+01 4.644357e+01 0.000000e+00 -1.000000e+00 1.586553e-01 0.000000e+00 1.451532e+01
2.878010e+01 -1.000000e+00 0.000000e+00 -1.000000e+00 -1.000000e+00 1.000000e+02 5.000000e-01 -1.000000e+00 -1.000000e+00 8.872836e+01 0.000000e+00 -1.000000e+00 0.000000e+00 2.275013e-02 1.300000e+03 4.146806e+01 0.000000e+00 -9.990070e+05 3.000000e+00 -1.000000e+00 1.059510e+00 -1.0 0.000000e+00 0.000000e+00 -1.000000e+00 8.413447e-01 -1.000000e+00 -9.990070e+05 3.113363e-01 3.113363e-01 9.772499e-01 2.082033e+01 6.140298e+01 0.000000e+00 -1.000000e+00 1.586553e-01 0.000000e+00 1.924641e+01
2.420004e+01 -1.000000e+00 0.000000e+00 -1.000000e+00 -1.000000e+00 2.000000e+02 5.000000e-01 -1.000000e+00 -1.000000e+00 7.601223e+01 0.000000e+00 -1.000000e+00 0.000000e+00 2.275013e-02 1.300000e+03 3.503756e+01 0.000000e+00 -9.990070e+05 3.000000e+00 -1.000000e+00 1.074117e+00 -1.0 0.000000e+00 0.000000e+00 -1.000000e+00 8.413447e-01 -1.000000e+00 -9.990070e+05 2.941906e-01 2.941906e-01 9.772499e-01 1.747868e+01 5.228746e+01 0.000000e+00 -1.000000e+00 1.586553e-01 0.000000e+00 1.613140e+01
2.880685e+01 -1.000000e+00 0.000000e+00 -1.000000e+00 -1.000000e+00 3.000000e+02 5.000000e-01 -1.000000e+00 -1.000000e+00 8.871000e+01 0.000000e+00 -1.000000e+00 0.000000e+00 2.275013e-02 1.300000e+03 4.148770e+01 0.000000e+00 -9.990070e+05 3.000000e+00 -1.000000e+00 1.059212e+00 -1.0 0.000000e+00 0.000000e+00 -1.000000e+00 8.413447e-01 -1.000000e+00 -9.990070e+05 3.117172e-01 3.117172e-01 9.772499e-01 2.085808e+01 6.136213e+01 0.000000e+00 -1.000000e+00 1.586553e-01 0.000000e+00 1.931613e+01
2.150907e+01 -1.000000e+00 0.000000e+00 -1.000000e+00 -1.000000e+00 4.000000e+02 5.000000e-01 -1.000000e+00 -1.000000e+00 6.651317e+01 0.000000e+00 -1.000000e+00 0.000000e+00 2.275013e-02 1.300000e+03 3.101401e+01 0.000000e+00 -9.990070e+05 3.000000e+00 -1.000000e+00 1.084804e+00 -1.0 0.000000e+00 0.000000e+00 -1.000000e+00 8.413447e-01 -1.000000e+00 -9.990070e+05 2.832353e-01 2.832353e-01 9.772499e-01 1.555582e+01 4.597834e+01 0.000000e+00 -1.000000e+00 1.586553e-01 0.000000e+00 1.437644e+01
2.192141e+01 -1.000000e+00 0.000000e+00 -1.000000e+00 -1.000000e+00 5.000000e+02 5.000000e-01 -1.000000e+00 -1.000000e+00 6.773064e+01 0.000000e+00 -1.000000e+00 0.000000e+00 2.275013e-02 1.300000e+03 3.159881e+01 0.000000e+00 -9.990070e+05 3.000000e+00 -1.000000e+00 1.082631e+00 -1.0 0.000000e+00 0.000000e+00 -1.000000e+00 8.413447e-01 -1.000000e+00 -9.990070e+05 2.853756e-01 2.853756e-01 9.772499e-01 1.586411e+01 4.680566e+01 0.000000e+00 -1.000000e+00 1.586553e-01 0.000000e+00 1.468731e+01
2.109622e+01 -1.000000e+00 0.000000e+00 -1.000000e+00 -1.000000e+00 6.000000e+02 5.000000e-01 -1.000000e+00 -1.000000e+00 6.461209e+01 0.000000e+00 -1.000000e+00 0.000000e+00 2.275013e-02 1.300000e+03 3.035161e+01 0.000000e+00 -9.990070e+05 3.000000e+00 -1.000000e+00 1.086371e+00 -1.0 0.000000e+00 0.000000e+00 -1.000000e+00 8.413447e-01 -1.000000e+00 -9.990070e+05 2.817099e-01 2.817099e-01 9.772499e-01 1.528518e+01 4.482811e+01 0.000000e+00 -1.000000e+00 1.586553e-01 0.000000e+00 1.413117e+01
3.766908e+01 -1.000000e+00 0.000000e+00 -1.000000e+00 -1.000000e+00 0.000000e+00 5.000000e-01 -1.000000e+00 -1.000000e+00 1.100000e+02 0.000000e+00 -1.000000e+00 0.000000e+00 2.275013e-02 1.400000e+03 5.477124e+01 0.000000e+00 -9.990070e+05 3.000000e+00 -1.000000e+00 1.043382e+00 -1.0 0.000000e+00 0.000000e+00 -1.000000e+00 8.413447e-01 -1.000000e+00 -9.990070e+05 3.344703e-01 3.344703e-01 9.772499e-01 2.739350e+01 8.170425e+01 0.000000e+00 -1.000000e+00 1.586553e-01 0.000000e+00 2.526126e+01
4.467858e+01 -1.000000e+00 0.000000e+00 -1.000000e+00 -1.000000e+00 1.000000e+02 5.000000e-01 -1.000000e+00 -1.000000e+00 1.100000e+02 0.000000e+00 -1.000000e+00 0.000000e+00 2.275013e-02 1.400000e+03 6.439662e+01 0.000000e+00 -9.990070e+05 3.000000e+00 -1.000000e+00 1.035307e+00 -1.0 0.000000e+00 0.000000e+00 -1.000000e+00 8.413447e-01 -1.000000e+00 -9.990070e+05 3.484251e-01 3.484251e-01 9.772499e-01 3.257052e+01 9.511413e+01 0.000000e+00 -1.000000e+00 1.586553e-01 0.000000e+00 2.980083e+01
5.024863e+01 -1.000000e+00 0.000000e+00 -1.000000e+00 -1.000000e+00 2.000000e+02 5.000000e-01 -1.000000e+00 -1.000000e+00 1.226755e+02 0.000000e+00 -1.000000e+00 0.000000e+00 2.275013e-02 1.400000e+03 7.337302e+01 0.000000e+00 -9.990070e+05 3.000000e+00 -1.000000e+00 1.031223e+00 -1.0 0.000000e+00 0.000000e+00 -1.000000e+00 8.413447e-01 -1.000000e+00 -9.990070e+05 3.563437e-01 3.563437e-01 9.772499e-01 3.645746e+01 1.105593e+02 0.000000e+00 -1.000000e+00 1.586553e-01 0.000000e+00 3.359325e+01
4.477535e+01 -1.000000e+00 0.000000e+00 -1.000000e+00 -1.000000e+00 3.000000e+02 5.000000e-01 -1.000000e+00 -1.000000e+00 1.100000e+02 0.000000e+00 -1.000000e+00 0.000000e+00 2.275013e-02 1.400000e+03 6.476780e+01 0.000000e+00 -9.990070e+05 3.000000e+00 -1.000000e+00 1.035401e+00 -1.0 0.000000e+00 0.000000e+00 -1.000000e+00 8.413447e-01 -1.000000e+00 -9.990070e+05 3.482529e-01 3.482529e-01 9.772499e-01 3.259042e+01 9.620722e+01 0.000000e+00 -1.000000e+00 1.586553e-01 0.000000e+00 2.985067e+01
4.732246e+01 -1.000000e+00 0.000000e+00 -1.000000e+00 -1.000000e+00 4.000000e+02 5.000000e-01 -1.000000e+00 -1.000000e+00 1.155489e+02 0.000000e+00 -1.000000e+00 0.000000e+00 2.275013e-02 1.400000e+03 6.832262e+01 0.000000e+00 -9.990070e+05 3.000000e+00 -1.000000e+00 1.033036e+00 -1.0 0.000000e+00 0.000000e+00 -1.000000e+00 8.413447e-01 -1.000000e+00 -9.990070e+05 3.527641e-01 3.527641e-01 9.772499e-01 3.450573e+01 1.009523e+02 0.000000e+00 -1.000000e+00 1.586553e-01 0.000000e+00 3.154540e+01
4.030506e+01 -1.000000e+00 0.000000e+00 -1.000000e+00 -1.000000e+00 5.000000e+02 5.000000e-01 -1.000000e+00 -1.000000e+00 1.100000e+02 0.000000e+00 -1.000000e+00 0.000000e+00 2.275013e-02 1.400000e+03 5.832258e+01 0.000000e+00 -9.990070e+05 3.000000e+00 -1.000000e+00 1.040216e+00 -1.0 0.000000e+00 0.000000e+00 -1.000000e+00 8.413447e-01 -1.000000e+00 -9.990070e+05 3.397026e-01 3.397026e-01 9.772499e-01 2.928682e+01 8.653560e+01 0.000000e+00 -1.000000e+00 1.586553e-01 0.000000e+00 2.672638e+01
3.999860e+01 -1.000000e+00 0.000000e+00 -1.000000e+00 -1.000000e+00 6.000000e+02 5.000000e-01 -1.000000e+00 -1.000000e+00 1.100000e+02 0.000000e+00 -1.000000e+00 0.000000e+00 2.275013e-02 1.400000e+03 5.759417e+01 0.000000e+00 -9.990070e+05 3.000000e+00 -1.000000e+00 1.040219e+00 -1.0 0.000000e+00 0.000000e+00 -1.000000e+00 8.413447e-01 -1.000000e+00 -9.990070e+05 3.396729e-01 3.396729e-01 9.772499e-01 2.914072e+01 8.497802e+01 0.000000e+00 -1.000000e+00 1.586553e-01 0.000000e+00 2.653588e+01
9.025839e+01 -1.000000e+00 0.000000e+00 -1.000000e+00 -1.000000e+00 0.000000e+00 5.000000e-01 -1.000000e+00 -1.000000e+00 2.139880e+02 0.000000e+00 -1.000000e+00 0.000000e+00 2.275013e-02 1.500000e+03 1.307689e+02 0.000000e+00 -9.990070e+05 3.000000e+00 -1.000000e+00 1.016078e+00 -1.0 0.000000e+00 0.000000e+00 -1.000000e+00 8.413447e-01 -1.000000e+00 -9.990070e+05 3.940292e-01 3.940292e-01 9.772499e-01 6.547232e+01 1.942243e+02 0.000000e+00 -1.000000e+00 1.586553e-01 0.000000e+00 5.998791e+01
8.628918e+01 -1.000000e+00 0.000000e+00 -1.000000e+00 -1.000000e+00 1.000000e+02 5.000000e-01 -1.000000e+00 -1.000000e+00 2.098826e+02 0.000000e+00 -1.000000e+00 0.000000e+00 2.275013e-02 1.500000e+03 1.245766e+02 0.000000e+00 -9.990070e+05 3.000000e+00 -1.000000e+00 1.016698e+00 -1.0 0.000000e+00 0.000000e+00 -1.000000e+00 8.413447e-01 -1.000000e+00 -9.990070e+05 3.920809e-01 3.920809e-01 9.772499e-01 6.295974e+01 1.838445e+02 0.000000e+00 -1.000000e+00 1.586553e-01 0.000000e+00 5.754917e+01
9.005306e+01 -1.000000e+00 0.000000e+00 -1.000000e+00 -1.000000e+00 2.000000e+02 5.000000e-01 -1.000000e+00 -1.000000e+00 2.134289e+02 0.000000e+00 -1.000000e+00 0.000000e+00 2.275013e-02 1.500000e+03 1.308648e+02 0.000000e+00 -9.990070e+05 3.000000e+00 -1.000000e+00 1.016168e+00 -1.0 0.000000e+00 0.000000e+00 -1.000000e+00 8.413447e-01 -1.000000e+00 -9.990070e+05 3.937373e-01 3.937373e-01 9.772499e-01 6.523138e+01 1.956248e+02 0.000000e+00 -1.000000e+00 1.586553e-01 0.000000e+00 6.000354e+01
8.316476e+01 -1.000000e+00 0.000000e+00 -1.000000e+00 -1.000000e+00 3.000000e+02 5.000000e-01 -1.000000e+00 -1.000000e+00 2.049557e+02 0.000000e+00 -1.000000e+00 0.000000e+00 2.275013e-02 1.500000e+03 1.198588e+02 0.000000e+00 -9.990070e+05 3.000000e+00 -1.000000e+00 1.017380e+00 -1.0 0.000000e+00 0.000000e+00 -1.000000e+00 8.413447e-01 -1.000000e+00 -9.990070e+05 3.900099e-01 3.900099e-01 9.772499e-01 6.064546e+01 1.770706e+02 0.000000e+00 -1.000000e+00 1.586553e-01 0.000000e+00 5.562869e+01
8.764347e+01 -1.000000e+00 0.000000e+00 -1.000000e+00 -1.000000e+00 4.000000e+02 5.000000e-01 -1.000000e+00 -1.000000e+00 2.132032e+02 0.000000e+00 -1.000000e+00 0.000000e+00 2.275013e-02 1.500000e+03 1.272096e+02 0.000000e+00 -9.990070e+05 3.000000e+00 -1.000000e+00 1.016505e+00 -1.0 0.000000e+00 0.000000e+00 -1.000000e+00 8.413447e-01 -1.000000e+00 -9.990070e+05 3.926641e-01 3.926641e-01 9.772499e-01 6.379437e+01 1.894055e+02 0.000000e+00 -1.000000e+00 1.586553e-01 0.000000e+00 5.856005e+01
7.493424e+01 -1.000000e+00 0.000000e+00 -1.000000e+00 -1.000000e+00 5.000000e+02 5.000000e-01 -1.000000e+00 -1.000000e+00 1.815631e+02 0.000000e+00 -1.000000e+00 0.000000e+00 2.275013e-02 1.500000e+03 1.084547e+02 0.000000e+00 -9.990070e+05 3.000000e+00 -1.000000e+00 1.019618e+00 -1.0 0.000000e+00 0.000000e+00 -1.000000e+00 8.413447e-01 -1.000000e+00 -9.990070e+05 3.836070e-01 3.836070e-01 9.772499e-01 5.463102e+01 1.604202e+02 0.000000e+00 -1.000000e+00 1.586553e-01 0.000000e+00 4.989976e+01
8.226634e+01 -1.000000e+00 0.000000e+00 -1.000000e+00 -1.000000e+00 6.000000e+02 5.000000e-01 -1.000000e+00 -1.000000e+00 2.013010e+02 0.000000e+00 -1.000000e+00 0.000000e+00 2.275013e-02 1.500000e+03 1.186914e+02 0.000000e+00 -9.990070e+05 3.000000e+00 -1.000000e+00 1.017608e+00 -1.0 0.000000e+00 0.000000e+00 -1.000000e+00 8.413447e-01 -1.000000e+00 -9.990070e+05 3.893507e-01 3.893507e-01 9.772499e-01 5.999973e+01 1.754139e+02 0.000000e+00 -1.000000e+00 1.586553e-01 0.000000e+00 5.495406e+01
1.435351e+02 -1.000000e+00 0.000000e+00 -1.000000e+00 -1.000000e+00 0.000000e+00 5.000000e-01 -1.000000e+00 -1.000000e+00 3.448504e+02 0.000000e+00 -1.000000e+00 0.000000e+00 2.275013e-02 1.600000e+03 2.072904e+02 0.000000e+00 -9.990070e+05 3.000000e+00 -1.000000e+00 1.009528e+00 -1.0 0.000000e+00 0.000000e+00 -1.000000e+00 8.413447e-01 -1.000000e+00 -9.990070e+05 4.179106e-01 4.179106e-01 9.772499e-01 1.046621e+02 3.056417e+02 0.000000e+00 -1.000000e+00 1.586553e-01 0.000000e+00 9.585191e+01
1.443205e+02 -1.000000e+00 0.000000e+00 -1.000000e+00 -1.000000e+00 1.000000e+02 5.000000e-01 -1.000000e+00 -1.000000e+00 3.375391e+02 0.000000e+00 -1.000000e+00 0.000000e+00 2.275013e-02 1.600000e+03 2.089638e+02 0.000000e+00 -9.990070e+05 3.000000e+00 -1.000000e+00 1.009620e+00 -1.0 0.000000e+00 0.000000e+00 -1.000000e+00 8.413447e-01 -1.000000e+00 -9.990070e+05 4.175486e-01 4.175486e-01 9.772499e-01 1.043918e+02 3.111548e+02 0.000000e+00 -1.000000e+00 1.586553e-01 0.000000e+00 9.602884e+01
1.465162e+02 -1.000000e+00 0.000000e+00 -1.000000e+00 -1.000000e+00 2.000000e+02 5.000000e-01 -1.000000e+00 -1.000000e+00 3.459732e+02 0.000000e+00 -1.000000e+00 0.000000e+00 2.275013e-02 1.600000e+03 2.115245e+02 0.000000e+00 -9.990070e+05 3.000000e+00 -1.000000e+00 1.009381e+00 -1.0 0.000000e+00 0.000000e+00 -1.000000e+00 8.413447e-01 -1.000000e+00 -9.990070e+05 4.185824e-01 4.185824e-01 9.772499e-01 1.063839e+02 3.125089e+02 0.000000e+00 -1.000000e+00 1.586553e-01 0.000000e+00 9.761930e+01
1.628455e+02 -1.000000e+00 0.000000e+00 -1.000000e+00 -1.000000e+00 3.000000e+02 5.000000e-01 -1.000000e+00 -1.000000e+00 3.785171e+02 0.000000e+00 -1.000000e+00 0.000000e+00 2.275013e-02 1.600000e+03 2.358817e+02 0.000000e+00 -9.990070e+05 3.000000e+00 -1.000000e+00 1.008423e+00 -1.0 0.000000e+00 0.000000e+00 -1.000000e+00 8.413447e-01 -1.000000e+00 -9.990070e+05 4.229049e-01 4.229049e-01 9.772499e-01 1.177462e+02 3.515327e+02 0.000000e+00 -1.000000e+00 1.586553e-01 0.000000e+00 1.087765e+02
1.603453e+02 -1.000000e+00 0.000000e+00 -1.000000e+00 -1.000000e+00 4.000000e+02 5.000000e-01 -1.000000e+00 -1.000000e+00 3.744920e+02 0.000000e+00 -1.000000e+00 0.000000e+00 2.275013e-02 1.600000e+03 2.321161e+02 0.000000e+00 -9.990070e+05 3.000000e+00 -1.000000e+00 1.008566e+00 -1.0 0.000000e+00 0.000000e+00 -1.000000e+00 8.413447e-01 -1.000000e+00 -9.990070e+05 4.222464e-01 4.222464e-01 9.772499e-01 1.159788e+02 3.459576e+02 0.000000e+00 -1.000000e+00 1.586553e-01 0.000000e+00 1.068723e+02
1.455406e+02 -1.000000e+00 0.000000e+00 -1.000000e+00 -1.000000e+00 5.000000e+02 5.000000e-01 -1.000000e+00 -1.000000e+00 3.457604e+02 0.000000e+00 -1.000000e+00 0.000000e+00 2.275013e-02 1.600000e+03 2.100287e+02 0.000000e+00 -9.990070e+05 3.000000e+00 -1.000000e+00 1.009417e+00 -1.0 0.000000e+00 0.000000e+00 -1.000000e+00 8.413447e-01 -1.000000e+00 -9.990070e+05 4.184092e-01 4.184092e-01 9.772499e-01 1.058592e+02 3.095916e+02 0.000000e+00 -1.000000e+00 1.586553e-01 0.000000e+00 9.710600e+01
1.541378e+02 -1.000000e+00 0.000000e+00 -1.000000e+00 -1.000000e+00 6.000000e+02 5.000000e-01 -1.000000e+00 -1.000000e+00 3.648843e+02 0.000000e+00 -1.000000e+00 0.000000e+00 2.275013e-02 1.600000e+03 2.228065e+02 0.000000e+00 -9.990070e+05 3.000000e+00 -1.000000e+00 1.008873e+00 -1.0 0.000000e+00 0.000000e+00 -1.000000e+00 8.413447e-01 -1.000000e+00 -9.990070e+05 4.208391e-01 4.208391e-01 9.772499e-01 1.119334e+02 3.298610e+02 0.000000e+00 -1.000000e+00 1.586553e-01 0.000000e+00 1.029675e+02
5.807558e+00 -1.000000e+00 4.000000e+03 -1.000000e+00 -1.000000e+00 2.750000e+02 4.966663e-01 -1.000000e+00 -1.000000e+00 1.000000e+02 0.000000e+00 -1.000000e+00 1.000000e+00 2.172551e-02 3.000000e+02 1.000000e+02 1.000000e+00 -9.990070e+05 2.000000e+00 -1.000000e+00 9.741945e-01 -1.0 0.000000e+00 0.000000e+00 -1.000000e+00 8.401240e-01 -1.000000e+00 -9.990070e+05 9.895673e-02 9.895673e-02 9.770725e-01 2.955865e+00 1.000000e+02 0.000000e+00 -1.000000e+00 1.554486e-01 1.000000e+00 4.461875e+00
2.142855e-01 -1.000000e+00 0.000000e+00 -1.000000e+00 -1.000000e+00 0.000000e+00 1.129489e-03 -1.000000e+00 -1.000000e+00 1.081684e+00 0.000000e+00 -1.000000e+00 0.000000e+00 1.471321e-07 4.000000e+02 3.394310e-01 0.000000e+00 -9.990070e+05 3.000000e+00 -1.000000e+00 2.438618e-05 -1.0 0.000000e+00 0.000000e+00 -1.000000e+00 2.406357e-02 -1.000000e+00 -9.990070e+05 1.437742e-06 1.437742e-06 2.090536e-01 1.490428e-01 5.954280e-01 0.000000e+00 -1.000000e+00 2.080118e-05 0.000000e+00 1.501655e-01
0.000000e+00 -1.000000e+00 4.000000e+03 -1.000000e+00 -1.000000e+00 3.750000e+02 1.725823e-01 -1.000000e+00 -1.000000e+00 1.751924e+01 0.000000e+00 -1.000000e+00 1.000000e+00 7.913951e-04 4.000000e+02 1.751923e+01 1.000000e+00 -9.990070e+05 2.000000e+00 -1.000000e+00 1.073947e-01 -1.0 0.000000e+00 0.000000e+00 -1.000000e+00 6.286151e-01 -1.000000e+00 -9.990070e+05 1.531258e-02 1.531258e-02 9.430566e-01 0.000000e+00 1.751924e+01 0.000000e+00 -1.000000e+00 1.846351e-02 1.000000e+00 0.000000e+00
9.262261e+00 -1.000000e+00 0.000000e+00 -1.000000e+00 -1.000000e+00 3.750000e+02 5.000000e-01 -1.000000e+00 -1.000000e+00 1.000000e+02 0.000000e+00 -1.000000e+00 0.000000e+00 2.275013e-02 4.250000e+02 3.020992e+01 0.000000e+00 -9.990070e+05 3.000000e+00 -1.000000e+00 1.095484e+00 -1.0 0.000000e+00 0.000000e+00 -1.000000e+00 8.413447e-01 -1.000000e+00 -9.990070e+05 1.317337e-01 1.317337e-01 9.772499e-01 4.087868e+00 1.000000e+02 0.000000e+00 -1.000000e+00 1.586553e-01 0.000000e+00 9.489814e+00
4.466057e-01 -1.000000e+00 0.000000e+00 -1.000000e+00 -1.000000e+00 3.000000e+02 1.723576e-02 -1.000000e+00 -1.000000e+00 1.548678e+00 0.000000e+00 -1.000000e+00 0.000000e+00 1.177909e-05 5.000000e+02 6.593227e-01 0.000000e+00 -9.990070e+05 3.000000e+00 -1.000000e+00 5.007712e-04 -1.0 0.000000e+00 0.000000e+00 -1.000000e+00 1.669769e-01 -1.000000e+00 -9.990070e+05 1.099201e-05 1.099201e-05 6.702008e-01 3.200380e-01 1.012133e+00 0.000000e+00 -1.000000e+00 7.205528e-04 0.000000e+00 3.042497e-01
-1.000000e+00 -1.000000e+00 0.000000e+00 -1.000000e+00 -1.000000e+00 4.750000e+02 4.151904e-01 -1.000000e+00 -1.000000e+00 -1.000000e+00 0.000000e+00 -1.000000e+00 0.000000e+00 8.375895e-03 5.000000e+02 -1.000000e+00 0.000000e+00 -9.990070e+05 3.000000e+00 -1.000000e+00 6.963071e-01 -1.0 0.000000e+00 0.000000e+00 -1.000000e+00 8.077182e-01 -1.000000e+00 -9.990070e+05 1.912011e-01 1.912011e-01 9.723242e-01 -1.000000e+00 -1.000000e+00 0.000000e+00 -1.000000e+00 9.456418e-02 0.000000e+00 -1.000000e+00
4.359628e-01 -1.000000e+00 4.000000e+03 -1.000000e+00 -1.000000e+00 3.000000e+02 1.113140e-02 -1.000000e+00 -1.000000e+00 1.389367e+00 0.000000e+00 -1.000000e+00 1.000000e+00 5.664346e-06 6.000000e+02 6.321789e-01 1.000000e+00 -9.990070e+05 3.000000e+00 -1.000000e+00 2.260548e-04 -1.0 0.000000e+00 0.000000e+00 -1.000000e+00 1.238922e-01 -1.000000e+00 -9.990070e+05 4.665126e-06 4.665126e-06 5.779038e-01 3.168084e-01 9.423000e-01 0.000000e+00 -1.000000e+00 4.023373e-04 0.000000e+00 2.927024e-01
1.465581e+01 -1.000000e+00 0.000000e+00 -1.000000e+00 -1.000000e+00 5.500000e+02 5.000000e-01 -1.000000e+00 -1.000000e+00 8.415757e+01 0.000000e+00 -1.000000e+00 0.000000e+00 2.275013e-02 6.000000e+02 2.560661e+01 0.000000e+00 -9.990070e+05 3.000000e+00 -1.000000e+00 1.178186e+00 -1.0 0.000000e+00 0.000000e+00 -1.000000e+00 8.413447e-01 -1.000000e+00 -9.990070e+05 2.201992e-01 2.201992e-01 9.772499e-01 9.692241e+00 5.052664e+01 0.000000e+00 -1.000000e+00 1.586553e-01 0.000000e+00 1.060435e+01
-1.000000e+00 -1.000000e+00 0.000000e+00 -1.000000e+00 -1.000000e+00 5.750000e+02 2.194221e-01 -1.000000e+00 -1.000000e+00 -1.000000e+00 0.000000e+00 -1.000000e+00 0.000000e+00 1.329075e-03 6.000000e+02 -1.000000e+00 0.000000e+00 -9.990070e+05 3.000000e+00 -1.000000e+00 1.677640e-01 -1.0 0.000000e+00 0.000000e+00 -1.000000e+00 6.830414e-01 -1.000000e+00 -9.990070e+05 2.598721e-02 2.598721e-02 9.527618e-01 -1.000000e+00 -1.000000e+00 0.000000e+00 -1.000000e+00 2.704775e-02 0.000000e+00 -1.000000e+00
5.379199e-01 -1.000000e+00 0.000000e+00 -1.000000e+00 -1.000000e+00 3.000000e+02 4.071849e-02 -1.000000e+00 -1.000000e+00 1.667702e+00 0.000000e+00 -1.000000e+00 0.000000e+00 5.202648e-05 7.000000e+02 7.768987e-01 0.000000e+00 -9.990070e+05 3.000000e+00 -1.000000e+00 1.787893e-03 -1.0 0.000000e+00 0.000000e+00 -1.000000e+00 2.935493e-01 -1.000000e+00 -9.990070e+05 2.969141e-05 2.969141e-05 8.217203e-01 3.939474e-01 1.147787e+00 0.000000e+00 -1.000000e+00 2.316515e-03 0.000000e+00 3.589279e-01
8.717644e-01 -1.000000e+00 0.000000e+00 -1.000000e+00 -1.000000e+00 4.000000e+02 2.695379e-01 -1.000000e+00 -1.000000e+00 2.691389e+00 0.000000e+00 -1.000000e+00 0.000000e+00 2.162851e-03 7.000000e+02 1.256727e+00 0.000000e+00 -9.990070e+05 3.000000e+00 -1.000000e+00 7.554874e-02 -1.0 0.000000e+00 0.000000e+00 -1.000000e+00 7.261060e-01 -1.000000e+00 -9.990070e+05 9.584142e-04 9.584142e-04 9.598395e-01 6.322884e-01 1.857007e+00 0.000000e+00 -1.000000e+00 3.844163e-02 0.000000e+00 5.825338e-01
1.897701e+00 -1.000000e+00 0.000000e+00 -1.000000e+00 -1.000000e+00 5.000000e+02 5.000000e-01 -1.000000e+00 -1.000000e+00 5.874578e+00 0.000000e+00 -1.000000e+00 0.000000e+00 2.275013e-02 7.000000e+02 2.736415e+00 0.000000e+00 -9.990070e+05 3.000000e+00 -1.000000e+00 1.649822e+00 -1.0 0.000000e+00 0.000000e+00 -1.000000e+00 8.413447e-01 -1.000000e+00 -9.990070e+05 2.108025e-02 2.108025e-02 9.772499e-01 1.373334e+00 4.057878e+00 0.000000e+00 -1.000000e+00 1.586553e-01 0.000000e+00 1.277295e+00
5.655979e+00 -1.000000e+00 0.000000e+00 -1.000000e+00 -1.000000e+00 6.000000e+02 5.000000e-01 -1.000000e+00 -1.000000e+00 1.847394e+01 0.000000e+00 -1.000000e+00 0.000000e+00 2.275013e-02 7.000000e+02 8.260032e+00 0.000000e+00 -9.990070e+05 3.000000e+00 -1.000000e+00 1.494741e+00 -1.0 0.000000e+00 0.000000e+00 -1.000000e+00 8.413447e-01 -1.000000e+00 -9.990070e+05 1.261022e-01 1.261022e-01 9.772499e-01 4.115172e+00 1.242000e+01 0.000000e+00 -1.000000e+00 1.586553e-01 0.000000e+00 3.821923e+00
8.605497e-01 -1.000000e+00 0.000000e+00 -1.000000e+00 -1.000000e+00 0.000000e+00 2.612607e-01 -1.000000e+00 -1.000000e+00 2.669690e+00 0.000000e+00 -1.000000e+00 0.000000e+00 2.001699e-03 8.000000e+02 1.241979e+00 0.000000e+00 -9.990070e+05 3.000000e+00 -1.000000e+00 6.990796e-02 -1.0 0.000000e+00 0.000000e+00 -1.000000e+00 7.197861e-01 -1.000000e+00 -9.990070e+05 8.983522e-04 8.983522e-04 9.588272e-01 6.236166e-01 1.839865e+00 0.000000e+00 -1.000000e+00 3.637308e-02 0.000000e+00 5.746667e-01
8.667870e-01 -1.000000e+00 0.000000e+00 -1.000000e+00 -1.000000e+00 1.000000e+02 2.650800e-01 -1.000000e+00 -1.000000e+00 2.658473e+00 0.000000e+00 -1.000000e+00 0.000000e+00 2.074737e-03 8.000000e+02 1.247567e+00 0.000000e+00 -9.990070e+05 3.000000e+00 -1.000000e+00 7.258835e-02 -1.0 0.000000e+00 0.000000e+00 -1.000000e+00 7.227357e-01 -1.000000e+00 -9.990070e+05 9.314639e-04 9.314639e-04 9.593007e-01 6.286073e-01 1.840177e+00 0.000000e+00 -1.000000e+00 3.731746e-02 0.000000e+00 5.801861e-01
8.746940e-01 -1.000000e+00 0.000000e+00 -1.000000e+00 -1.000000e+00 2.000000e+02 2.713442e-01 -1.000000e+00 -1.000000e+00 2.688192e+00 0.000000e+00 -1.000000e+00 0.000000e+00 2.199461e-03 8.000000e+02 1.259655e+00 0.000000e+00 -9.990070e+05 3.000000e+00 -1.000000e+00 7.693079e-02 -1.0 0.000000e+00 0.000000e+00 -1.000000e+00 7.274500e-01 -1.000000e+00 -9.990070e+05 9.765061e-04 9.765061e-04 9.600537e-01 6.344789e-01 1.858695e+00 0.000000e+00 -1.000000e+00 3.890401e-02 0.000000e+00 5.849079e-01
9.422893e-01 -1.000000e+00 0.000000e+00 -1.000000e+00 -1.000000e+00 3.000000e+02 3.169710e-01 -1.000000e+00 -1.000000e+00 2.889007e+00 0.000000e+00 -1.000000e+00 0.000000e+00 3.332901e-03 8.000000e+02 1.356281e+00 0.000000e+00 -9.990070e+05 3.000000e+00 -1.000000e+00 1.189104e-01 -1.0 0.000000e+00 0.000000e+00 -1.000000e+00 7.578612e-01 -1.000000e+00 -9.990070e+05 1.469575e-03 1.469575e-03 9.648129e-01 6.840111e-01 1.998533e+00 0.000000e+00 -1.000000e+00 5.206877e-02 0.000000e+00 6.304880e-01
1.147796e+00 -1.000000e+00 0.000000e+00 -1.000000e+00 -1.000000e+00 4.000000e+02 4.179178e-01 -1.000000e+00 -1.000000e+00 3.522844e+00 0.000000e+00 -1.000000e+00 0.000000e+00 8.612417e-03 8.000000e+02 1.652384e+00 0.000000e+00 -9.990070e+05 3.000000e+00 -1.000000e+00 3.276788e-01 -1.0 0.000000e+00 0.000000e+00 -1.000000e+00 8.089011e-01 -1.000000e+00 -9.990070e+05 3.763795e-03 3.763795e-03 9.724990e-01 8.339242e-01 2.433588e+00 0.000000e+00 -1.000000e+00 9.613791e-02 0.000000e+00 7.675280e-01
1.543499e+00 -1.000000e+00 0.000000e+00 -1.000000e+00 -1.000000e+00 5.000000e+02 5.000000e-01 -1.000000e+00 -1.000000e+00 4.803121e+00 0.000000e+00 -1.000000e+00 0.000000e+00 2.275013e-02 8.000000e+02 2.228907e+00 0.000000e+00 -9.990070e+05 3.000000e+00 -1.000000e+00 1.017850e+00 -1.0 0.000000e+00 0.000000e+00 -1.000000e+00 8.413447e-01 -1.000000e+00 -9.990070e+05 1.132353e-02 1.132353e-02 9.772499e-01 1.119211e+00 3.303242e+00 0.000000e+00 -1.000000e+00 1.586553e-01 0.000000e+00 1.030712e+00
2.887726e+00 -1.000000e+00 0.000000e+00 -1.000000e+00 -1.000000e+00 6.000000e+02 5.000000e-01 -1.000000e+00 -1.000000e+00 8.871446e+00 0.000000e+00 -1.000000e+00 0.000000e+00 2.275013e-02 8.000000e+02 4.156085e+00 0.000000e+00 -9.990070e+05 3.000000e+00 -1.000000e+00 2.118766e+00 -1.0 0.000000e+00 0.000000e+00 -1.000000e+00 8.413447e-01 -1.000000e+00 -9.990070e+05 5.160530e-02 5.160530e-02 9.772499e-01 2.091625e+00 6.144446e+00 0.000000e+00 -1.000000e+00 1.586553e-01 0.000000e+00 1.936971e+00
1.770410e+00 -1.000000e+00 0.000000e+00 -1.000000e+00 -1.000000e+00 0.000000e+00 5.000000e-01 -1.000000e+00 -1.000000e+00 5.454157e+00 0.000000e+00 -1.000000e+00 0.000000e+00 2.275013e-02 9.000000e+02 2.550777e+00 0.000000e+00 -9.990070e+05 3.000000e+00 -1.000000e+00 1.474671e+00 -1.0 0.000000e+00 0.000000e+00 -1.000000e+00 8.413447e-01 -1.000000e+00 -9.990070e+05 1.711466e-02 1.711466e-02 9.772499e-01 1.282437e+00 3.771227e+00 0.000000e+00 -1.000000e+00 1.586553e-01 0.000000e+00 1.183801e+00
1.860845e+00 -1.000000e+00 0.000000e+00 -1.000000e+00 -1.000000e+00 1.000000e+02 5.000000e-01 -1.000000e+00 -1.000000e+00 5.699050e+00 0.000000e+00 -1.000000e+00 0.000000e+00 2.275013e-02 9.000000e+02 2.676607e+00 0.000000e+00 -9.990070e+05 3.000000e+00 -1.000000e+00 1.630449e+00 -1.0 0.000000e+00 0.000000e+00 -1.000000e+00 8.413447e-01 -1.000000e+00 -9.990070e+05 1.982735e-02 1.982735e-02 9.772499e-01 1.347906e+00 3.951306e+00 0.000000e+00 -1.000000e+00 1.586553e-01 0.000000e+00 1.248612e+00
1.726949e+00 -1.000000e+00 0.000000e+00 -1.000000e+00 -1.000000e+00 2.000000e+02 5.000000e-01 -1.000000e+00 -1.000000e+00 5.363965e+00 0.000000e+00 -1.000000e+00 0.000000e+00 2.275013e-02 9.000000e+02 2.492080e+00 0.000000e+00 -9.990070e+05 3.000000e+00 -1.000000e+00 1.380516e+00 -1.0 0.000000e+00 0.000000e+00 -1.000000e+00 8.413447e-01 -1.000000e+00 -9.990070e+05 1.598210e-02 1.598210e-02 9.772499e-01 1.251138e+00 3.694136e+00 0.000000e+00 -1.000000e+00 1.586553e-01 0.000000e+00 1.155306e+00
1.735200e+00 -1.000000e+00 0.000000e+00 -1.000000e+00 -1.000000e+00 3.000000e+02 5.000000e-01 -1.000000e+00 -1.000000e+00 5.313284e+00 0.000000e+00 -1.000000e+00 0.000000e+00 2.275013e-02 9.000000e+02 2.496685e+00 0.000000e+00 -9.990070e+05 3.000000e+00 -1.000000e+00 1.417788e+00 -1.0 0.000000e+00 0.000000e+00 -1.000000e+00 8.413447e-01 -1.000000e+00 -9.990070e+05 1.618548e-02 1.618548e-02 9.772499e-01 1.257313e+00 3.683238e+00 0.000000e+00 -1.000000e+00 1.586553e-01 0.000000e+00 1.160785e+00
1.968066e+00 -1.000000e+00 0.000000e+00 -1.000000e+00 -1.000000e+00 4.000000e+02 5.000000e-01 -1.000000e+00 -1.000000e+00 6.135741e+00 0.000000e+00 -1.000000e+00 0.000000e+00 2.275013e-02 9.000000e+02 2.840936e+00 0.000000e+00 -9.990070e+05 3.000000e+00 -1.000000e+00 1.776900e+00 -1.0 0.000000e+00 0.000000e+00 -1.000000e+00 8.413447e-01 -1.000000e+00 -9.990070e+05 2.275831e-02 2.275831e-02 9.772499e-01 1.423857e+00 4.221570e+00 0.000000e+00 -1.000000e+00 1.586553e-01 0.000000e+00 1.317959e+00
2.039471e+00 -1.000000e+00 0.000000e+00 -1.000000e+00 -1.000000e+00 5.000000e+02 5.000000e-01 -1.000000e+00 -1.000000e+00 6.227136e+00 0.000000e+00 -1.000000e+00 0.000000e+00 2.275013e-02 9.000000e+02 2.931365e+00 0.000000e+00 -9.990070e+05 3.000000e+00 -1.000000e+00 1.893018e+00 -1.0 0.000000e+00 0.000000e+00 -1.000000e+00 8.413447e-01 -1.000000e+00 -9.990070e+05 2.499978e-02 2.499978e-02 9.772499e-01 1.480215e+00 4.325423e+00 0.000000e+00 -1.000000e+00 1.586553e-01 0.000000e+00 1.367565e+00
3.060791e+00 -1.000000e+00 0.000000e+00 -1.000000e+00 -1.000000e+00 6.000000e+02 5.000000e-01 -1.000000e+00 -1.000000e+00 9.464273e+00 0.000000e+00 -1.000000e+00 0.000000e+00 2.275013e-02 9.000000e+02 4.414426e+00 0.000000e+00 -9.990070e+05 3.000000e+00 -1.000000e+00 2.066654e+00 -1.0 0.000000e+00 0.000000e+00 -1.000000e+00 8.413447e-01 -1.000000e+00 -9.990070e+05 5.710170e-02 5.710170e-02 9.772499e-01 2.214405e+00 6.544560e+00 0.000000e+00 -1.000000e+00 1.586553e-01 0.000000e+00 2.056866e+00
