3.253798e+00 -1.000000e+00 0.000000e+00 -1.000000e+00 -1.000000e+00 0.000000e+00 4.837384e-01 -1.000000e+00 -1.000000e+00 9.124383e+00 0.000000e+00 -1.000000e+00 0.000000e+00 1.828547e-02 1.000000e+03 4.554270e+00 0.000000e+00 -9.990070e+05 3.000000e+00 -1.000000e+00 9.460530e-01 -1.0 0.000000e+00 0.000000e+00 -1.000000e+00 8.353250e-01 -1.000000e+00 -9.990070e+05 3.166374e-01 3.166374e-01 9.763742e-01 2.424181e+00 6.509326e+00 0.000000e+00 -1.000000e+00 1.436070e-01 0.000000e+00 3.609474e+00
3.973921e+00 -1.000000e+00 0.000000e+00 -1.000000e+00 -1.000000e+00 1.000000e+02 4.945797e-01 -1.000000e+00 -1.000000e+00 1.090461e+01 0.000000e+00 -1.000000e+00 0.000000e+00 2.111512e-02 1.000000e+03 5.537139e+00 0.000000e+00 -9.990070e+05 3.000000e+00 -1.000000e+00 9.836274e-01 -1.0 0.000000e+00 0.000000e+00 -1.000000e+00 8.393565e-01 -1.000000e+00 -9.990070e+05 3.624241e-01 3.624241e-01 9.769609e-01 2.949831e+00 7.860346e+00 0.000000e+00 -1.000000e+00 1.534739e-01 0.000000e+00 4.401262e+00
4.319046e+00 -1.000000e+00 0.000000e+00 -1.000000e+00 -1.000000e+00 2.000000e+02 4.975188e-01 -1.000000e+00 -1.000000e+00 1.191763e+01 0.000000e+00 -1.000000e+00 0.000000e+00 2.198161e-02 1.000000e+03 6.029097e+00 0.000000e+00 -9.990070e+05 3.000000e+00 -1.000000e+00 9.928012e-01 -1.0 0.000000e+00 0.000000e+00 -1.000000e+00 8.404368e-01 -1.000000e+00 -9.990070e+05 3.793680e-01 3.793680e-01 9.771179e-01 3.205516e+00 8.578844e+00 0.000000e+00 -1.000000e+00 1.562625e-01 0.000000e+00 4.788251e+00
4.577748e+00 -1.000000e+00 0.000000e+00 -1.000000e+00 -1.000000e+00 3.000000e+02 4.992828e-01 -1.000000e+00 -1.000000e+00 1.269934e+01 0.000000e+00 -1.000000e+00 0.000000e+00 2.252439e-02 1.000000e+03 6.395040e+00 0.000000e+00 -9.990070e+05 3.000000e+00 -1.000000e+00 9.979796e-01 -1.0 0.000000e+00 0.000000e+00 -1.000000e+00 8.410827e-01 -1.000000e+00 -9.990070e+05 3.911460e-01 3.911460e-01 9.772118e-01 3.399481e+00 9.118891e+00 0.000000e+00 -1.000000e+00 1.579600e-01 0.000000e+00 5.077401e+00
5.156539e+00 -1.000000e+00 0.000000e+00 -1.000000e+00 -1.000000e+00 4.000000e+02 5.000000e-01 -1.000000e+00 -1.000000e+00 1.473688e+01 0.000000e+00 -1.000000e+00 0.000000e+00 2.275013e-02 1.000000e+03 7.258453e+00 0.000000e+00 -9.990070e+05 3.000000e+00 -1.000000e+00 1.005718e+00 -1.0 0.000000e+00 0.000000e+00 -1.000000e+00 8.413447e-01 -1.000000e+00 -9.990070e+05 4.144108e-01 4.144108e-01 9.772499e-01 3.845585e+00 1.043146e+01 0.000000e+00 -1.000000e+00 1.586553e-01 0.000000e+00 5.730700e+00
8.355827e+00 -1.000000e+00 0.000000e+00 -1.000000e+00 -1.000000e+00 5.000000e+02 5.000000e-01 -1.000000e+00 -1.000000e+00 2.307712e+01 0.000000e+00 -1.000000e+00 0.000000e+00 2.275013e-02 1.000000e+03 1.167310e+01 0.000000e+00 -9.990070e+05 3.000000e+00 -1.000000e+00 1.014614e+00 -1.0 0.000000e+00 0.000000e+00 -1.000000e+00 8.413447e-01 -1.000000e+00 -9.990070e+05 4.948003e-01 4.948003e-01 9.772499e-01 6.190175e+00 1.658613e+01 0.000000e+00 -1.000000e+00 1.586553e-01 0.000000e+00 9.258326e+00
1.624483e+01 -1.000000e+00 0.000000e+00 -1.000000e+00 -1.000000e+00 6.000000e+02 5.000000e-01 -1.000000e+00 -1.000000e+00 4.671687e+01 0.000000e+00 -1.000000e+00 0.000000e+00 2.275013e-02 1.000000e+03 2.288820e+01 0.000000e+00 -9.990070e+05 3.000000e+00 -1.000000e+00 1.010235e+00 -1.0 0.000000e+00 0.000000e+00 -1.000000e+00 8.413447e-01 -1.000000e+00 -9.990070e+05 5.723710e-01 5.723710e-01 9.772499e-01 1.209413e+01 3.296022e+01 0.000000e+00 -1.000000e+00 1.586553e-01 0.000000e+00 1.807506e+01
7.760780e+00 -1.000000e+00 0.000000e+00 -1.000000e+00 -1.000000e+00 0.000000e+00 5.000000e-01 -1.000000e+00 -1.000000e+00 2.146495e+01 0.000000e+00 -1.000000e+00 0.000000e+00 2.275013e-02 1.100000e+03 1.084818e+01 0.000000e+00 -9.990070e+05 3.000000e+00 -1.000000e+00 1.014537e+00 -1.0 0.000000e+00 0.000000e+00 -1.000000e+00 8.413447e-01 -1.000000e+00 -9.990070e+05 4.840900e-01 4.840900e-01 9.772499e-01 5.755889e+00 1.540644e+01 0.000000e+00 -1.000000e+00 1.586553e-01 0.000000e+00 8.604240e+00
5.930909e+00 -1.000000e+00 0.000000e+00 -1.000000e+00 -1.000000e+00 1.000000e+02 5.000000e-01 -1.000000e+00 -1.000000e+00 1.623411e+01 0.000000e+00 -1.000000e+00 0.000000e+00 2.275013e-02 1.100000e+03 8.265971e+00 0.000000e+00 -9.990070e+05 3.000000e+00 -1.000000e+00 1.011236e+00 -1.0 0.000000e+00 0.000000e+00 -1.000000e+00 8.413447e-01 -1.000000e+00 -9.990070e+05 4.410214e-01 4.410214e-01 9.772499e-01 4.398269e+00 1.172116e+01 0.000000e+00 -1.000000e+00 1.586553e-01 0.000000e+00 6.570362e+00
6.007754e+00 -1.000000e+00 0.000000e+00 -1.000000e+00 -1.000000e+00 2.000000e+02 5.000000e-01 -1.000000e+00 -1.000000e+00 1.672786e+01 0.000000e+00 -1.000000e+00 0.000000e+00 2.275013e-02 1.100000e+03 8.396107e+00 0.000000e+00 -9.990070e+05 3.000000e+00 -1.000000e+00 1.011423e+00 -1.0 0.000000e+00 0.000000e+00 -1.000000e+00 8.413447e-01 -1.000000e+00 -9.990070e+05 4.423699e-01 4.423699e-01 9.772499e-01 4.461625e+00 1.198571e+01 0.000000e+00 -1.000000e+00 1.586553e-01 0.000000e+00 6.663963e+00
7.236002e+00 -1.000000e+00 0.000000e+00 -1.000000e+00 -1.000000e+00 3.000000e+02 5.000000e-01 -1.000000e+00 -1.000000e+00 2.001450e+01 0.000000e+00 -1.000000e+00 0.000000e+00 2.275013e-02 1.100000e+03 1.010814e+01 0.000000e+00 -9.990070e+05 3.000000e+00 -1.000000e+00 1.014228e+00 -1.0 0.000000e+00 0.000000e+00 -1.000000e+00 8.413447e-01 -1.000000e+00 -9.990070e+05 4.735219e-01 4.735219e-01 9.772499e-01 5.363012e+00 1.436540e+01 0.000000e+00 -1.000000e+00 1.586553e-01 0.000000e+00 8.019419e+00
8.560073e+00 -1.000000e+00 0.000000e+00 -1.000000e+00 -1.000000e+00 4.000000e+02 5.000000e-01 -1.000000e+00 -1.000000e+00 2.375249e+01 0.000000e+00 -1.000000e+00 0.000000e+00 2.275013e-02 1.100000e+03 1.195989e+01 0.000000e+00 -9.990070e+05 3.000000e+00 -1.000000e+00 1.014583e+00 -1.0 0.000000e+00 0.000000e+00 -1.000000e+00 8.413447e-01 -1.000000e+00 -9.990070e+05 4.984826e-01 4.984826e-01 9.772499e-01 6.344701e+00 1.702908e+01 0.000000e+00 -1.000000e+00 1.586553e-01 0.000000e+00 9.493627e+00
1.133059e+01 -1.000000e+00 0.000000e+00 -1.000000e+00 -1.000000e+00 5.000000e+02 5.000000e-01 -1.000000e+00 -1.000000e+00 3.217728e+01 0.000000e+00 -1.000000e+00 0.000000e+00 2.275013e-02 1.100000e+03 1.588399e+01 0.000000e+00 -9.990070e+05 3.000000e+00 -1.000000e+00 1.013154e+00 -1.0 0.000000e+00 0.000000e+00 -1.000000e+00 8.413447e-01 -1.000000e+00 -9.990070e+05 5.343640e-01 5.343640e-01 9.772499e-01 8.421778e+00 2.281178e+01 0.000000e+00 -1.000000e+00 1.586553e-01 0.000000e+00 1.258452e+01
1.322935e+01 -1.000000e+00 0.000000e+00 -1.000000e+00 -1.000000e+00 6.000000e+02 5.000000e-01 -1.000000e+00 -1.000000e+00 3.669682e+01 0.000000e+00 -1.000000e+00 0.000000e+00 2.275013e-02 1.100000e+03 1.848901e+01 0.000000e+00 -9.990070e+05 3.000000e+00 -1.000000e+00 1.011899e+00 -1.0 0.000000e+00 0.000000e+00 -1.000000e+00 8.413447e-01 -1.000000e+00 -9.990070e+05 5.522054e-01 5.522054e-01 9.772499e-01 9.797964e+00 2.630195e+01 0.000000e+00 -1.000000e+00 1.586553e-01 0.000000e+00 1.466524e+01
1.152645e+01 -1.000000e+00 0.000000e+00 -1.000000e+00 -1.000000e+00 0.000000e+00 5.000000e-01 -1.000000e+00 -1.000000e+00 3.267914e+01 0.000000e+00 -1.000000e+00 0.000000e+00 2.275013e-02 1.200000e+03 1.616430e+01 0.000000e+00 -9.990070e+05 3.000000e+00 -1.000000e+00 1.013051e+00 -1.0 0.000000e+00 0.000000e+00 -1.000000e+00 8.413447e-01 -1.000000e+00 -9.990070e+05 5.359382e-01 5.359382e-01 9.772499e-01 8.550735e+00 2.318421e+01 0.000000e+00 -1.000000e+00 1.586553e-01 0.000000e+00 1.280675e+01
9.843420e+00 -1.000000e+00 0.000000e+00 -1.000000e+00 -1.000000e+00 1.000000e+02 5.000000e-01 -1.000000e+00 -1.000000e+00 2.797027e+01 0.000000e+00 -1.000000e+00 0.000000e+00 2.275013e-02 1.200000e+03 1.380459e+01 0.000000e+00 -9.990070e+05 3.000000e+00 -1.000000e+00 1.014065e+00 -1.0 0.000000e+00 0.000000e+00 -1.000000e+00 8.413447e-01 -1.000000e+00 -9.990070e+05 5.171103e-01 5.171103e-01 9.772499e-01 7.321464e+00 1.983554e+01 0.000000e+00 -1.000000e+00 1.586553e-01 0.000000e+00 1.093509e+01
1.118367e+01 -1.000000e+00 0.000000e+00 -1.000000e+00 -1.000000e+00 2.000000e+02 5.000000e-01 -1.000000e+00 -1.000000e+00 3.080250e+01 0.000000e+00 -1.000000e+00 0.000000e+00 2.275013e-02 1.200000e+03 1.562322e+01 0.000000e+00 -9.990070e+05 3.000000e+00 -1.000000e+00 1.013227e+00 -1.0 0.000000e+00 0.000000e+00 -1.000000e+00 8.413447e-01 -1.000000e+00 -9.990070e+05 5.331711e-01 5.331711e-01 9.772499e-01 8.293051e+00 2.217120e+01 0.000000e+00 -1.000000e+00 1.586553e-01 0.000000e+00 1.239620e+01
1.137376e+01 -1.000000e+00 0.000000e+00 -1.000000e+00 -1.000000e+00 3.000000e+02 5.000000e-01 -1.000000e+00 -1.000000e+00 3.120999e+01 0.000000e+00 -1.000000e+00 0.000000e+00 2.275013e-02 1.200000e+03 1.587325e+01 0.000000e+00 -9.990070e+05 3.000000e+00 -1.000000e+00 1.013090e+00 -1.0 0.000000e+00 0.000000e+00 -1.000000e+00 8.413447e-01 -1.000000e+00 -9.990070e+05 5.353949e-01 5.353949e-01 9.772499e-01 8.450283e+00 2.248712e+01 0.000000e+00 -1.000000e+00 1.586553e-01 0.000000e+00 1.259549e+01
1.285926e+01 -1.000000e+00 0.000000e+00 -1.000000e+00 -1.000000e+00 4.000000e+02 5.000000e-01 -1.000000e+00 -1.000000e+00 3.539889e+01 0.000000e+00 -1.000000e+00 0.000000e+00 2.275013e-02 1.200000e+03 1.796547e+01 0.000000e+00 -9.990070e+05 3.000000e+00 -1.000000e+00 1.012120e+00 -1.0 0.000000e+00 0.000000e+00 -1.000000e+00 8.413447e-01 -1.000000e+00 -9.990070e+05 5.493080e-01 5.493080e-01 9.772499e-01 9.556109e+00 2.545888e+01 0.000000e+00 -1.000000e+00 1.586553e-01 0.000000e+00 1.424971e+01
1.527229e+01 -1.000000e+00 0.000000e+00 -1.000000e+00 -1.000000e+00 5.000000e+02 5.000000e-01 -1.000000e+00 -1.000000e+00 4.288600e+01 0.000000e+00 -1.000000e+00 0.000000e+00 2.275013e-02 1.200000e+03 2.137612e+01 0.000000e+00 -9.990070e+05 3.000000e+00 -1.000000e+00 1.010721e+00 -1.0 0.000000e+00 0.000000e+00 -1.000000e+00 8.413447e-01 -1.000000e+00 -9.990070e+05 5.667099e-01 5.667099e-01 9.772499e-01 1.132332e+01 3.055412e+01 0.000000e+00 -1.000000e+00 1.586553e-01 0.000000e+00 1.694365e+01
2.089872e+01 -1.000000e+00 0.000000e+00 -1.000000e+00 -1.000000e+00 6.000000e+02 5.000000e-01 -1.000000e+00 -1.000000e+00 5.885341e+01 0.000000e+00 -1.000000e+00 0.000000e+00 2.275013e-02 1.200000e+03 2.924313e+01 0.000000e+00 -9.990070e+05 3.000000e+00 -1.000000e+00 1.008219e+00 -1.0 0.000000e+00 0.000000e+00 -1.000000e+00 8.413447e-01 -1.000000e+00 -9.990070e+05 5.951577e-01 5.951577e-01 9.772499e-01 1.551033e+01 4.185613e+01 0.000000e+00 -1.000000e+00 1.586553e-01 0.000000e+00 2.319214e+01
1.482128e+01 -1.000000e+00 0.000000e+00 -1.000000e+00 -1.000000e+00 0.000000e+00 5.000000e-01 -1.000000e+00 -1.000000e+00 4.124783e+01 0.000000e+00 -1.000000e+00 0.000000e+00 2.275013e-02 1.300000e+03 2.071314e+01 0.000000e+00 -9.990070e+05 3.000000e+00 -1.000000e+00 1.010940e+00 -1.0 0.000000e+00 0.000000e+00 -1.000000e+00 8.413447e-01 -1.000000e+00 -9.990070e+05 5.641089e-01 5.641089e-01 9.772499e-01 1.097953e+01 2.949303e+01 0.000000e+00 -1.000000e+00 1.586553e-01 0.000000e+00 1.642759e+01
1.777879e+01 -1.000000e+00 0.000000e+00 -1.000000e+00 -1.000000e+00 1.000000e+02 5.000000e-01 -1.000000e+00 -1.000000e+00 4.997280e+01 0.000000e+00 -1.000000e+00 0.000000e+00 2.275013e-02 1.300000e+03 2.489434e+01 0.000000e+00 -9.990070e+05 3.000000e+00 -1.000000e+00 1.009485e+00 -1.0 0.000000e+00 0.000000e+00 -1.000000e+00 8.413447e-01 -1.000000e+00 -9.990070e+05 5.809209e-01 5.809209e-01 9.772499e-01 1.317765e+01 3.558995e+01 0.000000e+00 -1.000000e+00 1.586553e-01 0.000000e+00 1.973277e+01
1.816874e+01 -1.000000e+00 0.000000e+00 -1.000000e+00 -1.000000e+00 2.000000e+02 5.000000e-01 -1.000000e+00 -1.000000e+00 5.038088e+01 0.000000e+00 -1.000000e+00 0.000000e+00 2.275013e-02 1.300000e+03 2.538967e+01 0.000000e+00 -9.990070e+05 3.000000e+00 -1.000000e+00 1.009291e+00 -1.0 0.000000e+00 0.000000e+00 -1.000000e+00 8.413447e-01 -1.000000e+00 -9.990070e+05 5.831073e-01 5.831073e-01 9.772499e-01 1.347281e+01 3.608987e+01 0.000000e+00 -1.000000e+00 1.586553e-01 0.000000e+00 2.012934e+01
2.101337e+01 -1.000000e+00 0.000000e+00 -1.000000e+00 -1.000000e+00 3.000000e+02 5.000000e-01 -1.000000e+00 -1.000000e+00 5.805944e+01 0.000000e+00 -1.000000e+00 0.000000e+00 2.275013e-02 1.300000e+03 2.935852e+01 0.000000e+00 -9.990070e+05 3.000000e+00 -1.000000e+00 1.008161e+00 -1.0 0.000000e+00 0.000000e+00 -1.000000e+00 8.413447e-01 -1.000000e+00 -9.990070e+05 5.958021e-01 5.958021e-01 9.772499e-01 1.558704e+01 4.168968e+01 0.000000e+00 -1.000000e+00 1.586553e-01 0.000000e+00 2.328661e+01
2.185795e+01 -1.000000e+00 0.000000e+00 -1.000000e+00 -1.000000e+00 4.000000e+02 5.000000e-01 -1.000000e+00 -1.000000e+00 6.096465e+01 0.000000e+00 -1.000000e+00 0.000000e+00 2.275013e-02 1.300000e+03 3.053522e+01 0.000000e+00 -9.990070e+05 3.000000e+00 -1.000000e+00 1.007867e+00 -1.0 0.000000e+00 0.000000e+00 -1.000000e+00 8.413447e-01 -1.000000e+00 -9.990070e+05 5.990936e-01 5.990936e-01 9.772499e-01 1.619940e+01 4.351640e+01 0.000000e+00 -1.000000e+00 1.586553e-01 0.000000e+00 2.422988e+01
2.376942e+01 -1.000000e+00 0.000000e+00 -1.000000e+00 -1.000000e+00 5.000000e+02 5.000000e-01 -1.000000e+00 -1.000000e+00 6.624427e+01 0.000000e+00 -1.000000e+00 0.000000e+00 2.275013e-02 1.300000e+03 3.324666e+01 0.000000e+00 -9.990070e+05 3.000000e+00 -1.000000e+00 1.007300e+00 -1.0 0.000000e+00 0.000000e+00 -1.000000e+00 8.413447e-01 -1.000000e+00 -9.990070e+05 6.054958e-01 6.054958e-01 9.772499e-01 1.759513e+01 4.735382e+01 0.000000e+00 -1.000000e+00 1.586553e-01 0.000000e+00 2.635666e+01
2.788178e+01 -1.000000e+00 0.000000e+00 -1.000000e+00 -1.000000e+00 6.000000e+02 5.000000e-01 -1.000000e+00 -1.000000e+00 7.732038e+01 0.000000e+00 -1.000000e+00 0.000000e+00 2.275013e-02 1.300000e+03 3.898160e+01 0.000000e+00 -9.990070e+05 3.000000e+00 -1.000000e+00 1.006281e+00 -1.0 0.000000e+00 0.000000e+00 -1.000000e+00 8.413447e-01 -1.000000e+00 -9.990070e+05 6.171495e-01 6.171495e-01 9.772499e-01 2.065511e+01 5.543210e+01 0.000000e+00 -1.000000e+00 1.586553e-01 0.000000e+00 3.090712e+01
2.448761e+01 -1.000000e+00 0.000000e+00 -1.000000e+00 -1.000000e+00 0.000000e+00 5.000000e-01 -1.000000e+00 -1.000000e+00 6.753885e+01 0.000000e+00 -1.000000e+00 0.000000e+00 2.275013e-02 1.400000e+03 3.420753e+01 0.000000e+00 -9.990070e+05 3.000000e+00 -1.000000e+00 1.007082e+00 -1.0 0.000000e+00 0.000000e+00 -1.000000e+00 8.413447e-01 -1.000000e+00 -9.990070e+05 6.079603e-01 6.079603e-01 9.772499e-01 1.819522e+01 4.850564e+01 0.000000e+00 -1.000000e+00 1.586553e-01 0.000000e+00 2.712669e+01
3.073334e+01 -1.000000e+00 0.000000e+00 -1.000000e+00 -1.000000e+00 1.000000e+02 5.000000e-01 -1.000000e+00 -1.000000e+00 8.520912e+01 0.000000e+00 -1.000000e+00 0.000000e+00 2.275013e-02 1.400000e+03 4.297720e+01 0.000000e+00 -9.990070e+05 3.000000e+00 -1.000000e+00 1.005719e+00 -1.0 0.000000e+00 0.000000e+00 -1.000000e+00 8.413447e-01 -1.000000e+00 -9.990070e+05 6.237236e-01 6.237236e-01 9.772499e-01 2.278375e+01 6.108561e+01 0.000000e+00 -1.000000e+00 1.586553e-01 0.000000e+00 3.407172e+01
2.720216e+01 -1.000000e+00 0.000000e+00 -1.000000e+00 -1.000000e+00 2.000000e+02 5.000000e-01 -1.000000e+00 -1.000000e+00 7.640641e+01 0.000000e+00 -1.000000e+00 0.000000e+00 2.275013e-02 1.400000e+03 3.806484e+01 0.000000e+00 -9.990070e+05 3.000000e+00 -1.000000e+00 1.006432e+00 -1.0 0.000000e+00 0.000000e+00 -1.000000e+00 8.413447e-01 -1.000000e+00 -9.990070e+05 6.153936e-01 6.153936e-01 9.772499e-01 2.017296e+01 5.442551e+01 0.000000e+00 -1.000000e+00 1.586553e-01 0.000000e+00 3.018211e+01
2.889728e+01 -1.000000e+00 0.000000e+00 -1.000000e+00 -1.000000e+00 3.000000e+02 5.000000e-01 -1.000000e+00 -1.000000e+00 7.933588e+01 0.000000e+00 -1.000000e+00 0.000000e+00 2.275013e-02 1.400000e+03 4.033844e+01 0.000000e+00 -9.990070e+05 3.000000e+00 -1.000000e+00 1.006046e+00 -1.0 0.000000e+00 0.000000e+00 -1.000000e+00 8.413447e-01 -1.000000e+00 -9.990070e+05 6.198520e-01 6.198520e-01 9.772499e-01 2.148992e+01 5.711959e+01 0.000000e+00 -1.000000e+00 1.586553e-01 0.000000e+00 3.200069e+01
2.921236e+01 -1.000000e+00 0.000000e+00 -1.000000e+00 -1.000000e+00 4.000000e+02 5.000000e-01 -1.000000e+00 -1.000000e+00 8.050855e+01 0.000000e+00 -1.000000e+00 0.000000e+00 2.275013e-02 1.400000e+03 4.080756e+01 0.000000e+00 -9.990070e+05 3.000000e+00 -1.000000e+00 1.005996e+00 -1.0 0.000000e+00 0.000000e+00 -1.000000e+00 8.413447e-01 -1.000000e+00 -9.990070e+05 6.204544e-01 6.204544e-01 9.772499e-01 2.168831e+01 5.788115e+01 0.000000e+00 -1.000000e+00 1.586553e-01 0.000000e+00 3.236531e+01
3.736183e+01 -1.000000e+00 0.000000e+00 -1.000000e+00 -1.000000e+00 5.000000e+02 5.000000e-01 -1.000000e+00 -1.000000e+00 1.050559e+02 0.000000e+00 -1.000000e+00 0.000000e+00 2.275013e-02 1.400000e+03 5.232583e+01 0.000000e+00 -9.990070e+05 3.000000e+00 -1.000000e+00 1.004735e+00 -1.0 0.000000e+00 0.000000e+00 -1.000000e+00 8.413447e-01 -1.000000e+00 -9.990070e+05 6.356821e-01 6.356821e-01 9.772499e-01 2.770118e+01 7.484815e+01 0.000000e+00 -1.000000e+00 1.586553e-01 0.000000e+00 4.149683e+01
3.985105e+01 -1.000000e+00 0.000000e+00 -1.000000e+00 -1.000000e+00 6.000000e+02 5.000000e-01 -1.000000e+00 -1.000000e+00 1.101080e+02 0.000000e+00 -1.000000e+00 0.000000e+00 2.275013e-02 1.400000e+03 5.568280e+01 0.000000e+00 -9.990070e+05 3.000000e+00 -1.000000e+00 1.004428e+00 -1.0 0.000000e+00 0.000000e+00 -1.000000e+00 8.413447e-01 -1.000000e+00 -9.990070e+05 6.395268e-01 6.395268e-01 9.772499e-01 2.957016e+01 7.905360e+01 0.000000e+00 -1.000000e+00 1.586553e-01 0.000000e+00 4.416340e+01
5.105106e+01 -1.000000e+00 4.000000e+03 -1.000000e+00 -1.000000e+00 0.000000e+00 5.000000e-01 -1.000000e+00 -1.000000e+00 1.421252e+02 0.000000e+00 -1.000000e+00 1.000000e+00 2.275013e-02 1.500000e+03 7.143130e+01 1.000000e+00 -9.990070e+05 3.000000e+00 -1.000000e+00 1.003470e+00 -1.0 0.000000e+00 0.000000e+00 -1.000000e+00 8.413447e-01 -1.000000e+00 -9.990070e+05 6.522373e-01 6.522373e-01 9.772499e-01 3.778068e+01 1.017201e+02 0.000000e+00 -1.000000e+00 1.586553e-01 0.000000e+00 5.663696e+01
4.429701e+01 -1.000000e+00 0.000000e+00 -1.000000e+00 -1.000000e+00 1.000000e+02 5.000000e-01 -1.000000e+00 -1.000000e+00 1.244358e+02 0.000000e+00 -1.000000e+00 0.000000e+00 2.275013e-02 1.500000e+03 6.202201e+01 0.000000e+00 -9.990070e+05 3.000000e+00 -1.000000e+00 1.004002e+00 -1.0 0.000000e+00 0.000000e+00 -1.000000e+00 8.413447e-01 -1.000000e+00 -9.990070e+05 6.450824e-01 6.450824e-01 9.772499e-01 3.282443e+01 8.863986e+01 0.000000e+00 -1.000000e+00 1.586553e-01 0.000000e+00 4.915859e+01
4.362530e+01 -1.000000e+00 0.000000e+00 -1.000000e+00 -1.000000e+00 2.000000e+02 5.000000e-01 -1.000000e+00 -1.000000e+00 1.200369e+02 0.000000e+00 -1.000000e+00 0.000000e+00 2.275013e-02 1.500000e+03 6.091961e+01 0.000000e+00 -9.990070e+05 3.000000e+00 -1.000000e+00 1.004043e+00 -1.0 0.000000e+00 0.000000e+00 -1.000000e+00 8.413447e-01 -1.000000e+00 -9.990070e+05 6.444948e-01 6.444948e-01 9.772499e-01 3.241594e+01 8.634169e+01 0.000000e+00 -1.000000e+00 1.586553e-01 0.000000e+00 4.832090e+01
5.500231e+01 -1.000000e+00 0.000000e+00 -1.000000e+00 -1.000000e+00 3.000000e+02 5.000000e-01 -1.000000e+00 -1.000000e+00 1.537798e+02 0.000000e+00 -1.000000e+00 0.000000e+00 2.275013e-02 1.500000e+03 7.696716e+01 0.000000e+00 -9.990070e+05 3.000000e+00 -1.000000e+00 1.003221e+00 -1.0 0.000000e+00 0.000000e+00 -1.000000e+00 8.413447e-01 -1.000000e+00 -9.990070e+05 6.557291e-01 6.557291e-01 9.772499e-01 4.073517e+01 1.097932e+02 0.000000e+00 -1.000000e+00 1.586553e-01 0.000000e+00 6.101835e+01
5.361131e+01 -1.000000e+00 0.000000e+00 -1.000000e+00 -1.000000e+00 4.000000e+02 5.000000e-01 -1.000000e+00 -1.000000e+00 1.482957e+02 0.000000e+00 -1.000000e+00 0.000000e+00 2.275013e-02 1.500000e+03 7.489680e+01 0.000000e+00 -9.990070e+05 3.000000e+00 -1.000000e+00 1.003288e+00 -1.0 0.000000e+00 0.000000e+00 -1.000000e+00 8.413447e-01 -1.000000e+00 -9.990070e+05 6.547218e-01 6.547218e-01 9.772499e-01 3.979730e+01 1.063619e+02 0.000000e+00 -1.000000e+00 1.586553e-01 0.000000e+00 5.944850e+01
5.281496e+01 -1.000000e+00 4.000000e+03 -1.000000e+00 -1.000000e+00 5.000000e+02 5.000000e-01 -1.000000e+00 -1.000000e+00 1.458441e+02 0.000000e+00 -1.000000e+00 1.000000e+00 2.275013e-02 1.500000e+03 7.379910e+01 1.000000e+00 -9.990070e+05 1.000000e+00 -1.000000e+00 1.003345e+00 -1.0 0.000000e+00 1.000000e+00 -1.000000e+00 8.413447e-01 -1.000000e+00 -9.990070e+05 6.539632e-01 6.539632e-01 9.772499e-01 3.920676e+01 1.047285e+02 0.000000e+00 -1.000000e+00 1.586553e-01 0.000000e+00 5.852088e+01
6.315528e+01 -1.000000e+00 0.000000e+00 -1.000000e+00 -1.000000e+00 6.000000e+02 5.000000e-01 -1.000000e+00 -1.000000e+00 1.732663e+02 0.000000e+00 -1.000000e+00 0.000000e+00 2.275013e-02 1.500000e+03 8.816491e+01 0.000000e+00 -9.990070e+05 3.000000e+00 -1.000000e+00 1.002785e+00 -1.0 0.000000e+00 0.000000e+00 -1.000000e+00 8.413447e-01 -1.000000e+00 -9.990070e+05 6.621375e-01 6.621375e-01 9.772499e-01 4.700147e+01 1.247667e+02 0.000000e+00 -1.000000e+00 1.586553e-01 0.000000e+00 6.995015e+01
7.604534e+01 -1.000000e+00 0.000000e+00 -1.000000e+00 -1.000000e+00 0.000000e+00 5.000000e-01 -1.000000e+00 -1.000000e+00 2.103854e+02 0.000000e+00 -1.000000e+00 0.000000e+00 2.275013e-02 1.600000e+03 1.062540e+02 0.000000e+00 -9.990070e+05 3.000000e+00 -1.000000e+00 1.002315e+00 -1.0 0.000000e+00 0.000000e+00 -1.000000e+00 8.413447e-01 -1.000000e+00 -9.990070e+05 6.694838e-01 6.694838e-01 9.772499e-01 5.641269e+01 1.509189e+02 0.000000e+00 -1.000000e+00 1.586553e-01 0.000000e+00 8.426836e+01
7.288607e+01 -1.000000e+00 0.000000e+00 -1.000000e+00 -1.000000e+00 1.000000e+02 5.000000e-01 -1.000000e+00 -1.000000e+00 2.008197e+02 0.000000e+00 -1.000000e+00 0.000000e+00 2.275013e-02 1.600000e+03 1.018184e+02 0.000000e+00 -9.990070e+05 3.000000e+00 -1.000000e+00 1.002415e+00 -1.0 0.000000e+00 0.000000e+00 -1.000000e+00 8.413447e-01 -1.000000e+00 -9.990070e+05 6.678816e-01 6.678816e-01 9.772499e-01 5.414675e+01 1.443602e+02 0.000000e+00 -1.000000e+00 1.586553e-01 0.000000e+00 8.075332e+01
7.250210e+01 -1.000000e+00 0.000000e+00 -1.000000e+00 -1.000000e+00 2.000000e+02 5.000000e-01 -1.000000e+00 -1.000000e+00 1.991635e+02 0.000000e+00 -1.000000e+00 0.000000e+00 2.275013e-02 1.600000e+03 1.012469e+02 0.000000e+00 -9.990070e+05 3.000000e+00 -1.000000e+00 1.002426e+00 -1.0 0.000000e+00 0.000000e+00 -1.000000e+00 8.413447e-01 -1.000000e+00 -9.990070e+05 6.677017e-01 6.677017e-01 9.772499e-01 5.393596e+01 1.433352e+02 0.000000e+00 -1.000000e+00 1.586553e-01 0.000000e+00 8.029346e+01
7.998672e+01 -1.000000e+00 4.000000e+03 -1.000000e+00 -1.000000e+00 3.000000e+02 5.000000e-01 -1.000000e+00 -1.000000e+00 2.224027e+02 0.000000e+00 -1.000000e+00 1.000000e+00 2.275013e-02 1.600000e+03 1.118405e+02 1.000000e+00 -9.990070e+05 1.000000e+00 -1.000000e+00 1.002203e+00 -1.0 0.000000e+00 1.000000e+00 -1.000000e+00 8.413447e-01 -1.000000e+00 -9.990070e+05 6.713417e-01 6.713417e-01 9.772499e-01 5.924362e+01 1.591648e+02 0.000000e+00 -1.000000e+00 1.586553e-01 0.000000e+00 8.867882e+01
7.757230e+01 -1.000000e+00 0.000000e+00 -1.000000e+00 -1.000000e+00 4.000000e+02 5.000000e-01 -1.000000e+00 -1.000000e+00 2.155802e+02 0.000000e+00 -1.000000e+00 0.000000e+00 2.275013e-02 1.600000e+03 1.085035e+02 0.000000e+00 -9.990070e+05 3.000000e+00 -1.000000e+00 1.002275e+00 -1.0 0.000000e+00 0.000000e+00 -1.000000e+00 8.413447e-01 -1.000000e+00 -9.990070e+05 6.701714e-01 6.701714e-01 9.772499e-01 5.742955e+01 1.544264e+02 0.000000e+00 -1.000000e+00 1.586553e-01 0.000000e+00 8.603506e+01
9.202756e+01 -1.000000e+00 0.000000e+00 -1.000000e+00 -1.000000e+00 5.000000e+02 5.000000e-01 -1.000000e+00 -1.000000e+00 2.579315e+02 0.000000e+00 -1.000000e+00 0.000000e+00 2.275013e-02 1.600000e+03 1.287359e+02 0.000000e+00 -9.990070e+05 3.000000e+00 -1.000000e+00 1.001912e+00 -1.0 0.000000e+00 0.000000e+00 -1.000000e+00 8.413447e-01 -1.000000e+00 -9.990070e+05 6.762782e-01 6.762782e-01 9.772499e-01 6.820031e+01 1.838130e+02 0.000000e+00 -1.000000e+00 1.586553e-01 0.000000e+00 1.020755e+02
8.202240e+01 -1.000000e+00 0.000000e+00 -1.000000e+00 -1.000000e+00 6.000000e+02 5.000000e-01 -1.000000e+00 -1.000000e+00 2.269670e+02 0.000000e+00 -1.000000e+00 0.000000e+00 2.275013e-02 1.600000e+03 1.146854e+02 0.000000e+00 -9.990070e+05 3.000000e+00 -1.000000e+00 1.002149e+00 -1.0 0.000000e+00 0.000000e+00 -1.000000e+00 8.413447e-01 -1.000000e+00 -9.990070e+05 6.722362e-01 6.722362e-01 9.772499e-01 6.080002e+01 1.629358e+02 0.000000e+00 -1.000000e+00 1.586553e-01 0.000000e+00 9.092947e+01
-1.000000e+00 -1.000000e+00 0.000000e+00 -1.000000e+00 -1.000000e+00 0.000000e+00 1.215237e-01 -1.000000e+00 -1.000000e+00 -1.000000e+00 0.000000e+00 -1.000000e+00 0.000000e+00 3.912138e-04 2.000000e+02 -1.000000e+00 0.000000e+00 -9.990070e+05 3.000000e+00 -1.000000e+00 1.784687e-01 -1.0 0.000000e+00 0.000000e+00 -1.000000e+00 5.428750e-01 -1.000000e+00 -9.990070e+05 7.105839e-02 7.105839e-02 9.251100e-01 -1.000000e+00 -1.000000e+00 0.000000e+00 -1.000000e+00 1.089570e-02 0.000000e+00 -1.000000e+00
1.231367e-01 -1.000000e+00 4.000000e+03 -1.000000e+00 -1.000000e+00 2.500000e+02 1.132158e-04 -1.000000e+00 -1.000000e+00 7.977724e-01 0.000000e+00 -1.000000e+00 1.000000e+00 4.618390e-09 3.000000e+02 1.986087e-01 1.000000e+00 -9.990070e+05 3.000000e+00 -1.000000e+00 5.974395e-05 -1.0 0.000000e+00 0.000000e+00 -1.000000e+00 4.231480e-03 -1.000000e+00 -9.990070e+05 2.064245e-05 2.064245e-05 6.283329e-02 8.735448e-02 3.618109e-01 0.000000e+00 -1.000000e+00 1.171670e-06 0.000000e+00 1.538264e-01
7.686601e-02 -1.000000e+00 0.000000e+00 -1.000000e+00 -1.000000e+00 2.750000e+02 3.118953e-06 -1.000000e+00 -1.000000e+00 3.722666e-01 0.000000e+00 -1.000000e+00 0.000000e+00 2.686102e-11 3.000000e+02 1.167904e-01 0.000000e+00 -9.990070e+05 3.000000e+00 -1.000000e+00 1.328582e-06 -1.0 0.000000e+00 0.000000e+00 -1.000000e+00 2.494472e-04 -1.000000e+00 -9.990070e+05 4.699026e-07 4.699026e-07 7.748729e-03 5.450048e-02 1.958878e-01 0.000000e+00 -1.000000e+00 1.488995e-08 0.000000e+00 9.249949e-02
3.174695e-01 -1.000000e+00 0.000000e+00 -1.000000e+00 -1.000000e+00 0.000000e+00 2.774444e-04 -1.000000e+00 -1.000000e+00 1.003230e+00 0.000000e+00 -1.000000e+00 0.000000e+00 1.745534e-08 4.000000e+02 4.539939e-01 0.000000e+00 -9.990070e+05 3.000000e+00 -1.000000e+00 1.001323e-04 -1.0 0.000000e+00 0.000000e+00 -1.000000e+00 8.401398e-03 -1.000000e+00 -9.990070e+05 2.941399e-05 2.941399e-05 1.019445e-01 2.327592e-01 6.745174e-01 0.000000e+00 -1.000000e+00 3.560796e-06 0.000000e+00 3.625639e-01
3.592213e-05 -1.000000e+00 4.000000e+03 -1.000000e+00 -1.000000e+00 3.750000e+02 4.912322e-01 -1.000000e+00 -1.000000e+00 1.198979e-04 0.000000e+00 -1.000000e+00 1.000000e+00 2.018264e-02 4.000000e+02 5.307692e-05 1.000000e+00 -9.990070e+05 2.000000e+00 -1.000000e+00 0.000000e+00 -1.0 0.000000e+00 0.000000e+00 -1.000000e+00 8.381197e-01 -1.000000e+00 -9.990070e+05 0.000000e+00 0.000000e+00 9.767810e-01 2.653896e-05 7.920529e-05 0.000000e+00 -1.000000e+00 1.503574e-01 1.000000e+00 4.110320e-05
1.785760e-01 -1.000000e+00 0.000000e+00 -1.000000e+00 -1.000000e+00 3.750000e+02 2.663681e-08 -1.000000e+00 -1.000000e+00 5.329533e-01 0.000000e+00 -1.000000e+00 0.000000e+00 3.962552e-14 4.250000e+02 2.536006e-01 0.000000e+00 -9.990070e+05 3.000000e+00 -1.000000e+00 4.159068e-09 -1.0 0.000000e+00 0.000000e+00 -1.000000e+00 5.061618e-06 -1.000000e+00 -9.990070e+05 1.270224e-09 1.270224e-09 3.677356e-04 1.326056e-01 3.691342e-01 0.000000e+00 -1.000000e+00 5.301343e-11 0.000000e+00 2.015073e-01
9.100115e-01 -1.000000e+00 0.000000e+00 -1.000000e+00 -1.000000e+00 3.000000e+02 1.339886e-01 -1.000000e+00 -1.000000e+00 2.691161e+00 0.000000e+00 -1.000000e+00 0.000000e+00 4.738701e-04 5.000000e+02 1.289848e+00 0.000000e+00 -9.990070e+05 3.000000e+00 -1.000000e+00 1.219431e-01 -1.0 0.000000e+00 0.000000e+00 -1.000000e+00 5.672326e-01 -1.000000e+00 -9.990070e+05 3.097750e-02 3.097750e-02 9.306325e-01 6.782425e-01 1.874992e+00 0.000000e+00 -1.000000e+00 1.258724e-02 0.000000e+00 1.018254e+00
3.862720e-05 -1.000000e+00 0.000000e+00 -1.000000e+00 -1.000000e+00 4.750000e+02 4.912322e-01 -1.000000e+00 -1.000000e+00 1.233426e-04 0.000000e+00 -1.000000e+00 0.000000e+00 2.018264e-02 5.000000e+02 5.513960e-05 0.000000e+00 -9.990070e+05 3.000000e+00 -1.000000e+00 0.000000e+00 -1.0 0.000000e+00 0.000000e+00 -1.000000e+00 8.381197e-01 -1.000000e+00 -9.990070e+05 0.000000e+00 0.000000e+00 9.767810e-01 2.821745e-05 8.206169e-05 0.000000e+00 -1.000000e+00 1.503574e-01 0.000000e+00 4.372981e-05
1.900079e+00 -1.000000e+00 0.000000e+00 -1.000000e+00 -1.000000e+00 3.000000e+02 4.093580e-01 -1.000000e+00 -1.000000e+00 5.436657e+00 0.000000e+00 -1.000000e+00 0.000000e+00 7.896768e-03 6.000000e+02 2.679241e+00 0.000000e+00 -9.990070e+05 3.000000e+00 -1.000000e+00 6.728657e-01 -1.0 0.000000e+00 0.000000e+00 -1.000000e+00 8.051603e-01 -1.000000e+00 -9.990070e+05 1.799025e-01 1.799025e-01 9.719457e-01 1.417678e+00 3.847666e+00 0.000000e+00 -1.000000e+00 9.128734e-02 0.000000e+00 2.118162e+00
5.881858e-01 -1.000000e+00 4.000000e+03 -1.000000e+00 -1.000000e+00 5.500000e+02 2.364782e-02 -1.000000e+00 -1.000000e+00 1.771568e+00 0.000000e+00 -1.000000e+00 1.000000e+00 2.018850e-05 6.000000e+02 8.356615e-01 1.000000e+00 -9.990070e+05 3.000000e+00 -1.000000e+00 1.421739e-02 -1.0 0.000000e+00 0.000000e+00 -1.000000e+00 2.063501e-01 -1.000000e+00 -9.990070e+05 3.720611e-03 3.720611e-03 7.326673e-01 4.364636e-01 1.223429e+00 0.000000e+00 -1.000000e+00 1.103190e-03 0.000000e+00 6.582632e-01
3.342535e-05 -1.000000e+00 0.000000e+00 -1.000000e+00 -1.000000e+00 5.750000e+02 4.912322e-01 -1.000000e+00 -1.000000e+00 1.050813e-04 0.000000e+00 -1.000000e+00 0.000000e+00 2.018264e-02 6.000000e+02 4.819481e-05 0.000000e+00 -9.990070e+05 3.000000e+00 -1.000000e+00 0.000000e+00 -1.0 0.000000e+00 0.000000e+00 -1.000000e+00 8.381197e-01 -1.000000e+00 -9.990070e+05 0.000000e+00 0.000000e+00 9.767810e-01 2.529735e-05 7.153310e-05 0.000000e+00 -1.000000e+00 1.503574e-01 0.000000e+00 3.850757e-05
2.107122e+00 -1.000000e+00 0.000000e+00 -1.000000e+00 -1.000000e+00 3.000000e+02 4.292251e-01 -1.000000e+00 -1.000000e+00 6.392910e+00 0.000000e+00 -1.000000e+00 0.000000e+00 9.688002e-03 7.000000e+02 2.989102e+00 0.000000e+00 -9.990070e+05 3.000000e+00 -1.000000e+00 7.416193e-01 -1.0 0.000000e+00 0.000000e+00 -1.000000e+00 8.137202e-01 -1.000000e+00 -9.990070e+05 2.044896e-01 2.044896e-01 9.732100e-01 1.563379e+00 4.387562e+00 0.000000e+00 -1.000000e+00 1.029567e-01 0.000000e+00 2.357052e+00
3.360265e+00 -1.000000e+00 0.000000e+00 -1.000000e+00 -1.000000e+00 4.000000e+02 4.854818e-01 -1.000000e+00 -1.000000e+00 9.512321e+00 0.000000e+00 -1.000000e+00 0.000000e+00 1.870485e-02 7.000000e+02 4.721151e+00 0.000000e+00 -9.990070e+05 3.000000e+00 -1.000000e+00 9.525749e-01 -1.0 0.000000e+00 0.000000e+00 -1.000000e+00 8.359784e-01 -1.000000e+00 -9.990070e+05 3.242221e-01 3.242221e-01 9.764693e-01 2.503424e+00 6.765218e+00 0.000000e+00 -1.000000e+00 1.451499e-01 0.000000e+00 3.739446e+00
2.544620e+00 -1.000000e+00 0.000000e+00 -1.000000e+00 -1.000000e+00 5.000000e+02 4.599932e-01 -1.000000e+00 -1.000000e+00 7.358093e+00 0.000000e+00 -1.000000e+00 0.000000e+00 1.364390e-02 7.000000e+02 3.598265e+00 0.000000e+00 -9.990070e+05 3.000000e+00 -1.000000e+00 8.564457e-01 -1.0 0.000000e+00 0.000000e+00 -1.000000e+00 8.262117e-01 -1.000000e+00 -9.990070e+05 2.557411e-01 2.557411e-01 9.750438e-01 1.901629e+00 5.182901e+00 0.000000e+00 -1.000000e+00 1.241753e-01 0.000000e+00 2.833974e+00
1.692355e+00 -1.000000e+00 0.000000e+00 -1.000000e+00 -1.000000e+00 6.000000e+02 3.795913e-01 -1.000000e+00 -1.000000e+00 4.792134e+00 0.000000e+00 -1.000000e+00 0.000000e+00 5.913321e-03 7.000000e+02 2.376863e+00 0.000000e+00 -9.990070e+05 3.000000e+00 -1.000000e+00 5.786692e-01 -1.0 0.000000e+00 0.000000e+00 -1.000000e+00 7.914444e-01 -1.000000e+00 -9.990070e+05 1.496269e-01 1.496269e-01 9.699048e-01 1.260027e+00 3.407764e+00 0.000000e+00 -1.000000e+00 7.627532e-02 0.000000e+00 1.883205e+00
1.605087e+00 -1.000000e+00 0.000000e+00 -1.000000e+00 -1.000000e+00 0.000000e+00 3.637636e-01 -1.000000e+00 -1.000000e+00 4.468291e+00 0.000000e+00 -1.000000e+00 0.000000e+00 5.100180e-03 8.000000e+02 2.244640e+00 0.000000e+00 -9.990070e+05 3.000000e+00 -1.000000e+00 5.323512e-01 -1.0 0.000000e+00 0.000000e+00 -1.000000e+00 7.836358e-01 -1.000000e+00 -9.990070e+05 1.354373e-01 1.354373e-01 9.687337e-01 1.189910e+00 3.200883e+00 0.000000e+00 -1.000000e+00 6.931998e-02 0.000000e+00 1.780290e+00
1.421343e+00 -1.000000e+00 4.000000e+03 -1.000000e+00 -1.000000e+00 1.000000e+02 3.190884e-01 -1.000000e+00 -1.000000e+00 4.276480e+00 0.000000e+00 -1.000000e+00 1.000000e+00 3.397155e-03 8.000000e+02 2.015444e+00 1.000000e+00 -9.990070e+05 2.000000e+00 -1.000000e+00 4.224965e-01 -1.0 0.000000e+00 0.000000e+00 -1.000000e+00 7.591299e-01 -1.000000e+00 -9.990070e+05 1.062939e-01 1.062939e-01 9.650081e-01 1.055540e+00 2.945885e+00 0.000000e+00 -1.000000e+00 5.275774e-02 1.000000e+00 1.588120e+00
1.761674e+00 -1.000000e+00 0.000000e+00 -1.000000e+00 -1.000000e+00 2.000000e+02 3.906595e-01 -1.000000e+00 -1.000000e+00 4.966673e+00 0.000000e+00 -1.000000e+00 0.000000e+00 6.571915e-03 8.000000e+02 2.470911e+00 0.000000e+00 -9.990070e+05 3.000000e+00 -1.000000e+00 6.119438e-01 -1.0 0.000000e+00 0.000000e+00 -1.000000e+00 7.966820e-01 -1.000000e+00 -9.990070e+05 1.596406e-01 1.596406e-01 9.706864e-01 1.310288e+00 3.539520e+00 0.000000e+00 -1.000000e+00 8.154273e-02 0.000000e+00 1.959185e+00
2.159557e+00 -1.000000e+00 0.000000e+00 -1.000000e+00 -1.000000e+00 3.000000e+02 4.351650e-01 -1.000000e+00 -1.000000e+00 6.355307e+00 0.000000e+00 -1.000000e+00 0.000000e+00 1.032209e-02 8.000000e+02 3.055238e+00 0.000000e+00 -9.990070e+05 3.000000e+00 -1.000000e+00 7.625180e-01 -1.0 0.000000e+00 0.000000e+00 -1.000000e+00 8.161994e-01 -1.000000e+00 -9.990070e+05 2.119985e-01 2.119985e-01 9.735750e-01 1.611046e+00 4.424604e+00 0.000000e+00 -1.000000e+00 1.067380e-01 0.000000e+00 2.407352e+00
3.865134e+00 -1.000000e+00 4.000000e+03 -1.000000e+00 -1.000000e+00 4.000000e+02 4.931037e-01 -1.000000e+00 -1.000000e+00 1.121026e+01 0.000000e+00 -1.000000e+00 1.000000e+00 2.069707e-02 8.000000e+02 5.466550e+00 1.000000e+00 -9.990070e+05 3.000000e+00 -1.000000e+00 9.788727e-01 -1.0 0.000000e+00 0.000000e+00 -1.000000e+00 8.388120e-01 -1.000000e+00 -9.990070e+05 3.558321e-01 3.558321e-01 9.768817e-01 2.888940e+00 7.877284e+00 0.000000e+00 -1.000000e+00 1.520920e-01 0.000000e+00 4.311392e+00
5.703720e+00 -1.000000e+00 0.000000e+00 -1.000000e+00 -1.000000e+00 5.000000e+02 5.000000e-01 -1.000000e+00 -1.000000e+00 1.668293e+01 0.000000e+00 -1.000000e+00 0.000000e+00 2.275013e-02 8.000000e+02 8.078732e+00 0.000000e+00 -9.990070e+05 3.000000e+00 -1.000000e+00 1.009797e+00 -1.0 0.000000e+00 0.000000e+00 -1.000000e+00 8.413447e-01 -1.000000e+00 -9.990070e+05 4.326631e-01 4.326631e-01 9.772499e-01 4.260238e+00 1.168353e+01 0.000000e+00 -1.000000e+00 1.586553e-01 0.000000e+00 6.355609e+00
5.284720e+00 -1.000000e+00 0.000000e+00 -1.000000e+00 -1.000000e+00 6.000000e+02 5.000000e-01 -1.000000e+00 -1.000000e+00 1.469359e+01 0.000000e+00 -1.000000e+00 0.000000e+00 2.275013e-02 8.000000e+02 7.380581e+00 0.000000e+00 -9.990070e+05 3.000000e+00 -1.000000e+00 1.007056e+00 -1.0 0.000000e+00 0.000000e+00 -1.000000e+00 8.413447e-01 -1.000000e+00 -9.990070e+05 4.197226e-01 4.197226e-01 9.772499e-01 3.928033e+00 1.053137e+01 0.000000e+00 -1.000000e+00 1.586553e-01 0.000000e+00 5.862972e+00
2.251366e+00 -1.000000e+00 0.000000e+00 -1.000000e+00 -1.000000e+00 0.000000e+00 4.435086e-01 -1.000000e+00 -1.000000e+00 6.215869e+00 0.000000e+00 -1.000000e+00 0.000000e+00 1.130654e-02 9.000000e+02 3.139473e+00 0.000000e+00 -9.990070e+05 3.000000e+00 -1.000000e+00 7.927702e-01 -1.0 0.000000e+00 0.000000e+00 -1.000000e+00 8.196250e-01 -1.000000e+00 -9.990070e+05 2.237463e-01 2.237463e-01 9.740784e-01 1.672756e+00 4.468326e+00 0.000000e+00 -1.000000e+00 1.122949e-01 0.000000e+00 2.494618e+00
2.219139e+00 -1.000000e+00 0.000000e+00 -1.000000e+00 -1.000000e+00 1.000000e+02 4.411921e-01 -1.000000e+00 -1.000000e+00 6.100279e+00 0.000000e+00 -1.000000e+00 0.000000e+00 1.102140e-02 9.000000e+02 3.093522e+00 0.000000e+00 -9.990070e+05 3.000000e+00 -1.000000e+00 7.841000e-01 -1.0 0.000000e+00 0.000000e+00 -1.000000e+00 8.186804e-01 -1.000000e+00 -9.990070e+05 2.200476e-01 2.200476e-01 9.739397e-01 1.647528e+00 4.395138e+00 0.000000e+00 -1.000000e+00 1.107226e-01 0.000000e+00 2.458344e+00
2.752947e+00 -1.000000e+00 0.000000e+00 -1.000000e+00 -1.000000e+00 2.000000e+02 4.691402e-01 -1.000000e+00 -1.000000e+00 7.786005e+00 0.000000e+00 -1.000000e+00 0.000000e+00 1.522168e-02 9.000000e+02 3.867171e+00 0.000000e+00 -9.990070e+05 3.000000e+00 -1.000000e+00 8.912155e-01 -1.0 0.000000e+00 0.000000e+00 -1.000000e+00 8.297713e-01 -1.000000e+00 -9.990070e+05 2.752201e-01 2.752201e-01 9.755641e-01 2.051165e+00 5.538069e+00 0.000000e+00 -1.000000e+00 1.313210e-01 0.000000e+00 3.058825e+00
3.314400e+00 -1.000000e+00 0.000000e+00 -1.000000e+00 -1.000000e+00 3.000000e+02 4.847432e-01 -1.000000e+00 -1.000000e+00 9.182322e+00 0.000000e+00 -1.000000e+00 0.000000e+00 1.852562e-02 9.000000e+02 4.629202e+00 0.000000e+00 -9.990070e+05 3.000000e+00 -1.000000e+00 9.497048e-01 -1.0 0.000000e+00 0.000000e+00 -1.000000e+00 8.357018e-01 -1.000000e+00 -9.990070e+05 3.201529e-01 3.201529e-01 9.764290e-01 2.461365e+00 6.598065e+00 0.000000e+00 -1.000000e+00 1.444942e-01 0.000000e+00 3.675067e+00
4.542777e+00 -1.000000e+00 0.000000e+00 -1.000000e+00 -1.000000e+00 4.000000e+02 4.989087e-01 -1.000000e+00 -1.000000e+00 1.308469e+01 0.000000e+00 -1.000000e+00 0.000000e+00 2.240779e-02 9.000000e+02 6.413666e+00 0.000000e+00 -9.990070e+05 3.000000e+00 -1.000000e+00 9.969078e-01 -1.0 0.000000e+00 0.000000e+00 -1.000000e+00 8.409458e-01 -1.000000e+00 -9.990070e+05 3.888141e-01 3.888141e-01 9.771919e-01 3.387504e+00 9.231594e+00 0.000000e+00 -1.000000e+00 1.575985e-01 0.000000e+00 5.056596e+00
7.700881e+00 -1.000000e+00 4.000000e+03 -1.000000e+00 -1.000000e+00 5.000000e+02 5.000000e-01 -1.000000e+00 -1.000000e+00 2.364207e+01 0.000000e+00 -1.000000e+00 1.000000e+00 2.275013e-02 9.000000e+02 1.090133e+01 1.000000e+00 -9.990070e+05 3.000000e+00 -1.000000e+00 1.014470e+00 -1.0 0.000000e+00 0.000000e+00 -1.000000e+00 8.413447e-01 -1.000000e+00 -9.990070e+05 4.814554e-01 4.814554e-01 9.772499e-01 5.720218e+00 1.608265e+01 0.000000e+00 -1.000000e+00 1.586553e-01 0.000000e+00 8.599367e+00
1.161404e+01 -1.000000e+00 0.000000e+00 -1.000000e+00 -1.000000e+00 6.000000e+02 5.000000e-01 -1.000000e+00 -1.000000e+00 3.279121e+01 0.000000e+00 -1.000000e+00 0.000000e+00 2.275013e-02 9.000000e+02 1.626813e+01 0.000000e+00 -9.990070e+05 3.000000e+00 -1.000000e+00 1.012956e+00 -1.0 0.000000e+00 0.000000e+00 -1.000000e+00 8.413447e-01 -1.000000e+00 -9.990070e+05 5.374043e-01 5.374043e-01 9.772499e-01 8.619557e+00 2.331014e+01 0.000000e+00 -1.000000e+00 1.586553e-01 0.000000e+00 1.290682e+01
