7.435829e+00 -1.000000e+00 4.000000e+03 -1.000000e+00 -1.000000e+00 0.000000e+00 4.855351e-01 -1.000000e+00 -1.000000e+00 4.033261e+01 0.000000e+00 -1.000000e+00 1.000000e+00 1.871788e-02 1.000000e+03 1.237133e+01 1.000000e+00 -9.990070e+05 2.000000e+00 -1.000000e+00 9.957955e-01 -1.0 0.000000e+00 0.000000e+00 -1.000000e+00 8.359984e-01 -1.000000e+00 -9.990070e+05 8.860743e-01 8.860743e-01 9.764722e-01 5.033930e+00 2.221240e+01 0.000000e+00 -1.000000e+00 1.451974e-01 1.000000e+00 1.481429e+01
1.209189e+01 -1.000000e+00 0.000000e+00 -1.000000e+00 -1.000000e+00 1.000000e+02 4.954692e-01 -1.000000e+00 -1.000000e+00 5.605861e+01 0.000000e+00 -1.000000e+00 0.000000e+00 2.137252e-02 1.000000e+03 1.922434e+01 0.000000e+00 -9.990070e+05 3.000000e+00 -1.000000e+00 9.973513e-01 -1.0 0.000000e+00 0.000000e+00 -1.000000e+00 8.396840e-01 -1.000000e+00 -9.990070e+05 7.944821e-01 7.944821e-01 9.770085e-01 8.234310e+00 3.274323e+01 0.000000e+00 -1.000000e+00 1.543127e-01 0.000000e+00 2.272510e+01
1.070538e+01 -1.000000e+00 0.000000e+00 -1.000000e+00 -1.000000e+00 2.000000e+02 4.936806e-01 -1.000000e+00 -1.000000e+00 4.881394e+01 0.000000e+00 -1.000000e+00 0.000000e+00 2.085914e-02 1.000000e+03 1.698431e+01 0.000000e+00 -9.990070e+05 3.000000e+00 -1.000000e+00 9.967477e-01 -1.0 0.000000e+00 0.000000e+00 -1.000000e+00 8.390250e-01 -1.000000e+00 -9.990070e+05 8.146948e-01 8.146948e-01 9.769127e-01 7.291071e+00 2.869785e+01 0.000000e+00 -1.000000e+00 1.526306e-01 0.000000e+00 2.001187e+01
1.218601e+01 -1.000000e+00 4.000000e+03 -1.000000e+00 -1.000000e+00 3.000000e+02 4.961818e-01 -1.000000e+00 -1.000000e+00 4.783242e+01 0.000000e+00 -1.000000e+00 1.000000e+00 2.158172e-02 1.000000e+03 1.874862e+01 1.000000e+00 -9.990070e+05 2.000000e+00 -1.000000e+00 9.976434e-01 -1.0 0.000000e+00 0.000000e+00 -1.000000e+00 8.399461e-01 -1.000000e+00 -9.990070e+05 7.853430e-01 7.853430e-01 9.770466e-01 8.499642e+00 3.012947e+01 0.000000e+00 -1.000000e+00 1.549879e-01 1.000000e+00 2.197324e+01
3.210190e+01 -1.000000e+00 4.000000e+03 -1.000000e+00 -1.000000e+00 4.000000e+02 5.000000e-01 -1.000000e+00 -1.000000e+00 2.083965e+02 0.000000e+00 -1.000000e+00 1.000000e+00 2.275013e-02 1.000000e+03 5.531093e+01 1.000000e+00 -9.990070e+05 2.000000e+00 -1.000000e+00 1.012033e+00 -1.0 0.000000e+00 0.000000e+00 -1.000000e+00 8.413447e-01 -1.000000e+00 -9.990070e+05 5.511702e-01 5.511702e-01 9.772499e-01 2.169440e+01 1.052388e+02 0.000000e+00 -1.000000e+00 1.586553e-01 1.000000e+00 6.679069e+01
5.071385e+01 -1.000000e+00 4.000000e+03 -1.000000e+00 -1.000000e+00 5.000000e+02 5.000000e-01 -1.000000e+00 -1.000000e+00 2.716377e+02 0.000000e+00 -1.000000e+00 1.000000e+00 2.275013e-02 1.000000e+03 8.370817e+01 1.000000e+00 -9.990070e+05 3.000000e+00 -1.000000e+00 1.028623e+00 -1.0 0.000000e+00 0.000000e+00 -1.000000e+00 8.413447e-01 -1.000000e+00 -9.990070e+05 3.990327e-01 3.990327e-01 9.772499e-01 3.451676e+01 1.494064e+02 0.000000e+00 -1.000000e+00 1.586553e-01 0.000000e+00 1.000636e+02
9.666229e+01 -1.000000e+00 0.000000e+00 -1.000000e+00 -1.000000e+00 6.000000e+02 5.000000e-01 -1.000000e+00 -1.000000e+00 5.779819e+02 0.000000e+00 -1.000000e+00 0.000000e+00 2.275013e-02 1.000000e+03 1.631990e+02 0.000000e+00 -9.990070e+05 3.000000e+00 -1.000000e+00 1.023808e+00 -1.0 0.000000e+00 0.000000e+00 -1.000000e+00 8.413447e-01 -1.000000e+00 -9.990070e+05 3.489194e-01 3.489194e-01 9.772499e-01 6.369486e+01 3.014701e+02 0.000000e+00 -1.000000e+00 1.586553e-01 0.000000e+00 1.939611e+02
1.335129e+01 -1.000000e+00 0.000000e+00 -1.000000e+00 -1.000000e+00 0.000000e+00 4.976666e-01 -1.000000e+00 -1.000000e+00 5.426729e+01 0.000000e+00 -1.000000e+00 0.000000e+00 2.202641e-02 1.100000e+03 2.059826e+01 0.000000e+00 -9.990070e+05 3.000000e+00 -1.000000e+00 9.983868e-01 -1.0 0.000000e+00 0.000000e+00 -1.000000e+00 8.404910e-01 -1.000000e+00 -9.990070e+05 7.652070e-01 7.652070e-01 9.771258e-01 9.309189e+00 3.357359e+01 0.000000e+00 -1.000000e+00 1.564040e-01 0.000000e+00 2.428700e+01
1.323495e+01 -1.000000e+00 0.000000e+00 -1.000000e+00 -1.000000e+00 1.000000e+02 4.979205e-01 -1.000000e+00 -1.000000e+00 5.075627e+01 0.000000e+00 -1.000000e+00 0.000000e+00 2.210369e-02 1.100000e+03 2.025763e+01 0.000000e+00 -9.990070e+05 3.000000e+00 -1.000000e+00 9.985334e-01 -1.0 0.000000e+00 0.000000e+00 -1.000000e+00 8.405841e-01 -1.000000e+00 -9.990070e+05 7.615178e-01 7.615178e-01 9.771393e-01 9.280757e+00 3.224629e+01 0.000000e+00 -1.000000e+00 1.566475e-01 0.000000e+00 2.365258e+01
1.586917e+01 -1.000000e+00 4.000000e+03 -1.000000e+00 -1.000000e+00 2.000000e+02 4.995594e-01 -1.000000e+00 -1.000000e+00 7.262519e+01 0.000000e+00 -1.000000e+00 1.000000e+00 2.261109e-02 1.100000e+03 2.517112e+01 1.000000e+00 -9.990070e+05 2.000000e+00 -1.000000e+00 9.996450e-01 -1.0 0.000000e+00 0.000000e+00 -1.000000e+00 8.411838e-01 -1.000000e+00 -9.990070e+05 7.357817e-01 7.357817e-01 9.772265e-01 1.078723e+01 4.264787e+01 0.000000e+00 -1.000000e+00 1.582278e-01 1.000000e+00 2.982814e+01
2.508724e+01 -1.000000e+00 4.000000e+03 -1.000000e+00 -1.000000e+00 3.000000e+02 5.000000e-01 -1.000000e+00 -1.000000e+00 1.042390e+02 0.000000e+00 -1.000000e+00 1.000000e+00 2.275013e-02 1.100000e+03 3.902745e+01 1.000000e+00 -9.990070e+05 3.000000e+00 -1.000000e+00 1.008980e+00 -1.0 0.000000e+00 0.000000e+00 -1.000000e+00 8.413447e-01 -1.000000e+00 -9.990070e+05 5.867682e-01 5.867682e-01 9.772499e-01 1.745412e+01 6.382129e+01 0.000000e+00 -1.000000e+00 1.586553e-01 0.000000e+00 4.592845e+01
1.765118e+01 -1.000000e+00 4.000000e+03 -1.000000e+00 -1.000000e+00 4.000000e+02 5.000000e-01 -1.000000e+00 -1.000000e+00 7.864762e+01 0.000000e+00 -1.000000e+00 1.000000e+00 2.275013e-02 1.100000e+03 2.793673e+01 1.000000e+00 -9.990070e+05 3.000000e+00 -1.000000e+00 1.001407e+00 -1.0 0.000000e+00 0.000000e+00 -1.000000e+00 8.413447e-01 -1.000000e+00 -9.990070e+05 7.002766e-01 7.002766e-01 9.772499e-01 1.201973e+01 4.686799e+01 0.000000e+00 -1.000000e+00 1.586553e-01 0.000000e+00 3.295026e+01
2.455241e+01 -1.000000e+00 0.000000e+00 -1.000000e+00 -1.000000e+00 5.000000e+02 5.000000e-01 -1.000000e+00 -1.000000e+00 9.860393e+01 0.000000e+00 -1.000000e+00 0.000000e+00 2.275013e-02 1.100000e+03 3.776195e+01 0.000000e+00 -9.990070e+05 3.000000e+00 -1.000000e+00 1.008670e+00 -1.0 0.000000e+00 0.000000e+00 -1.000000e+00 8.413447e-01 -1.000000e+00 -9.990070e+05 5.906323e-01 5.906323e-01 9.772499e-01 1.714376e+01 6.128295e+01 0.000000e+00 -1.000000e+00 1.586553e-01 0.000000e+00 4.444600e+01
3.338179e+01 -1.000000e+00 0.000000e+00 -1.000000e+00 -1.000000e+00 6.000000e+02 5.000000e-01 -1.000000e+00 -1.000000e+00 1.341666e+02 0.000000e+00 -1.000000e+00 0.000000e+00 2.275013e-02 1.100000e+03 5.148614e+01 0.000000e+00 -9.990070e+05 3.000000e+00 -1.000000e+00 1.017785e+00 -1.0 0.000000e+00 0.000000e+00 -1.000000e+00 8.413447e-01 -1.000000e+00 -9.990070e+05 4.933314e-01 4.933314e-01 9.772499e-01 2.323263e+01 8.361137e+01 0.000000e+00 -1.000000e+00 1.586553e-01 0.000000e+00 6.066431e+01
2.868574e+01 -1.000000e+00 0.000000e+00 -1.000000e+00 -1.000000e+00 0.000000e+00 5.000000e-01 -1.000000e+00 -1.000000e+00 1.530092e+02 0.000000e+00 -1.000000e+00 0.000000e+00 2.275013e-02 1.200000e+03 4.724231e+01 0.000000e+00 -9.990070e+05 3.000000e+00 -1.000000e+00 1.011204e+00 -1.0 0.000000e+00 0.000000e+00 -1.000000e+00 8.413447e-01 -1.000000e+00 -9.990070e+05 5.604488e-01 5.604488e-01 9.772499e-01 1.957991e+01 8.395255e+01 0.000000e+00 -1.000000e+00 1.586553e-01 0.000000e+00 5.603699e+01
2.098204e+01 -1.000000e+00 0.000000e+00 -1.000000e+00 -1.000000e+00 1.000000e+02 5.000000e-01 -1.000000e+00 -1.000000e+00 8.233224e+01 0.000000e+00 -1.000000e+00 0.000000e+00 2.275013e-02 1.200000e+03 3.219027e+01 0.000000e+00 -9.990070e+05 3.000000e+00 -1.000000e+00 1.005251e+00 -1.0 0.000000e+00 0.000000e+00 -1.000000e+00 8.413447e-01 -1.000000e+00 -9.990070e+05 6.369429e-01 6.369429e-01 9.772499e-01 1.469056e+01 5.173050e+01 0.000000e+00 -1.000000e+00 1.586553e-01 0.000000e+00 3.760905e+01
2.603241e+01 -1.000000e+00 4.000000e+03 -1.000000e+00 -1.000000e+00 2.000000e+02 5.000000e-01 -1.000000e+00 -1.000000e+00 1.121789e+02 0.000000e+00 -1.000000e+00 1.000000e+00 2.275013e-02 1.200000e+03 4.099959e+01 1.000000e+00 -9.990070e+05 2.000000e+00 -1.000000e+00 1.010006e+00 -1.0 0.000000e+00 0.000000e+00 -1.000000e+00 8.413447e-01 -1.000000e+00 -9.990070e+05 5.743394e-01 5.743394e-01 9.772499e-01 1.807336e+01 6.782666e+01 0.000000e+00 -1.000000e+00 1.586553e-01 1.000000e+00 4.830683e+01
3.150648e+01 -1.000000e+00 4.000000e+03 -1.000000e+00 -1.000000e+00 3.000000e+02 5.000000e-01 -1.000000e+00 -1.000000e+00 1.241868e+02 0.000000e+00 -1.000000e+00 1.000000e+00 2.275013e-02 1.200000e+03 4.843374e+01 1.000000e+00 -9.990070e+05 3.000000e+00 -1.000000e+00 1.016503e+00 -1.0 0.000000e+00 0.000000e+00 -1.000000e+00 8.413447e-01 -1.000000e+00 -9.990070e+05 5.054124e-01 5.054124e-01 9.772499e-01 2.202034e+01 7.793317e+01 0.000000e+00 -1.000000e+00 1.586553e-01 0.000000e+00 5.669434e+01
3.702957e+01 -1.000000e+00 0.000000e+00 -1.000000e+00 -1.000000e+00 4.000000e+02 5.000000e-01 -1.000000e+00 -1.000000e+00 1.496947e+02 0.000000e+00 -1.000000e+00 0.000000e+00 2.275013e-02 1.200000e+03 5.698757e+01 0.000000e+00 -9.990070e+05 3.000000e+00 -1.000000e+00 1.022061e+00 -1.0 0.000000e+00 0.000000e+00 -1.000000e+00 8.413447e-01 -1.000000e+00 -9.990070e+05 4.555116e-01 4.555116e-01 9.772499e-01 2.585340e+01 9.274819e+01 0.000000e+00 -1.000000e+00 1.586553e-01 0.000000e+00 6.705050e+01
5.885803e+01 -1.000000e+00 4.000000e+03 -1.000000e+00 -1.000000e+00 5.000000e+02 5.000000e-01 -1.000000e+00 -1.000000e+00 3.110889e+02 0.000000e+00 -1.000000e+00 1.000000e+00 2.275013e-02 1.200000e+03 9.679198e+01 1.000000e+00 -9.990070e+05 3.000000e+00 -1.000000e+00 1.030598e+00 -1.0 0.000000e+00 0.000000e+00 -1.000000e+00 8.413447e-01 -1.000000e+00 -9.990070e+05 3.716154e-01 3.716154e-01 9.772499e-01 4.019902e+01 1.715684e+02 0.000000e+00 -1.000000e+00 1.586553e-01 0.000000e+00 1.148160e+02
5.731651e+01 -1.000000e+00 0.000000e+00 -1.000000e+00 -1.000000e+00 6.000000e+02 5.000000e-01 -1.000000e+00 -1.000000e+00 2.384357e+02 0.000000e+00 -1.000000e+00 0.000000e+00 2.275013e-02 1.200000e+03 8.926383e+01 0.000000e+00 -9.990070e+05 3.000000e+00 -1.000000e+00 1.030600e+00 -1.0 0.000000e+00 0.000000e+00 -1.000000e+00 8.413447e-01 -1.000000e+00 -9.990070e+05 3.677008e-01 3.677008e-01 9.772499e-01 3.991517e+01 1.460214e+02 0.000000e+00 -1.000000e+00 1.586553e-01 0.000000e+00 1.050545e+02
2.686070e+01 -1.000000e+00 0.000000e+00 -1.000000e+00 -1.000000e+00 0.000000e+00 5.000000e-01 -1.000000e+00 -1.000000e+00 1.032704e+02 0.000000e+00 -1.000000e+00 0.000000e+00 2.275013e-02 1.300000e+03 4.108889e+01 0.000000e+00 -9.990070e+05 3.000000e+00 -1.000000e+00 1.011906e+00 -1.0 0.000000e+00 0.000000e+00 -1.000000e+00 8.413447e-01 -1.000000e+00 -9.990070e+05 5.525828e-01 5.525828e-01 9.772499e-01 1.884675e+01 6.543372e+01 0.000000e+00 -1.000000e+00 1.586553e-01 0.000000e+00 4.801846e+01
3.250084e+01 -1.000000e+00 4.000000e+03 -1.000000e+00 -1.000000e+00 1.000000e+02 5.000000e-01 -1.000000e+00 -1.000000e+00 1.245797e+02 0.000000e+00 -1.000000e+00 1.000000e+00 2.275013e-02 1.300000e+03 4.980769e+01 1.000000e+00 -9.990070e+05 2.000000e+00 -1.000000e+00 1.018090e+00 -1.0 0.000000e+00 0.000000e+00 -1.000000e+00 8.413447e-01 -1.000000e+00 -9.990070e+05 4.905283e-01 4.905283e-01 9.772499e-01 2.278030e+01 7.919561e+01 0.000000e+00 -1.000000e+00 1.586553e-01 1.000000e+00 5.826634e+01
3.751615e+01 -1.000000e+00 0.000000e+00 -1.000000e+00 -1.000000e+00 2.000000e+02 5.000000e-01 -1.000000e+00 -1.000000e+00 1.640115e+02 0.000000e+00 -1.000000e+00 0.000000e+00 2.275013e-02 1.300000e+03 5.938469e+01 0.000000e+00 -9.990070e+05 3.000000e+00 -1.000000e+00 1.022223e+00 -1.0 0.000000e+00 0.000000e+00 -1.000000e+00 8.413447e-01 -1.000000e+00 -9.990070e+05 4.541134e-01 4.541134e-01 9.772499e-01 2.608727e+01 9.890465e+01 0.000000e+00 -1.000000e+00 1.586553e-01 0.000000e+00 7.005125e+01
2.871444e+01 -1.000000e+00 4.000000e+03 -1.000000e+00 -1.000000e+00 3.000000e+02 5.000000e-01 -1.000000e+00 -1.000000e+00 1.111570e+02 0.000000e+00 -1.000000e+00 1.000000e+00 2.275013e-02 1.300000e+03 4.407033e+01 1.000000e+00 -9.990070e+05 3.000000e+00 -1.000000e+00 1.013716e+00 -1.0 0.000000e+00 0.000000e+00 -1.000000e+00 8.413447e-01 -1.000000e+00 -9.990070e+05 5.331821e-01 5.331821e-01 9.772499e-01 2.010633e+01 7.034408e+01 0.000000e+00 -1.000000e+00 1.586553e-01 0.000000e+00 5.160243e+01
3.898507e+01 -1.000000e+00 4.000000e+03 -1.000000e+00 -1.000000e+00 4.000000e+02 5.000000e-01 -1.000000e+00 -1.000000e+00 1.876099e+02 0.000000e+00 -1.000000e+00 1.000000e+00 2.275013e-02 1.300000e+03 6.240314e+01 1.000000e+00 -9.990070e+05 2.000000e+00 -1.000000e+00 1.022073e+00 -1.0 0.000000e+00 0.000000e+00 -1.000000e+00 8.413447e-01 -1.000000e+00 -9.990070e+05 4.553865e-01 4.553865e-01 9.772499e-01 2.677843e+01 1.077816e+02 0.000000e+00 -1.000000e+00 1.586553e-01 1.000000e+00 7.413857e+01
5.256141e+01 -1.000000e+00 4.000000e+03 -1.000000e+00 -1.000000e+00 5.000000e+02 5.000000e-01 -1.000000e+00 -1.000000e+00 2.472874e+02 0.000000e+00 -1.000000e+00 1.000000e+00 2.275013e-02 1.300000e+03 8.372755e+01 1.000000e+00 -9.990070e+05 2.000000e+00 -1.000000e+00 1.029971e+00 -1.0 0.000000e+00 0.000000e+00 -1.000000e+00 8.413447e-01 -1.000000e+00 -9.990070e+05 3.843168e-01 3.843168e-01 9.772499e-01 3.608329e+01 1.430905e+02 0.000000e+00 -1.000000e+00 1.586553e-01 1.000000e+00 9.904716e+01
5.431720e+01 -1.000000e+00 0.000000e+00 -1.000000e+00 -1.000000e+00 6.000000e+02 5.000000e-01 -1.000000e+00 -1.000000e+00 2.394944e+02 0.000000e+00 -1.000000e+00 0.000000e+00 2.275013e-02 1.300000e+03 8.565273e+01 0.000000e+00 -9.990070e+05 3.000000e+00 -1.000000e+00 1.030487e+00 -1.0 0.000000e+00 0.000000e+00 -1.000000e+00 8.413447e-01 -1.000000e+00 -9.990070e+05 3.757657e-01 3.757657e-01 9.772499e-01 3.702984e+01 1.431428e+02 0.000000e+00 -1.000000e+00 1.586553e-01 0.000000e+00 1.009751e+02
4.087586e+01 -1.000000e+00 0.000000e+00 -1.000000e+00 -1.000000e+00 0.000000e+00 5.000000e-01 -1.000000e+00 -1.000000e+00 1.623976e+02 0.000000e+00 -1.000000e+00 0.000000e+00 2.275013e-02 1.400000e+03 6.270323e+01 0.000000e+00 -9.990070e+05 3.000000e+00 -1.000000e+00 1.025567e+00 -1.0 0.000000e+00 0.000000e+00 -1.000000e+00 8.413447e-01 -1.000000e+00 -9.990070e+05 4.259638e-01 4.259638e-01 9.772499e-01 2.862561e+01 1.014782e+02 0.000000e+00 -1.000000e+00 1.586553e-01 0.000000e+00 7.364738e+01
3.474953e+01 -1.000000e+00 0.000000e+00 -1.000000e+00 -1.000000e+00 1.000000e+02 5.000000e-01 -1.000000e+00 -1.000000e+00 1.385336e+02 0.000000e+00 -1.000000e+00 0.000000e+00 2.275013e-02 1.400000e+03 5.330311e+01 0.000000e+00 -9.990070e+05 3.000000e+00 -1.000000e+00 1.020109e+00 -1.0 0.000000e+00 0.000000e+00 -1.000000e+00 8.413447e-01 -1.000000e+00 -9.990070e+05 4.723934e-01 4.723934e-01 9.772499e-01 2.433433e+01 8.647548e+01 0.000000e+00 -1.000000e+00 1.586553e-01 0.000000e+00 6.274001e+01
4.175613e+01 -1.000000e+00 4.000000e+03 -1.000000e+00 -1.000000e+00 2.000000e+02 5.000000e-01 -1.000000e+00 -1.000000e+00 1.801586e+02 0.000000e+00 -1.000000e+00 1.000000e+00 2.275013e-02 1.400000e+03 6.588151e+01 1.000000e+00 -9.990070e+05 3.000000e+00 -1.000000e+00 1.025454e+00 -1.0 0.000000e+00 0.000000e+00 -1.000000e+00 8.413447e-01 -1.000000e+00 -9.990070e+05 4.269358e-01 4.269358e-01 9.772499e-01 2.893476e+01 1.089652e+02 0.000000e+00 -1.000000e+00 1.586553e-01 0.000000e+00 7.745402e+01
8.747088e+01 -1.000000e+00 0.000000e+00 -1.000000e+00 -1.000000e+00 3.000000e+02 5.000000e-01 -1.000000e+00 -1.000000e+00 3.344884e+02 0.000000e+00 -1.000000e+00 0.000000e+00 2.275013e-02 1.400000e+03 1.336556e+02 0.000000e+00 -9.990070e+05 3.000000e+00 -1.000000e+00 1.022659e+00 -1.0 0.000000e+00 0.000000e+00 -1.000000e+00 8.413447e-01 -1.000000e+00 -9.990070e+05 3.483242e-01 3.483242e-01 9.772499e-01 6.140107e+01 2.125407e+02 0.000000e+00 -1.000000e+00 1.586553e-01 0.000000e+00 1.556743e+02
6.577826e+01 -1.000000e+00 4.000000e+03 -1.000000e+00 -1.000000e+00 4.000000e+02 5.000000e-01 -1.000000e+00 -1.000000e+00 2.988326e+02 0.000000e+00 -1.000000e+00 1.000000e+00 2.275013e-02 1.400000e+03 1.049501e+02 1.000000e+00 -9.990070e+05 3.000000e+00 -1.000000e+00 1.029551e+00 -1.0 0.000000e+00 0.000000e+00 -1.000000e+00 8.413447e-01 -1.000000e+00 -9.990070e+05 3.574531e-01 3.574531e-01 9.772499e-01 4.478777e+01 1.769210e+02 0.000000e+00 -1.000000e+00 1.586553e-01 0.000000e+00 1.239794e+02
8.512224e+01 -1.000000e+00 0.000000e+00 -1.000000e+00 -1.000000e+00 5.000000e+02 5.000000e-01 -1.000000e+00 -1.000000e+00 4.627930e+02 0.000000e+00 -1.000000e+00 0.000000e+00 2.275013e-02 1.400000e+03 1.401925e+02 0.000000e+00 -9.990070e+05 3.000000e+00 -1.000000e+00 1.025703e+00 -1.0 0.000000e+00 0.000000e+00 -1.000000e+00 8.413447e-01 -1.000000e+00 -9.990070e+05 3.502269e-01 3.502269e-01 9.772499e-01 5.739067e+01 2.514481e+02 0.000000e+00 -1.000000e+00 1.586553e-01 0.000000e+00 1.668237e+02
1.061662e+02 -1.000000e+00 4.000000e+03 -1.000000e+00 -1.000000e+00 6.000000e+02 5.000000e-01 -1.000000e+00 -1.000000e+00 5.744879e+02 0.000000e+00 -1.000000e+00 1.000000e+00 2.275013e-02 1.400000e+03 1.761296e+02 1.000000e+00 -9.990070e+05 3.000000e+00 -1.000000e+00 1.020972e+00 -1.0 0.000000e+00 0.000000e+00 -1.000000e+00 8.413447e-01 -1.000000e+00 -9.990070e+05 3.476308e-01 3.476308e-01 9.772499e-01 7.154281e+01 3.157531e+02 0.000000e+00 -1.000000e+00 1.586553e-01 0.000000e+00 2.109716e+02
6.047807e+01 -1.000000e+00 0.000000e+00 -1.000000e+00 -1.000000e+00 0.000000e+00 5.000000e-01 -1.000000e+00 -1.000000e+00 2.388323e+02 0.000000e+00 -1.000000e+00 0.000000e+00 2.275013e-02 1.500000e+03 9.276480e+01 0.000000e+00 -9.990070e+05 3.000000e+00 -1.000000e+00 1.030225e+00 -1.0 0.000000e+00 0.000000e+00 -1.000000e+00 8.413447e-01 -1.000000e+00 -9.990070e+05 3.614210e-01 3.614210e-01 9.772499e-01 4.231343e+01 1.497103e+02 0.000000e+00 -1.000000e+00 1.586553e-01 0.000000e+00 1.089949e+02
6.005562e+01 -1.000000e+00 4.000000e+03 -1.000000e+00 -1.000000e+00 1.000000e+02 5.000000e-01 -1.000000e+00 -1.000000e+00 2.632512e+02 0.000000e+00 -1.000000e+00 1.000000e+00 2.275013e-02 1.500000e+03 9.485598e+01 1.000000e+00 -9.990070e+05 2.000000e+00 -1.000000e+00 1.030369e+00 -1.0 0.000000e+00 0.000000e+00 -1.000000e+00 8.413447e-01 -1.000000e+00 -9.990070e+05 3.629821e-01 3.629821e-01 9.772499e-01 4.117981e+01 1.582948e+02 0.000000e+00 -1.000000e+00 1.586553e-01 1.000000e+00 1.118542e+02
6.958000e+01 -1.000000e+00 4.000000e+03 -1.000000e+00 -1.000000e+00 2.000000e+02 5.000000e-01 -1.000000e+00 -1.000000e+00 2.644831e+02 0.000000e+00 -1.000000e+00 1.000000e+00 2.275013e-02 1.500000e+03 1.063035e+02 1.000000e+00 -9.990070e+05 3.000000e+00 -1.000000e+00 1.027903e+00 -1.0 0.000000e+00 0.000000e+00 -1.000000e+00 8.413447e-01 -1.000000e+00 -9.990070e+05 3.529913e-01 3.529913e-01 9.772499e-01 4.880659e+01 1.687285e+02 0.000000e+00 -1.000000e+00 1.586553e-01 0.000000e+00 1.241098e+02
1.162159e+02 -1.000000e+00 0.000000e+00 -1.000000e+00 -1.000000e+00 3.000000e+02 5.000000e-01 -1.000000e+00 -1.000000e+00 4.503830e+02 0.000000e+00 -1.000000e+00 0.000000e+00 2.275013e-02 1.500000e+03 1.783192e+02 0.000000e+00 -9.990070e+05 3.000000e+00 -1.000000e+00 1.017340e+00 -1.0 0.000000e+00 0.000000e+00 -1.000000e+00 8.413447e-01 -1.000000e+00 -9.990070e+05 3.463032e-01 3.463032e-01 9.772499e-01 8.137143e+01 2.847155e+02 0.000000e+00 -1.000000e+00 1.586553e-01 0.000000e+00 2.085587e+02
8.369397e+01 -1.000000e+00 0.000000e+00 -1.000000e+00 -1.000000e+00 4.000000e+02 5.000000e-01 -1.000000e+00 -1.000000e+00 3.273177e+02 0.000000e+00 -1.000000e+00 0.000000e+00 2.275013e-02 1.500000e+03 1.284512e+02 0.000000e+00 -9.990070e+05 3.000000e+00 -1.000000e+00 1.024092e+00 -1.0 0.000000e+00 0.000000e+00 -1.000000e+00 8.413447e-01 -1.000000e+00 -9.990070e+05 3.490852e-01 3.490852e-01 9.772499e-01 5.854368e+01 2.061804e+02 0.000000e+00 -1.000000e+00 1.586553e-01 0.000000e+00 1.502182e+02
6.588996e+01 -1.000000e+00 0.000000e+00 -1.000000e+00 -1.000000e+00 5.000000e+02 5.000000e-01 -1.000000e+00 -1.000000e+00 2.507722e+02 0.000000e+00 -1.000000e+00 0.000000e+00 2.275013e-02 1.500000e+03 1.006312e+02 0.000000e+00 -9.990070e+05 3.000000e+00 -1.000000e+00 1.028895e+00 -1.0 0.000000e+00 0.000000e+00 -1.000000e+00 8.413447e-01 -1.000000e+00 -9.990070e+05 3.552071e-01 3.552071e-01 9.772499e-01 4.622935e+01 1.598002e+02 0.000000e+00 -1.000000e+00 1.586553e-01 0.000000e+00 1.175321e+02
1.050569e+02 -1.000000e+00 0.000000e+00 -1.000000e+00 -1.000000e+00 6.000000e+02 5.000000e-01 -1.000000e+00 -1.000000e+00 4.104702e+02 0.000000e+00 -1.000000e+00 0.000000e+00 2.275013e-02 1.500000e+03 1.610979e+02 0.000000e+00 -9.990070e+05 3.000000e+00 -1.000000e+00 1.019217e+00 -1.0 0.000000e+00 0.000000e+00 -1.000000e+00 8.413447e-01 -1.000000e+00 -9.990070e+05 3.469786e-01 3.469786e-01 9.772499e-01 7.353749e+01 2.584538e+02 0.000000e+00 -1.000000e+00 1.586553e-01 0.000000e+00 1.883815e+02
1.078346e+02 -1.000000e+00 0.000000e+00 -1.000000e+00 -1.000000e+00 0.000000e+00 5.000000e-01 -1.000000e+00 -1.000000e+00 4.316261e+02 0.000000e+00 -1.000000e+00 0.000000e+00 2.275013e-02 1.600000e+03 1.657883e+02 0.000000e+00 -9.990070e+05 3.000000e+00 -1.000000e+00 1.018854e+00 -1.0 0.000000e+00 0.000000e+00 -1.000000e+00 8.413447e-01 -1.000000e+00 -9.990070e+05 3.468419e-01 3.468419e-01 9.772499e-01 7.534318e+01 2.687489e+02 0.000000e+00 -1.000000e+00 1.586553e-01 0.000000e+00 1.947027e+02
9.730268e+01 -1.000000e+00 0.000000e+00 -1.000000e+00 -1.000000e+00 1.000000e+02 5.000000e-01 -1.000000e+00 -1.000000e+00 3.786101e+02 0.000000e+00 -1.000000e+00 0.000000e+00 2.275013e-02 1.600000e+03 1.491928e+02 0.000000e+00 -9.990070e+05 3.000000e+00 -1.000000e+00 1.020725e+00 -1.0 0.000000e+00 0.000000e+00 -1.000000e+00 8.413447e-01 -1.000000e+00 -9.990070e+05 3.475344e-01 3.475344e-01 9.772499e-01 6.812859e+01 2.389489e+02 0.000000e+00 -1.000000e+00 1.586553e-01 0.000000e+00 1.744864e+02
1.076767e+02 -1.000000e+00 0.000000e+00 -1.000000e+00 -1.000000e+00 2.000000e+02 5.000000e-01 -1.000000e+00 -1.000000e+00 4.433361e+02 0.000000e+00 -1.000000e+00 0.000000e+00 2.275013e-02 1.600000e+03 1.669196e+02 0.000000e+00 -9.990070e+05 3.000000e+00 -1.000000e+00 1.019113e+00 -1.0 0.000000e+00 0.000000e+00 -1.000000e+00 8.413447e-01 -1.000000e+00 -9.990070e+05 3.469453e-01 3.469453e-01 9.772499e-01 7.497135e+01 2.728179e+02 0.000000e+00 -1.000000e+00 1.586553e-01 0.000000e+00 1.967271e+02
1.010346e+02 -1.000000e+00 4.000000e+03 -1.000000e+00 -1.000000e+00 3.000000e+02 5.000000e-01 -1.000000e+00 -1.000000e+00 4.089472e+02 0.000000e+00 -1.000000e+00 1.000000e+00 2.275013e-02 1.600000e+03 1.556714e+02 1.000000e+00 -9.990070e+05 2.000000e+00 -1.000000e+00 1.020114e+00 -1.0 0.000000e+00 0.000000e+00 -1.000000e+00 8.413447e-01 -1.000000e+00 -9.990070e+05 3.472954e-01 3.472954e-01 9.772499e-01 7.062637e+01 2.534340e+02 0.000000e+00 -1.000000e+00 1.586553e-01 1.000000e+00 1.833694e+02
1.127132e+02 -1.000000e+00 0.000000e+00 -1.000000e+00 -1.000000e+00 4.000000e+02 5.000000e-01 -1.000000e+00 -1.000000e+00 4.527633e+02 0.000000e+00 -1.000000e+00 0.000000e+00 2.275013e-02 1.600000e+03 1.736010e+02 0.000000e+00 -9.990070e+05 3.000000e+00 -1.000000e+00 1.018142e+00 -1.0 0.000000e+00 0.000000e+00 -1.000000e+00 8.413447e-01 -1.000000e+00 -9.990070e+05 3.465908e-01 3.465908e-01 9.772499e-01 7.865302e+01 2.818020e+02 0.000000e+00 -1.000000e+00 1.586553e-01 0.000000e+00 2.041365e+02
1.263336e+02 -1.000000e+00 0.000000e+00 -1.000000e+00 -1.000000e+00 5.000000e+02 5.000000e-01 -1.000000e+00 -1.000000e+00 4.990388e+02 0.000000e+00 -1.000000e+00 0.000000e+00 2.275013e-02 1.600000e+03 1.940136e+02 0.000000e+00 -9.990070e+05 3.000000e+00 -1.000000e+00 1.016033e+00 -1.0 0.000000e+00 0.000000e+00 -1.000000e+00 8.413447e-01 -1.000000e+00 -9.990070e+05 3.458619e-01 3.458619e-01 9.772499e-01 8.837733e+01 3.125532e+02 0.000000e+00 -1.000000e+00 1.586553e-01 0.000000e+00 2.272471e+02
1.486021e+02 -1.000000e+00 0.000000e+00 -1.000000e+00 -1.000000e+00 6.000000e+02 5.000000e-01 -1.000000e+00 -1.000000e+00 6.086169e+02 0.000000e+00 -1.000000e+00 0.000000e+00 2.275013e-02 1.600000e+03 2.295806e+02 0.000000e+00 -9.990070e+05 3.000000e+00 -1.000000e+00 1.013776e+00 -1.0 0.000000e+00 0.000000e+00 -1.000000e+00 8.413447e-01 -1.000000e+00 -9.990070e+05 3.450607e-01 3.450607e-01 9.772499e-01 1.036238e+02 3.749373e+02 0.000000e+00 -1.000000e+00 1.586553e-01 0.000000e+00 2.701999e+02
-1.000000e+00 -1.000000e+00 0.000000e+00 -1.000000e+00 -1.000000e+00 2.500000e+02 2.279476e-01 -1.000000e+00 -1.000000e+00 -1.000000e+00 0.000000e+00 -1.000000e+00 0.000000e+00 1.449177e-03 3.000000e+02 -1.000000e+00 0.000000e+00 -9.990070e+05 3.000000e+00 -1.000000e+00 5.511593e-01 -1.0 0.000000e+00 0.000000e+00 -1.000000e+00 6.912718e-01 -1.000000e+00 -9.990070e+05 3.300412e-01 3.300412e-01 9.541495e-01 -1.000000e+00 -1.000000e+00 0.000000e+00 -1.000000e+00 2.880769e-02 0.000000e+00 -1.000000e+00
2.356738e+02 -1.000000e+00 0.000000e+00 -1.000000e+00 -1.000000e+00 0.000000e+00 4.251203e-01 -1.000000e+00 -1.000000e+00 5.707614e+03 0.000000e+00 -1.000000e+00 0.000000e+00 9.278790e-03 4.000000e+02 3.437975e+03 0.000000e+00 -9.990070e+05 3.000000e+00 -1.000000e+00 9.360598e-01 -1.0 0.000000e+00 0.000000e+00 -1.000000e+00 8.119862e-01 -1.000000e+00 -9.990070e+05 6.888779e-01 6.888779e-01 9.729544e-01 1.899088e+02 5.707614e+03 0.000000e+00 -1.000000e+00 1.004252e-01 0.000000e+00 4.701049e+03
6.222730e-01 -1.000000e+00 4.000000e+03 -1.000000e+00 -1.000000e+00 3.750000e+02 6.802538e-02 -1.000000e+00 -1.000000e+00 1.000000e+02 0.000000e+00 -1.000000e+00 1.000000e+00 1.310328e-04 4.250000e+02 1.218603e+00 1.000000e+00 -9.990070e+05 2.000000e+00 -1.000000e+00 2.034364e-01 -1.0 0.000000e+00 0.000000e+00 -1.000000e+00 4.007391e-01 -1.000000e+00 -9.990070e+05 1.250565e-01 1.250565e-01 8.812901e-01 6.014985e-01 3.994511e+00 0.000000e+00 -1.000000e+00 4.735207e-03 1.000000e+00 1.586136e+00
2.234707e+00 -1.000000e+00 0.000000e+00 -1.000000e+00 -1.000000e+00 3.000000e+02 3.236948e-01 -1.000000e+00 -1.000000e+00 2.789152e+01 0.000000e+00 -1.000000e+00 0.000000e+00 3.541261e-03 5.000000e+02 4.485572e+00 0.000000e+00 -9.990070e+05 3.000000e+00 -1.000000e+00 8.004963e-01 -1.0 0.000000e+00 0.000000e+00 -1.000000e+00 7.618525e-01 -1.000000e+00 -9.990070e+05 5.553158e-01 5.553158e-01 9.654261e-01 1.419923e+00 1.080351e+01 0.000000e+00 -1.000000e+00 5.428366e-02 0.000000e+00 5.573350e+00
1.370800e-03 -1.000000e+00 0.000000e+00 -1.000000e+00 -1.000000e+00 4.750000e+02 2.822205e-02 -1.000000e+00 -1.000000e+00 5.915703e+00 0.000000e+00 -1.000000e+00 0.000000e+00 2.738706e-05 5.000000e+02 1.422324e-03 0.000000e+00 -9.990070e+05 3.000000e+00 -1.000000e+00 7.962275e-02 -1.0 0.000000e+00 0.000000e+00 -1.000000e+00 2.318465e-01 -1.000000e+00 -9.990070e+05 4.611941e-02 4.611941e-02 7.645255e-01 1.361709e-03 2.379703e+00 0.000000e+00 -1.000000e+00 1.402327e-03 0.000000e+00 3.023409e-03
2.759825e+00 -1.000000e+00 0.000000e+00 -1.000000e+00 -1.000000e+00 3.000000e+02 4.113894e-01 -1.000000e+00 -1.000000e+00 1.464385e+01 0.000000e+00 -1.000000e+00 0.000000e+00 8.059675e-03 6.000000e+02 4.558877e+00 0.000000e+00 -9.990070e+05 3.000000e+00 -1.000000e+00 9.550798e-01 -1.0 0.000000e+00 0.000000e+00 -1.000000e+00 8.060556e-01 -1.000000e+00 -9.990070e+05 7.942230e-01 7.942230e-01 9.720782e-01 1.893776e+00 8.092256e+00 0.000000e+00 -1.000000e+00 9.241519e-02 0.000000e+00 5.432849e+00
3.477586e+00 -1.000000e+00 0.000000e+00 -1.000000e+00 -1.000000e+00 5.500000e+02 4.188033e-01 -1.000000e+00 -1.000000e+00 3.260438e+01 0.000000e+00 -1.000000e+00 0.000000e+00 8.691004e-03 6.000000e+02 6.451646e+00 0.000000e+00 -9.990070e+05 3.000000e+00 -1.000000e+00 9.611240e-01 -1.0 0.000000e+00 0.000000e+00 -1.000000e+00 8.092834e-01 -1.000000e+00 -9.990070e+05 8.059574e-01 8.059574e-01 9.725555e-01 2.131278e+00 1.400446e+01 0.000000e+00 -1.000000e+00 9.665461e-02 0.000000e+00 7.859066e+00
-1.000000e+00 -1.000000e+00 0.000000e+00 -1.000000e+00 -1.000000e+00 5.750000e+02 1.071017e-01 -1.000000e+00 -1.000000e+00 -1.000000e+00 0.000000e+00 -1.000000e+00 0.000000e+00 3.064812e-04 6.000000e+02 -1.000000e+00 0.000000e+00 -9.990070e+05 3.000000e+00 -1.000000e+00 2.723797e-01 -1.0 0.000000e+00 0.000000e+00 -1.000000e+00 5.111779e-01 -1.000000e+00 -9.990070e+05 1.578427e-01 1.578427e-01 9.172700e-01 -1.000000e+00 -1.000000e+00 0.000000e+00 -1.000000e+00 9.059298e-03 0.000000e+00 -1.000000e+00
3.378196e+00 -1.000000e+00 0.000000e+00 -1.000000e+00 -1.000000e+00 3.000000e+02 4.448132e-01 -1.000000e+00 -1.000000e+00 1.338361e+01 0.000000e+00 -1.000000e+00 0.000000e+00 1.147138e-02 7.000000e+02 5.190148e+00 0.000000e+00 -9.990070e+05 3.000000e+00 -1.000000e+00 9.884141e-01 -1.0 0.000000e+00 0.000000e+00 -1.000000e+00 8.201548e-01 -1.000000e+00 -9.990070e+05 9.105180e-01 9.105180e-01 9.741562e-01 2.362287e+00 8.373806e+00 0.000000e+00 -1.000000e+00 1.131906e-01 0.000000e+00 6.082027e+00
6.724232e+00 -1.000000e+00 4.000000e+03 -1.000000e+00 -1.000000e+00 4.000000e+02 4.845859e-01 -1.000000e+00 -1.000000e+00 2.879556e+01 0.000000e+00 -1.000000e+00 1.000000e+00 1.848775e-02 7.000000e+02 1.055562e+01 1.000000e+00 -9.990070e+05 3.000000e+00 -1.000000e+00 9.958811e-01 -1.0 0.000000e+00 0.000000e+00 -1.000000e+00 8.356429e-01 -1.000000e+00 -9.990070e+05 8.942710e-01 8.942710e-01 9.764205e-01 4.675248e+00 1.740649e+01 0.000000e+00 -1.000000e+00 1.443550e-01 0.000000e+00 1.236343e+01
5.853437e+00 -1.000000e+00 4.000000e+03 -1.000000e+00 -1.000000e+00 5.000000e+02 4.604453e-01 -1.000000e+00 -1.000000e+00 6.473042e+01 0.000000e+00 -1.000000e+00 1.000000e+00 1.371664e-02 7.000000e+02 1.135144e+01 1.000000e+00 -9.990070e+05 2.000000e+00 -1.000000e+00 9.969940e-01 -1.0 0.000000e+00 0.000000e+00 -1.000000e+00 8.263892e-01 -1.000000e+00 -9.990070e+05 9.666634e-01 9.666634e-01 9.750698e-01 3.726910e+00 2.606918e+01 0.000000e+00 -1.000000e+00 1.245189e-01 1.000000e+00 1.389492e+01
2.863320e+00 -1.000000e+00 0.000000e+00 -1.000000e+00 -1.000000e+00 6.000000e+02 4.245459e-01 -1.000000e+00 -1.000000e+00 1.169277e+01 0.000000e+00 -1.000000e+00 0.000000e+00 9.223292e-03 7.000000e+02 4.424407e+00 0.000000e+00 -9.990070e+05 3.000000e+00 -1.000000e+00 9.709103e-01 -1.0 0.000000e+00 0.000000e+00 -1.000000e+00 8.117422e-01 -1.000000e+00 -9.990070e+05 8.406252e-01 8.406252e-01 9.729185e-01 1.996687e+00 7.213053e+00 0.000000e+00 -1.000000e+00 1.000761e-01 0.000000e+00 5.210071e+00
3.612753e+00 -1.000000e+00 0.000000e+00 -1.000000e+00 -1.000000e+00 0.000000e+00 4.507509e-01 -1.000000e+00 -1.000000e+00 1.480236e+01 0.000000e+00 -1.000000e+00 0.000000e+00 1.226270e-02 8.000000e+02 5.582054e+00 0.000000e+00 -9.990070e+05 3.000000e+00 -1.000000e+00 9.924647e-01 -1.0 0.000000e+00 0.000000e+00 -1.000000e+00 8.225473e-01 -1.000000e+00 -9.990070e+05 9.339679e-01 9.339679e-01 9.745071e-01 2.521375e+00 9.115158e+00 0.000000e+00 -1.000000e+00 1.173622e-01 0.000000e+00 6.560466e+00
3.519387e+00 -1.000000e+00 0.000000e+00 -1.000000e+00 -1.000000e+00 1.000000e+02 4.476692e-01 -1.000000e+00 -1.000000e+00 1.560523e+01 0.000000e+00 -1.000000e+00 0.000000e+00 1.184335e-02 8.000000e+02 5.562298e+00 0.000000e+00 -9.990070e+05 3.000000e+00 -1.000000e+00 9.902871e-01 -1.0 0.000000e+00 0.000000e+00 -1.000000e+00 8.213094e-01 -1.000000e+00 -9.990070e+05 9.205094e-01 9.205094e-01 9.743256e-01 2.419046e+00 9.296185e+00 0.000000e+00 -1.000000e+00 1.151775e-01 0.000000e+00 6.500461e+00
8.158549e+00 -1.000000e+00 4.000000e+03 -1.000000e+00 -1.000000e+00 2.000000e+02 4.879851e-01 -1.000000e+00 -1.000000e+00 4.284423e+01 0.000000e+00 -1.000000e+00 1.000000e+00 1.932981e-02 8.000000e+02 1.347239e+01 1.000000e+00 -9.990070e+05 3.000000e+00 -1.000000e+00 9.958675e-01 -1.0 0.000000e+00 0.000000e+00 -1.000000e+00 8.369132e-01 -1.000000e+00 -9.990070e+05 8.680776e-01 8.680776e-01 9.766054e-01 5.634582e+00 2.382883e+01 0.000000e+00 -1.000000e+00 1.473944e-01 0.000000e+00 1.600193e+01
7.169334e+00 -1.000000e+00 4.000000e+03 -1.000000e+00 -1.000000e+00 3.000000e+02 4.863122e-01 -1.000000e+00 -1.000000e+00 2.972003e+01 0.000000e+00 -1.000000e+00 1.000000e+00 1.890914e-02 8.000000e+02 1.114216e+01 1.000000e+00 -9.990070e+05 2.000000e+00 -1.000000e+00 9.957978e-01 -1.0 0.000000e+00 0.000000e+00 -1.000000e+00 8.362890e-01 -1.000000e+00 -9.990070e+05 8.804778e-01 8.804778e-01 9.765145e-01 4.996473e+00 1.821226e+01 0.000000e+00 -1.000000e+00 1.458907e-01 1.000000e+00 1.309788e+01
9.802005e+00 -1.000000e+00 0.000000e+00 -1.000000e+00 -1.000000e+00 4.000000e+02 4.907405e-01 -1.000000e+00 -1.000000e+00 5.507819e+01 0.000000e+00 -1.000000e+00 0.000000e+00 2.005033e-02 8.000000e+02 1.630774e+01 0.000000e+00 -9.990070e+05 3.000000e+00 -1.000000e+00 9.961339e-01 -1.0 0.000000e+00 0.000000e+00 -1.000000e+00 8.379374e-01 -1.000000e+00 -9.990070e+05 8.443109e-01 8.443109e-01 9.767545e-01 6.430531e+00 2.953742e+01 0.000000e+00 -1.000000e+00 1.499050e-01 0.000000e+00 1.946224e+01
1.459776e+01 -1.000000e+00 0.000000e+00 -1.000000e+00 -1.000000e+00 5.000000e+02 4.924013e-01 -1.000000e+00 -1.000000e+00 1.201045e+02 0.000000e+00 -1.000000e+00 0.000000e+00 2.050196e-02 8.000000e+02 2.849114e+01 0.000000e+00 -9.990070e+05 3.000000e+00 -1.000000e+00 9.964699e-01 -1.0 0.000000e+00 0.000000e+00 -1.000000e+00 8.385524e-01 -1.000000e+00 -9.990070e+05 8.297756e-01 8.297756e-01 9.768439e-01 8.315977e+00 6.757317e+01 0.000000e+00 -1.000000e+00 1.514387e-01 0.000000e+00 3.475314e+01
8.788692e+00 -1.000000e+00 0.000000e+00 -1.000000e+00 -1.000000e+00 6.000000e+02 4.906882e-01 -1.000000e+00 -1.000000e+00 3.625948e+01 0.000000e+00 -1.000000e+00 0.000000e+00 2.003631e-02 8.000000e+02 1.364909e+01 0.000000e+00 -9.990070e+05 3.000000e+00 -1.000000e+00 9.961114e-01 -1.0 0.000000e+00 0.000000e+00 -1.000000e+00 8.379180e-01 -1.000000e+00 -9.990070e+05 8.442766e-01 8.442766e-01 9.767517e-01 6.121745e+00 2.228608e+01 0.000000e+00 -1.000000e+00 1.498569e-01 0.000000e+00 1.606218e+01
9.144300e+00 -1.000000e+00 0.000000e+00 -1.000000e+00 -1.000000e+00 0.000000e+00 4.890774e-01 -1.000000e+00 -1.000000e+00 5.556793e+01 0.000000e+00 -1.000000e+00 0.000000e+00 1.961125e-02 9.000000e+02 1.546908e+01 0.000000e+00 -9.990070e+05 3.000000e+00 -1.000000e+00 9.959475e-01 -1.0 0.000000e+00 0.000000e+00 -1.000000e+00 8.373198e-01 -1.000000e+00 -9.990070e+05 8.591927e-01 8.591927e-01 9.766646e-01 6.066692e+00 2.883704e+01 0.000000e+00 -1.000000e+00 1.483847e-01 0.000000e+00 1.848478e+01
7.303488e+00 -1.000000e+00 4.000000e+03 -1.000000e+00 -1.000000e+00 1.000000e+02 4.864838e-01 -1.000000e+00 -1.000000e+00 3.238131e+01 0.000000e+00 -1.000000e+00 1.000000e+00 1.895172e-02 9.000000e+02 1.156979e+01 1.000000e+00 -9.990070e+05 2.000000e+00 -1.000000e+00 9.957868e-01 -1.0 0.000000e+00 0.000000e+00 -1.000000e+00 8.363531e-01 -1.000000e+00 -9.990070e+05 8.788687e-01 8.788687e-01 9.765239e-01 5.003787e+00 1.932029e+01 0.000000e+00 -1.000000e+00 1.460442e-01 1.000000e+00 1.356883e+01
5.833812e+00 -1.000000e+00 4.000000e+03 -1.000000e+00 -1.000000e+00 2.000000e+02 4.798465e-01 -1.000000e+00 -1.000000e+00 2.403723e+01 0.000000e+00 -1.000000e+00 1.000000e+00 1.739354e-02 9.000000e+02 9.035574e+00 1.000000e+00 -9.990070e+05 2.000000e+00 -1.000000e+00 9.962665e-01 -1.0 0.000000e+00 0.000000e+00 -1.000000e+00 8.338589e-01 -1.000000e+00 -9.990070e+05 9.240170e-01 9.240170e-01 9.761605e-01 4.070448e+00 1.474589e+01 0.000000e+00 -1.000000e+00 1.402219e-01 1.000000e+00 1.061595e+01
6.639514e+00 -1.000000e+00 4.000000e+03 -1.000000e+00 -1.000000e+00 3.000000e+02 4.840762e-01 -1.000000e+00 -1.000000e+00 2.722164e+01 0.000000e+00 -1.000000e+00 1.000000e+00 1.836573e-02 9.000000e+02 1.028808e+01 1.000000e+00 -9.990070e+05 3.000000e+00 -1.000000e+00 9.958321e-01 -1.0 0.000000e+00 0.000000e+00 -1.000000e+00 8.354517e-01 -1.000000e+00 -9.990070e+05 8.961614e-01 8.961614e-01 9.763926e-01 4.627035e+00 1.677283e+01 0.000000e+00 -1.000000e+00 1.439046e-01 0.000000e+00 1.211382e+01
1.288519e+01 -1.000000e+00 0.000000e+00 -1.000000e+00 -1.000000e+00 4.000000e+02 4.962365e-01 -1.000000e+00 -1.000000e+00 6.128779e+01 0.000000e+00 -1.000000e+00 0.000000e+00 2.159788e-02 9.000000e+02 2.060787e+01 0.000000e+00 -9.990070e+05 3.000000e+00 -1.000000e+00 9.976709e-01 -1.0 0.000000e+00 0.000000e+00 -1.000000e+00 8.399661e-01 -1.000000e+00 -9.990070e+05 7.848889e-01 7.848889e-01 9.770495e-01 8.803119e+00 3.533473e+01 0.000000e+00 -1.000000e+00 1.550398e-01 0.000000e+00 2.449448e+01
9.782607e+00 -1.000000e+00 0.000000e+00 -1.000000e+00 -1.000000e+00 5.000000e+02 4.917605e-01 -1.000000e+00 -1.000000e+00 4.859412e+01 0.000000e+00 -1.000000e+00 0.000000e+00 2.032611e-02 9.000000e+02 1.574103e+01 0.000000e+00 -9.990070e+05 3.000000e+00 -1.000000e+00 9.962937e-01 -1.0 0.000000e+00 0.000000e+00 -1.000000e+00 8.383153e-01 -1.000000e+00 -9.990070e+05 8.342444e-01 8.342444e-01 9.768095e-01 6.748974e+00 2.744506e+01 0.000000e+00 -1.000000e+00 1.508451e-01 0.000000e+00 1.866340e+01
2.099882e+01 -1.000000e+00 4.000000e+03 -1.000000e+00 -1.000000e+00 6.000000e+02 5.000000e-01 -1.000000e+00 -1.000000e+00 9.620926e+01 0.000000e+00 -1.000000e+00 1.000000e+00 2.275013e-02 9.000000e+02 3.321603e+01 1.000000e+00 -9.990070e+05 2.000000e+00 -1.000000e+00 1.004172e+00 -1.0 0.000000e+00 0.000000e+00 -1.000000e+00 8.413447e-01 -1.000000e+00 -9.990070e+05 6.532925e-01 6.532925e-01 9.772499e-01 1.431987e+01 5.647402e+01 0.000000e+00 -1.000000e+00 1.586553e-01 1.000000e+00 3.939732e+01
