3.285222e+00 -1.000000e+00 0.000000e+00 -1.000000e+00 -1.000000e+00 0.000000e+00 4.615687e-01 -1.000000e+00 -1.000000e+00 1.247029e+01 0.000000e+00 -1.000000e+00 0.000000e+00 1.389963e-02 1.000000e+03 4.976575e+00 0.000000e+00 -9.990070e+05 3.000000e+00 -1.000000e+00 8.937040e-01 -1.0 0.000000e+00 0.000000e+00 -1.000000e+00 8.268295e-01 -1.000000e+00 -9.990070e+05 3.492899e-01 3.492899e-01 9.751342e-01 2.325234e+00 7.873112e+00 0.000000e+00 -1.000000e+00 1.253770e-01 0.000000e+00 4.071027e+00
2.638723e+00 -1.000000e+00 0.000000e+00 -1.000000e+00 -1.000000e+00 1.000000e+02 4.405754e-01 -1.000000e+00 -1.000000e+00 8.645412e+00 0.000000e+00 -1.000000e+00 0.000000e+00 1.094708e-02 1.000000e+03 3.883487e+00 0.000000e+00 -9.990070e+05 3.000000e+00 -1.000000e+00 8.252288e-01 -1.0 0.000000e+00 0.000000e+00 -1.000000e+00 8.184281e-01 -1.000000e+00 -9.990070e+05 2.998935e-01 2.998935e-01 9.739026e-01 1.904093e+00 5.844467e+00 0.000000e+00 -1.000000e+00 1.103078e-01 0.000000e+00 3.210626e+00
4.541878e+00 -1.000000e+00 0.000000e+00 -1.000000e+00 -1.000000e+00 2.000000e+02 4.859427e-01 -1.000000e+00 -1.000000e+00 1.506912e+01 0.000000e+00 -1.000000e+00 0.000000e+00 1.881788e-02 1.000000e+03 6.690394e+00 0.000000e+00 -9.990070e+05 3.000000e+00 -1.000000e+00 9.669425e-01 -1.0 0.000000e+00 0.000000e+00 -1.000000e+00 8.361508e-01 -1.000000e+00 -9.990070e+05 4.337563e-01 4.337563e-01 9.764944e-01 3.276724e+00 1.010701e+01 0.000000e+00 -1.000000e+00 1.455606e-01 0.000000e+00 5.536696e+00
5.535133e+00 -1.000000e+00 0.000000e+00 -1.000000e+00 -1.000000e+00 3.000000e+02 4.929532e-01 -1.000000e+00 -1.000000e+00 1.911056e+01 0.000000e+00 -1.000000e+00 0.000000e+00 2.065505e-02 1.000000e+03 8.176727e+00 0.000000e+00 -9.990070e+05 3.000000e+00 -1.000000e+00 9.849810e-01 -1.0 0.000000e+00 0.000000e+00 -1.000000e+00 8.387564e-01 -1.000000e+00 -9.990070e+05 4.730192e-01 4.730192e-01 9.768736e-01 3.969365e+00 1.254619e+01 0.000000e+00 -1.000000e+00 1.519518e-01 0.000000e+00 6.758537e+00
7.345218e+00 -1.000000e+00 0.000000e+00 -1.000000e+00 -1.000000e+00 4.000000e+02 4.991768e-01 -1.000000e+00 -1.000000e+00 2.597833e+01 0.000000e+00 -1.000000e+00 0.000000e+00 2.249128e-02 1.000000e+03 1.083713e+01 0.000000e+00 -9.990070e+05 3.000000e+00 -1.000000e+00 9.984768e-01 -1.0 0.000000e+00 0.000000e+00 -1.000000e+00 8.410439e-01 -1.000000e+00 -9.990070e+05 5.227433e-01 5.227433e-01 9.772062e-01 5.249717e+00 1.681062e+01 0.000000e+00 -1.000000e+00 1.578575e-01 0.000000e+00 8.910204e+00
2.148921e+01 -1.000000e+00 0.000000e+00 -1.000000e+00 -1.000000e+00 5.000000e+02 5.000000e-01 -1.000000e+00 -1.000000e+00 7.566947e+01 0.000000e+00 -1.000000e+00 0.000000e+00 2.275013e-02 1.000000e+03 3.187965e+01 0.000000e+00 -9.990070e+05 3.000000e+00 -1.000000e+00 1.004423e+00 -1.0 0.000000e+00 0.000000e+00 -1.000000e+00 8.413447e-01 -1.000000e+00 -9.990070e+05 6.553211e-01 6.553211e-01 9.772499e-01 1.534008e+01 4.935225e+01 0.000000e+00 -1.000000e+00 1.586553e-01 0.000000e+00 2.620513e+01
5.342755e+01 -1.000000e+00 0.000000e+00 -1.000000e+00 -1.000000e+00 6.000000e+02 5.000000e-01 -1.000000e+00 -1.000000e+00 2.136097e+02 0.000000e+00 -1.000000e+00 0.000000e+00 2.275013e-02 1.000000e+03 8.160918e+01 0.000000e+00 -9.990070e+05 3.000000e+00 -1.000000e+00 1.002198e+00 -1.0 0.000000e+00 0.000000e+00 -1.000000e+00 8.413447e-01 -1.000000e+00 -9.990070e+05 7.120001e-01 7.120001e-01 9.772499e-01 3.755777e+01 1.317959e+02 0.000000e+00 -1.000000e+00 1.586553e-01 0.000000e+00 6.651221e+01
3.992014e+00 -1.000000e+00 0.000000e+00 -1.000000e+00 -1.000000e+00 0.000000e+00 4.778648e-01 -1.000000e+00 -1.000000e+00 1.405088e+01 0.000000e+00 -1.000000e+00 0.000000e+00 1.696166e-02 1.100000e+03 5.911410e+00 0.000000e+00 -9.990070e+05 3.000000e+00 -1.000000e+00 9.439162e-01 -1.0 0.000000e+00 0.000000e+00 -1.000000e+00 8.331084e-01 -1.000000e+00 -9.990070e+05 3.996073e-01 3.996073e-01 9.760511e-01 2.849031e+00 9.140614e+00 0.000000e+00 -1.000000e+00 1.385293e-01 0.000000e+00 4.857021e+00
5.170451e+00 -1.000000e+00 0.000000e+00 -1.000000e+00 -1.000000e+00 1.000000e+02 4.903070e-01 -1.000000e+00 -1.000000e+00 1.788146e+01 0.000000e+00 -1.000000e+00 0.000000e+00 1.993462e-02 1.100000e+03 7.668493e+00 0.000000e+00 -9.990070e+05 3.000000e+00 -1.000000e+00 9.784282e-01 -1.0 0.000000e+00 0.000000e+00 -1.000000e+00 8.377766e-01 -1.000000e+00 -9.990070e+05 4.564411e-01 4.564411e-01 9.767311e-01 3.695381e+00 1.177397e+01 0.000000e+00 -1.000000e+00 1.495072e-01 0.000000e+00 6.306053e+00
5.633022e+00 -1.000000e+00 0.000000e+00 -1.000000e+00 -1.000000e+00 2.000000e+02 4.933359e-01 -1.000000e+00 -1.000000e+00 2.034830e+01 0.000000e+00 -1.000000e+00 0.000000e+00 2.076209e-02 1.100000e+03 8.386765e+00 0.000000e+00 -9.990070e+05 3.000000e+00 -1.000000e+00 9.858790e-01 -1.0 0.000000e+00 0.000000e+00 -1.000000e+00 8.388978e-01 -1.000000e+00 -9.990070e+05 4.752565e-01 4.752565e-01 9.768942e-01 4.014622e+00 1.307641e+01 0.000000e+00 -1.000000e+00 1.523086e-01 0.000000e+00 6.888072e+00
6.129713e+00 -1.000000e+00 0.000000e+00 -1.000000e+00 -1.000000e+00 3.000000e+02 4.960429e-01 -1.000000e+00 -1.000000e+00 2.020574e+01 0.000000e+00 -1.000000e+00 0.000000e+00 2.154072e-02 1.100000e+03 9.031256e+00 0.000000e+00 -9.990070e+05 3.000000e+00 -1.000000e+00 9.920443e-01 -1.0 0.000000e+00 0.000000e+00 -1.000000e+00 8.398950e-01 -1.000000e+00 -9.990070e+05 4.944257e-01 4.944257e-01 9.770392e-01 4.424099e+00 1.361225e+01 0.000000e+00 -1.000000e+00 1.548560e-01 0.000000e+00 7.465839e+00
7.545598e+00 -1.000000e+00 0.000000e+00 -1.000000e+00 -1.000000e+00 4.000000e+02 4.996869e-01 -1.000000e+00 -1.000000e+00 2.603013e+01 0.000000e+00 -1.000000e+00 0.000000e+00 2.265121e-02 1.100000e+03 1.114887e+01 0.000000e+00 -9.990070e+05 3.000000e+00 -1.000000e+00 9.994303e-01 -1.0 0.000000e+00 0.000000e+00 -1.000000e+00 8.412304e-01 -1.000000e+00 -9.990070e+05 5.282772e-01 5.282772e-01 9.772333e-01 5.412528e+00 1.710822e+01 0.000000e+00 -1.000000e+00 1.583513e-01 0.000000e+00 9.185080e+00
1.285258e+01 -1.000000e+00 0.000000e+00 -1.000000e+00 -1.000000e+00 5.000000e+02 5.000000e-01 -1.000000e+00 -1.000000e+00 4.575085e+01 0.000000e+00 -1.000000e+00 0.000000e+00 2.275013e-02 1.100000e+03 1.909068e+01 0.000000e+00 -9.990070e+05 3.000000e+00 -1.000000e+00 1.005125e+00 -1.0 0.000000e+00 0.000000e+00 -1.000000e+00 8.413447e-01 -1.000000e+00 -9.990070e+05 6.025096e-01 6.025096e-01 9.772499e-01 9.152481e+00 2.966116e+01 0.000000e+00 -1.000000e+00 1.586553e-01 0.000000e+00 1.566069e+01
2.393367e+01 -1.000000e+00 0.000000e+00 -1.000000e+00 -1.000000e+00 6.000000e+02 5.000000e-01 -1.000000e+00 -1.000000e+00 8.064633e+01 0.000000e+00 -1.000000e+00 0.000000e+00 2.275013e-02 1.100000e+03 3.534219e+01 0.000000e+00 -9.990070e+05 3.000000e+00 -1.000000e+00 1.004085e+00 -1.0 0.000000e+00 0.000000e+00 -1.000000e+00 8.413447e-01 -1.000000e+00 -9.990070e+05 6.651871e-01 6.651871e-01 9.772499e-01 1.720868e+01 5.369520e+01 0.000000e+00 -1.000000e+00 1.586553e-01 0.000000e+00 2.916650e+01
6.302843e+00 -1.000000e+00 0.000000e+00 -1.000000e+00 -1.000000e+00 0.000000e+00 4.965371e-01 -1.000000e+00 -1.000000e+00 2.091725e+01 0.000000e+00 -1.000000e+00 0.000000e+00 2.168705e-02 1.200000e+03 9.302834e+00 0.000000e+00 -9.990070e+05 3.000000e+00 -1.000000e+00 9.931201e-01 -1.0 0.000000e+00 0.000000e+00 -1.000000e+00 8.400766e-01 -1.000000e+00 -9.990070e+05 4.985817e-01 4.985817e-01 9.770656e-01 4.540664e+00 1.405757e+01 0.000000e+00 -1.000000e+00 1.553257e-01 0.000000e+00 7.684117e+00
7.060560e+00 -1.000000e+00 0.000000e+00 -1.000000e+00 -1.000000e+00 1.000000e+02 4.987996e-01 -1.000000e+00 -1.000000e+00 2.342645e+01 0.000000e+00 -1.000000e+00 0.000000e+00 2.237395e-02 1.200000e+03 1.041210e+01 0.000000e+00 -9.990070e+05 3.000000e+00 -1.000000e+00 9.977515e-01 -1.0 0.000000e+00 0.000000e+00 -1.000000e+00 8.409059e-01 -1.000000e+00 -9.990070e+05 5.187313e-01 5.187313e-01 9.771861e-01 5.089115e+00 1.573394e+01 0.000000e+00 -1.000000e+00 1.574932e-01 0.000000e+00 8.607429e+00
6.453262e+00 -1.000000e+00 0.000000e+00 -1.000000e+00 -1.000000e+00 2.000000e+02 4.964827e-01 -1.000000e+00 -1.000000e+00 2.308068e+01 0.000000e+00 -1.000000e+00 0.000000e+00 2.167087e-02 1.200000e+03 9.612489e+00 0.000000e+00 -9.990070e+05 3.000000e+00 -1.000000e+00 9.929952e-01 -1.0 0.000000e+00 0.000000e+00 -1.000000e+00 8.400566e-01 -1.000000e+00 -9.990070e+05 4.977909e-01 4.977909e-01 9.770627e-01 4.580718e+00 1.493982e+01 0.000000e+00 -1.000000e+00 1.552739e-01 0.000000e+00 7.876636e+00
7.632583e+00 -1.000000e+00 0.000000e+00 -1.000000e+00 -1.000000e+00 3.000000e+02 4.999734e-01 -1.000000e+00 -1.000000e+00 2.549783e+01 0.000000e+00 -1.000000e+00 0.000000e+00 2.274170e-02 1.200000e+03 1.124761e+01 0.000000e+00 -9.990070e+05 3.000000e+00 -1.000000e+00 9.999520e-01 -1.0 0.000000e+00 0.000000e+00 -1.000000e+00 8.413350e-01 -1.000000e+00 -9.990070e+05 5.314428e-01 5.314428e-01 9.772485e-01 5.499480e+00 1.702620e+01 0.000000e+00 -1.000000e+00 1.586294e-01 0.000000e+00 9.285292e+00
9.130471e+00 -1.000000e+00 0.000000e+00 -1.000000e+00 -1.000000e+00 4.000000e+02 5.000000e-01 -1.000000e+00 -1.000000e+00 3.078886e+01 0.000000e+00 -1.000000e+00 0.000000e+00 2.275013e-02 1.200000e+03 1.346850e+01 0.000000e+00 -9.990070e+05 3.000000e+00 -1.000000e+00 1.003170e+00 -1.0 0.000000e+00 0.000000e+00 -1.000000e+00 8.413447e-01 -1.000000e+00 -9.990070e+05 5.591153e-01 5.591153e-01 9.772499e-01 6.571499e+00 2.046920e+01 0.000000e+00 -1.000000e+00 1.586553e-01 0.000000e+00 1.111317e+01
1.368633e+01 -1.000000e+00 0.000000e+00 -1.000000e+00 -1.000000e+00 5.000000e+02 5.000000e-01 -1.000000e+00 -1.000000e+00 4.964990e+01 0.000000e+00 -1.000000e+00 0.000000e+00 2.275013e-02 1.200000e+03 2.041555e+01 0.000000e+00 -9.990070e+05 3.000000e+00 -1.000000e+00 1.005176e+00 -1.0 0.000000e+00 0.000000e+00 -1.000000e+00 8.413447e-01 -1.000000e+00 -9.990070e+05 6.110051e-01 6.110051e-01 9.772499e-01 9.732561e+00 3.183022e+01 0.000000e+00 -1.000000e+00 1.586553e-01 0.000000e+00 1.680608e+01
2.167555e+01 -1.000000e+00 0.000000e+00 -1.000000e+00 -1.000000e+00 6.000000e+02 5.000000e-01 -1.000000e+00 -1.000000e+00 7.222415e+01 0.000000e+00 -1.000000e+00 0.000000e+00 2.275013e-02 1.200000e+03 3.199157e+01 0.000000e+00 -9.990070e+05 3.000000e+00 -1.000000e+00 1.004363e+00 -1.0 0.000000e+00 0.000000e+00 -1.000000e+00 8.413447e-01 -1.000000e+00 -9.990070e+05 6.571718e-01 6.571718e-01 9.772499e-01 1.560294e+01 4.841517e+01 0.000000e+00 -1.000000e+00 1.586553e-01 0.000000e+00 2.641462e+01
7.994573e+00 -1.000000e+00 0.000000e+00 -1.000000e+00 -1.000000e+00 0.000000e+00 5.000000e-01 -1.000000e+00 -1.000000e+00 2.637744e+01 0.000000e+00 -1.000000e+00 0.000000e+00 2.275013e-02 1.300000e+03 1.178365e+01 0.000000e+00 -9.990070e+05 3.000000e+00 -1.000000e+00 1.001087e+00 -1.0 0.000000e+00 0.000000e+00 -1.000000e+00 8.413447e-01 -1.000000e+00 -9.990070e+05 5.395037e-01 5.395037e-01 9.772499e-01 5.767126e+00 1.776924e+01 0.000000e+00 -1.000000e+00 1.586553e-01 0.000000e+00 9.734484e+00
8.218557e+00 -1.000000e+00 0.000000e+00 -1.000000e+00 -1.000000e+00 1.000000e+02 5.000000e-01 -1.000000e+00 -1.000000e+00 2.728726e+01 0.000000e+00 -1.000000e+00 0.000000e+00 2.275013e-02 1.300000e+03 1.212652e+01 0.000000e+00 -9.990070e+05 3.000000e+00 -1.000000e+00 1.001536e+00 -1.0 0.000000e+00 0.000000e+00 -1.000000e+00 8.413447e-01 -1.000000e+00 -9.990070e+05 5.431257e-01 5.431257e-01 9.772499e-01 5.919707e+00 1.833133e+01 0.000000e+00 -1.000000e+00 1.586553e-01 0.000000e+00 1.000890e+01
9.505324e+00 -1.000000e+00 0.000000e+00 -1.000000e+00 -1.000000e+00 2.000000e+02 5.000000e-01 -1.000000e+00 -1.000000e+00 3.190448e+01 0.000000e+00 -1.000000e+00 0.000000e+00 2.275013e-02 1.300000e+03 1.401997e+01 0.000000e+00 -9.990070e+05 3.000000e+00 -1.000000e+00 1.003660e+00 -1.0 0.000000e+00 0.000000e+00 -1.000000e+00 8.413447e-01 -1.000000e+00 -9.990070e+05 5.657088e-01 5.657088e-01 9.772499e-01 6.845830e+00 2.127103e+01 0.000000e+00 -1.000000e+00 1.586553e-01 0.000000e+00 1.159816e+01
1.058224e+01 -1.000000e+00 0.000000e+00 -1.000000e+00 -1.000000e+00 3.000000e+02 5.000000e-01 -1.000000e+00 -1.000000e+00 3.488903e+01 0.000000e+00 -1.000000e+00 0.000000e+00 2.275013e-02 1.300000e+03 1.559303e+01 0.000000e+00 -9.990070e+05 3.000000e+00 -1.000000e+00 1.004553e+00 -1.0 0.000000e+00 0.000000e+00 -1.000000e+00 8.413447e-01 -1.000000e+00 -9.990070e+05 5.810719e-01 5.810719e-01 9.772499e-01 7.638036e+00 2.350399e+01 0.000000e+00 -1.000000e+00 1.586553e-01 0.000000e+00 1.289260e+01
1.259385e+01 -1.000000e+00 0.000000e+00 -1.000000e+00 -1.000000e+00 4.000000e+02 5.000000e-01 -1.000000e+00 -1.000000e+00 4.154560e+01 0.000000e+00 -1.000000e+00 0.000000e+00 2.275013e-02 1.300000e+03 1.855061e+01 0.000000e+00 -9.990070e+05 3.000000e+00 -1.000000e+00 1.005142e+00 -1.0 0.000000e+00 0.000000e+00 -1.000000e+00 8.413447e-01 -1.000000e+00 -9.990070e+05 6.033502e-01 6.033502e-01 9.772499e-01 9.092274e+00 2.796718e+01 0.000000e+00 -1.000000e+00 1.586553e-01 0.000000e+00 1.534627e+01
1.399687e+01 -1.000000e+00 0.000000e+00 -1.000000e+00 -1.000000e+00 5.000000e+02 5.000000e-01 -1.000000e+00 -1.000000e+00 4.743259e+01 0.000000e+00 -1.000000e+00 0.000000e+00 2.275013e-02 1.300000e+03 2.065336e+01 0.000000e+00 -9.990070e+05 3.000000e+00 -1.000000e+00 1.005193e+00 -1.0 0.000000e+00 0.000000e+00 -1.000000e+00 8.413447e-01 -1.000000e+00 -9.990070e+05 6.143721e-01 6.143721e-01 9.772499e-01 1.006679e+01 3.143543e+01 0.000000e+00 -1.000000e+00 1.586553e-01 0.000000e+00 1.704677e+01
1.959850e+01 -1.000000e+00 0.000000e+00 -1.000000e+00 -1.000000e+00 6.000000e+02 5.000000e-01 -1.000000e+00 -1.000000e+00 6.450025e+01 0.000000e+00 -1.000000e+00 0.000000e+00 2.275013e-02 1.300000e+03 2.886474e+01 0.000000e+00 -9.990070e+05 3.000000e+00 -1.000000e+00 1.004611e+00 -1.0 0.000000e+00 0.000000e+00 -1.000000e+00 8.413447e-01 -1.000000e+00 -9.990070e+05 6.492427e-01 6.492427e-01 9.772499e-01 1.415067e+01 4.347485e+01 0.000000e+00 -1.000000e+00 1.586553e-01 0.000000e+00 2.386131e+01
1.169005e+01 -1.000000e+00 0.000000e+00 -1.000000e+00 -1.000000e+00 0.000000e+00 5.000000e-01 -1.000000e+00 -1.000000e+00 3.909428e+01 0.000000e+00 -1.000000e+00 0.000000e+00 2.275013e-02 1.400000e+03 1.724149e+01 0.000000e+00 -9.990070e+05 3.000000e+00 -1.000000e+00 1.004964e+00 -1.0 0.000000e+00 0.000000e+00 -1.000000e+00 8.413447e-01 -1.000000e+00 -9.990070e+05 5.931896e-01 5.931896e-01 9.772499e-01 8.421415e+00 2.611150e+01 0.000000e+00 -1.000000e+00 1.586553e-01 0.000000e+00 1.423263e+01
1.227837e+01 -1.000000e+00 0.000000e+00 -1.000000e+00 -1.000000e+00 1.000000e+02 5.000000e-01 -1.000000e+00 -1.000000e+00 4.103623e+01 0.000000e+00 -1.000000e+00 0.000000e+00 2.275013e-02 1.400000e+03 1.808987e+01 0.000000e+00 -9.990070e+05 3.000000e+00 -1.000000e+00 1.005095e+00 -1.0 0.000000e+00 0.000000e+00 -1.000000e+00 8.413447e-01 -1.000000e+00 -9.990070e+05 5.998504e-01 5.998504e-01 9.772499e-01 8.853665e+00 2.738849e+01 0.000000e+00 -1.000000e+00 1.586553e-01 0.000000e+00 1.495523e+01
1.323583e+01 -1.000000e+00 0.000000e+00 -1.000000e+00 -1.000000e+00 2.000000e+02 5.000000e-01 -1.000000e+00 -1.000000e+00 4.366398e+01 0.000000e+00 -1.000000e+00 0.000000e+00 2.275013e-02 1.400000e+03 1.949716e+01 0.000000e+00 -9.990070e+05 3.000000e+00 -1.000000e+00 1.005189e+00 -1.0 0.000000e+00 0.000000e+00 -1.000000e+00 8.413447e-01 -1.000000e+00 -9.990070e+05 6.089433e-01 6.089433e-01 9.772499e-01 9.553648e+00 2.938709e+01 0.000000e+00 -1.000000e+00 1.586553e-01 0.000000e+00 1.611436e+01
1.606455e+01 -1.000000e+00 0.000000e+00 -1.000000e+00 -1.000000e+00 3.000000e+02 5.000000e-01 -1.000000e+00 -1.000000e+00 5.565228e+01 0.000000e+00 -1.000000e+00 0.000000e+00 2.275013e-02 1.400000e+03 2.374010e+01 0.000000e+00 -9.990070e+05 3.000000e+00 -1.000000e+00 1.005064e+00 -1.0 0.000000e+00 0.000000e+00 -1.000000e+00 8.413447e-01 -1.000000e+00 -9.990070e+05 6.289438e-01 6.289438e-01 9.772499e-01 1.151238e+01 3.646495e+01 0.000000e+00 -1.000000e+00 1.586553e-01 0.000000e+00 1.961376e+01
1.710944e+01 -1.000000e+00 0.000000e+00 -1.000000e+00 -1.000000e+00 4.000000e+02 5.000000e-01 -1.000000e+00 -1.000000e+00 5.682298e+01 0.000000e+00 -1.000000e+00 0.000000e+00 2.275013e-02 1.400000e+03 2.522028e+01 0.000000e+00 -9.990070e+05 3.000000e+00 -1.000000e+00 1.004936e+00 -1.0 0.000000e+00 0.000000e+00 -1.000000e+00 8.413447e-01 -1.000000e+00 -9.990070e+05 6.362482e-01 6.362482e-01 9.772499e-01 1.233638e+01 3.812011e+01 0.000000e+00 -1.000000e+00 1.586553e-01 0.000000e+00 2.085850e+01
1.812294e+01 -1.000000e+00 0.000000e+00 -1.000000e+00 -1.000000e+00 5.000000e+02 5.000000e-01 -1.000000e+00 -1.000000e+00 6.014078e+01 0.000000e+00 -1.000000e+00 0.000000e+00 2.275013e-02 1.400000e+03 2.669497e+01 0.000000e+00 -9.990070e+05 3.000000e+00 -1.000000e+00 1.004811e+00 -1.0 0.000000e+00 0.000000e+00 -1.000000e+00 8.413447e-01 -1.000000e+00 -9.990070e+05 6.418044e-01 6.418044e-01 9.772499e-01 1.307344e+01 4.031718e+01 0.000000e+00 -1.000000e+00 1.586553e-01 0.000000e+00 2.205974e+01
2.589675e+01 -1.000000e+00 0.000000e+00 -1.000000e+00 -1.000000e+00 6.000000e+02 5.000000e-01 -1.000000e+00 -1.000000e+00 8.554070e+01 0.000000e+00 -1.000000e+00 0.000000e+00 2.275013e-02 1.400000e+03 3.815916e+01 0.000000e+00 -9.990070e+05 3.000000e+00 -1.000000e+00 1.003822e+00 -1.0 0.000000e+00 0.000000e+00 -1.000000e+00 8.413447e-01 -1.000000e+00 -9.990070e+05 6.722523e-01 6.722523e-01 9.772499e-01 1.869621e+01 5.754451e+01 0.000000e+00 -1.000000e+00 1.586553e-01 0.000000e+00 3.156310e+01
1.522218e+01 -1.000000e+00 0.000000e+00 -1.000000e+00 -1.000000e+00 0.000000e+00 5.000000e-01 -1.000000e+00 -1.000000e+00 5.144891e+01 0.000000e+00 -1.000000e+00 0.000000e+00 2.275013e-02 1.500000e+03 2.249142e+01 0.000000e+00 -9.990070e+05 3.000000e+00 -1.000000e+00 1.005144e+00 -1.0 0.000000e+00 0.000000e+00 -1.000000e+00 8.413447e-01 -1.000000e+00 -9.990070e+05 6.229907e-01 6.229907e-01 9.772499e-01 1.093735e+01 3.421202e+01 0.000000e+00 -1.000000e+00 1.586553e-01 0.000000e+00 1.853827e+01
1.846655e+01 -1.000000e+00 0.000000e+00 -1.000000e+00 -1.000000e+00 1.000000e+02 5.000000e-01 -1.000000e+00 -1.000000e+00 6.053514e+01 0.000000e+00 -1.000000e+00 0.000000e+00 2.275013e-02 1.500000e+03 2.717213e+01 0.000000e+00 -9.990070e+05 3.000000e+00 -1.000000e+00 1.004759e+00 -1.0 0.000000e+00 0.000000e+00 -1.000000e+00 8.413447e-01 -1.000000e+00 -9.990070e+05 6.438608e-01 6.438608e-01 9.772499e-01 1.332536e+01 4.088980e+01 0.000000e+00 -1.000000e+00 1.586553e-01 0.000000e+00 2.247291e+01
1.930398e+01 -1.000000e+00 0.000000e+00 -1.000000e+00 -1.000000e+00 2.000000e+02 5.000000e-01 -1.000000e+00 -1.000000e+00 6.336978e+01 0.000000e+00 -1.000000e+00 0.000000e+00 2.275013e-02 1.500000e+03 2.841284e+01 0.000000e+00 -9.990070e+05 3.000000e+00 -1.000000e+00 1.004644e+00 -1.0 0.000000e+00 0.000000e+00 -1.000000e+00 8.413447e-01 -1.000000e+00 -9.990070e+05 6.480764e-01 6.480764e-01 9.772499e-01 1.393836e+01 4.276799e+01 0.000000e+00 -1.000000e+00 1.586553e-01 0.000000e+00 2.350521e+01
1.905704e+01 -1.000000e+00 0.000000e+00 -1.000000e+00 -1.000000e+00 3.000000e+02 5.000000e-01 -1.000000e+00 -1.000000e+00 6.248446e+01 0.000000e+00 -1.000000e+00 0.000000e+00 2.275013e-02 1.500000e+03 2.802138e+01 0.000000e+00 -9.990070e+05 3.000000e+00 -1.000000e+00 1.004671e+00 -1.0 0.000000e+00 0.000000e+00 -1.000000e+00 8.413447e-01 -1.000000e+00 -9.990070e+05 6.471102e-01 6.471102e-01 9.772499e-01 1.375925e+01 4.216262e+01 0.000000e+00 -1.000000e+00 1.586553e-01 0.000000e+00 2.319587e+01
2.416900e+01 -1.000000e+00 0.000000e+00 -1.000000e+00 -1.000000e+00 4.000000e+02 5.000000e-01 -1.000000e+00 -1.000000e+00 7.987679e+01 0.000000e+00 -1.000000e+00 0.000000e+00 2.275013e-02 1.500000e+03 3.559462e+01 0.000000e+00 -9.990070e+05 3.000000e+00 -1.000000e+00 1.004027e+00 -1.0 0.000000e+00 0.000000e+00 -1.000000e+00 8.413447e-01 -1.000000e+00 -9.990070e+05 6.667973e-01 6.667973e-01 9.772499e-01 1.744611e+01 5.367040e+01 0.000000e+00 -1.000000e+00 1.586553e-01 0.000000e+00 2.942117e+01
2.219506e+01 -1.000000e+00 0.000000e+00 -1.000000e+00 -1.000000e+00 5.000000e+02 5.000000e-01 -1.000000e+00 -1.000000e+00 7.440497e+01 0.000000e+00 -1.000000e+00 0.000000e+00 2.275013e-02 1.500000e+03 3.269143e+01 0.000000e+00 -9.990070e+05 3.000000e+00 -1.000000e+00 1.004286e+00 -1.0 0.000000e+00 0.000000e+00 -1.000000e+00 8.413447e-01 -1.000000e+00 -9.990070e+05 6.594939e-01 6.594939e-01 9.772499e-01 1.599325e+01 4.956017e+01 0.000000e+00 -1.000000e+00 1.586553e-01 0.000000e+00 2.699287e+01
3.204941e+01 -1.000000e+00 0.000000e+00 -1.000000e+00 -1.000000e+00 6.000000e+02 5.000000e-01 -1.000000e+00 -1.000000e+00 1.058048e+02 0.000000e+00 -1.000000e+00 0.000000e+00 2.275013e-02 1.500000e+03 4.721016e+01 0.000000e+00 -9.990070e+05 3.000000e+00 -1.000000e+00 1.003222e+00 -1.0 0.000000e+00 0.000000e+00 -1.000000e+00 8.413447e-01 -1.000000e+00 -9.990070e+05 6.872404e-01 6.872404e-01 9.772499e-01 2.314115e+01 7.117958e+01 0.000000e+00 -1.000000e+00 1.586553e-01 0.000000e+00 3.905383e+01
3.039302e+01 -1.000000e+00 0.000000e+00 -1.000000e+00 -1.000000e+00 0.000000e+00 5.000000e-01 -1.000000e+00 -1.000000e+00 1.001504e+02 0.000000e+00 -1.000000e+00 0.000000e+00 2.275013e-02 1.600000e+03 4.475168e+01 0.000000e+00 -9.990070e+05 3.000000e+00 -1.000000e+00 1.003367e+00 -1.0 0.000000e+00 0.000000e+00 -1.000000e+00 8.413447e-01 -1.000000e+00 -9.990070e+05 6.837204e-01 6.837204e-01 9.772499e-01 2.195320e+01 6.740598e+01 0.000000e+00 -1.000000e+00 1.586553e-01 0.000000e+00 3.700686e+01
2.852023e+01 -1.000000e+00 0.000000e+00 -1.000000e+00 -1.000000e+00 1.000000e+02 5.000000e-01 -1.000000e+00 -1.000000e+00 9.384792e+01 0.000000e+00 -1.000000e+00 0.000000e+00 2.275013e-02 1.600000e+03 4.201593e+01 0.000000e+00 -9.990070e+05 3.000000e+00 -1.000000e+00 1.003550e+00 -1.0 0.000000e+00 0.000000e+00 -1.000000e+00 8.413447e-01 -1.000000e+00 -9.990070e+05 6.791707e-01 6.791707e-01 9.772499e-01 2.058719e+01 6.328754e+01 0.000000e+00 -1.000000e+00 1.586553e-01 0.000000e+00 3.473509e+01
2.608353e+01 -1.000000e+00 0.000000e+00 -1.000000e+00 -1.000000e+00 2.000000e+02 5.000000e-01 -1.000000e+00 -1.000000e+00 8.619130e+01 0.000000e+00 -1.000000e+00 0.000000e+00 2.275013e-02 1.600000e+03 3.843857e+01 0.000000e+00 -9.990070e+05 3.000000e+00 -1.000000e+00 1.003811e+00 -1.0 0.000000e+00 0.000000e+00 -1.000000e+00 8.413447e-01 -1.000000e+00 -9.990070e+05 6.725241e-01 6.725241e-01 9.772499e-01 1.882255e+01 5.796615e+01 0.000000e+00 -1.000000e+00 1.586553e-01 0.000000e+00 3.175961e+01
2.871896e+01 -1.000000e+00 0.000000e+00 -1.000000e+00 -1.000000e+00 3.000000e+02 5.000000e-01 -1.000000e+00 -1.000000e+00 9.412468e+01 0.000000e+00 -1.000000e+00 0.000000e+00 2.275013e-02 1.600000e+03 4.221040e+01 0.000000e+00 -9.990070e+05 3.000000e+00 -1.000000e+00 1.003520e+00 -1.0 0.000000e+00 0.000000e+00 -1.000000e+00 8.413447e-01 -1.000000e+00 -9.990070e+05 6.799389e-01 6.799389e-01 9.772499e-01 2.072175e+01 6.351448e+01 0.000000e+00 -1.000000e+00 1.586553e-01 0.000000e+00 3.493755e+01
2.894521e+01 -1.000000e+00 0.000000e+00 -1.000000e+00 -1.000000e+00 4.000000e+02 5.000000e-01 -1.000000e+00 -1.000000e+00 9.490089e+01 0.000000e+00 -1.000000e+00 0.000000e+00 2.275013e-02 1.600000e+03 4.257378e+01 0.000000e+00 -9.990070e+05 3.000000e+00 -1.000000e+00 1.003506e+00 -1.0 0.000000e+00 0.000000e+00 -1.000000e+00 8.413447e-01 -1.000000e+00 -9.990070e+05 6.802707e-01 6.802707e-01 9.772499e-01 2.088289e+01 6.406225e+01 0.000000e+00 -1.000000e+00 1.586553e-01 0.000000e+00 3.520312e+01
3.316331e+01 -1.000000e+00 0.000000e+00 -1.000000e+00 -1.000000e+00 5.000000e+02 5.000000e-01 -1.000000e+00 -1.000000e+00 1.078726e+02 0.000000e+00 -1.000000e+00 0.000000e+00 2.275013e-02 1.600000e+03 4.865794e+01 0.000000e+00 -9.990070e+05 3.000000e+00 -1.000000e+00 1.003131e+00 -1.0 0.000000e+00 0.000000e+00 -1.000000e+00 8.413447e-01 -1.000000e+00 -9.990070e+05 6.894409e-01 6.894409e-01 9.772499e-01 2.390223e+01 7.307008e+01 0.000000e+00 -1.000000e+00 1.586553e-01 0.000000e+00 4.025496e+01
4.246136e+01 -1.000000e+00 0.000000e+00 -1.000000e+00 -1.000000e+00 6.000000e+02 5.000000e-01 -1.000000e+00 -1.000000e+00 1.389524e+02 0.000000e+00 -1.000000e+00 0.000000e+00 2.275013e-02 1.600000e+03 6.243034e+01 0.000000e+00 -9.990070e+05 3.000000e+00 -1.000000e+00 1.002526e+00 -1.0 0.000000e+00 0.000000e+00 -1.000000e+00 8.413447e-01 -1.000000e+00 -9.990070e+05 7.039805e-01 7.039805e-01 9.772499e-01 3.061641e+01 9.391037e+01 0.000000e+00 -1.000000e+00 1.586553e-01 0.000000e+00 5.161371e+01
-1.000000e+00 -1.000000e+00 0.000000e+00 -1.000000e+00 -1.000000e+00 2.500000e+02 1.365690e-01 -1.000000e+00 -1.000000e+00 -1.000000e+00 0.000000e+00 -1.000000e+00 0.000000e+00 4.921216e-04 3.000000e+02 -1.000000e+00 0.000000e+00 -9.990070e+05 3.000000e+00 -1.000000e+00 1.987449e-01 -1.0 0.000000e+00 0.000000e+00 -1.000000e+00 5.719607e-01 -1.000000e+00 -9.990070e+05 7.758157e-02 7.758157e-02 9.316605e-01 -1.000000e+00 -1.000000e+00 0.000000e+00 -1.000000e+00 1.294966e-02 0.000000e+00 -1.000000e+00
0.000000e+00 -1.000000e+00 0.000000e+00 -1.000000e+00 -1.000000e+00 2.750000e+02 7.558454e-02 -1.000000e+00 -1.000000e+00 1.000000e+02 0.000000e+00 -1.000000e+00 0.000000e+00 1.590958e-04 3.000000e+02 2.548037e+00 0.000000e+00 -9.990070e+05 3.000000e+00 -1.000000e+00 1.003543e-01 -1.0 0.000000e+00 0.000000e+00 -1.000000e+00 4.254401e-01 -1.000000e+00 -9.990070e+05 3.869598e-02 3.869598e-02 8.908683e-01 0.000000e+00 1.000000e+02 0.000000e+00 -1.000000e+00 5.495860e-03 0.000000e+00 1.070281e+00
1.157230e+00 -1.000000e+00 0.000000e+00 -1.000000e+00 -1.000000e+00 0.000000e+00 1.801017e-01 -1.000000e+00 -1.000000e+00 3.362131e+01 0.000000e+00 -1.000000e+00 0.000000e+00 8.653326e-04 4.000000e+02 2.537704e+00 0.000000e+00 -9.990070e+05 3.000000e+00 -1.000000e+00 2.621884e-01 -1.0 0.000000e+00 0.000000e+00 -1.000000e+00 6.385914e-01 -1.000000e+00 -9.990070e+05 9.838299e-02 9.838299e-02 9.449132e-01 6.976161e-01 7.967121e+00 0.000000e+00 -1.000000e+00 1.972745e-02 0.000000e+00 1.934583e+00
3.496878e-05 -1.000000e+00 4.000000e+03 -1.000000e+00 -1.000000e+00 3.750000e+02 4.907446e-07 -1.000000e+00 -1.000000e+00 1.738600e-04 0.000000e+00 -1.000000e+00 1.000000e+00 2.066867e-12 4.000000e+02 5.452463e-05 1.000000e+00 -9.990070e+05 2.000000e+00 -1.000000e+00 9.896006e-01 -1.0 0.000000e+00 0.000000e+00 -1.000000e+00 5.580141e-05 -1.000000e+00 -9.990070e+05 9.896006e-01 9.896006e-01 2.446375e-03 2.409895e-05 9.207527e-05 0.000000e+00 -1.000000e+00 1.640647e-09 1.000000e+00 4.474671e-05
6.183537e-01 -1.000000e+00 0.000000e+00 -1.000000e+00 -1.000000e+00 3.750000e+02 4.986511e-02 -1.000000e+00 -1.000000e+00 7.976617e+00 0.000000e+00 -1.000000e+00 0.000000e+00 7.463362e-05 4.250000e+02 1.010489e+00 0.000000e+00 -9.990070e+05 3.000000e+00 -1.000000e+00 5.364696e-02 -1.0 0.000000e+00 0.000000e+00 -1.000000e+00 3.330388e-01 -1.000000e+00 -9.990070e+05 1.865880e-02 1.865880e-02 8.479787e-01 4.616777e-01 1.970642e+00 0.000000e+00 -1.000000e+00 3.066309e-03 0.000000e+00 7.991008e-01
6.464208e+00 -1.000000e+00 0.000000e+00 -1.000000e+00 -1.000000e+00 3.000000e+02 4.967381e-01 -1.000000e+00 -1.000000e+00 2.180413e+01 0.000000e+00 -1.000000e+00 0.000000e+00 2.174691e-02 5.000000e+02 9.545061e+00 0.000000e+00 -9.990070e+05 3.000000e+00 -1.000000e+00 9.936618e-01 -1.0 0.000000e+00 0.000000e+00 -1.000000e+00 8.401504e-01 -1.000000e+00 -9.990070e+05 5.056030e-01 5.056030e-01 9.770763e-01 4.646694e+00 1.450606e+01 0.000000e+00 -1.000000e+00 1.555170e-01 0.000000e+00 7.885338e+00
-1.000000e+00 -1.000000e+00 0.000000e+00 -1.000000e+00 -1.000000e+00 4.750000e+02 4.912322e-01 -1.000000e+00 -1.000000e+00 -1.000000e+00 0.000000e+00 -1.000000e+00 0.000000e+00 2.018264e-02 5.000000e+02 -1.000000e+00 0.000000e+00 -9.990070e+05 3.000000e+00 -1.000000e+00 0.000000e+00 -1.0 0.000000e+00 0.000000e+00 -1.000000e+00 8.381197e-01 -1.000000e+00 -9.990070e+05 0.000000e+00 0.000000e+00 9.767810e-01 -1.000000e+00 -1.000000e+00 0.000000e+00 -1.000000e+00 1.503574e-01 0.000000e+00 -1.000000e+00
4.008300e+00 -1.000000e+00 0.000000e+00 -1.000000e+00 -1.000000e+00 3.000000e+02 4.770379e-01 -1.000000e+00 -1.000000e+00 1.544575e+01 0.000000e+00 -1.000000e+00 0.000000e+00 1.678570e-02 6.000000e+02 6.074349e+00 0.000000e+00 -9.990070e+05 3.000000e+00 -1.000000e+00 9.421012e-01 -1.0 0.000000e+00 0.000000e+00 -1.000000e+00 8.327945e-01 -1.000000e+00 -9.990070e+05 4.002485e-01 4.002485e-01 9.760053e-01 2.839232e+00 9.658765e+00 0.000000e+00 -1.000000e+00 1.378292e-01 0.000000e+00 4.987569e+00
6.905476e-01 -1.000000e+00 0.000000e+00 -1.000000e+00 -1.000000e+00 5.500000e+02 5.788648e-02 -1.000000e+00 -1.000000e+00 2.482347e+00 0.000000e+00 -1.000000e+00 0.000000e+00 9.764514e-05 6.000000e+02 1.029610e+00 0.000000e+00 -9.990070e+05 3.000000e+00 -1.000000e+00 5.737972e-02 -1.0 0.000000e+00 0.000000e+00 -1.000000e+00 3.645267e-01 -1.000000e+00 -9.990070e+05 1.856683e-02 1.856683e-02 8.649730e-01 4.906352e-01 1.599455e+00 0.000000e+00 -1.000000e+00 3.775029e-03 0.000000e+00 8.475551e-01
-1.000000e+00 -1.000000e+00 0.000000e+00 -1.000000e+00 -1.000000e+00 5.750000e+02 4.912322e-01 -1.000000e+00 -1.000000e+00 -1.000000e+00 0.000000e+00 -1.000000e+00 0.000000e+00 2.018264e-02 6.000000e+02 -1.000000e+00 0.000000e+00 -9.990070e+05 3.000000e+00 -1.000000e+00 0.000000e+00 -1.0 0.000000e+00 0.000000e+00 -1.000000e+00 8.381197e-01 -1.000000e+00 -9.990070e+05 0.000000e+00 0.000000e+00 9.767810e-01 -1.000000e+00 -1.000000e+00 0.000000e+00 -1.000000e+00 1.503574e-01 0.000000e+00 -1.000000e+00
1.739573e+01 -1.000000e+00 0.000000e+00 -1.000000e+00 -1.000000e+00 3.000000e+02 5.000000e-01 -1.000000e+00 -1.000000e+00 1.053489e+02 0.000000e+00 -1.000000e+00 0.000000e+00 2.275013e-02 7.000000e+02 3.207684e+01 0.000000e+00 -9.990070e+05 3.000000e+00 -1.000000e+00 1.004857e+00 -1.0 0.000000e+00 0.000000e+00 -1.000000e+00 8.413447e-01 -1.000000e+00 -9.990070e+05 6.073264e-01 6.073264e-01 9.772499e-01 1.085980e+01 6.985054e+01 0.000000e+00 -1.000000e+00 1.586553e-01 0.000000e+00 2.502030e+01
4.702907e+00 -1.000000e+00 0.000000e+00 -1.000000e+00 -1.000000e+00 4.000000e+02 4.860310e-01 -1.000000e+00 -1.000000e+00 1.688508e+01 0.000000e+00 -1.000000e+00 0.000000e+00 1.883962e-02 7.000000e+02 7.023352e+00 0.000000e+00 -9.990070e+05 3.000000e+00 -1.000000e+00 9.672974e-01 -1.0 0.000000e+00 0.000000e+00 -1.000000e+00 8.361838e-01 -1.000000e+00 -9.990070e+05 4.353261e-01 4.353261e-01 9.764992e-01 3.332461e+00 1.091758e+01 0.000000e+00 -1.000000e+00 1.456394e-01 0.000000e+00 5.757188e+00
9.917626e+00 -1.000000e+00 0.000000e+00 -1.000000e+00 -1.000000e+00 5.000000e+02 5.000000e-01 -1.000000e+00 -1.000000e+00 5.378824e+01 0.000000e+00 -1.000000e+00 0.000000e+00 2.275013e-02 7.000000e+02 1.626201e+01 0.000000e+00 -9.990070e+05 3.000000e+00 -1.000000e+00 1.001769e+00 -1.0 0.000000e+00 0.000000e+00 -1.000000e+00 8.413447e-01 -1.000000e+00 -9.990070e+05 5.495573e-01 5.495573e-01 9.772499e-01 6.781613e+00 2.897045e+01 0.000000e+00 -1.000000e+00 1.586553e-01 0.000000e+00 1.299734e+01
4.497584e+00 -1.000000e+00 0.000000e+00 -1.000000e+00 -1.000000e+00 6.000000e+02 4.855632e-01 -1.000000e+00 -1.000000e+00 1.468854e+01 0.000000e+00 -1.000000e+00 0.000000e+00 1.872474e-02 7.000000e+02 6.606167e+00 0.000000e+00 -9.990070e+05 3.000000e+00 -1.000000e+00 9.659534e-01 -1.0 0.000000e+00 0.000000e+00 -1.000000e+00 8.360089e-01 -1.000000e+00 -9.990070e+05 4.323983e-01 4.323983e-01 9.764738e-01 3.242117e+00 9.931568e+00 0.000000e+00 -1.000000e+00 1.452223e-01 0.000000e+00 5.466247e+00
2.286594e+00 -1.000000e+00 4.000000e+03 -1.000000e+00 -1.000000e+00 0.000000e+00 4.127779e-01 -1.000000e+00 -1.000000e+00 9.229473e+00 0.000000e+00 -1.000000e+00 1.000000e+00 8.173436e-03 8.000000e+02 3.485602e+00 1.000000e+00 -9.990070e+05 2.000000e+00 -1.000000e+00 7.375044e-01 -1.0 0.000000e+00 0.000000e+00 -1.000000e+00 8.066649e-01 -1.000000e+00 -9.990070e+05 2.541755e-01 2.541755e-01 9.721684e-01 1.626586e+00 5.666361e+00 0.000000e+00 -1.000000e+00 9.319434e-02 1.000000e+00 2.830281e+00
2.684985e+00 -1.000000e+00 0.000000e+00 -1.000000e+00 -1.000000e+00 1.000000e+02 4.397228e-01 -1.000000e+00 -1.000000e+00 9.639640e+00 0.000000e+00 -1.000000e+00 0.000000e+00 1.084539e-02 8.000000e+02 4.001870e+00 0.000000e+00 -9.990070e+05 3.000000e+00 -1.000000e+00 8.229842e-01 -1.0 0.000000e+00 0.000000e+00 -1.000000e+00 8.180787e-01 -1.000000e+00 -9.990070e+05 2.993159e-01 2.993159e-01 9.738513e-01 1.906234e+00 6.218944e+00 0.000000e+00 -1.000000e+00 1.097372e-01 0.000000e+00 3.281616e+00
4.013817e+00 -1.000000e+00 0.000000e+00 -1.000000e+00 -1.000000e+00 2.000000e+02 4.706130e-01 -1.000000e+00 -1.000000e+00 1.946319e+01 0.000000e+00 -1.000000e+00 0.000000e+00 1.549813e-02 8.000000e+02 6.398840e+00 0.000000e+00 -9.990070e+05 3.000000e+00 -1.000000e+00 9.231682e-01 -1.0 0.000000e+00 0.000000e+00 -1.000000e+00 8.303386e-01 -1.000000e+00 -9.990070e+05 3.801635e-01 3.801635e-01 9.756470e-01 2.757330e+00 1.098634e+01 0.000000e+00 -1.000000e+00 1.325105e-01 0.000000e+00 5.132621e+00
7.382776e+00 -1.000000e+00 0.000000e+00 -1.000000e+00 -1.000000e+00 3.000000e+02 4.989642e-01 -1.000000e+00 -1.000000e+00 2.918017e+01 0.000000e+00 -1.000000e+00 0.000000e+00 2.242503e-02 8.000000e+02 1.126565e+01 0.000000e+00 -9.990070e+05 3.000000e+00 -1.000000e+00 9.980733e-01 -1.0 0.000000e+00 0.000000e+00 -1.000000e+00 8.409661e-01 -1.000000e+00 -9.990070e+05 5.210045e-01 5.210045e-01 9.771949e-01 5.233074e+00 1.812550e+01 0.000000e+00 -1.000000e+00 1.576520e-01 0.000000e+00 9.198368e+00
1.195145e+01 -1.000000e+00 0.000000e+00 -1.000000e+00 -1.000000e+00 4.000000e+02 5.000000e-01 -1.000000e+00 -1.000000e+00 7.280213e+01 0.000000e+00 -1.000000e+00 0.000000e+00 2.275013e-02 8.000000e+02 2.022444e+01 0.000000e+00 -9.990070e+05 3.000000e+00 -1.000000e+00 1.004153e+00 -1.0 0.000000e+00 0.000000e+00 -1.000000e+00 8.413447e-01 -1.000000e+00 -9.990070e+05 5.796056e-01 5.796056e-01 9.772499e-01 8.148635e+00 3.750313e+01 0.000000e+00 -1.000000e+00 1.586553e-01 0.000000e+00 1.627153e+01
1.413745e+01 -1.000000e+00 0.000000e+00 -1.000000e+00 -1.000000e+00 5.000000e+02 5.000000e-01 -1.000000e+00 -1.000000e+00 5.076620e+01 0.000000e+00 -1.000000e+00 0.000000e+00 2.275013e-02 8.000000e+02 2.110447e+01 0.000000e+00 -9.990070e+05 3.000000e+00 -1.000000e+00 1.005177e+00 -1.0 0.000000e+00 0.000000e+00 -1.000000e+00 8.413447e-01 -1.000000e+00 -9.990070e+05 6.127725e-01 6.127725e-01 9.772499e-01 1.001989e+01 3.282421e+01 0.000000e+00 -1.000000e+00 1.586553e-01 0.000000e+00 1.729609e+01
1.468473e+01 -1.000000e+00 0.000000e+00 -1.000000e+00 -1.000000e+00 6.000000e+02 5.000000e-01 -1.000000e+00 -1.000000e+00 5.667341e+01 0.000000e+00 -1.000000e+00 0.000000e+00 2.275013e-02 8.000000e+02 2.218276e+01 0.000000e+00 -9.990070e+05 3.000000e+00 -1.000000e+00 1.005150e+00 -1.0 0.000000e+00 0.000000e+00 -1.000000e+00 8.413447e-01 -1.000000e+00 -9.990070e+05 6.180906e-01 6.180906e-01 9.772499e-01 1.042112e+01 3.531528e+01 0.000000e+00 -1.000000e+00 1.586553e-01 0.000000e+00 1.827284e+01
3.847215e+00 -1.000000e+00 0.000000e+00 -1.000000e+00 -1.000000e+00 0.000000e+00 4.727610e-01 -1.000000e+00 -1.000000e+00 1.533202e+01 0.000000e+00 -1.000000e+00 0.000000e+00 1.591343e-02 9.000000e+02 5.849773e+00 0.000000e+00 -9.990070e+05 3.000000e+00 -1.000000e+00 9.289810e-01 -1.0 0.000000e+00 0.000000e+00 -1.000000e+00 8.311629e-01 -1.000000e+00 -9.990070e+05 3.837339e-01 3.837339e-01 9.757673e-01 2.713633e+00 9.449714e+00 0.000000e+00 -1.000000e+00 1.342649e-01 0.000000e+00 4.775142e+00
3.004606e+00 -1.000000e+00 0.000000e+00 -1.000000e+00 -1.000000e+00 1.000000e+02 4.496680e-01 -1.000000e+00 -1.000000e+00 1.217848e+01 0.000000e+00 -1.000000e+00 0.000000e+00 1.211316e-02 9.000000e+02 4.584813e+00 0.000000e+00 -9.990070e+05 3.000000e+00 -1.000000e+00 8.558034e-01 -1.0 0.000000e+00 0.000000e+00 -1.000000e+00 8.221132e-01 -1.000000e+00 -9.990070e+05 3.214168e-01 3.214168e-01 9.744435e-01 2.118896e+00 7.418688e+00 0.000000e+00 -1.000000e+00 1.165897e-01 0.000000e+00 3.720468e+00
4.262002e+00 -1.000000e+00 0.000000e+00 -1.000000e+00 -1.000000e+00 2.000000e+02 4.813520e-01 -1.000000e+00 -1.000000e+00 1.485096e+01 0.000000e+00 -1.000000e+00 0.000000e+00 1.773153e-02 9.000000e+02 6.330434e+00 0.000000e+00 -9.990070e+05 3.000000e+00 -1.000000e+00 9.541274e-01 -1.0 0.000000e+00 0.000000e+00 -1.000000e+00 8.344273e-01 -1.000000e+00 -9.990070e+05 4.136220e-01 4.136220e-01 9.762434e-01 3.038330e+00 9.749809e+00 0.000000e+00 -1.000000e+00 1.415217e-01 0.000000e+00 5.200874e+00
4.709104e+00 -1.000000e+00 0.000000e+00 -1.000000e+00 -1.000000e+00 3.000000e+02 4.857134e-01 -1.000000e+00 -1.000000e+00 1.786700e+01 0.000000e+00 -1.000000e+00 0.000000e+00 1.876152e-02 9.000000e+02 7.149805e+00 0.000000e+00 -9.990070e+05 3.000000e+00 -1.000000e+00 9.664057e-01 -1.0 0.000000e+00 0.000000e+00 -1.000000e+00 8.360651e-01 -1.000000e+00 -9.990070e+05 4.335225e-01 4.335225e-01 9.764819e-01 3.328686e+00 1.129405e+01 0.000000e+00 -1.000000e+00 1.453561e-01 0.000000e+00 5.847725e+00
1.074446e+01 -1.000000e+00 0.000000e+00 -1.000000e+00 -1.000000e+00 4.000000e+02 5.000000e-01 -1.000000e+00 -1.000000e+00 3.751107e+01 0.000000e+00 -1.000000e+00 0.000000e+00 2.275013e-02 9.000000e+02 1.592785e+01 0.000000e+00 -9.990070e+05 3.000000e+00 -1.000000e+00 1.004465e+00 -1.0 0.000000e+00 0.000000e+00 -1.000000e+00 8.413447e-01 -1.000000e+00 -9.990070e+05 5.799301e-01 5.799301e-01 9.772499e-01 7.670272e+00 2.453400e+01 0.000000e+00 -1.000000e+00 1.586553e-01 0.000000e+00 1.310674e+01
2.093277e+01 -1.000000e+00 0.000000e+00 -1.000000e+00 -1.000000e+00 5.000000e+02 5.000000e-01 -1.000000e+00 -1.000000e+00 7.582774e+01 0.000000e+00 -1.000000e+00 0.000000e+00 2.275013e-02 9.000000e+02 3.113430e+01 0.000000e+00 -9.990070e+05 3.000000e+00 -1.000000e+00 1.004489e+00 -1.0 0.000000e+00 0.000000e+00 -1.000000e+00 8.413447e-01 -1.000000e+00 -9.990070e+05 6.532324e-01 6.532324e-01 9.772499e-01 1.492125e+01 4.878545e+01 0.000000e+00 -1.000000e+00 1.586553e-01 0.000000e+00 2.553512e+01
2.029815e+01 -1.000000e+00 0.000000e+00 -1.000000e+00 -1.000000e+00 6.000000e+02 5.000000e-01 -1.000000e+00 -1.000000e+00 7.693164e+01 0.000000e+00 -1.000000e+00 0.000000e+00 2.275013e-02 9.000000e+02 3.076282e+01 0.000000e+00 -9.990070e+05 3.000000e+00 -1.000000e+00 1.004601e+00 -1.0 0.000000e+00 0.000000e+00 -1.000000e+00 8.413447e-01 -1.000000e+00 -9.990070e+05 6.493739e-01 6.493739e-01 9.772499e-01 1.436910e+01 4.857878e+01 0.000000e+00 -1.000000e+00 1.586553e-01 0.000000e+00 2.524138e+01
