1.153358e+00 -1.000000e+00 0.000000e+00 -1.000000e+00 -1.000000e+00 0.000000e+00 2.038245e-01 -1.000000e+00 -1.000000e+00 4.239530e+00 0.000000e+00 -1.000000e+00 0.000000e+00 1.128454e-03 1.000000e+03 1.747724e+00 0.000000e+00 -9.990070e+05 3.000000e+00 -1.000000e+00 8.543597e-01 -1.0 0.000000e+00 0.000000e+00 -1.000000e+00 6.667938e-01 -1.000000e+00 -9.990070e+05 7.581946e-01 7.581946e-01 9.499662e-01 8.126450e-01 2.739564e+00 0.000000e+00 -1.000000e+00 2.399384e-02 0.000000e+00 2.539869e+00
1.520725e+00 -1.000000e+00 0.000000e+00 -1.000000e+00 -1.000000e+00 1.000000e+02 2.949357e-01 -1.000000e+00 -1.000000e+00 5.698546e+00 0.000000e+00 -1.000000e+00 0.000000e+00 2.730799e-03 1.000000e+03 2.312043e+00 0.000000e+00 -9.990070e+05 3.000000e+00 -1.000000e+00 9.947723e-01 -1.0 0.000000e+00 0.000000e+00 -1.000000e+00 7.439607e-01 -1.000000e+00 -9.990070e+05 9.867367e-01 9.867367e-01 9.626575e-01 1.074318e+00 3.646505e+00 0.000000e+00 -1.000000e+00 4.533254e-02 0.000000e+00 3.378088e+00
1.322147e+00 -1.000000e+00 0.000000e+00 -1.000000e+00 -1.000000e+00 2.000000e+02 2.505950e-01 -1.000000e+00 -1.000000e+00 4.897011e+00 0.000000e+00 -1.000000e+00 0.000000e+00 1.809021e-03 1.000000e+03 2.009374e+00 0.000000e+00 -9.990070e+05 3.000000e+00 -1.000000e+00 9.387422e-01 -1.0 0.000000e+00 0.000000e+00 -1.000000e+00 7.112263e-01 -1.000000e+00 -9.990070e+05 8.764817e-01 8.764817e-01 9.574427e-01 9.340238e-01 3.155691e+00 0.000000e+00 -1.000000e+00 3.382379e-02 0.000000e+00 2.920412e+00
1.605400e+00 -1.000000e+00 0.000000e+00 -1.000000e+00 -1.000000e+00 3.000000e+02 3.125730e-01 -1.000000e+00 -1.000000e+00 5.980680e+00 0.000000e+00 -1.000000e+00 0.000000e+00 3.203267e-03 1.000000e+03 2.437684e+00 0.000000e+00 -9.990070e+05 3.000000e+00 -1.000000e+00 9.898472e-01 -1.0 0.000000e+00 0.000000e+00 -1.000000e+00 7.551905e-01 -1.000000e+00 -9.990070e+05 9.723728e-01 9.723728e-01 9.644012e-01 1.135423e+00 3.835710e+00 0.000000e+00 -1.000000e+00 5.066207e-02 0.000000e+00 3.534463e+00
2.526287e+00 -1.000000e+00 0.000000e+00 -1.000000e+00 -1.000000e+00 4.000000e+02 4.124448e-01 -1.000000e+00 -1.000000e+00 9.534205e+00 0.000000e+00 -1.000000e+00 0.000000e+00 8.145960e-03 1.000000e+03 3.845478e+00 0.000000e+00 -9.990070e+05 3.000000e+00 -1.000000e+00 9.304625e-01 -1.0 0.000000e+00 0.000000e+00 -1.000000e+00 8.065189e-01 -1.000000e+00 -9.990070e+05 7.010966e-01 7.010966e-01 9.721468e-01 1.782965e+00 6.083988e+00 0.000000e+00 -1.000000e+00 9.300679e-02 0.000000e+00 5.634606e+00
3.426616e+00 -1.000000e+00 0.000000e+00 -1.000000e+00 -1.000000e+00 5.000000e+02 4.516027e-01 -1.000000e+00 -1.000000e+00 1.267506e+01 0.000000e+00 -1.000000e+00 0.000000e+00 1.238204e-02 1.000000e+03 5.200827e+00 0.000000e+00 -9.990070e+05 3.000000e+00 -1.000000e+00 9.330469e-01 -1.0 0.000000e+00 0.000000e+00 -1.000000e+00 8.228880e-01 -1.000000e+00 -9.990070e+05 5.712050e-01 5.712050e-01 9.745571e-01 2.413103e+00 8.168047e+00 0.000000e+00 -1.000000e+00 1.179735e-01 0.000000e+00 7.580248e+00
5.094489e+00 -1.000000e+00 0.000000e+00 -1.000000e+00 -1.000000e+00 6.000000e+02 4.940102e-01 -1.000000e+00 -1.000000e+00 1.882082e+01 0.000000e+00 -1.000000e+00 0.000000e+00 2.095249e-02 1.000000e+03 7.719955e+00 0.000000e+00 -9.990070e+05 3.000000e+00 -1.000000e+00 9.838902e-01 -1.0 0.000000e+00 0.000000e+00 -1.000000e+00 8.391466e-01 -1.000000e+00 -9.990070e+05 3.994969e-01 3.994969e-01 9.769304e-01 3.577351e+00 1.212333e+01 0.000000e+00 -1.000000e+00 1.529392e-01 0.000000e+00 1.124187e+01
2.090996e+00 -1.000000e+00 0.000000e+00 -1.000000e+00 -1.000000e+00 0.000000e+00 3.792786e-01 -1.000000e+00 -1.000000e+00 7.742699e+00 0.000000e+00 -1.000000e+00 0.000000e+00 5.895873e-03 1.100000e+03 3.178590e+00 0.000000e+00 -9.990070e+05 3.000000e+00 -1.000000e+00 9.419858e-01 -1.0 0.000000e+00 0.000000e+00 -1.000000e+00 7.912939e-01 -1.000000e+00 -9.990070e+05 7.958091e-01 7.958091e-01 9.698823e-01 1.477146e+00 4.991620e+00 0.000000e+00 -1.000000e+00 7.613153e-02 0.000000e+00 4.633771e+00
2.006198e+00 -1.000000e+00 0.000000e+00 -1.000000e+00 -1.000000e+00 1.000000e+02 3.702121e-01 -1.000000e+00 -1.000000e+00 7.470291e+00 0.000000e+00 -1.000000e+00 0.000000e+00 5.414961e-03 1.100000e+03 3.046411e+00 0.000000e+00 -9.990070e+05 3.000000e+00 -1.000000e+00 9.470130e-01 -1.0 0.000000e+00 0.000000e+00 -1.000000e+00 7.868649e-01 -1.000000e+00 -9.990070e+05 8.213491e-01 8.213491e-01 9.692189e-01 1.418674e+00 4.790859e+00 0.000000e+00 -1.000000e+00 7.207588e-02 0.000000e+00 4.427393e+00
2.065803e+00 -1.000000e+00 0.000000e+00 -1.000000e+00 -1.000000e+00 2.000000e+02 3.762037e-01 -1.000000e+00 -1.000000e+00 7.690256e+00 0.000000e+00 -1.000000e+00 0.000000e+00 5.727446e-03 1.100000e+03 3.141371e+00 0.000000e+00 -9.990070e+05 3.000000e+00 -1.000000e+00 9.437921e-01 -1.0 0.000000e+00 0.000000e+00 -1.000000e+00 7.898059e-01 -1.000000e+00 -9.990070e+05 8.050375e-01 8.050375e-01 9.696596e-01 1.459484e+00 4.943569e+00 0.000000e+00 -1.000000e+00 7.473162e-02 0.000000e+00 4.578966e+00
2.591826e+00 -1.000000e+00 0.000000e+00 -1.000000e+00 -1.000000e+00 3.000000e+02 4.175425e-01 -1.000000e+00 -1.000000e+00 9.771663e+00 0.000000e+00 -1.000000e+00 0.000000e+00 8.579370e-03 1.100000e+03 3.935589e+00 0.000000e+00 -9.990070e+05 3.000000e+00 -1.000000e+00 9.300977e-01 -1.0 0.000000e+00 0.000000e+00 -1.000000e+00 8.087388e-01 -1.000000e+00 -9.990070e+05 6.872928e-01 6.872928e-01 9.724751e-01 1.832781e+00 6.219923e+00 0.000000e+00 -1.000000e+00 9.591972e-02 0.000000e+00 5.700694e+00
2.948938e+00 -1.000000e+00 0.000000e+00 -1.000000e+00 -1.000000e+00 4.000000e+02 4.352134e-01 -1.000000e+00 -1.000000e+00 1.101621e+01 0.000000e+00 -1.000000e+00 0.000000e+00 1.032747e-02 1.100000e+03 4.485886e+00 0.000000e+00 -9.990070e+05 3.000000e+00 -1.000000e+00 9.289663e-01 -1.0 0.000000e+00 0.000000e+00 -1.000000e+00 8.162195e-01 -1.000000e+00 -9.990070e+05 6.282508e-01 6.282508e-01 9.735779e-01 2.084114e+00 7.060271e+00 0.000000e+00 -1.000000e+00 1.067694e-01 0.000000e+00 6.521499e+00
3.967663e+00 -1.000000e+00 0.000000e+00 -1.000000e+00 -1.000000e+00 5.000000e+02 4.682136e-01 -1.000000e+00 -1.000000e+00 1.462691e+01 0.000000e+00 -1.000000e+00 0.000000e+00 1.505113e-02 1.100000e+03 6.011831e+00 0.000000e+00 -9.990070e+05 3.000000e+00 -1.000000e+00 9.437568e-01 -1.0 0.000000e+00 0.000000e+00 -1.000000e+00 8.294136e-01 -1.000000e+00 -9.990070e+05 5.080507e-01 5.080507e-01 9.755119e-01 2.796662e+00 9.429352e+00 0.000000e+00 -1.000000e+00 1.305783e-01 0.000000e+00 8.726464e+00
5.202240e+00 -1.000000e+00 0.000000e+00 -1.000000e+00 -1.000000e+00 6.000000e+02 4.965339e-01 -1.000000e+00 -1.000000e+00 1.918797e+01 0.000000e+00 -1.000000e+00 0.000000e+00 2.168608e-02 1.100000e+03 7.895574e+00 0.000000e+00 -9.990070e+05 3.000000e+00 -1.000000e+00 9.902501e-01 -1.0 0.000000e+00 0.000000e+00 -1.000000e+00 8.400754e-01 -1.000000e+00 -9.990070e+05 3.881137e-01 3.881137e-01 9.770654e-01 3.670645e+00 1.238716e+01 0.000000e+00 -1.000000e+00 1.553226e-01 0.000000e+00 1.147248e+01
3.032851e+00 -1.000000e+00 0.000000e+00 -1.000000e+00 -1.000000e+00 0.000000e+00 4.383355e-01 -1.000000e+00 -1.000000e+00 1.132171e+01 0.000000e+00 -1.000000e+00 0.000000e+00 1.068254e-02 1.200000e+03 4.612537e+00 0.000000e+00 -9.990070e+05 3.000000e+00 -1.000000e+00 9.291764e-01 -1.0 0.000000e+00 0.000000e+00 -1.000000e+00 8.175088e-01 -1.000000e+00 -9.990070e+05 6.170128e-01 6.170128e-01 9.737675e-01 2.141779e+00 7.256907e+00 0.000000e+00 -1.000000e+00 1.088151e-01 0.000000e+00 6.725894e+00
2.710826e+00 -1.000000e+00 0.000000e+00 -1.000000e+00 -1.000000e+00 1.000000e+02 4.240384e-01 -1.000000e+00 -1.000000e+00 9.917570e+00 0.000000e+00 -1.000000e+00 0.000000e+00 9.174620e-03 1.200000e+03 4.086898e+00 0.000000e+00 -9.990070e+05 3.000000e+00 -1.000000e+00 9.285382e-01 -1.0 0.000000e+00 0.000000e+00 -1.000000e+00 8.115263e-01 -1.000000e+00 -9.990070e+05 6.637286e-01 6.637286e-01 9.728866e-01 1.909239e+00 6.400143e+00 0.000000e+00 -1.000000e+00 9.976874e-02 0.000000e+00 5.942028e+00
3.418842e+00 -1.000000e+00 0.000000e+00 -1.000000e+00 -1.000000e+00 2.000000e+02 4.516923e-01 -1.000000e+00 -1.000000e+00 1.268555e+01 0.000000e+00 -1.000000e+00 0.000000e+00 1.239469e-02 1.200000e+03 5.189598e+00 0.000000e+00 -9.990070e+05 3.000000e+00 -1.000000e+00 9.329682e-01 -1.0 0.000000e+00 0.000000e+00 -1.000000e+00 8.229238e-01 -1.000000e+00 -9.990070e+05 5.703543e-01 5.703543e-01 9.745623e-01 2.412802e+00 8.152144e+00 0.000000e+00 -1.000000e+00 1.180381e-01 0.000000e+00 7.551987e+00
3.440168e+00 -1.000000e+00 0.000000e+00 -1.000000e+00 -1.000000e+00 3.000000e+02 4.522295e-01 -1.000000e+00 -1.000000e+00 1.259147e+01 0.000000e+00 -1.000000e+00 0.000000e+00 1.247084e-02 1.200000e+03 5.194962e+00 0.000000e+00 -9.990070e+05 3.000000e+00 -1.000000e+00 9.332103e-01 -1.0 0.000000e+00 0.000000e+00 -1.000000e+00 8.231383e-01 -1.000000e+00 -9.990070e+05 5.684563e-01 5.684563e-01 9.745938e-01 2.420353e+00 8.136350e+00 0.000000e+00 -1.000000e+00 1.184255e-01 0.000000e+00 7.547511e+00
3.808371e+00 -1.000000e+00 0.000000e+00 -1.000000e+00 -1.000000e+00 4.000000e+02 4.642346e-01 -1.000000e+00 -1.000000e+00 1.410246e+01 0.000000e+00 -1.000000e+00 0.000000e+00 1.434702e-02 1.200000e+03 5.786236e+00 0.000000e+00 -9.990070e+05 3.000000e+00 -1.000000e+00 9.405642e-01 -1.0 0.000000e+00 0.000000e+00 -1.000000e+00 8.278703e-01 -1.000000e+00 -9.990070e+05 5.244672e-01 5.244672e-01 9.752864e-01 2.692931e+00 9.084943e+00 0.000000e+00 -1.000000e+00 1.274377e-01 0.000000e+00 8.394254e+00
4.990188e+00 -1.000000e+00 0.000000e+00 -1.000000e+00 -1.000000e+00 5.000000e+02 4.919372e-01 -1.000000e+00 -1.000000e+00 1.878966e+01 0.000000e+00 -1.000000e+00 0.000000e+00 2.037440e-02 1.200000e+03 7.580096e+00 0.000000e+00 -9.990070e+05 3.000000e+00 -1.000000e+00 9.790635e-01 -1.0 0.000000e+00 0.000000e+00 -1.000000e+00 8.383807e-01 -1.000000e+00 -9.990070e+05 4.083946e-01 4.083946e-01 9.768190e-01 3.527497e+00 1.196643e+01 0.000000e+00 -1.000000e+00 1.510085e-01 0.000000e+00 1.105069e+01
5.729002e+00 -1.000000e+00 0.000000e+00 -1.000000e+00 -1.000000e+00 6.000000e+02 5.000000e-01 -1.000000e+00 -1.000000e+00 2.115208e+01 0.000000e+00 -1.000000e+00 0.000000e+00 2.275013e-02 1.200000e+03 8.686592e+00 0.000000e+00 -9.990070e+05 3.000000e+00 -1.000000e+00 1.020136e+00 -1.0 0.000000e+00 0.000000e+00 -1.000000e+00 8.413447e-01 -1.000000e+00 -9.990070e+05 3.448670e-01 3.448670e-01 9.772499e-01 4.041000e+00 1.362881e+01 0.000000e+00 -1.000000e+00 1.586553e-01 0.000000e+00 1.261802e+01
4.123349e+00 -1.000000e+00 0.000000e+00 -1.000000e+00 -1.000000e+00 0.000000e+00 4.723919e-01 -1.000000e+00 -1.000000e+00 1.508133e+01 0.000000e+00 -1.000000e+00 0.000000e+00 1.584103e-02 1.300000e+03 6.228637e+00 0.000000e+00 -9.990070e+05 3.000000e+00 -1.000000e+00 9.478732e-01 -1.0 0.000000e+00 0.000000e+00 -1.000000e+00 8.310215e-01 -1.000000e+00 -9.990070e+05 4.910985e-01 4.910985e-01 9.757467e-01 2.901083e+00 9.751465e+00 0.000000e+00 -1.000000e+00 1.339618e-01 0.000000e+00 9.041988e+00
3.895531e+00 -1.000000e+00 0.000000e+00 -1.000000e+00 -1.000000e+00 1.000000e+02 4.662446e-01 -1.000000e+00 -1.000000e+00 1.430852e+01 0.000000e+00 -1.000000e+00 0.000000e+00 1.469709e-02 1.300000e+03 5.897912e+00 0.000000e+00 -9.990070e+05 3.000000e+00 -1.000000e+00 9.420486e-01 -1.0 0.000000e+00 0.000000e+00 -1.000000e+00 8.286514e-01 -1.000000e+00 -9.990070e+05 5.159061e-01 5.159061e-01 9.754005e-01 2.742026e+00 9.243069e+00 0.000000e+00 -1.000000e+00 1.290143e-01 0.000000e+00 8.583115e+00
4.397635e+00 -1.000000e+00 0.000000e+00 -1.000000e+00 -1.000000e+00 2.000000e+02 4.791207e-01 -1.000000e+00 -1.000000e+00 1.604754e+01 0.000000e+00 -1.000000e+00 0.000000e+00 1.723367e-02 1.300000e+03 6.632489e+00 0.000000e+00 -9.990070e+05 3.000000e+00 -1.000000e+00 9.561737e-01 -1.0 0.000000e+00 0.000000e+00 -1.000000e+00 8.335843e-01 -1.000000e+00 -9.990070e+05 4.634696e-01 4.634696e-01 9.761205e-01 3.096520e+00 1.037923e+01 0.000000e+00 -1.000000e+00 1.395995e-01 0.000000e+00 9.641004e+00
4.896132e+00 -1.000000e+00 0.000000e+00 -1.000000e+00 -1.000000e+00 3.000000e+02 4.904201e-01 -1.000000e+00 -1.000000e+00 1.788306e+01 0.000000e+00 -1.000000e+00 0.000000e+00 1.996472e-02 1.300000e+03 7.387897e+00 0.000000e+00 -9.990070e+05 3.000000e+00 -1.000000e+00 9.757598e-01 -1.0 0.000000e+00 0.000000e+00 -1.000000e+00 8.378186e-01 -1.000000e+00 -9.990070e+05 4.150165e-01 4.150165e-01 9.767372e-01 3.446631e+00 1.156389e+01 0.000000e+00 -1.000000e+00 1.496109e-01 0.000000e+00 1.073451e+01
5.272810e+00 -1.000000e+00 0.000000e+00 -1.000000e+00 -1.000000e+00 4.000000e+02 4.980619e-01 -1.000000e+00 -1.000000e+00 1.950203e+01 0.000000e+00 -1.000000e+00 0.000000e+00 2.214684e-02 1.300000e+03 8.006033e+00 0.000000e+00 -9.990070e+05 3.000000e+00 -1.000000e+00 9.943937e-01 -1.0 0.000000e+00 0.000000e+00 -1.000000e+00 8.406358e-01 -1.000000e+00 -9.990070e+05 3.810523e-01 3.810523e-01 9.771469e-01 3.725595e+00 1.256558e+01 0.000000e+00 -1.000000e+00 1.567832e-01 0.000000e+00 1.163142e+01
6.108999e+00 -1.000000e+00 0.000000e+00 -1.000000e+00 -1.000000e+00 5.000000e+02 5.000000e-01 -1.000000e+00 -1.000000e+00 2.260112e+01 0.000000e+00 -1.000000e+00 0.000000e+00 2.275013e-02 1.300000e+03 9.274917e+00 0.000000e+00 -9.990070e+05 3.000000e+00 -1.000000e+00 1.046617e+00 -1.0 0.000000e+00 0.000000e+00 -1.000000e+00 8.413447e-01 -1.000000e+00 -9.990070e+05 3.161344e-01 3.161344e-01 9.772499e-01 4.321079e+00 1.455361e+01 0.000000e+00 -1.000000e+00 1.586553e-01 0.000000e+00 1.346592e+01
6.697968e+00 -1.000000e+00 0.000000e+00 -1.000000e+00 -1.000000e+00 6.000000e+02 5.000000e-01 -1.000000e+00 -1.000000e+00 2.463884e+01 0.000000e+00 -1.000000e+00 0.000000e+00 2.275013e-02 1.300000e+03 1.012908e+01 0.000000e+00 -9.990070e+05 3.000000e+00 -1.000000e+00 1.084793e+00 -1.0 0.000000e+00 0.000000e+00 -1.000000e+00 8.413447e-01 -1.000000e+00 -9.990070e+05 2.833859e-01 2.833859e-01 9.772499e-01 4.708584e+00 1.588495e+01 0.000000e+00 -1.000000e+00 1.586553e-01 0.000000e+00 1.470468e+01
6.206693e+00 -1.000000e+00 0.000000e+00 -1.000000e+00 -1.000000e+00 0.000000e+00 5.000000e-01 -1.000000e+00 -1.000000e+00 2.272471e+01 0.000000e+00 -1.000000e+00 0.000000e+00 2.275013e-02 1.400000e+03 9.381005e+00 0.000000e+00 -9.990070e+05 3.000000e+00 -1.000000e+00 1.052643e+00 -1.0 0.000000e+00 0.000000e+00 -1.000000e+00 8.413447e-01 -1.000000e+00 -9.990070e+05 3.103481e-01 3.103481e-01 9.772499e-01 4.365469e+00 1.468934e+01 0.000000e+00 -1.000000e+00 1.586553e-01 0.000000e+00 1.362184e+01
6.674442e+00 -1.000000e+00 0.000000e+00 -1.000000e+00 -1.000000e+00 1.000000e+02 5.000000e-01 -1.000000e+00 -1.000000e+00 2.458484e+01 0.000000e+00 -1.000000e+00 0.000000e+00 2.275013e-02 1.400000e+03 1.010294e+01 0.000000e+00 -9.990070e+05 3.000000e+00 -1.000000e+00 1.082466e+00 -1.0 0.000000e+00 0.000000e+00 -1.000000e+00 8.413447e-01 -1.000000e+00 -9.990070e+05 2.851077e-01 2.851077e-01 9.772499e-01 4.690108e+00 1.584874e+01 0.000000e+00 -1.000000e+00 1.586553e-01 0.000000e+00 1.470527e+01
6.695770e+00 -1.000000e+00 0.000000e+00 -1.000000e+00 -1.000000e+00 2.000000e+02 5.000000e-01 -1.000000e+00 -1.000000e+00 2.486202e+01 0.000000e+00 -1.000000e+00 0.000000e+00 2.275013e-02 1.400000e+03 1.016551e+01 0.000000e+00 -9.990070e+05 3.000000e+00 -1.000000e+00 1.082895e+00 -1.0 0.000000e+00 0.000000e+00 -1.000000e+00 8.413447e-01 -1.000000e+00 -9.990070e+05 2.847687e-01 2.847687e-01 9.772499e-01 4.713613e+00 1.598089e+01 0.000000e+00 -1.000000e+00 1.586553e-01 0.000000e+00 1.484220e+01
7.401184e+00 -1.000000e+00 0.000000e+00 -1.000000e+00 -1.000000e+00 3.000000e+02 5.000000e-01 -1.000000e+00 -1.000000e+00 2.724396e+01 0.000000e+00 -1.000000e+00 0.000000e+00 2.275013e-02 1.400000e+03 1.122571e+01 0.000000e+00 -9.990070e+05 3.000000e+00 -1.000000e+00 1.135639e+00 -1.0 0.000000e+00 0.000000e+00 -1.000000e+00 8.413447e-01 -1.000000e+00 -9.990070e+05 2.502827e-01 2.502827e-01 9.772499e-01 5.222012e+00 1.759796e+01 0.000000e+00 -1.000000e+00 1.586553e-01 0.000000e+00 1.635689e+01
7.926639e+00 -1.000000e+00 0.000000e+00 -1.000000e+00 -1.000000e+00 4.000000e+02 5.000000e-01 -1.000000e+00 -1.000000e+00 2.918360e+01 0.000000e+00 -1.000000e+00 0.000000e+00 2.275013e-02 1.400000e+03 1.200240e+01 0.000000e+00 -9.990070e+05 3.000000e+00 -1.000000e+00 1.171309e+00 -1.0 0.000000e+00 0.000000e+00 -1.000000e+00 8.413447e-01 -1.000000e+00 -9.990070e+05 2.312692e-01 2.312692e-01 9.772499e-01 5.580100e+00 1.882032e+01 0.000000e+00 -1.000000e+00 1.586553e-01 0.000000e+00 1.744869e+01
7.983462e+00 -1.000000e+00 0.000000e+00 -1.000000e+00 -1.000000e+00 5.000000e+02 5.000000e-01 -1.000000e+00 -1.000000e+00 2.949463e+01 0.000000e+00 -1.000000e+00 0.000000e+00 2.275013e-02 1.400000e+03 1.210899e+01 0.000000e+00 -9.990070e+05 3.000000e+00 -1.000000e+00 1.175872e+00 -1.0 0.000000e+00 0.000000e+00 -1.000000e+00 8.413447e-01 -1.000000e+00 -9.990070e+05 2.290459e-01 2.290459e-01 9.772499e-01 5.630990e+00 1.900352e+01 0.000000e+00 -1.000000e+00 1.586553e-01 0.000000e+00 1.760212e+01
1.044875e+01 -1.000000e+00 0.000000e+00 -1.000000e+00 -1.000000e+00 6.000000e+02 5.000000e-01 -1.000000e+00 -1.000000e+00 3.841032e+01 0.000000e+00 -1.000000e+00 0.000000e+00 2.275013e-02 1.400000e+03 1.582726e+01 0.000000e+00 -9.990070e+05 3.000000e+00 -1.000000e+00 1.249157e+00 -1.0 0.000000e+00 0.000000e+00 -1.000000e+00 8.413447e-01 -1.000000e+00 -9.990070e+05 1.862274e-01 1.862274e-01 9.772499e-01 7.362526e+00 2.480776e+01 0.000000e+00 -1.000000e+00 1.586553e-01 0.000000e+00 2.299458e+01
1.067528e+01 -1.000000e+00 0.000000e+00 -1.000000e+00 -1.000000e+00 0.000000e+00 5.000000e-01 -1.000000e+00 -1.000000e+00 3.919821e+01 0.000000e+00 -1.000000e+00 0.000000e+00 2.275013e-02 1.500000e+03 1.615986e+01 0.000000e+00 -9.990070e+05 3.000000e+00 -1.000000e+00 1.248908e+00 -1.0 0.000000e+00 0.000000e+00 -1.000000e+00 8.413447e-01 -1.000000e+00 -9.990070e+05 1.845125e-01 1.845125e-01 9.772499e-01 7.513351e+00 2.532296e+01 0.000000e+00 -1.000000e+00 1.586553e-01 0.000000e+00 2.352022e+01
1.040323e+01 -1.000000e+00 0.000000e+00 -1.000000e+00 -1.000000e+00 1.000000e+02 5.000000e-01 -1.000000e+00 -1.000000e+00 3.801153e+01 0.000000e+00 -1.000000e+00 0.000000e+00 2.275013e-02 1.500000e+03 1.572103e+01 0.000000e+00 -9.990070e+05 3.000000e+00 -1.000000e+00 1.249148e+00 -1.0 0.000000e+00 0.000000e+00 -1.000000e+00 8.413447e-01 -1.000000e+00 -9.990070e+05 1.865664e-01 1.865664e-01 9.772499e-01 7.317605e+00 2.460387e+01 0.000000e+00 -1.000000e+00 1.586553e-01 0.000000e+00 2.282848e+01
1.023480e+01 -1.000000e+00 0.000000e+00 -1.000000e+00 -1.000000e+00 2.000000e+02 5.000000e-01 -1.000000e+00 -1.000000e+00 3.748198e+01 0.000000e+00 -1.000000e+00 0.000000e+00 2.275013e-02 1.500000e+03 1.548129e+01 0.000000e+00 -9.990070e+05 3.000000e+00 -1.000000e+00 1.248699e+00 -1.0 0.000000e+00 0.000000e+00 -1.000000e+00 8.413447e-01 -1.000000e+00 -9.990070e+05 1.881000e-01 1.881000e-01 9.772499e-01 7.204151e+00 2.424040e+01 0.000000e+00 -1.000000e+00 1.586553e-01 0.000000e+00 2.248714e+01
1.104206e+01 -1.000000e+00 0.000000e+00 -1.000000e+00 -1.000000e+00 3.000000e+02 5.000000e-01 -1.000000e+00 -1.000000e+00 4.046459e+01 0.000000e+00 -1.000000e+00 0.000000e+00 2.275013e-02 1.500000e+03 1.669389e+01 0.000000e+00 -9.990070e+05 3.000000e+00 -1.000000e+00 1.246832e+00 -1.0 0.000000e+00 0.000000e+00 -1.000000e+00 8.413447e-01 -1.000000e+00 -9.990070e+05 1.818933e-01 1.818933e-01 9.772499e-01 7.763929e+00 2.614957e+01 0.000000e+00 -1.000000e+00 1.586553e-01 0.000000e+00 2.425094e+01
1.170438e+01 -1.000000e+00 0.000000e+00 -1.000000e+00 -1.000000e+00 4.000000e+02 5.000000e-01 -1.000000e+00 -1.000000e+00 4.298042e+01 0.000000e+00 -1.000000e+00 0.000000e+00 2.275013e-02 1.500000e+03 1.773013e+01 0.000000e+00 -9.990070e+05 3.000000e+00 -1.000000e+00 1.239309e+00 -1.0 0.000000e+00 0.000000e+00 -1.000000e+00 8.413447e-01 -1.000000e+00 -9.990070e+05 1.780600e-01 1.780600e-01 9.772499e-01 8.253651e+00 2.777709e+01 0.000000e+00 -1.000000e+00 1.586553e-01 0.000000e+00 2.575871e+01
1.237112e+01 -1.000000e+00 0.000000e+00 -1.000000e+00 -1.000000e+00 5.000000e+02 5.000000e-01 -1.000000e+00 -1.000000e+00 4.548540e+01 0.000000e+00 -1.000000e+00 0.000000e+00 2.275013e-02 1.500000e+03 1.870575e+01 0.000000e+00 -9.990070e+05 3.000000e+00 -1.000000e+00 1.230380e+00 -1.0 0.000000e+00 0.000000e+00 -1.000000e+00 8.413447e-01 -1.000000e+00 -9.990070e+05 1.754533e-01 1.754533e-01 9.772499e-01 8.697971e+00 2.931987e+01 0.000000e+00 -1.000000e+00 1.586553e-01 0.000000e+00 2.718057e+01
1.435536e+01 -1.000000e+00 0.000000e+00 -1.000000e+00 -1.000000e+00 6.000000e+02 5.000000e-01 -1.000000e+00 -1.000000e+00 5.310859e+01 0.000000e+00 -1.000000e+00 0.000000e+00 2.275013e-02 1.500000e+03 2.179571e+01 0.000000e+00 -9.990070e+05 3.000000e+00 -1.000000e+00 1.199790e+00 -1.0 0.000000e+00 0.000000e+00 -1.000000e+00 8.413447e-01 -1.000000e+00 -9.990070e+05 1.696526e-01 1.696526e-01 9.772499e-01 1.015049e+01 3.420030e+01 0.000000e+00 -1.000000e+00 1.586553e-01 0.000000e+00 3.164280e+01
1.747206e+01 -1.000000e+00 0.000000e+00 -1.000000e+00 -1.000000e+00 0.000000e+00 5.000000e-01 -1.000000e+00 -1.000000e+00 6.413758e+01 0.000000e+00 -1.000000e+00 0.000000e+00 2.275013e-02 1.600000e+03 2.646025e+01 0.000000e+00 -9.990070e+05 3.000000e+00 -1.000000e+00 1.164022e+00 -1.0 0.000000e+00 0.000000e+00 -1.000000e+00 8.413447e-01 -1.000000e+00 -9.990070e+05 1.640808e-01 1.640808e-01 9.772499e-01 1.232027e+01 4.144698e+01 0.000000e+00 -1.000000e+00 1.586553e-01 0.000000e+00 3.841191e+01
1.811897e+01 -1.000000e+00 0.000000e+00 -1.000000e+00 -1.000000e+00 1.000000e+02 5.000000e-01 -1.000000e+00 -1.000000e+00 6.651244e+01 0.000000e+00 -1.000000e+00 0.000000e+00 2.275013e-02 1.600000e+03 2.744381e+01 0.000000e+00 -9.990070e+05 3.000000e+00 -1.000000e+00 1.158036e+00 -1.0 0.000000e+00 0.000000e+00 -1.000000e+00 8.413447e-01 -1.000000e+00 -9.990070e+05 1.631791e-01 1.631791e-01 9.772499e-01 1.277569e+01 4.299080e+01 0.000000e+00 -1.000000e+00 1.586553e-01 0.000000e+00 3.985547e+01
1.972437e+01 -1.000000e+00 0.000000e+00 -1.000000e+00 -1.000000e+00 2.000000e+02 5.000000e-01 -1.000000e+00 -1.000000e+00 7.250359e+01 0.000000e+00 -1.000000e+00 0.000000e+00 2.275013e-02 1.600000e+03 2.988653e+01 0.000000e+00 -9.990070e+05 3.000000e+00 -1.000000e+00 1.144645e+00 -1.0 0.000000e+00 0.000000e+00 -1.000000e+00 8.413447e-01 -1.000000e+00 -9.990070e+05 1.611678e-01 1.611678e-01 9.772499e-01 1.391546e+01 4.683025e+01 0.000000e+00 -1.000000e+00 1.586553e-01 0.000000e+00 4.338759e+01
1.812699e+01 -1.000000e+00 0.000000e+00 -1.000000e+00 -1.000000e+00 3.000000e+02 5.000000e-01 -1.000000e+00 -1.000000e+00 6.665594e+01 0.000000e+00 -1.000000e+00 0.000000e+00 2.275013e-02 1.600000e+03 2.747549e+01 0.000000e+00 -9.990070e+05 3.000000e+00 -1.000000e+00 1.157498e+00 -1.0 0.000000e+00 0.000000e+00 -1.000000e+00 8.413447e-01 -1.000000e+00 -9.990070e+05 1.631044e-01 1.631044e-01 9.772499e-01 1.279342e+01 4.305657e+01 0.000000e+00 -1.000000e+00 1.586553e-01 0.000000e+00 3.989427e+01
1.884038e+01 -1.000000e+00 0.000000e+00 -1.000000e+00 -1.000000e+00 4.000000e+02 5.000000e-01 -1.000000e+00 -1.000000e+00 6.901845e+01 0.000000e+00 -1.000000e+00 0.000000e+00 2.275013e-02 1.600000e+03 2.851457e+01 0.000000e+00 -9.990070e+05 3.000000e+00 -1.000000e+00 1.151798e+00 -1.0 0.000000e+00 0.000000e+00 -1.000000e+00 8.413447e-01 -1.000000e+00 -9.990070e+05 1.622381e-01 1.622381e-01 9.772499e-01 1.327479e+01 4.464462e+01 0.000000e+00 -1.000000e+00 1.586553e-01 0.000000e+00 4.141980e+01
2.159535e+01 -1.000000e+00 0.000000e+00 -1.000000e+00 -1.000000e+00 5.000000e+02 5.000000e-01 -1.000000e+00 -1.000000e+00 7.936979e+01 0.000000e+00 -1.000000e+00 0.000000e+00 2.275013e-02 1.600000e+03 3.272723e+01 0.000000e+00 -9.990070e+05 3.000000e+00 -1.000000e+00 1.131955e+00 -1.0 0.000000e+00 0.000000e+00 -1.000000e+00 8.413447e-01 -1.000000e+00 -9.990070e+05 1.592575e-01 1.592575e-01 9.772499e-01 1.523248e+01 5.128249e+01 0.000000e+00 -1.000000e+00 1.586553e-01 0.000000e+00 4.757978e+01
2.115305e+01 -1.000000e+00 0.000000e+00 -1.000000e+00 -1.000000e+00 6.000000e+02 5.000000e-01 -1.000000e+00 -1.000000e+00 7.796270e+01 0.000000e+00 -1.000000e+00 0.000000e+00 2.275013e-02 1.600000e+03 3.209743e+01 0.000000e+00 -9.990070e+05 3.000000e+00 -1.000000e+00 1.135024e+00 -1.0 0.000000e+00 0.000000e+00 -1.000000e+00 8.413447e-01 -1.000000e+00 -9.990070e+05 1.597171e-01 1.597171e-01 9.772499e-01 1.493173e+01 5.033388e+01 0.000000e+00 -1.000000e+00 1.586553e-01 0.000000e+00 4.674520e+01
2.384507e-01 -1.000000e+00 0.000000e+00 -1.000000e+00 -1.000000e+00 0.000000e+00 3.617615e-03 -1.000000e+00 -1.000000e+00 2.535851e+01 0.000000e+00 -1.000000e+00 0.000000e+00 9.121008e-07 4.000000e+02 4.046669e-01 0.000000e+00 -9.990070e+05 3.000000e+00 -1.000000e+00 3.160238e-02 -1.0 0.000000e+00 0.000000e+00 -1.000000e+00 5.616988e-02 -1.000000e+00 -9.990070e+05 2.337707e-02 2.337707e-02 3.623252e-01 2.332299e-01 7.875953e-01 0.000000e+00 -1.000000e+00 9.240609e-05 0.000000e+00 6.244757e-01
-1.000000e+00 -1.000000e+00 -1.000000e+00 -1.000000e+00 -1.000000e+00 3.750000e+02 2.968212e-01 -1.000000e+00 -1.000000e+00 -1.000000e+00 1.000000e+00 -1.000000e+00 0.000000e+00 2.777949e-03 4.000000e+02 -1.000000e+00 0.000000e+00 -9.990070e+05 -1.000000e+00 -1.000000e+00 9.885358e-01 -1.0 0.000000e+00 0.000000e+00 -1.000000e+00 7.452032e-01 -1.000000e+00 -9.990070e+05 9.709542e-01 9.709542e-01 9.628515e-01 -1.000000e+00 -1.000000e+00 0.000000e+00 -1.000000e+00 4.587959e-02 0.000000e+00 -1.000000e+00
1.734735e+00 -1.000000e+00 0.000000e+00 -1.000000e+00 -1.000000e+00 3.750000e+02 2.651305e-01 -1.000000e+00 -1.000000e+00 5.450121e+01 0.000000e+00 -1.000000e+00 0.000000e+00 2.075719e-03 4.250000e+02 3.594289e+00 0.000000e+00 -9.990070e+05 3.000000e+00 -1.000000e+00 8.502394e-01 -1.0 0.000000e+00 0.000000e+00 -1.000000e+00 7.227744e-01 -1.000000e+00 -9.990070e+05 7.075362e-01 7.075362e-01 9.593069e-01 1.676122e+00 1.069986e+01 0.000000e+00 -1.000000e+00 3.733007e-02 0.000000e+00 6.380274e+00
8.646778e-01 -1.000000e+00 4.000000e+03 -1.000000e+00 -1.000000e+00 3.000000e+02 1.107753e-01 -1.000000e+00 -1.000000e+00 9.897356e+00 0.000000e+00 -1.000000e+00 1.000000e+00 3.269903e-04 5.000000e+02 1.462679e+00 1.000000e+00 -9.990070e+05 2.000000e+00 -1.000000e+00 5.273735e-01 -1.0 0.000000e+00 0.000000e+00 -1.000000e+00 5.196423e-01 -1.000000e+00 -9.990070e+05 4.170499e-01 4.170499e-01 9.194440e-01 6.263797e-01 2.994283e+00 0.000000e+00 -1.000000e+00 9.514862e-03 1.000000e+00 2.376316e+00
7.404316e-01 -1.000000e+00 4.000000e+03 -1.000000e+00 -1.000000e+00 3.000000e+02 7.344018e-02 -1.000000e+00 -1.000000e+00 3.017470e+00 0.000000e+00 -1.000000e+00 1.000000e+00 1.508569e-04 6.000000e+02 1.135461e+00 1.000000e+00 -9.990070e+05 2.000000e+00 -1.000000e+00 4.499607e-01 -1.0 0.000000e+00 0.000000e+00 -1.000000e+00 4.186187e-01 -1.000000e+00 -9.990070e+05 3.673153e-01 3.673153e-01 8.883323e-01 5.213204e-01 1.841719e+00 0.000000e+00 -1.000000e+00 5.276277e-03 1.000000e+00 1.694995e+00
-1.000000e+00 -1.000000e+00 4.000000e+03 -1.000000e+00 -1.000000e+00 5.750000e+02 2.509575e-02 -1.000000e+00 -1.000000e+00 -1.000000e+00 0.000000e+00 -1.000000e+00 1.000000e+00 2.236031e-05 6.000000e+02 -1.000000e+00 1.000000e+00 -9.990070e+05 3.000000e+00 -1.000000e+00 1.205690e-01 -1.0 0.000000e+00 0.000000e+00 -1.000000e+00 2.146247e-01 -1.000000e+00 -9.990070e+05 8.384349e-02 8.384349e-02 7.436571e-01 -1.000000e+00 -1.000000e+00 0.000000e+00 -1.000000e+00 1.195647e-03 0.000000e+00 -1.000000e+00
1.156842e+00 -1.000000e+00 0.000000e+00 -1.000000e+00 -1.000000e+00 3.000000e+02 2.016826e-01 -1.000000e+00 -1.000000e+00 4.728870e+00 0.000000e+00 -1.000000e+00 0.000000e+00 1.102707e-03 7.000000e+02 1.770672e+00 0.000000e+00 -9.990070e+05 3.000000e+00 -1.000000e+00 8.416291e-01 -1.0 0.000000e+00 0.000000e+00 -1.000000e+00 6.644312e-01 -1.000000e+00 -9.990070e+05 7.403104e-01 7.403104e-01 9.495531e-01 8.175800e-01 2.879855e+00 0.000000e+00 -1.000000e+00 2.359046e-02 0.000000e+00 2.603948e+00
1.872410e+00 -1.000000e+00 0.000000e+00 -1.000000e+00 -1.000000e+00 4.000000e+02 3.458841e-01 -1.000000e+00 -1.000000e+00 8.607204e+00 0.000000e+00 -1.000000e+00 0.000000e+00 4.328956e-03 7.000000e+02 2.929572e+00 0.000000e+00 -9.990070e+05 3.000000e+00 -1.000000e+00 9.679606e-01 -1.0 0.000000e+00 0.000000e+00 -1.000000e+00 7.743059e-01 -1.000000e+00 -9.990070e+05 9.014010e-01 9.014010e-01 9.673248e-01 1.291713e+00 5.002244e+00 0.000000e+00 -1.000000e+00 6.219297e-02 0.000000e+00 4.390541e+00
2.753232e+00 -1.000000e+00 0.000000e+00 -1.000000e+00 -1.000000e+00 5.000000e+02 4.234462e-01 -1.000000e+00 -1.000000e+00 1.106930e+01 0.000000e+00 -1.000000e+00 0.000000e+00 9.118230e-03 7.000000e+02 4.205474e+00 0.000000e+00 -9.990070e+05 3.000000e+00 -1.000000e+00 9.317387e-01 -1.0 0.000000e+00 0.000000e+00 -1.000000e+00 8.112741e-01 -1.000000e+00 -9.990070e+05 6.772712e-01 6.772712e-01 9.728494e-01 1.941668e+00 6.807151e+00 0.000000e+00 -1.000000e+00 9.941131e-02 0.000000e+00 6.164381e+00
6.205210e+00 -1.000000e+00 0.000000e+00 -1.000000e+00 -1.000000e+00 6.000000e+02 4.980062e-01 -1.000000e+00 -1.000000e+00 4.056888e+01 0.000000e+00 -1.000000e+00 0.000000e+00 2.212985e-02 7.000000e+02 1.063960e+01 0.000000e+00 -9.990070e+05 3.000000e+00 -1.000000e+00 9.943800e-01 -1.0 0.000000e+00 0.000000e+00 -1.000000e+00 8.406155e-01 -1.000000e+00 -9.990070e+05 3.893192e-01 3.893192e-01 9.771439e-01 4.261577e+00 2.023355e+01 0.000000e+00 -1.000000e+00 1.567298e-01 0.000000e+00 1.642228e+01
7.115325e-01 -1.000000e+00 4.000000e+03 -1.000000e+00 -1.000000e+00 0.000000e+00 6.403778e-02 -1.000000e+00 -1.000000e+00 2.661664e+00 0.000000e+00 -1.000000e+00 1.000000e+00 1.173244e-04 8.000000e+02 1.081654e+00 1.000000e+00 -9.990070e+05 2.000000e+00 -1.000000e+00 4.110965e-01 -1.0 0.000000e+00 0.000000e+00 -1.000000e+00 3.869409e-01 -1.000000e+00 -9.990070e+05 3.350800e-01 3.350800e-01 8.754240e-01 5.027242e-01 1.705421e+00 0.000000e+00 -1.000000e+00 4.349220e-03 1.000000e+00 1.576050e+00
8.591884e-01 -1.000000e+00 4.000000e+03 -1.000000e+00 -1.000000e+00 1.000000e+02 1.089019e-01 -1.000000e+00 -1.000000e+00 3.274972e+00 0.000000e+00 -1.000000e+00 1.000000e+00 3.164409e-04 8.000000e+02 1.305357e+00 1.000000e+00 -9.990070e+05 2.000000e+00 -1.000000e+00 5.920205e-01 -1.0 0.000000e+00 0.000000e+00 -1.000000e+00 5.153606e-01 -1.000000e+00 -9.990070e+05 4.917762e-01 4.917762e-01 9.183521e-01 6.067885e-01 2.072548e+00 0.000000e+00 -1.000000e+00 9.281494e-03 1.000000e+00 1.914797e+00
9.071109e-01 -1.000000e+00 4.000000e+03 -1.000000e+00 -1.000000e+00 2.000000e+02 1.240473e-01 -1.000000e+00 -1.000000e+00 3.634024e+00 0.000000e+00 -1.000000e+00 1.000000e+00 4.072255e-04 8.000000e+02 1.384298e+00 1.000000e+00 -9.990070e+05 3.000000e+00 -1.000000e+00 6.367778e-01 -1.0 0.000000e+00 0.000000e+00 -1.000000e+00 5.480194e-01 -1.000000e+00 -9.990070e+05 5.307484e-01 5.307484e-01 9.263098e-01 6.386858e-01 2.242744e+00 0.000000e+00 -1.000000e+00 1.123031e-02 0.000000e+00 2.050191e+00
9.791566e-01 -1.000000e+00 0.000000e+00 -1.000000e+00 -1.000000e+00 3.000000e+02 1.474662e-01 -1.000000e+00 -1.000000e+00 3.774197e+00 0.000000e+00 -1.000000e+00 0.000000e+00 5.736937e-04 8.000000e+02 1.490390e+00 0.000000e+00 -9.990070e+05 3.000000e+00 -1.000000e+00 7.066719e-01 -1.0 0.000000e+00 0.000000e+00 -1.000000e+00 5.908483e-01 -1.000000e+00 -9.990070e+05 5.963550e-01 5.963550e-01 9.356388e-01 6.910055e-01 2.377361e+00 0.000000e+00 -1.000000e+00 1.452722e-02 0.000000e+00 2.169264e+00
1.326798e+00 -1.000000e+00 0.000000e+00 -1.000000e+00 -1.000000e+00 4.000000e+02 2.514698e-01 -1.000000e+00 -1.000000e+00 4.950947e+00 0.000000e+00 -1.000000e+00 0.000000e+00 1.824225e-03 8.000000e+02 2.017310e+00 0.000000e+00 -9.990070e+05 3.000000e+00 -1.000000e+00 9.390542e-01 -1.0 0.000000e+00 0.000000e+00 -1.000000e+00 7.119471e-01 -1.000000e+00 -9.990070e+05 8.767276e-01 8.767276e-01 9.575599e-01 9.377097e-01 3.175561e+00 0.000000e+00 -1.000000e+00 3.402815e-02 0.000000e+00 2.935705e+00
2.394737e+00 -1.000000e+00 0.000000e+00 -1.000000e+00 -1.000000e+00 5.000000e+02 4.026192e-01 -1.000000e+00 -1.000000e+00 9.769591e+00 0.000000e+00 -1.000000e+00 0.000000e+00 7.384702e-03 8.000000e+02 3.662497e+00 0.000000e+00 -9.990070e+05 3.000000e+00 -1.000000e+00 9.342976e-01 -1.0 0.000000e+00 0.000000e+00 -1.000000e+00 8.021552e-01 -1.000000e+00 -9.990070e+05 7.349902e-01 7.349902e-01 9.715002e-01 1.694924e+00 5.974890e+00 0.000000e+00 -1.000000e+00 8.764583e-02 0.000000e+00 5.370513e+00
3.969100e+00 -1.000000e+00 0.000000e+00 -1.000000e+00 -1.000000e+00 6.000000e+02 4.663098e-01 -1.000000e+00 -1.000000e+00 1.569047e+01 0.000000e+00 -1.000000e+00 0.000000e+00 1.470864e-02 8.000000e+02 6.022900e+00 0.000000e+00 -9.990070e+05 3.000000e+00 -1.000000e+00 9.426403e-01 -1.0 0.000000e+00 0.000000e+00 -1.000000e+00 8.286767e-01 -1.000000e+00 -9.990070e+05 5.186061e-01 5.186061e-01 9.754042e-01 2.805687e+00 9.723467e+00 0.000000e+00 -1.000000e+00 1.290658e-01 0.000000e+00 8.823767e+00
1.082666e+00 -1.000000e+00 4.000000e+03 -1.000000e+00 -1.000000e+00 0.000000e+00 1.812650e-01 -1.000000e+00 -1.000000e+00 4.105844e+00 0.000000e+00 -1.000000e+00 1.000000e+00 8.771580e-04 9.000000e+02 1.650308e+00 1.000000e+00 -9.990070e+05 3.000000e+00 -1.000000e+00 8.023888e-01 -1.0 0.000000e+00 0.000000e+00 -1.000000e+00 6.400866e-01 -1.000000e+00 -9.990070e+05 6.972640e-01 6.972640e-01 9.451881e-01 7.637120e-01 2.614158e+00 0.000000e+00 -1.000000e+00 1.992667e-02 0.000000e+00 2.417530e+00
1.163447e+00 -1.000000e+00 0.000000e+00 -1.000000e+00 -1.000000e+00 1.000000e+02 2.042751e-01 -1.000000e+00 -1.000000e+00 4.505269e+00 0.000000e+00 -1.000000e+00 0.000000e+00 1.133925e-03 9.000000e+02 1.774590e+00 0.000000e+00 -9.990070e+05 3.000000e+00 -1.000000e+00 8.547588e-01 -1.0 0.000000e+00 0.000000e+00 -1.000000e+00 6.672866e-01 -1.000000e+00 -9.990070e+05 7.585268e-01 7.585268e-01 9.500522e-01 8.200341e-01 2.834323e+00 0.000000e+00 -1.000000e+00 2.407919e-02 0.000000e+00 2.614089e+00
1.062319e+00 -1.000000e+00 4.000000e+03 -1.000000e+00 -1.000000e+00 2.000000e+02 1.749332e-01 -1.000000e+00 -1.000000e+00 4.016237e+00 0.000000e+00 -1.000000e+00 1.000000e+00 8.140525e-04 9.000000e+02 1.615219e+00 1.000000e+00 -9.990070e+05 3.000000e+00 -1.000000e+00 7.864003e-01 -1.0 0.000000e+00 0.000000e+00 -1.000000e+00 6.317935e-01 -1.000000e+00 -9.990070e+05 6.796273e-01 6.796273e-01 9.436523e-01 7.504312e-01 2.555612e+00 0.000000e+00 -1.000000e+00 1.885429e-02 0.000000e+00 2.352829e+00
1.254151e+00 -1.000000e+00 0.000000e+00 -1.000000e+00 -1.000000e+00 3.000000e+02 2.296885e-01 -1.000000e+00 -1.000000e+00 4.852332e+00 0.000000e+00 -1.000000e+00 0.000000e+00 1.474674e-03 9.000000e+02 1.913526e+00 0.000000e+00 -9.990070e+05 3.000000e+00 -1.000000e+00 9.031314e-01 -1.0 0.000000e+00 0.000000e+00 -1.000000e+00 6.929008e-01 -1.000000e+00 -9.990070e+05 8.220235e-01 8.220235e-01 9.544220e-01 8.838363e-01 3.055521e+00 0.000000e+00 -1.000000e+00 2.917535e-02 0.000000e+00 2.816896e+00
2.058253e+00 -1.000000e+00 0.000000e+00 -1.000000e+00 -1.000000e+00 4.000000e+02 3.748737e-01 -1.000000e+00 -1.000000e+00 7.829305e+00 0.000000e+00 -1.000000e+00 0.000000e+00 5.656328e-03 9.000000e+02 3.121226e+00 0.000000e+00 -9.990070e+05 3.000000e+00 -1.000000e+00 9.454813e-01 -1.0 0.000000e+00 0.000000e+00 -1.000000e+00 7.891579e-01 -1.000000e+00 -9.990070e+05 8.117052e-01 8.117052e-01 9.695626e-01 1.455897e+00 4.948795e+00 0.000000e+00 -1.000000e+00 7.413398e-02 0.000000e+00 4.532789e+00
3.407496e+00 -1.000000e+00 0.000000e+00 -1.000000e+00 -1.000000e+00 5.000000e+02 4.498631e-01 -1.000000e+00 -1.000000e+00 1.362097e+01 0.000000e+00 -1.000000e+00 0.000000e+00 1.213991e-02 9.000000e+02 5.180169e+00 0.000000e+00 -9.990070e+05 3.000000e+00 -1.000000e+00 9.327873e-01 -1.0 0.000000e+00 0.000000e+00 -1.000000e+00 8.221915e-01 -1.000000e+00 -9.990070e+05 5.794145e-01 5.794145e-01 9.744550e-01 2.412015e+00 8.384087e+00 0.000000e+00 -1.000000e+00 1.167284e-01 0.000000e+00 7.604411e+00
5.190250e+00 -1.000000e+00 0.000000e+00 -1.000000e+00 -1.000000e+00 6.000000e+02 4.929280e-01 -1.000000e+00 -1.000000e+00 2.060581e+01 0.000000e+00 -1.000000e+00 0.000000e+00 2.064803e-02 9.000000e+02 7.921735e+00 0.000000e+00 -9.990070e+05 3.000000e+00 -1.000000e+00 9.814031e-01 -1.0 0.000000e+00 0.000000e+00 -1.000000e+00 8.387471e-01 -1.000000e+00 -9.990070e+05 4.054878e-01 4.054878e-01 9.768723e-01 3.652689e+00 1.279281e+01 0.000000e+00 -1.000000e+00 1.519283e-01 0.000000e+00 1.176493e+01
