2.869618e-01 -1.000000e+00 0.000000e+00 -1.000000e+00 -1.000000e+00 0.000000e+00 3.134065e-05 -1.000000e+00 -1.000000e+00 8.462846e-01 0.000000e+00 -1.000000e+00 0.000000e+00 7.115453e-10 1.000000e+03 4.095851e-01 0.000000e+00 -9.990070e+05 3.000000e+00 -1.000000e+00 2.491695e-05 -1.0 0.000000e+00 0.000000e+00 -1.000000e+00 1.558845e-03 -1.000000e+00 -9.990070e+05 9.954054e-06 9.954054e-06 3.050277e-02 2.112025e-01 5.947616e-01 0.000000e+00 -1.000000e+00 2.423750e-07 0.000000e+00 3.688622e-01
2.981966e-01 -1.000000e+00 0.000000e+00 -1.000000e+00 -1.000000e+00 1.000000e+02 5.465498e-05 -1.000000e+00 -1.000000e+00 8.810789e-01 0.000000e+00 -1.000000e+00 0.000000e+00 1.591858e-09 1.000000e+03 4.259163e-01 0.000000e+00 -9.990070e+05 3.000000e+00 -1.000000e+00 4.458622e-05 -1.0 0.000000e+00 0.000000e+00 -1.000000e+00 2.407164e-03 -1.000000e+00 -9.990070e+05 1.778433e-05 1.778433e-05 4.187366e-02 2.194940e-01 6.190563e-01 0.000000e+00 -1.000000e+00 4.784141e-07 0.000000e+00 3.836290e-01
3.283228e-01 -1.000000e+00 4.000000e+03 -1.000000e+00 -1.000000e+00 2.000000e+02 1.953093e-04 -1.000000e+00 -1.000000e+00 9.758053e-01 0.000000e+00 -1.000000e+00 1.000000e+00 1.034290e-08 1.000000e+03 4.676623e-01 1.000000e+00 -9.990070e+05 3.000000e+00 -1.000000e+00 1.707174e-04 -1.0 0.000000e+00 0.000000e+00 -1.000000e+00 6.429999e-03 -1.000000e+00 -9.990070e+05 6.795983e-05 6.795983e-05 8.452600e-02 2.403372e-01 6.825756e-01 0.000000e+00 -1.000000e+00 2.301066e-06 0.000000e+00 4.210969e-01
4.069723e-01 -1.000000e+00 0.000000e+00 -1.000000e+00 -1.000000e+00 3.000000e+02 1.771233e-03 -1.000000e+00 -1.000000e+00 1.213531e+00 0.000000e+00 -1.000000e+00 0.000000e+00 2.957586e-07 1.000000e+03 5.815994e-01 0.000000e+00 -9.990070e+05 3.000000e+00 -1.000000e+00 1.758539e-03 -1.0 0.000000e+00 0.000000e+00 -1.000000e+00 3.349242e-02 -1.000000e+00 -9.990070e+05 6.953140e-04 6.953140e-04 2.600277e-01 2.988661e-01 8.477061e-01 0.000000e+00 -1.000000e+00 3.689189e-05 0.000000e+00 5.232485e-01
5.718651e-01 -1.000000e+00 0.000000e+00 -1.000000e+00 -1.000000e+00 4.000000e+02 1.917699e-02 -1.000000e+00 -1.000000e+00 1.708668e+00 0.000000e+00 -1.000000e+00 0.000000e+00 1.411473e-05 1.000000e+03 8.159977e-01 0.000000e+00 -9.990070e+05 3.000000e+00 -1.000000e+00 2.263148e-02 -1.0 0.000000e+00 0.000000e+00 -1.000000e+00 1.794203e-01 -1.000000e+00 -9.990070e+05 8.861281e-03 8.861281e-03 6.919250e-01 4.188268e-01 1.191384e+00 0.000000e+00 -1.000000e+00 8.315641e-04 0.000000e+00 7.333467e-01
1.308564e+00 -1.000000e+00 0.000000e+00 -1.000000e+00 -1.000000e+00 5.000000e+02 2.616156e-01 -1.000000e+00 -1.000000e+00 3.954036e+00 0.000000e+00 -1.000000e+00 0.000000e+00 2.008393e-03 1.000000e+03 1.871509e+00 0.000000e+00 -9.990070e+05 3.000000e+00 -1.000000e+00 4.280194e-01 -1.0 0.000000e+00 0.000000e+00 -1.000000e+00 7.200627e-01 -1.000000e+00 -9.990070e+05 1.682219e-01 1.682219e-01 9.588717e-01 9.565210e-01 2.742934e+00 0.000000e+00 -1.000000e+00 3.646012e-02 0.000000e+00 1.681720e+00
3.414365e+00 -1.000000e+00 0.000000e+00 -1.000000e+00 -1.000000e+00 6.000000e+02 4.646263e-01 -1.000000e+00 -1.000000e+00 1.074161e+01 0.000000e+00 -1.000000e+00 0.000000e+00 1.441436e-02 1.000000e+03 4.928204e+00 0.000000e+00 -9.990070e+05 3.000000e+00 -1.000000e+00 9.331082e-01 -1.0 0.000000e+00 0.000000e+00 -1.000000e+00 8.280228e-01 -1.000000e+00 -9.990070e+05 4.831809e-01 4.831809e-01 9.753086e-01 2.490089e+00 7.321717e+00 0.000000e+00 -1.000000e+00 1.277433e-01 0.000000e+00 4.436200e+00
4.413121e-01 -1.000000e+00 4.000000e+03 -1.000000e+00 -1.000000e+00 0.000000e+00 3.299470e-03 -1.000000e+00 -1.000000e+00 1.302177e+00 0.000000e+00 -1.000000e+00 1.000000e+00 7.877980e-07 1.100000e+03 6.299971e-01 1.000000e+00 -9.990070e+05 3.000000e+00 -1.000000e+00 3.393576e-03 -1.0 0.000000e+00 0.000000e+00 -1.000000e+00 5.257829e-02 -1.000000e+00 -9.990070e+05 1.335930e-03 1.335930e-03 3.475553e-01 3.249300e-01 9.150859e-01 0.000000e+00 -1.000000e+00 8.203832e-05 0.000000e+00 5.674590e-01
4.512510e-01 -1.000000e+00 0.000000e+00 -1.000000e+00 -1.000000e+00 1.000000e+02 3.907780e-03 -1.000000e+00 -1.000000e+00 1.329009e+00 0.000000e+00 -1.000000e+00 0.000000e+00 1.031606e-06 1.100000e+03 6.441689e-01 0.000000e+00 -9.990070e+05 3.000000e+00 -1.000000e+00 4.062814e-03 -1.0 0.000000e+00 0.000000e+00 -1.000000e+00 5.936029e-02 -1.000000e+00 -9.990070e+05 1.597797e-03 1.597797e-03 3.750757e-01 3.324929e-01 9.351842e-01 0.000000e+00 -1.000000e+00 1.021146e-04 0.000000e+00 5.804716e-01
4.644992e-01 -1.000000e+00 0.000000e+00 -1.000000e+00 -1.000000e+00 2.000000e+02 4.930974e-03 -1.000000e+00 -1.000000e+00 1.371917e+00 0.000000e+00 -1.000000e+00 0.000000e+00 1.497952e-06 1.100000e+03 6.635501e-01 0.000000e+00 -9.990070e+05 3.000000e+00 -1.000000e+00 5.216565e-03 -1.0 0.000000e+00 0.000000e+00 -1.000000e+00 7.006092e-02 -1.000000e+00 -9.990070e+05 2.050511e-03 2.050511e-03 4.155472e-01 3.424720e-01 9.642031e-01 0.000000e+00 -1.000000e+00 1.381212e-04 0.000000e+00 5.981981e-01
5.322196e-01 -1.000000e+00 0.000000e+00 -1.000000e+00 -1.000000e+00 3.000000e+02 1.226984e-02 -1.000000e+00 -1.000000e+00 1.568009e+00 0.000000e+00 -1.000000e+00 0.000000e+00 6.659627e-06 1.100000e+03 7.586237e-01 0.000000e+00 -9.990070e+05 3.000000e+00 -1.000000e+00 1.389830e-02 -1.0 0.000000e+00 0.000000e+00 -1.000000e+00 1.324751e-01 -1.000000e+00 -9.990070e+05 5.441299e-03 5.441299e-03 5.986175e-01 3.912443e-01 1.100319e+00 0.000000e+00 -1.000000e+00 4.578323e-04 0.000000e+00 6.826186e-01
6.500183e-01 -1.000000e+00 4.000000e+03 -1.000000e+00 -1.000000e+00 4.000000e+02 3.629174e-02 -1.000000e+00 -1.000000e+00 1.925489e+00 0.000000e+00 -1.000000e+00 1.000000e+00 4.247117e-05 1.100000e+03 9.275416e-01 1.000000e+00 -9.990070e+05 3.000000e+00 -1.000000e+00 4.524171e-02 -1.0 0.000000e+00 0.000000e+00 -1.000000e+00 2.728415e-01 -1.000000e+00 -9.990070e+05 1.764257e-02 1.764257e-02 8.051103e-01 4.774392e-01 1.348033e+00 0.000000e+00 -1.000000e+00 1.977381e-03 0.000000e+00 8.343860e-01
9.774036e-01 -1.000000e+00 0.000000e+00 -1.000000e+00 -1.000000e+00 5.000000e+02 1.499475e-01 -1.000000e+00 -1.000000e+00 2.917183e+00 0.000000e+00 -1.000000e+00 0.000000e+00 5.933128e-04 1.100000e+03 1.398181e+00 0.000000e+00 -9.990070e+05 3.000000e+00 -1.000000e+00 2.196590e-01 -1.0 0.000000e+00 0.000000e+00 -1.000000e+00 5.949196e-01 -1.000000e+00 -9.990070e+05 8.524983e-02 8.524983e-02 9.364711e-01 7.191685e-01 2.038819e+00 0.000000e+00 -1.000000e+00 1.489722e-02 0.000000e+00 1.259416e+00
2.028777e+00 -1.000000e+00 0.000000e+00 -1.000000e+00 -1.000000e+00 6.000000e+02 3.926545e-01 -1.000000e+00 -1.000000e+00 6.227471e+00 0.000000e+00 -1.000000e+00 0.000000e+00 6.699694e-03 1.100000e+03 2.909432e+00 0.000000e+00 -9.990070e+05 3.000000e+00 -1.000000e+00 7.414350e-01 -1.0 0.000000e+00 0.000000e+00 -1.000000e+00 7.976080e-01 -1.000000e+00 -9.990070e+05 3.180583e-01 3.180583e-01 9.708243e-01 1.473824e+00 4.293944e+00 0.000000e+00 -1.000000e+00 8.253009e-02 0.000000e+00 2.622297e+00
6.831785e-01 -1.000000e+00 4.000000e+03 -1.000000e+00 -1.000000e+00 0.000000e+00 4.568174e-02 -1.000000e+00 -1.000000e+00 2.013110e+00 0.000000e+00 -1.000000e+00 1.000000e+00 6.381478e-05 1.200000e+03 9.760460e-01 1.000000e+00 -9.990070e+05 3.000000e+00 -1.000000e+00 5.814287e-02 -1.0 0.000000e+00 0.000000e+00 -1.000000e+00 3.154902e-01 -1.000000e+00 -9.990070e+05 2.263041e-02 2.263041e-02 8.370847e-01 5.042857e-01 1.417369e+00 0.000000e+00 -1.000000e+00 2.715412e-03 0.000000e+00 8.805053e-01
6.813279e-01 -1.000000e+00 0.000000e+00 -1.000000e+00 -1.000000e+00 1.000000e+02 4.508020e-02 -1.000000e+00 -1.000000e+00 2.006794e+00 0.000000e+00 -1.000000e+00 0.000000e+00 6.232554e-05 1.200000e+03 9.732284e-01 0.000000e+00 -9.990070e+05 3.000000e+00 -1.000000e+00 5.729820e-02 -1.0 0.000000e+00 0.000000e+00 -1.000000e+00 3.128980e-01 -1.000000e+00 -9.990070e+05 2.230206e-02 2.230206e-02 8.353761e-01 5.028039e-01 1.413051e+00 0.000000e+00 -1.000000e+00 2.666045e-03 0.000000e+00 8.778210e-01
7.345604e-01 -1.000000e+00 4.000000e+03 -1.000000e+00 -1.000000e+00 2.000000e+02 6.134666e-02 -1.000000e+00 -1.000000e+00 2.168391e+00 0.000000e+00 -1.000000e+00 1.000000e+00 1.084967e-04 1.200000e+03 1.049429e+00 1.000000e+00 -9.990070e+05 3.000000e+00 -1.000000e+00 8.049614e-02 -1.0 0.000000e+00 0.000000e+00 -1.000000e+00 3.773090e-01 -1.000000e+00 -9.990070e+05 3.129715e-02 3.129715e-02 8.710815e-01 5.417553e-01 1.524738e+00 0.000000e+00 -1.000000e+00 4.094812e-03 0.000000e+00 9.462626e-01
7.586471e-01 -1.000000e+00 0.000000e+00 -1.000000e+00 -1.000000e+00 3.000000e+02 6.945416e-02 -1.000000e+00 -1.000000e+00 2.236734e+00 0.000000e+00 -1.000000e+00 0.000000e+00 1.361279e-04 1.200000e+03 1.083969e+00 0.000000e+00 -9.990070e+05 3.000000e+00 -1.000000e+00 9.232596e-02 -1.0 0.000000e+00 0.000000e+00 -1.000000e+00 4.055505e-01 -1.000000e+00 -9.990070e+05 3.587073e-02 3.587073e-02 8.832443e-01 5.599094e-01 1.574396e+00 0.000000e+00 -1.000000e+00 4.876098e-03 0.000000e+00 9.777960e-01
8.643555e-01 -1.000000e+00 4.000000e+03 -1.000000e+00 -1.000000e+00 4.000000e+02 1.072691e-01 -1.000000e+00 -1.000000e+00 2.555379e+00 0.000000e+00 -1.000000e+00 1.000000e+00 3.074003e-04 1.200000e+03 1.235111e+00 1.000000e+00 -9.990070e+05 2.000000e+00 -1.000000e+00 1.500192e-01 -1.0 0.000000e+00 0.000000e+00 -1.000000e+00 5.115698e-01 -1.000000e+00 -9.990070e+05 5.820584e-02 5.820584e-02 9.173721e-01 6.372679e-01 1.795428e+00 0.000000e+00 -1.000000e+00 9.079880e-03 1.000000e+00 1.113521e+00
1.056394e+00 -1.000000e+00 0.000000e+00 -1.000000e+00 -1.000000e+00 5.000000e+02 1.795180e-01 -1.000000e+00 -1.000000e+00 3.125358e+00 0.000000e+00 -1.000000e+00 0.000000e+00 8.594383e-04 1.200000e+03 1.508994e+00 0.000000e+00 -9.990070e+05 3.000000e+00 -1.000000e+00 2.706052e-01 -1.0 0.000000e+00 0.000000e+00 -1.000000e+00 6.378364e-01 -1.000000e+00 -9.990070e+05 1.050766e-01 1.050766e-01 9.447740e-01 7.776580e-01 2.194038e+00 0.000000e+00 -1.000000e+00 1.962786e-02 0.000000e+00 1.359227e+00
1.514398e+00 -1.000000e+00 0.000000e+00 -1.000000e+00 -1.000000e+00 6.000000e+02 3.141994e-01 -1.000000e+00 -1.000000e+00 4.513327e+00 0.000000e+00 -1.000000e+00 0.000000e+00 3.250615e-03 1.200000e+03 2.157544e+00 0.000000e+00 -9.990070e+05 3.000000e+00 -1.000000e+00 5.432908e-01 -1.0 0.000000e+00 0.000000e+00 -1.000000e+00 7.561838e-01 -1.000000e+00 -9.990070e+05 2.174033e-01 2.174033e-01 9.645544e-01 1.108402e+00 3.151574e+00 0.000000e+00 -1.000000e+00 5.117849e-02 0.000000e+00 1.942742e+00
1.126730e+00 -1.000000e+00 0.000000e+00 -1.000000e+00 -1.000000e+00 0.000000e+00 2.043203e-01 -1.000000e+00 -1.000000e+00 3.306719e+00 0.000000e+00 -1.000000e+00 0.000000e+00 1.134474e-03 1.300000e+03 1.604231e+00 0.000000e+00 -9.990070e+05 3.000000e+00 -1.000000e+00 3.153987e-01 -1.0 0.000000e+00 0.000000e+00 -1.000000e+00 6.673359e-01 -1.000000e+00 -9.990070e+05 1.226540e-01 1.226540e-01 9.500608e-01 8.280326e-01 2.326120e+00 0.000000e+00 -1.000000e+00 2.408775e-02 0.000000e+00 1.443006e+00
1.133159e+00 -1.000000e+00 0.000000e+00 -1.000000e+00 -1.000000e+00 1.000000e+02 2.071378e-01 -1.000000e+00 -1.000000e+00 3.328508e+00 0.000000e+00 -1.000000e+00 0.000000e+00 1.169114e-03 1.300000e+03 1.616069e+00 0.000000e+00 -9.990070e+05 3.000000e+00 -1.000000e+00 3.206274e-01 -1.0 0.000000e+00 0.000000e+00 -1.000000e+00 6.703833e-01 -1.000000e+00 -9.990070e+05 1.247220e-01 1.247220e-01 9.505906e-01 8.344961e-01 2.342967e+00 0.000000e+00 -1.000000e+00 2.462529e-02 0.000000e+00 1.455643e+00
1.131227e+00 -1.000000e+00 0.000000e+00 -1.000000e+00 -1.000000e+00 2.000000e+02 2.064773e-01 -1.000000e+00 -1.000000e+00 3.321434e+00 0.000000e+00 -1.000000e+00 0.000000e+00 1.160927e-03 1.300000e+03 1.613241e+00 0.000000e+00 -9.990070e+05 3.000000e+00 -1.000000e+00 3.193927e-01 -1.0 0.000000e+00 0.000000e+00 -1.000000e+00 6.696740e-01 -1.000000e+00 -9.990070e+05 1.242308e-01 1.242308e-01 9.504675e-01 8.331399e-01 2.338538e+00 0.000000e+00 -1.000000e+00 2.449869e-02 0.000000e+00 1.453130e+00
1.203338e+00 -1.000000e+00 0.000000e+00 -1.000000e+00 -1.000000e+00 3.000000e+02 2.303408e-01 -1.000000e+00 -1.000000e+00 3.528412e+00 0.000000e+00 -1.000000e+00 0.000000e+00 1.484315e-03 1.300000e+03 1.712540e+00 0.000000e+00 -9.990070e+05 3.000000e+00 -1.000000e+00 3.647650e-01 -1.0 0.000000e+00 0.000000e+00 -1.000000e+00 6.935067e-01 -1.000000e+00 -9.990070e+05 1.423048e-01 1.423048e-01 9.545232e-01 8.842046e-01 2.483395e+00 0.000000e+00 -1.000000e+00 2.931383e-02 0.000000e+00 1.540236e+00
1.259303e+00 -1.000000e+00 0.000000e+00 -1.000000e+00 -1.000000e+00 4.000000e+02 2.480226e-01 -1.000000e+00 -1.000000e+00 3.696561e+00 0.000000e+00 -1.000000e+00 0.000000e+00 1.764910e-03 1.300000e+03 1.791874e+00 0.000000e+00 -9.990070e+05 3.000000e+00 -1.000000e+00 3.997977e-01 -1.0 0.000000e+00 0.000000e+00 -1.000000e+00 7.090867e-01 -1.000000e+00 -9.990070e+05 1.564633e-01 1.564633e-01 9.570941e-01 9.246749e-01 2.600971e+00 0.000000e+00 -1.000000e+00 3.322762e-02 0.000000e+00 1.611043e+00
1.474031e+00 -1.000000e+00 0.000000e+00 -1.000000e+00 -1.000000e+00 5.000000e+02 3.055902e-01 -1.000000e+00 -1.000000e+00 4.330731e+00 0.000000e+00 -1.000000e+00 0.000000e+00 3.007526e-03 1.300000e+03 2.095921e+00 0.000000e+00 -9.990070e+05 3.000000e+00 -1.000000e+00 5.233199e-01 -1.0 0.000000e+00 0.000000e+00 -1.000000e+00 7.508472e-01 -1.000000e+00 -9.990070e+05 2.084876e-01 2.084876e-01 9.637293e-01 1.080954e+00 3.047280e+00 0.000000e+00 -1.000000e+00 4.849403e-02 0.000000e+00 1.886864e+00
1.798108e+00 -1.000000e+00 0.000000e+00 -1.000000e+00 -1.000000e+00 6.000000e+02 3.654548e-01 -1.000000e+00 -1.000000e+00 5.300677e+00 0.000000e+00 -1.000000e+00 0.000000e+00 5.180686e-03 1.300000e+03 2.554774e+00 0.000000e+00 -9.990070e+05 3.000000e+00 -1.000000e+00 6.692332e-01 -1.0 0.000000e+00 0.000000e+00 -1.000000e+00 7.844893e-01 -1.000000e+00 -9.990070e+05 2.776871e-01 2.776871e-01 9.688621e-01 1.316328e+00 3.723824e+00 0.000000e+00 -1.000000e+00 7.003277e-02 0.000000e+00 2.305339e+00
1.896157e+00 -1.000000e+00 0.000000e+00 -1.000000e+00 -1.000000e+00 0.000000e+00 3.789283e-01 -1.000000e+00 -1.000000e+00 5.555422e+00 0.000000e+00 -1.000000e+00 0.000000e+00 5.876395e-03 1.400000e+03 2.690756e+00 0.000000e+00 -9.990070e+05 3.000000e+00 -1.000000e+00 7.044635e-01 -1.0 0.000000e+00 0.000000e+00 -1.000000e+00 7.911251e-01 -1.000000e+00 -9.990070e+05 2.965452e-01 2.965452e-01 9.698570e-01 1.389015e+00 3.914375e+00 0.000000e+00 -1.000000e+00 7.597073e-02 0.000000e+00 2.429099e+00
1.868848e+00 -1.000000e+00 0.000000e+00 -1.000000e+00 -1.000000e+00 1.000000e+02 3.753964e-01 -1.000000e+00 -1.000000e+00 5.476608e+00 0.000000e+00 -1.000000e+00 0.000000e+00 5.684156e-03 1.400000e+03 2.652316e+00 0.000000e+00 -9.990070e+05 3.000000e+00 -1.000000e+00 6.951474e-01 -1.0 0.000000e+00 0.000000e+00 -1.000000e+00 7.894129e-01 -1.000000e+00 -9.990070e+05 2.914407e-01 2.914407e-01 9.696008e-01 1.368977e+00 3.858640e+00 0.000000e+00 -1.000000e+00 7.436830e-02 0.000000e+00 2.394170e+00
1.980035e+00 -1.000000e+00 0.000000e+00 -1.000000e+00 -1.000000e+00 2.000000e+02 3.889328e-01 -1.000000e+00 -1.000000e+00 5.801585e+00 0.000000e+00 -1.000000e+00 0.000000e+00 6.463662e-03 1.400000e+03 2.810155e+00 0.000000e+00 -9.990070e+05 3.000000e+00 -1.000000e+00 7.311304e-01 -1.0 0.000000e+00 0.000000e+00 -1.000000e+00 7.958762e-01 -1.000000e+00 -9.990070e+05 3.116883e-01 3.116883e-01 9.705664e-01 1.450075e+00 4.087306e+00 0.000000e+00 -1.000000e+00 8.069771e-02 0.000000e+00 2.537172e+00
1.967607e+00 -1.000000e+00 0.000000e+00 -1.000000e+00 -1.000000e+00 3.000000e+02 3.874931e-01 -1.000000e+00 -1.000000e+00 5.767582e+00 0.000000e+00 -1.000000e+00 0.000000e+00 6.375017e-03 1.400000e+03 2.792680e+00 0.000000e+00 -9.990070e+05 3.000000e+00 -1.000000e+00 7.272683e-01 -1.0 0.000000e+00 0.000000e+00 -1.000000e+00 7.952012e-01 -1.000000e+00 -9.990070e+05 3.094419e-01 3.094419e-01 9.704658e-01 1.440894e+00 4.062900e+00 0.000000e+00 -1.000000e+00 7.999981e-02 0.000000e+00 2.521344e+00
2.035434e+00 -1.000000e+00 0.000000e+00 -1.000000e+00 -1.000000e+00 4.000000e+02 3.948869e-01 -1.000000e+00 -1.000000e+00 5.969995e+00 0.000000e+00 -1.000000e+00 0.000000e+00 6.846239e-03 1.400000e+03 2.889655e+00 0.000000e+00 -9.990070e+05 3.000000e+00 -1.000000e+00 7.471633e-01 -1.0 0.000000e+00 0.000000e+00 -1.000000e+00 7.986379e-01 -1.000000e+00 -9.990070e+05 3.212109e-01 3.212109e-01 9.709776e-01 1.490267e+00 4.203866e+00 0.000000e+00 -1.000000e+00 8.364929e-02 0.000000e+00 2.608750e+00
2.280338e+00 -1.000000e+00 0.000000e+00 -1.000000e+00 -1.000000e+00 5.000000e+02 4.166880e-01 -1.000000e+00 -1.000000e+00 6.688994e+00 0.000000e+00 -1.000000e+00 0.000000e+00 8.504744e-03 1.400000e+03 3.239127e+00 0.000000e+00 -9.990070e+05 3.000000e+00 -1.000000e+00 8.065359e-01 -1.0 0.000000e+00 0.000000e+00 -1.000000e+00 8.083687e-01 -1.000000e+00 -9.990070e+05 3.600407e-01 3.600407e-01 9.724204e-01 1.668709e+00 4.709427e+00 0.000000e+00 -1.000000e+00 9.542499e-02 0.000000e+00 2.923865e+00
2.582469e+00 -1.000000e+00 0.000000e+00 -1.000000e+00 -1.000000e+00 6.000000e+02 4.358137e-01 -1.000000e+00 -1.000000e+00 7.583076e+00 0.000000e+00 -1.000000e+00 0.000000e+00 1.039455e-02 1.400000e+03 3.670873e+00 0.000000e+00 -9.990070e+05 3.000000e+00 -1.000000e+00 8.586031e-01 -1.0 0.000000e+00 0.000000e+00 -1.000000e+00 8.164681e-01 -1.000000e+00 -9.990070e+05 4.009163e-01 4.009163e-01 9.736145e-01 1.888613e+00 5.335921e+00 0.000000e+00 -1.000000e+00 1.071596e-01 0.000000e+00 3.313009e+00
3.254100e+00 -1.000000e+00 0.000000e+00 -1.000000e+00 -1.000000e+00 0.000000e+00 4.614371e-01 -1.000000e+00 -1.000000e+00 9.559988e+00 0.000000e+00 -1.000000e+00 0.000000e+00 1.387802e-02 1.500000e+03 4.644230e+00 0.000000e+00 -9.990070e+05 3.000000e+00 -1.000000e+00 9.252832e-01 -1.0 0.000000e+00 0.000000e+00 -1.000000e+00 8.267780e-01 -1.000000e+00 -9.990070e+05 4.720588e-01 4.720588e-01 9.751266e-01 2.399096e+00 6.737118e+00 0.000000e+00 -1.000000e+00 1.252762e-01 0.000000e+00 4.186084e+00
3.177817e+00 -1.000000e+00 0.000000e+00 -1.000000e+00 -1.000000e+00 1.000000e+02 4.592989e-01 -1.000000e+00 -1.000000e+00 9.328312e+00 0.000000e+00 -1.000000e+00 0.000000e+00 1.353321e-02 1.500000e+03 4.532922e+00 0.000000e+00 -9.990070e+05 3.000000e+00 -1.000000e+00 9.199840e-01 -1.0 0.000000e+00 0.000000e+00 -1.000000e+00 8.259389e-01 -1.000000e+00 -9.990070e+05 4.650883e-01 4.650883e-01 9.750039e-01 2.341533e+00 6.571909e+00 0.000000e+00 -1.000000e+00 1.236496e-01 0.000000e+00 4.084278e+00
3.225331e+00 -1.000000e+00 0.000000e+00 -1.000000e+00 -1.000000e+00 2.000000e+02 4.605709e-01 -1.000000e+00 -1.000000e+00 9.467768e+00 0.000000e+00 -1.000000e+00 0.000000e+00 1.373694e-02 1.500000e+03 4.599198e+00 0.000000e+00 -9.990070e+05 3.000000e+00 -1.000000e+00 9.231434e-01 -1.0 0.000000e+00 0.000000e+00 -1.000000e+00 8.264385e-01 -1.000000e+00 -9.990070e+05 4.692017e-01 4.692017e-01 9.750770e-01 2.375336e+00 6.666057e+00 0.000000e+00 -1.000000e+00 1.246146e-01 0.000000e+00 4.142647e+00
3.317102e+00 -1.000000e+00 0.000000e+00 -1.000000e+00 -1.000000e+00 3.000000e+02 4.630260e-01 -1.000000e+00 -1.000000e+00 9.737269e+00 0.000000e+00 -1.000000e+00 0.000000e+00 1.414185e-02 1.500000e+03 4.731942e+00 0.000000e+00 -9.990070e+05 3.000000e+00 -1.000000e+00 9.291767e-01 -1.0 0.000000e+00 0.000000e+00 -1.000000e+00 8.273991e-01 -1.000000e+00 -9.990070e+05 4.774010e-01 4.774010e-01 9.752175e-01 2.444518e+00 6.860778e+00 0.000000e+00 -1.000000e+00 1.264991e-01 0.000000e+00 4.264025e+00
3.247509e+00 -1.000000e+00 0.000000e+00 -1.000000e+00 -1.000000e+00 4.000000e+02 4.612255e-01 -1.000000e+00 -1.000000e+00 9.537600e+00 0.000000e+00 -1.000000e+00 0.000000e+00 1.384339e-02 1.500000e+03 4.633475e+00 0.000000e+00 -9.990070e+05 3.000000e+00 -1.000000e+00 9.247618e-01 -1.0 0.000000e+00 0.000000e+00 -1.000000e+00 8.266951e-01 -1.000000e+00 -9.990070e+05 4.713581e-01 4.713581e-01 9.751145e-01 2.393270e+00 6.719870e+00 0.000000e+00 -1.000000e+00 1.251142e-01 0.000000e+00 4.175388e+00
3.513933e+00 -1.000000e+00 0.000000e+00 -1.000000e+00 -1.000000e+00 5.000000e+02 4.675964e-01 -1.000000e+00 -1.000000e+00 1.033246e+01 0.000000e+00 -1.000000e+00 0.000000e+00 1.493894e-02 1.500000e+03 5.016582e+00 0.000000e+00 -9.990070e+05 3.000000e+00 -1.000000e+00 9.401423e-01 -1.0 0.000000e+00 0.000000e+00 -1.000000e+00 8.291750e-01 -1.000000e+00 -9.990070e+05 4.936306e-01 4.936306e-01 9.754770e-01 2.591686e+00 7.279465e+00 0.000000e+00 -1.000000e+00 1.300859e-01 0.000000e+00 4.523024e+00
3.864519e+00 -1.000000e+00 0.000000e+00 -1.000000e+00 -1.000000e+00 6.000000e+02 4.740076e-01 -1.000000e+00 -1.000000e+00 1.138891e+01 0.000000e+00 -1.000000e+00 0.000000e+00 1.616129e-02 1.500000e+03 5.520850e+00 0.000000e+00 -9.990070e+05 3.000000e+00 -1.000000e+00 9.547801e-01 -1.0 0.000000e+00 0.000000e+00 -1.000000e+00 8.316398e-01 -1.000000e+00 -9.990070e+05 5.186072e-01 5.186072e-01 9.758369e-01 2.851823e+00 8.017381e+00 0.000000e+00 -1.000000e+00 1.352940e-01 0.000000e+00 4.979629e+00
5.235191e+00 -1.000000e+00 0.000000e+00 -1.000000e+00 -1.000000e+00 0.000000e+00 4.875789e-01 -1.000000e+00 -1.000000e+00 1.535300e+01 0.000000e+00 -1.000000e+00 0.000000e+00 1.922654e-02 1.600000e+03 7.456255e+00 0.000000e+00 -9.990070e+05 3.000000e+00 -1.000000e+00 9.822590e-01 -1.0 0.000000e+00 0.000000e+00 -1.000000e+00 8.367618e-01 -1.000000e+00 -9.990070e+05 5.885560e-01 5.885560e-01 9.765834e-01 3.850661e+00 1.079991e+01 0.000000e+00 -1.000000e+00 1.470279e-01 0.000000e+00 6.710467e+00
5.210780e+00 -1.000000e+00 0.000000e+00 -1.000000e+00 -1.000000e+00 1.000000e+02 4.874257e-01 -1.000000e+00 -1.000000e+00 1.528151e+01 0.000000e+00 -1.000000e+00 0.000000e+00 1.918778e-02 1.600000e+03 7.421530e+00 0.000000e+00 -9.990070e+05 3.000000e+00 -1.000000e+00 9.819849e-01 -1.0 0.000000e+00 0.000000e+00 -1.000000e+00 8.367047e-01 -1.000000e+00 -9.990070e+05 5.875719e-01 5.875719e-01 9.765751e-01 3.832687e+00 1.074961e+01 0.000000e+00 -1.000000e+00 1.468899e-01 0.000000e+00 6.679201e+00
5.286270e+00 -1.000000e+00 0.000000e+00 -1.000000e+00 -1.000000e+00 2.000000e+02 4.878909e-01 -1.000000e+00 -1.000000e+00 1.550773e+01 0.000000e+00 -1.000000e+00 0.000000e+00 1.930580e-02 1.600000e+03 7.529156e+00 0.000000e+00 -9.990070e+05 3.000000e+00 -1.000000e+00 9.828141e-01 -1.0 0.000000e+00 0.000000e+00 -1.000000e+00 8.368781e-01 -1.000000e+00 -9.990070e+05 5.905828e-01 5.905828e-01 9.766003e-01 3.888088e+00 1.090647e+01 0.000000e+00 -1.000000e+00 1.473094e-01 0.000000e+00 6.775992e+00
5.228177e+00 -1.000000e+00 0.000000e+00 -1.000000e+00 -1.000000e+00 3.000000e+02 4.875350e-01 -1.000000e+00 -1.000000e+00 1.533221e+01 0.000000e+00 -1.000000e+00 0.000000e+00 1.921541e-02 1.600000e+03 7.446260e+00 0.000000e+00 -9.990070e+05 3.000000e+00 -1.000000e+00 9.821805e-01 -1.0 0.000000e+00 0.000000e+00 -1.000000e+00 8.367454e-01 -1.000000e+00 -9.990070e+05 5.882732e-01 5.882732e-01 9.765810e-01 3.845489e+00 1.078539e+01 0.000000e+00 -1.000000e+00 1.469883e-01 0.000000e+00 6.701461e+00
5.359278e+00 -1.000000e+00 0.000000e+00 -1.000000e+00 -1.000000e+00 4.000000e+02 4.883241e-01 -1.000000e+00 -1.000000e+00 1.571885e+01 0.000000e+00 -1.000000e+00 0.000000e+00 1.941657e-02 1.600000e+03 7.633191e+00 0.000000e+00 -9.990070e+05 3.000000e+00 -1.000000e+00 9.835775e-01 -1.0 0.000000e+00 0.000000e+00 -1.000000e+00 8.370395e-01 -1.000000e+00 -9.990070e+05 5.934386e-01 5.934386e-01 9.766238e-01 3.942129e+00 1.105577e+01 0.000000e+00 -1.000000e+00 1.477010e-01 0.000000e+00 6.869950e+00
5.588737e+00 -1.000000e+00 0.000000e+00 -1.000000e+00 -1.000000e+00 5.000000e+02 4.895649e-01 -1.000000e+00 -1.000000e+00 1.639858e+01 0.000000e+00 -1.000000e+00 0.000000e+00 1.973861e-02 1.600000e+03 7.962141e+00 0.000000e+00 -9.990070e+05 3.000000e+00 -1.000000e+00 9.857175e-01 -1.0 0.000000e+00 0.000000e+00 -1.000000e+00 8.375010e-01 -1.000000e+00 -9.990070e+05 6.019431e-01 6.019431e-01 9.766910e-01 4.111751e+00 1.153038e+01 0.000000e+00 -1.000000e+00 1.488287e-01 0.000000e+00 7.167029e+00
6.115632e+00 -1.000000e+00 0.000000e+00 -1.000000e+00 -1.000000e+00 6.000000e+02 4.918953e-01 -1.000000e+00 -1.000000e+00 1.795515e+01 0.000000e+00 -1.000000e+00 0.000000e+00 2.036294e-02 1.600000e+03 8.720647e+00 0.000000e+00 -9.990070e+05 3.000000e+00 -1.000000e+00 9.895347e-01 -1.0 0.000000e+00 0.000000e+00 -1.000000e+00 8.383652e-01 -1.000000e+00 -9.990070e+05 6.194558e-01 6.194558e-01 9.768167e-01 4.503798e+00 1.264022e+01 0.000000e+00 -1.000000e+00 1.509698e-01 0.000000e+00 7.854897e+00
-1.000000e+00 -1.000000e+00 0.000000e+00 -1.000000e+00 -1.000000e+00 0.000000e+00 3.341828e-01 -1.000000e+00 -1.000000e+00 -1.000000e+00 0.000000e+00 -1.000000e+00 0.000000e+00 3.893055e-03 2.000000e+02 -1.000000e+00 0.000000e+00 -9.990070e+05 3.000000e+00 -1.000000e+00 6.795611e-01 -1.0 0.000000e+00 0.000000e+00 -1.000000e+00 7.678695e-01 -1.000000e+00 -9.990070e+05 3.493840e-01 3.493840e-01 9.663462e-01 -1.000000e+00 -1.000000e+00 0.000000e+00 -1.000000e+00 5.790236e-02 0.000000e+00 -1.000000e+00
-1.000000e+00 -1.000000e+00 0.000000e+00 -1.000000e+00 -1.000000e+00 2.500000e+02 3.829951e-01 -1.000000e+00 -1.000000e+00 -1.000000e+00 0.000000e+00 -1.000000e+00 0.000000e+00 6.107208e-03 3.000000e+02 -1.000000e+00 0.000000e+00 -9.990070e+05 3.000000e+00 -1.000000e+00 7.729519e-01 -1.0 0.000000e+00 0.000000e+00 -1.000000e+00 7.930737e-01 -1.000000e+00 -9.990070e+05 3.950744e-01 3.950744e-01 9.701483e-01 -1.000000e+00 -1.000000e+00 0.000000e+00 -1.000000e+00 7.785808e-02 0.000000e+00 -1.000000e+00
1.935426e+00 -1.000000e+00 0.000000e+00 -1.000000e+00 -1.000000e+00 2.750000e+02 3.265977e-01 -1.000000e+00 -1.000000e+00 2.717761e+01 0.000000e+00 -1.000000e+00 0.000000e+00 3.635238e-03 3.000000e+02 3.069810e+00 0.000000e+00 -9.990070e+05 3.000000e+00 -1.000000e+00 6.142269e-01 -1.0 0.000000e+00 0.000000e+00 -1.000000e+00 7.635427e-01 -1.000000e+00 -9.990070e+05 2.780023e-01 2.780023e-01 9.656851e-01 1.398481e+00 6.496595e+00 0.000000e+00 -1.000000e+00 5.526480e-02 0.000000e+00 2.874012e+00
3.450863e-01 -1.000000e+00 0.000000e+00 -1.000000e+00 -1.000000e+00 0.000000e+00 3.291614e-03 -1.000000e+00 -1.000000e+00 1.494383e+00 0.000000e+00 -1.000000e+00 0.000000e+00 7.848191e-07 4.000000e+02 5.336559e-01 0.000000e+00 -9.990070e+05 3.000000e+00 -1.000000e+00 3.987630e-03 -1.0 0.000000e+00 0.000000e+00 -1.000000e+00 5.248827e-02 -1.000000e+00 -9.990070e+05 1.671471e-03 1.671471e-03 3.471792e-01 2.456856e-01 8.811526e-01 0.000000e+00 -1.000000e+00 8.178610e-05 0.000000e+00 4.831276e-01
1.551250e-04 -1.000000e+00 0.000000e+00 -1.000000e+00 -1.000000e+00 3.750000e+02 3.784473e-06 -1.000000e+00 -1.000000e+00 1.144329e-03 0.000000e+00 -1.000000e+00 0.000000e+00 3.522652e-11 4.000000e+02 2.479590e-04 0.000000e+00 -9.990070e+05 3.000000e+00 -1.000000e+00 4.133404e-06 -1.0 0.000000e+00 0.000000e+00 -1.000000e+00 2.913401e-04 -1.000000e+00 -9.990070e+05 1.821200e-06 1.821200e-06 8.718978e-03 1.089638e-04 4.644296e-04 0.000000e+00 -1.000000e+00 1.877990e-08 0.000000e+00 2.233743e-04
9.350070e-01 -1.000000e+00 0.000000e+00 -1.000000e+00 -1.000000e+00 3.750000e+02 1.347818e-01 -1.000000e+00 -1.000000e+00 3.640332e+00 0.000000e+00 -1.000000e+00 0.000000e+00 4.794383e-04 4.250000e+02 1.411088e+00 0.000000e+00 -9.990070e+05 3.000000e+00 -1.000000e+00 2.043140e-01 -1.0 0.000000e+00 0.000000e+00 -1.000000e+00 5.686970e-01 -1.000000e+00 -9.990070e+05 8.261196e-02 8.261196e-02 9.309524e-01 6.658015e-01 2.256939e+00 0.000000e+00 -1.000000e+00 1.269820e-02 0.000000e+00 1.270579e+00
1.441174e+00 -1.000000e+00 0.000000e+00 -1.000000e+00 -1.000000e+00 3.000000e+02 2.680635e-01 -1.000000e+00 -1.000000e+00 9.559251e+00 0.000000e+00 -1.000000e+00 0.000000e+00 2.133360e-03 5.000000e+02 2.483712e+00 0.000000e+00 -9.990070e+05 3.000000e+00 -1.000000e+00 4.556869e-01 -1.0 0.000000e+00 0.000000e+00 -1.000000e+00 7.249998e-01 -1.000000e+00 -9.990070e+05 1.867954e-01 1.867954e-01 9.596629e-01 1.009034e+00 4.781526e+00 0.000000e+00 -1.000000e+00 3.806718e-02 0.000000e+00 2.178483e+00
-1.000000e+00 -1.000000e+00 0.000000e+00 -1.000000e+00 -1.000000e+00 4.750000e+02 4.912322e-01 -1.000000e+00 -1.000000e+00 -1.000000e+00 0.000000e+00 -1.000000e+00 0.000000e+00 2.018264e-02 5.000000e+02 -1.000000e+00 0.000000e+00 -9.990070e+05 3.000000e+00 -1.000000e+00 0.000000e+00 -1.0 0.000000e+00 0.000000e+00 -1.000000e+00 8.381197e-01 -1.000000e+00 -9.990070e+05 0.000000e+00 0.000000e+00 9.767810e-01 -1.000000e+00 -1.000000e+00 0.000000e+00 -1.000000e+00 1.503574e-01 0.000000e+00 -1.000000e+00
8.111551e-01 -1.000000e+00 4.000000e+03 -1.000000e+00 -1.000000e+00 3.000000e+02 8.765453e-02 -1.000000e+00 -1.000000e+00 2.476314e+00 0.000000e+00 -1.000000e+00 1.000000e+00 2.096435e-04 6.000000e+02 1.162478e+00 1.000000e+00 -9.990070e+05 3.000000e+00 -1.000000e+00 1.207474e-01 -1.0 0.000000e+00 0.000000e+00 -1.000000e+00 4.613070e-01 -1.000000e+00 -9.990070e+05 4.718962e-02 4.718962e-02 9.030220e-01 5.914076e-01 1.709859e+00 0.000000e+00 -1.000000e+00 6.786899e-03 0.000000e+00 1.046037e+00
2.711509e+00 -1.000000e+00 0.000000e+00 -1.000000e+00 -1.000000e+00 5.500000e+02 4.416947e-01 -1.000000e+00 -1.000000e+00 8.144789e+00 0.000000e+00 -1.000000e+00 0.000000e+00 1.108247e-02 6.000000e+02 3.879071e+00 0.000000e+00 -9.990070e+05 3.000000e+00 -1.000000e+00 8.750319e-01 -1.0 0.000000e+00 0.000000e+00 -1.000000e+00 8.188858e-01 -1.000000e+00 -9.990070e+05 4.171129e-01 4.171129e-01 9.739699e-01 1.973561e+00 5.670666e+00 0.000000e+00 -1.000000e+00 1.110618e-01 0.000000e+00 3.500120e+00
3.578410e-05 -1.000000e+00 0.000000e+00 -1.000000e+00 -1.000000e+00 5.750000e+02 4.912322e-01 -1.000000e+00 -1.000000e+00 1.280140e-04 0.000000e+00 -1.000000e+00 0.000000e+00 2.018264e-02 6.000000e+02 5.291686e-05 0.000000e+00 -9.990070e+05 3.000000e+00 -1.000000e+00 0.000000e+00 -1.0 0.000000e+00 0.000000e+00 -1.000000e+00 8.381197e-01 -1.000000e+00 -9.990070e+05 0.000000e+00 0.000000e+00 9.767810e-01 2.521767e-05 8.191015e-05 0.000000e+00 -1.000000e+00 1.503574e-01 0.000000e+00 4.764470e-05
7.017090e-01 -1.000000e+00 4.000000e+03 -1.000000e+00 -1.000000e+00 3.000000e+02 5.174695e-02 -1.000000e+00 -1.000000e+00 2.128685e+00 0.000000e+00 -1.000000e+00 1.000000e+00 7.976418e-05 7.000000e+02 1.004054e+00 1.000000e+00 -9.990070e+05 3.000000e+00 -1.000000e+00 6.720201e-02 -1.0 0.000000e+00 0.000000e+00 -1.000000e+00 3.406716e-01 -1.000000e+00 -9.990070e+05 2.626567e-02 2.626567e-02 8.523785e-01 5.104680e-01 1.477067e+00 0.000000e+00 -1.000000e+00 3.228403e-03 0.000000e+00 9.057827e-01
1.208201e+00 -1.000000e+00 0.000000e+00 -1.000000e+00 -1.000000e+00 4.000000e+02 2.308712e-01 -1.000000e+00 -1.000000e+00 3.723131e+00 0.000000e+00 -1.000000e+00 0.000000e+00 1.492190e-03 7.000000e+02 1.729893e+00 0.000000e+00 -9.990070e+05 3.000000e+00 -1.000000e+00 3.668259e-01 -1.0 0.000000e+00 0.000000e+00 -1.000000e+00 6.939977e-01 -1.000000e+00 -9.990070e+05 1.435735e-01 1.435735e-01 9.546052e-01 8.830148e-01 2.550048e+00 0.000000e+00 -1.000000e+00 2.942675e-02 0.000000e+00 1.554823e+00
2.964728e+00 -1.000000e+00 0.000000e+00 -1.000000e+00 -1.000000e+00 5.000000e+02 4.514567e-01 -1.000000e+00 -1.000000e+00 9.641507e+00 0.000000e+00 -1.000000e+00 0.000000e+00 1.236148e-02 7.000000e+02 4.305825e+00 0.000000e+00 -9.990070e+05 3.000000e+00 -1.000000e+00 9.001255e-01 -1.0 0.000000e+00 0.000000e+00 -1.000000e+00 8.228296e-01 -1.000000e+00 -9.990070e+05 4.416781e-01 4.416781e-01 9.745485e-01 2.163351e+00 6.478236e+00 0.000000e+00 -1.000000e+00 1.178685e-01 0.000000e+00 3.871828e+00
4.034495e+00 -1.000000e+00 0.000000e+00 -1.000000e+00 -1.000000e+00 6.000000e+02 4.746669e-01 -1.000000e+00 -1.000000e+00 1.352241e+01 0.000000e+00 -1.000000e+00 0.000000e+00 1.629446e-02 7.000000e+02 5.891339e+00 0.000000e+00 -9.990070e+05 3.000000e+00 -1.000000e+00 9.563381e-01 -1.0 0.000000e+00 0.000000e+00 -1.000000e+00 8.318916e-01 -1.000000e+00 -9.990070e+05 5.221218e-01 5.221218e-01 9.758736e-01 2.935786e+00 8.940390e+00 0.000000e+00 -1.000000e+00 1.358415e-01 0.000000e+00 5.278664e+00
2.061336e-01 -1.000000e+00 0.000000e+00 -1.000000e+00 -1.000000e+00 0.000000e+00 3.015820e-07 -1.000000e+00 -1.000000e+00 6.250249e-01 0.000000e+00 -1.000000e+00 0.000000e+00 1.060208e-12 8.000000e+02 2.956380e-01 0.000000e+00 -9.990070e+05 3.000000e+00 -1.000000e+00 2.066026e-07 -1.0 0.000000e+00 0.000000e+00 -1.000000e+00 3.748547e-05 -1.000000e+00 -9.990070e+05 8.404791e-08 8.404791e-08 1.793491e-03 1.497341e-01 4.342137e-01 0.000000e+00 -1.000000e+00 9.214404e-10 0.000000e+00 2.665342e-01
2.333844e-01 -1.000000e+00 0.000000e+00 -1.000000e+00 -1.000000e+00 1.000000e+02 4.555144e-06 -1.000000e+00 -1.000000e+00 7.249714e-01 0.000000e+00 -1.000000e+00 0.000000e+00 4.570398e-11 8.000000e+02 3.352133e-01 0.000000e+00 -9.990070e+05 3.000000e+00 -1.000000e+00 3.503148e-06 -1.0 0.000000e+00 0.000000e+00 -1.000000e+00 3.379861e-04 -1.000000e+00 -9.990070e+05 1.422761e-06 1.422761e-06 9.757746e-03 1.694741e-01 4.969088e-01 0.000000e+00 -1.000000e+00 2.346462e-08 0.000000e+00 3.020771e-01
3.025728e-01 -1.000000e+00 4.000000e+03 -1.000000e+00 -1.000000e+00 2.000000e+02 1.563519e-04 -1.000000e+00 -1.000000e+00 9.539677e-01 0.000000e+00 -1.000000e+00 1.000000e+00 7.436499e-09 8.000000e+02 4.349883e-01 1.000000e+00 -9.990070e+05 3.000000e+00 -1.000000e+00 1.401809e-04 -1.0 0.000000e+00 0.000000e+00 -1.000000e+00 5.423222e-03 -1.000000e+00 -9.990070e+05 5.644711e-05 5.644711e-05 7.495202e-02 2.196780e-01 6.484079e-01 0.000000e+00 -1.000000e+00 1.746359e-06 0.000000e+00 3.920926e-01
5.779178e-01 -1.000000e+00 0.000000e+00 -1.000000e+00 -1.000000e+00 3.000000e+02 2.353737e-02 -1.000000e+00 -1.000000e+00 1.871094e+00 0.000000e+00 -1.000000e+00 0.000000e+00 2.002693e-05 8.000000e+02 8.404040e-01 0.000000e+00 -9.990070e+05 3.000000e+00 -1.000000e+00 2.888151e-02 -1.0 0.000000e+00 0.000000e+00 -1.000000e+00 2.057106e-01 -1.000000e+00 -9.990070e+05 1.142447e-02 1.142447e-02 7.317901e-01 4.227167e-01 1.260075e+00 0.000000e+00 -1.000000e+00 1.096225e-03 0.000000e+00 7.553880e-01
1.122403e+00 -1.000000e+00 0.000000e+00 -1.000000e+00 -1.000000e+00 4.000000e+02 2.021566e-01 -1.000000e+00 -1.000000e+00 3.485304e+00 0.000000e+00 -1.000000e+00 0.000000e+00 1.108368e-03 8.000000e+02 1.609956e+00 0.000000e+00 -9.990070e+05 3.000000e+00 -1.000000e+00 3.120724e-01 -1.0 0.000000e+00 0.000000e+00 -1.000000e+00 6.649569e-01 -1.000000e+00 -9.990070e+05 1.216039e-01 1.216039e-01 9.496452e-01 8.160565e-01 2.386555e+00 0.000000e+00 -1.000000e+00 2.367940e-02 0.000000e+00 1.450985e+00
2.079859e+00 -1.000000e+00 0.000000e+00 -1.000000e+00 -1.000000e+00 5.000000e+02 3.990418e-01 -1.000000e+00 -1.000000e+00 6.151851e+00 0.000000e+00 -1.000000e+00 0.000000e+00 7.129414e-03 8.000000e+02 2.957817e+00 0.000000e+00 -9.990070e+05 3.000000e+00 -1.000000e+00 7.584741e-01 -1.0 0.000000e+00 0.000000e+00 -1.000000e+00 8.005373e-01 -1.000000e+00 -9.990070e+05 3.282093e-01 3.282093e-01 9.712600e-01 1.520835e+00 4.316485e+00 0.000000e+00 -1.000000e+00 8.577325e-02 0.000000e+00 2.669651e+00
5.798126e+00 -1.000000e+00 0.000000e+00 -1.000000e+00 -1.000000e+00 6.000000e+02 4.901596e-01 -1.000000e+00 -1.000000e+00 1.828975e+01 0.000000e+00 -1.000000e+00 0.000000e+00 1.989549e-02 8.000000e+02 8.378242e+00 0.000000e+00 -9.990070e+05 3.000000e+00 -1.000000e+00 9.867281e-01 -1.0 0.000000e+00 0.000000e+00 -1.000000e+00 8.377219e-01 -1.000000e+00 -9.990070e+05 6.064234e-01 6.064234e-01 9.767231e-01 4.214022e+00 1.246252e+01 0.000000e+00 -1.000000e+00 1.493722e-01 0.000000e+00 7.541251e+00
2.188958e-01 -1.000000e+00 4.000000e+03 -1.000000e+00 -1.000000e+00 0.000000e+00 5.535844e-07 -1.000000e+00 -1.000000e+00 6.533842e-01 0.000000e+00 -1.000000e+00 1.000000e+00 2.439278e-12 9.000000e+02 3.123662e-01 1.000000e+00 -9.990070e+05 3.000000e+00 -1.000000e+00 3.815649e-07 -1.0 0.000000e+00 0.000000e+00 -1.000000e+00 6.156149e-05 -1.000000e+00 -9.990070e+05 1.545510e-07 1.545510e-07 2.640619e-03 1.602830e-01 4.559463e-01 0.000000e+00 -1.000000e+00 1.892859e-09 0.000000e+00 2.808298e-01
2.262883e-01 -1.000000e+00 4.000000e+03 -1.000000e+00 -1.000000e+00 1.000000e+02 1.023266e-06 -1.000000e+00 -1.000000e+00 6.760481e-01 0.000000e+00 -1.000000e+00 1.000000e+00 5.693696e-12 9.000000e+02 3.227055e-01 1.000000e+00 -9.990070e+05 3.000000e+00 -1.000000e+00 7.199719e-07 -1.0 0.000000e+00 0.000000e+00 -1.000000e+00 1.014445e-04 -1.000000e+00 -9.990070e+05 2.911572e-07 2.911572e-07 3.887975e-03 1.655521e-01 4.716841e-01 0.000000e+00 -1.000000e+00 3.930057e-09 0.000000e+00 2.904397e-01
2.855152e-01 -1.000000e+00 0.000000e+00 -1.000000e+00 -1.000000e+00 2.000000e+02 4.143376e-05 -1.000000e+00 -1.000000e+00 8.588042e-01 0.000000e+00 -1.000000e+00 0.000000e+00 1.065102e-09 9.000000e+02 4.084650e-01 0.000000e+00 -9.990070e+05 3.000000e+00 -1.000000e+00 3.390332e-05 -1.0 0.000000e+00 0.000000e+00 -1.000000e+00 1.939551e-03 -1.000000e+00 -9.990070e+05 1.359185e-05 1.359185e-05 3.578732e-02 2.092800e-01 5.971314e-01 0.000000e+00 -1.000000e+00 3.408475e-07 0.000000e+00 3.671951e-01
3.876475e-01 -1.000000e+00 0.000000e+00 -1.000000e+00 -1.000000e+00 3.000000e+02 1.234832e-03 -1.000000e+00 -1.000000e+00 1.169164e+00 0.000000e+00 -1.000000e+00 0.000000e+00 1.688603e-07 9.000000e+02 5.543694e-01 0.000000e+00 -9.990070e+05 3.000000e+00 -1.000000e+00 1.206672e-03 -1.0 0.000000e+00 0.000000e+00 -1.000000e+00 2.570034e-02 -1.000000e+00 -9.990070e+05 4.788124e-04 4.788124e-04 2.184032e-01 2.836961e-01 8.113344e-01 0.000000e+00 -1.000000e+00 2.329549e-05 0.000000e+00 4.979328e-01
7.815165e-01 -1.000000e+00 0.000000e+00 -1.000000e+00 -1.000000e+00 4.000000e+02 7.887627e-02 -1.000000e+00 -1.000000e+00 2.454596e+00 0.000000e+00 -1.000000e+00 0.000000e+00 1.721751e-04 9.000000e+02 1.129359e+00 0.000000e+00 -9.990070e+05 3.000000e+00 -1.000000e+00 1.071247e-01 -1.0 0.000000e+00 0.000000e+00 -1.000000e+00 4.356381e-01 -1.000000e+00 -9.990070e+05 4.181243e-02 4.181243e-02 8.945173e-01 5.713739e-01 1.675161e+00 0.000000e+00 -1.000000e+00 5.838726e-03 0.000000e+00 1.016289e+00
1.814027e+00 -1.000000e+00 4.000000e+03 -1.000000e+00 -1.000000e+00 5.000000e+02 3.662834e-01 -1.000000e+00 -1.000000e+00 5.694501e+00 0.000000e+00 -1.000000e+00 1.000000e+00 5.220651e-03 9.000000e+02 2.603243e+00 1.000000e+00 -9.990070e+05 3.000000e+00 -1.000000e+00 6.717213e-01 -1.0 0.000000e+00 0.000000e+00 -1.000000e+00 7.849057e-01 -1.000000e+00 -9.990070e+05 2.792540e-01 2.792540e-01 9.689246e-01 1.319166e+00 3.874591e+00 0.000000e+00 -1.000000e+00 7.038457e-02 0.000000e+00 2.346354e+00
4.055432e+00 -1.000000e+00 0.000000e+00 -1.000000e+00 -1.000000e+00 6.000000e+02 4.761452e-01 -1.000000e+00 -1.000000e+00 1.224150e+01 0.000000e+00 -1.000000e+00 0.000000e+00 1.659846e-02 9.000000e+02 5.804447e+00 0.000000e+00 -9.990070e+05 3.000000e+00 -1.000000e+00 9.594940e-01 -1.0 0.000000e+00 0.000000e+00 -1.000000e+00 8.324550e-01 -1.000000e+00 -9.990070e+05 5.280492e-01 5.280492e-01 9.759558e-01 2.966575e+00 8.495403e+00 0.000000e+00 -1.000000e+00 1.370774e-01 0.000000e+00 5.213073e+00
