2.468321e+00 -1.000000e+00 0.000000e+00 -1.000000e+00 -1.000000e+00 0.000000e+00 3.913581e-01 -1.000000e+00 -1.000000e+00 1.119545e+01 0.000000e+00 -1.000000e+00 0.000000e+00 6.616324e-03 1.000000e+03 3.960981e+00 0.000000e+00 -9.990070e+05 3.000000e+00 -1.000000e+00 9.503900e-01 -1.0 0.000000e+00 0.000000e+00 -1.000000e+00 7.970069e-01 -1.000000e+00 -9.990070e+05 8.074203e-01 8.074203e-01 9.707348e-01 1.662963e+00 6.704208e+00 0.000000e+00 -1.000000e+00 8.188711e-02 0.000000e+00 5.848517e+00
2.899525e+00 -1.000000e+00 0.000000e+00 -1.000000e+00 -1.000000e+00 1.000000e+02 4.150043e-01 -1.000000e+00 -1.000000e+00 1.379048e+01 0.000000e+00 -1.000000e+00 0.000000e+00 8.360059e-03 1.000000e+03 4.672508e+00 0.000000e+00 -9.990070e+05 3.000000e+00 -1.000000e+00 9.416360e-01 -1.0 0.000000e+00 0.000000e+00 -1.000000e+00 8.076372e-01 -1.000000e+00 -9.990070e+05 7.354797e-01 7.354797e-01 9.723122e-01 1.957787e+00 8.050085e+00 0.000000e+00 -1.000000e+00 9.445780e-02 0.000000e+00 6.953336e+00
2.289197e+00 -1.000000e+00 0.000000e+00 -1.000000e+00 -1.000000e+00 2.000000e+02 3.783462e-01 -1.000000e+00 -1.000000e+00 1.028278e+01 0.000000e+00 -1.000000e+00 0.000000e+00 5.844201e-03 1.000000e+03 3.668853e+00 0.000000e+00 -9.990070e+05 3.000000e+00 -1.000000e+00 9.567146e-01 -1.0 0.000000e+00 0.000000e+00 -1.000000e+00 7.908442e-01 -1.000000e+00 -9.990070e+05 8.433890e-01 8.433890e-01 9.698150e-01 1.542281e+00 6.178273e+00 0.000000e+00 -1.000000e+00 7.570434e-02 0.000000e+00 5.397099e+00
3.284587e+00 -1.000000e+00 0.000000e+00 -1.000000e+00 -1.000000e+00 3.000000e+02 4.318278e-01 -1.000000e+00 -1.000000e+00 1.570495e+01 0.000000e+00 -1.000000e+00 0.000000e+00 9.959485e-03 1.000000e+03 5.284336e+00 0.000000e+00 -9.990070e+05 3.000000e+00 -1.000000e+00 9.384139e-01 -1.0 0.000000e+00 0.000000e+00 -1.000000e+00 8.148108e-01 -1.000000e+00 -9.990070e+05 6.779386e-01 6.779386e-01 9.733706e-01 2.225232e+00 9.109533e+00 0.000000e+00 -1.000000e+00 1.045961e-01 0.000000e+00 7.778589e+00
8.876980e+00 -1.000000e+00 0.000000e+00 -1.000000e+00 -1.000000e+00 4.000000e+02 5.000000e-01 -1.000000e+00 -1.000000e+00 4.774840e+01 0.000000e+00 -1.000000e+00 0.000000e+00 2.275013e-02 1.000000e+03 1.472125e+01 0.000000e+00 -9.990070e+05 3.000000e+00 -1.000000e+00 1.088790e+00 -1.0 0.000000e+00 0.000000e+00 -1.000000e+00 8.413447e-01 -1.000000e+00 -9.990070e+05 2.864230e-01 2.864230e-01 9.772499e-01 5.956700e+00 2.640146e+01 0.000000e+00 -1.000000e+00 1.586553e-01 0.000000e+00 2.221785e+01
6.414113e+00 -1.000000e+00 0.000000e+00 -1.000000e+00 -1.000000e+00 5.000000e+02 4.953125e-01 -1.000000e+00 -1.000000e+00 3.121313e+01 0.000000e+00 -1.000000e+00 0.000000e+00 2.132687e-02 1.000000e+03 1.040827e+01 0.000000e+00 -9.990070e+05 3.000000e+00 -1.000000e+00 9.878162e-01 -1.0 0.000000e+00 0.000000e+00 -1.000000e+00 8.396264e-01 -1.000000e+00 -9.990070e+05 4.121659e-01 4.121659e-01 9.770001e-01 4.340599e+00 1.801745e+01 0.000000e+00 -1.000000e+00 1.541646e-01 0.000000e+00 1.533210e+01
8.340445e+00 -1.000000e+00 4.000000e+03 -1.000000e+00 -1.000000e+00 6.000000e+02 5.000000e-01 -1.000000e+00 -1.000000e+00 4.415631e+01 0.000000e+00 -1.000000e+00 1.000000e+00 2.275013e-02 1.000000e+03 1.381430e+01 1.000000e+00 -9.990070e+05 2.000000e+00 -1.000000e+00 1.071240e+00 -1.0 0.000000e+00 0.000000e+00 -1.000000e+00 8.413447e-01 -1.000000e+00 -9.990070e+05 3.012295e-01 3.012295e-01 9.772499e-01 5.677993e+00 2.458906e+01 0.000000e+00 -1.000000e+00 1.586553e-01 1.000000e+00 2.047624e+01
4.514340e+00 -1.000000e+00 0.000000e+00 -1.000000e+00 -1.000000e+00 0.000000e+00 4.633091e-01 -1.000000e+00 -1.000000e+00 2.070355e+01 0.000000e+00 -1.000000e+00 0.000000e+00 1.418956e-02 1.100000e+03 7.260587e+00 0.000000e+00 -9.990070e+05 3.000000e+00 -1.000000e+00 9.450664e-01 -1.0 0.000000e+00 0.000000e+00 -1.000000e+00 8.275096e-01 -1.000000e+00 -9.990070e+05 5.560583e-01 5.560583e-01 9.752336e-01 3.039196e+00 1.233734e+01 0.000000e+00 -1.000000e+00 1.267183e-01 0.000000e+00 1.074963e+01
3.907994e+00 -1.000000e+00 0.000000e+00 -1.000000e+00 -1.000000e+00 1.000000e+02 4.493798e-01 -1.000000e+00 -1.000000e+00 1.860388e+01 0.000000e+00 -1.000000e+00 0.000000e+00 1.207375e-02 1.100000e+03 6.285338e+00 0.000000e+00 -9.990070e+05 3.000000e+00 -1.000000e+00 9.396506e-01 -1.0 0.000000e+00 0.000000e+00 -1.000000e+00 8.219975e-01 -1.000000e+00 -9.990070e+05 6.132642e-01 6.132642e-01 9.744265e-01 2.643589e+00 1.081642e+01 0.000000e+00 -1.000000e+00 1.163849e-01 0.000000e+00 9.264360e+00
3.357298e+00 -1.000000e+00 0.000000e+00 -1.000000e+00 -1.000000e+00 2.000000e+02 4.352214e-01 -1.000000e+00 -1.000000e+00 1.517761e+01 0.000000e+00 -1.000000e+00 0.000000e+00 1.032836e-02 1.100000e+03 5.384431e+00 0.000000e+00 -9.990070e+05 3.000000e+00 -1.000000e+00 9.379567e-01 -1.0 0.000000e+00 0.000000e+00 -1.000000e+00 8.162228e-01 -1.000000e+00 -9.990070e+05 6.646655e-01 6.646655e-01 9.735784e-01 2.262152e+00 9.097251e+00 0.000000e+00 -1.000000e+00 1.067745e-01 0.000000e+00 7.917174e+00
4.292967e+00 -1.000000e+00 0.000000e+00 -1.000000e+00 -1.000000e+00 3.000000e+02 4.597758e-01 -1.000000e+00 -1.000000e+00 1.912370e+01 0.000000e+00 -1.000000e+00 0.000000e+00 1.360912e-02 1.100000e+03 6.887811e+00 0.000000e+00 -9.990070e+05 3.000000e+00 -1.000000e+00 9.429383e-01 -1.0 0.000000e+00 0.000000e+00 -1.000000e+00 8.261264e-01 -1.000000e+00 -9.990070e+05 5.696570e-01 5.696570e-01 9.750313e-01 2.889617e+00 1.156180e+01 0.000000e+00 -1.000000e+00 1.240105e-01 0.000000e+00 1.009683e+01
5.207792e+00 -1.000000e+00 0.000000e+00 -1.000000e+00 -1.000000e+00 4.000000e+02 4.773413e-01 -1.000000e+00 -1.000000e+00 2.419337e+01 0.000000e+00 -1.000000e+00 0.000000e+00 1.684997e-02 1.100000e+03 8.330001e+00 0.000000e+00 -9.990070e+05 3.000000e+00 -1.000000e+00 9.571061e-01 -1.0 0.000000e+00 0.000000e+00 -1.000000e+00 8.329097e-01 -1.000000e+00 -9.990070e+05 4.949912e-01 4.949912e-01 9.760221e-01 3.520236e+00 1.425535e+01 0.000000e+00 -1.000000e+00 1.380856e-01 0.000000e+00 1.231956e+01
8.239502e+00 -1.000000e+00 0.000000e+00 -1.000000e+00 -1.000000e+00 5.000000e+02 5.000000e-01 -1.000000e+00 -1.000000e+00 3.913113e+01 0.000000e+00 -1.000000e+00 0.000000e+00 2.275013e-02 1.100000e+03 1.329607e+01 0.000000e+00 -9.990070e+05 3.000000e+00 -1.000000e+00 1.068230e+00 -1.0 0.000000e+00 0.000000e+00 -1.000000e+00 8.413447e-01 -1.000000e+00 -9.990070e+05 3.036302e-01 3.036302e-01 9.772499e-01 5.572234e+00 2.287483e+01 0.000000e+00 -1.000000e+00 1.586553e-01 0.000000e+00 1.960531e+01
1.228990e+01 -1.000000e+00 0.000000e+00 -1.000000e+00 -1.000000e+00 6.000000e+02 5.000000e-01 -1.000000e+00 -1.000000e+00 5.495605e+01 0.000000e+00 -1.000000e+00 0.000000e+00 2.275013e-02 1.100000e+03 1.975017e+01 0.000000e+00 -9.990070e+05 3.000000e+00 -1.000000e+00 1.231784e+00 -1.0 0.000000e+00 0.000000e+00 -1.000000e+00 8.413447e-01 -1.000000e+00 -9.990070e+05 1.983776e-01 1.983776e-01 9.772499e-01 8.265944e+00 3.318287e+01 0.000000e+00 -1.000000e+00 1.586553e-01 0.000000e+00 2.902651e+01
4.447487e+00 -1.000000e+00 0.000000e+00 -1.000000e+00 -1.000000e+00 0.000000e+00 4.618205e-01 -1.000000e+00 -1.000000e+00 2.109337e+01 0.000000e+00 -1.000000e+00 0.000000e+00 1.394109e-02 1.200000e+03 7.151561e+00 0.000000e+00 -9.990070e+05 3.000000e+00 -1.000000e+00 9.442708e-01 -1.0 0.000000e+00 0.000000e+00 -1.000000e+00 8.269280e-01 -1.000000e+00 -9.990070e+05 5.626061e-01 5.626061e-01 9.751486e-01 3.011610e+00 1.230367e+01 0.000000e+00 -1.000000e+00 1.255702e-01 0.000000e+00 1.051869e+01
4.914242e+00 -1.000000e+00 0.000000e+00 -1.000000e+00 -1.000000e+00 1.000000e+02 4.714610e-01 -1.000000e+00 -1.000000e+00 2.261565e+01 0.000000e+00 -1.000000e+00 0.000000e+00 1.566033e-02 1.200000e+03 7.884269e+00 0.000000e+00 -9.990070e+05 3.000000e+00 -1.000000e+00 9.510135e-01 -1.0 0.000000e+00 0.000000e+00 -1.000000e+00 8.306644e-01 -1.000000e+00 -9.990070e+05 5.205674e-01 5.205674e-01 9.756945e-01 3.314205e+00 1.343579e+01 0.000000e+00 -1.000000e+00 1.332003e-01 0.000000e+00 1.170913e+01
5.626783e+00 -1.000000e+00 0.000000e+00 -1.000000e+00 -1.000000e+00 2.000000e+02 4.855638e-01 -1.000000e+00 -1.000000e+00 2.508464e+01 0.000000e+00 -1.000000e+00 0.000000e+00 1.872489e-02 1.200000e+03 9.033984e+00 0.000000e+00 -9.990070e+05 3.000000e+00 -1.000000e+00 9.684011e-01 -1.0 0.000000e+00 0.000000e+00 -1.000000e+00 8.360091e-01 -1.000000e+00 -9.990070e+05 4.566684e-01 4.566684e-01 9.764738e-01 3.785763e+00 1.516915e+01 0.000000e+00 -1.000000e+00 1.452229e-01 0.000000e+00 1.329886e+01
6.270208e+00 -1.000000e+00 0.000000e+00 -1.000000e+00 -1.000000e+00 3.000000e+02 4.944931e-01 -1.000000e+00 -1.000000e+00 2.900647e+01 0.000000e+00 -1.000000e+00 0.000000e+00 2.109031e-02 1.200000e+03 1.005363e+01 0.000000e+00 -9.990070e+05 3.000000e+00 -1.000000e+00 9.858574e-01 -1.0 0.000000e+00 0.000000e+00 -1.000000e+00 8.393246e-01 -1.000000e+00 -9.990070e+05 4.150623e-01 4.150623e-01 9.769562e-01 4.232315e+00 1.717566e+01 0.000000e+00 -1.000000e+00 1.533925e-01 0.000000e+00 1.482965e+01
8.414849e+00 -1.000000e+00 0.000000e+00 -1.000000e+00 -1.000000e+00 4.000000e+02 5.000000e-01 -1.000000e+00 -1.000000e+00 3.749676e+01 0.000000e+00 -1.000000e+00 0.000000e+00 2.275013e-02 1.200000e+03 1.352940e+01 0.000000e+00 -9.990070e+05 3.000000e+00 -1.000000e+00 1.087003e+00 -1.0 0.000000e+00 0.000000e+00 -1.000000e+00 8.413447e-01 -1.000000e+00 -9.990070e+05 2.874168e-01 2.874168e-01 9.772499e-01 5.656790e+00 2.269594e+01 0.000000e+00 -1.000000e+00 1.586553e-01 0.000000e+00 1.983397e+01
8.195601e+00 -1.000000e+00 0.000000e+00 -1.000000e+00 -1.000000e+00 5.000000e+02 5.000000e-01 -1.000000e+00 -1.000000e+00 3.763101e+01 0.000000e+00 -1.000000e+00 0.000000e+00 2.275013e-02 1.200000e+03 1.312316e+01 0.000000e+00 -9.990070e+05 3.000000e+00 -1.000000e+00 1.072152e+00 -1.0 0.000000e+00 0.000000e+00 -1.000000e+00 8.413447e-01 -1.000000e+00 -9.990070e+05 2.998615e-01 2.998615e-01 9.772499e-01 5.531696e+00 2.231851e+01 0.000000e+00 -1.000000e+00 1.586553e-01 0.000000e+00 1.933752e+01
1.263119e+01 -1.000000e+00 0.000000e+00 -1.000000e+00 -1.000000e+00 6.000000e+02 5.000000e-01 -1.000000e+00 -1.000000e+00 5.975616e+01 0.000000e+00 -1.000000e+00 0.000000e+00 2.275013e-02 1.200000e+03 2.034437e+01 0.000000e+00 -9.990070e+05 3.000000e+00 -1.000000e+00 1.232995e+00 -1.0 0.000000e+00 0.000000e+00 -1.000000e+00 8.413447e-01 -1.000000e+00 -9.990070e+05 1.971298e-01 1.971298e-01 9.772499e-01 8.542408e+00 3.496370e+01 0.000000e+00 -1.000000e+00 1.586553e-01 0.000000e+00 2.997126e+01
6.103663e+00 -1.000000e+00 0.000000e+00 -1.000000e+00 -1.000000e+00 0.000000e+00 4.922067e-01 -1.000000e+00 -1.000000e+00 2.869640e+01 0.000000e+00 -1.000000e+00 0.000000e+00 2.044834e-02 1.300000e+03 9.783171e+00 0.000000e+00 -9.990070e+05 3.000000e+00 -1.000000e+00 9.807992e-01 -1.0 0.000000e+00 0.000000e+00 -1.000000e+00 8.384804e-01 -1.000000e+00 -9.990070e+05 4.257952e-01 4.257952e-01 9.768335e-01 4.131223e+00 1.676880e+01 0.000000e+00 -1.000000e+00 1.512582e-01 0.000000e+00 1.439323e+01
5.094426e+00 -1.000000e+00 0.000000e+00 -1.000000e+00 -1.000000e+00 1.000000e+02 4.749177e-01 -1.000000e+00 -1.000000e+00 2.375423e+01 0.000000e+00 -1.000000e+00 0.000000e+00 1.634551e-02 1.300000e+03 8.165673e+00 0.000000e+00 -9.990070e+05 3.000000e+00 -1.000000e+00 9.544668e-01 -1.0 0.000000e+00 0.000000e+00 -1.000000e+00 8.319873e-01 -1.000000e+00 -9.990070e+05 5.060292e-01 5.060292e-01 9.758876e-01 3.441541e+00 1.399220e+01 0.000000e+00 -1.000000e+00 1.360504e-01 0.000000e+00 1.206431e+01
6.673585e+00 -1.000000e+00 0.000000e+00 -1.000000e+00 -1.000000e+00 2.000000e+02 5.000000e-01 -1.000000e+00 -1.000000e+00 2.966987e+01 0.000000e+00 -1.000000e+00 0.000000e+00 2.275013e-02 1.300000e+03 1.073051e+01 0.000000e+00 -9.990070e+05 3.000000e+00 -1.000000e+00 1.004659e+00 -1.0 0.000000e+00 0.000000e+00 -1.000000e+00 8.413447e-01 -1.000000e+00 -9.990070e+05 3.794378e-01 3.794378e-01 9.772499e-01 4.485050e+00 1.796978e+01 0.000000e+00 -1.000000e+00 1.586553e-01 0.000000e+00 1.573847e+01
8.533184e+00 -1.000000e+00 0.000000e+00 -1.000000e+00 -1.000000e+00 3.000000e+02 5.000000e-01 -1.000000e+00 -1.000000e+00 3.891628e+01 0.000000e+00 -1.000000e+00 0.000000e+00 2.275013e-02 1.300000e+03 1.370931e+01 0.000000e+00 -9.990070e+05 3.000000e+00 -1.000000e+00 1.090577e+00 -1.0 0.000000e+00 0.000000e+00 -1.000000e+00 8.413447e-01 -1.000000e+00 -9.990070e+05 2.846064e-01 2.846064e-01 9.772499e-01 5.746206e+00 2.321232e+01 0.000000e+00 -1.000000e+00 1.586553e-01 0.000000e+00 2.017001e+01
1.057544e+01 -1.000000e+00 0.000000e+00 -1.000000e+00 -1.000000e+00 4.000000e+02 5.000000e-01 -1.000000e+00 -1.000000e+00 4.725280e+01 0.000000e+00 -1.000000e+00 0.000000e+00 2.275013e-02 1.300000e+03 1.698260e+01 0.000000e+00 -9.990070e+05 3.000000e+00 -1.000000e+00 1.190782e+00 -1.0 0.000000e+00 0.000000e+00 -1.000000e+00 8.413447e-01 -1.000000e+00 -9.990070e+05 2.228248e-01 2.228248e-01 9.772499e-01 7.116244e+00 2.855659e+01 0.000000e+00 -1.000000e+00 1.586553e-01 0.000000e+00 2.492989e+01
1.000056e+01 -1.000000e+00 0.000000e+00 -1.000000e+00 -1.000000e+00 5.000000e+02 5.000000e-01 -1.000000e+00 -1.000000e+00 4.473382e+01 0.000000e+00 -1.000000e+00 0.000000e+00 2.275013e-02 1.300000e+03 1.604827e+01 0.000000e+00 -9.990070e+05 3.000000e+00 -1.000000e+00 1.167571e+00 -1.0 0.000000e+00 0.000000e+00 -1.000000e+00 8.413447e-01 -1.000000e+00 -9.990070e+05 2.352342e-01 2.352342e-01 9.772499e-01 6.732553e+00 2.699388e+01 0.000000e+00 -1.000000e+00 1.586553e-01 0.000000e+00 2.353919e+01
1.545830e+01 -1.000000e+00 0.000000e+00 -1.000000e+00 -1.000000e+00 6.000000e+02 5.000000e-01 -1.000000e+00 -1.000000e+00 7.130263e+01 0.000000e+00 -1.000000e+00 0.000000e+00 2.275013e-02 1.300000e+03 2.481526e+01 0.000000e+00 -9.990070e+05 3.000000e+00 -1.000000e+00 1.222611e+00 -1.0 0.000000e+00 0.000000e+00 -1.000000e+00 8.413447e-01 -1.000000e+00 -9.990070e+05 1.807441e-01 1.807441e-01 9.772499e-01 1.042256e+01 4.226552e+01 0.000000e+00 -1.000000e+00 1.586553e-01 0.000000e+00 3.657436e+01
7.650165e+00 -1.000000e+00 0.000000e+00 -1.000000e+00 -1.000000e+00 0.000000e+00 5.000000e-01 -1.000000e+00 -1.000000e+00 3.391787e+01 0.000000e+00 -1.000000e+00 0.000000e+00 2.275013e-02 1.400000e+03 1.229488e+01 0.000000e+00 -9.990070e+05 3.000000e+00 -1.000000e+00 1.049791e+00 -1.0 0.000000e+00 0.000000e+00 -1.000000e+00 8.413447e-01 -1.000000e+00 -9.990070e+05 3.210406e-01 3.210406e-01 9.772499e-01 5.141806e+00 2.056316e+01 0.000000e+00 -1.000000e+00 1.586553e-01 0.000000e+00 1.800725e+01
7.975566e+00 -1.000000e+00 0.000000e+00 -1.000000e+00 -1.000000e+00 1.000000e+02 5.000000e-01 -1.000000e+00 -1.000000e+00 3.536030e+01 0.000000e+00 -1.000000e+00 0.000000e+00 2.275013e-02 1.400000e+03 1.281667e+01 0.000000e+00 -9.990070e+05 3.000000e+00 -1.000000e+00 1.066263e+00 -1.0 0.000000e+00 0.000000e+00 -1.000000e+00 8.413447e-01 -1.000000e+00 -9.990070e+05 3.049604e-01 3.049604e-01 9.772499e-01 5.360941e+00 2.143657e+01 0.000000e+00 -1.000000e+00 1.586553e-01 0.000000e+00 1.877999e+01
8.194311e+00 -1.000000e+00 4.000000e+03 -1.000000e+00 -1.000000e+00 2.000000e+02 5.000000e-01 -1.000000e+00 -1.000000e+00 3.662263e+01 0.000000e+00 -1.000000e+00 1.000000e+00 2.275013e-02 1.400000e+03 1.317908e+01 1.000000e+00 -9.990070e+05 3.000000e+00 -1.000000e+00 1.075798e+00 -1.0 0.000000e+00 0.000000e+00 -1.000000e+00 8.413447e-01 -1.000000e+00 -9.990070e+05 2.965756e-01 2.965756e-01 9.772499e-01 5.508142e+00 2.211756e+01 0.000000e+00 -1.000000e+00 1.586553e-01 0.000000e+00 1.933486e+01
9.264373e+00 -1.000000e+00 0.000000e+00 -1.000000e+00 -1.000000e+00 3.000000e+02 5.000000e-01 -1.000000e+00 -1.000000e+00 4.102182e+01 0.000000e+00 -1.000000e+00 0.000000e+00 2.275013e-02 1.400000e+03 1.487589e+01 0.000000e+00 -9.990070e+05 3.000000e+00 -1.000000e+00 1.133943e+00 -1.0 0.000000e+00 0.000000e+00 -1.000000e+00 8.413447e-01 -1.000000e+00 -9.990070e+05 2.545988e-01 2.545988e-01 9.772499e-01 6.230173e+00 2.489516e+01 0.000000e+00 -1.000000e+00 1.586553e-01 0.000000e+00 2.183562e+01
1.247740e+01 -1.000000e+00 0.000000e+00 -1.000000e+00 -1.000000e+00 4.000000e+02 5.000000e-01 -1.000000e+00 -1.000000e+00 5.670488e+01 0.000000e+00 -1.000000e+00 0.000000e+00 2.275013e-02 1.400000e+03 2.004175e+01 0.000000e+00 -9.990070e+05 3.000000e+00 -1.000000e+00 1.233035e+00 -1.0 0.000000e+00 0.000000e+00 -1.000000e+00 8.413447e-01 -1.000000e+00 -9.990070e+05 1.973347e-01 1.973347e-01 9.772499e-01 8.402051e+00 3.392805e+01 0.000000e+00 -1.000000e+00 1.586553e-01 0.000000e+00 2.963933e+01
1.111716e+01 -1.000000e+00 0.000000e+00 -1.000000e+00 -1.000000e+00 5.000000e+02 5.000000e-01 -1.000000e+00 -1.000000e+00 5.592382e+01 0.000000e+00 -1.000000e+00 0.000000e+00 2.275013e-02 1.400000e+03 1.818219e+01 0.000000e+00 -9.990070e+05 3.000000e+00 -1.000000e+00 1.203246e+00 -1.0 0.000000e+00 0.000000e+00 -1.000000e+00 8.413447e-01 -1.000000e+00 -9.990070e+05 2.161942e-01 2.161942e-01 9.772499e-01 7.578047e+00 3.182349e+01 0.000000e+00 -1.000000e+00 1.586553e-01 0.000000e+00 2.688322e+01
1.748118e+01 -1.000000e+00 0.000000e+00 -1.000000e+00 -1.000000e+00 6.000000e+02 5.000000e-01 -1.000000e+00 -1.000000e+00 7.765355e+01 0.000000e+00 -1.000000e+00 0.000000e+00 2.275013e-02 1.400000e+03 2.806022e+01 0.000000e+00 -9.990070e+05 3.000000e+00 -1.000000e+00 1.198081e+00 -1.0 0.000000e+00 0.000000e+00 -1.000000e+00 8.413447e-01 -1.000000e+00 -9.990070e+05 1.749925e-01 1.749925e-01 9.772499e-01 1.176043e+01 4.702949e+01 0.000000e+00 -1.000000e+00 1.586553e-01 0.000000e+00 4.120958e+01
1.239046e+01 -1.000000e+00 0.000000e+00 -1.000000e+00 -1.000000e+00 0.000000e+00 5.000000e-01 -1.000000e+00 -1.000000e+00 5.525335e+01 0.000000e+00 -1.000000e+00 0.000000e+00 2.275013e-02 1.500000e+03 1.991677e+01 0.000000e+00 -9.990070e+05 3.000000e+00 -1.000000e+00 1.233835e+00 -1.0 0.000000e+00 0.000000e+00 -1.000000e+00 8.413447e-01 -1.000000e+00 -9.990070e+05 1.965453e-01 1.965453e-01 9.772499e-01 8.328750e+00 3.336563e+01 0.000000e+00 -1.000000e+00 1.586553e-01 0.000000e+00 2.919991e+01
1.139942e+01 -1.000000e+00 0.000000e+00 -1.000000e+00 -1.000000e+00 1.000000e+02 5.000000e-01 -1.000000e+00 -1.000000e+00 5.095890e+01 0.000000e+00 -1.000000e+00 0.000000e+00 2.275013e-02 1.500000e+03 1.827843e+01 0.000000e+00 -9.990070e+05 3.000000e+00 -1.000000e+00 1.217221e+00 -1.0 0.000000e+00 0.000000e+00 -1.000000e+00 8.413447e-01 -1.000000e+00 -9.990070e+05 2.084144e-01 2.084144e-01 9.772499e-01 7.676892e+00 3.071614e+01 0.000000e+00 -1.000000e+00 1.586553e-01 0.000000e+00 2.680509e+01
1.186013e+01 -1.000000e+00 0.000000e+00 -1.000000e+00 -1.000000e+00 2.000000e+02 5.000000e-01 -1.000000e+00 -1.000000e+00 5.244772e+01 0.000000e+00 -1.000000e+00 0.000000e+00 2.275013e-02 1.500000e+03 1.905124e+01 0.000000e+00 -9.990070e+05 3.000000e+00 -1.000000e+00 1.227586e+00 -1.0 0.000000e+00 0.000000e+00 -1.000000e+00 8.413447e-01 -1.000000e+00 -9.990070e+05 2.018242e-01 2.018242e-01 9.772499e-01 7.973403e+00 3.184686e+01 0.000000e+00 -1.000000e+00 1.586553e-01 0.000000e+00 2.791267e+01
1.257614e+01 -1.000000e+00 0.000000e+00 -1.000000e+00 -1.000000e+00 3.000000e+02 5.000000e-01 -1.000000e+00 -1.000000e+00 5.586276e+01 0.000000e+00 -1.000000e+00 0.000000e+00 2.275013e-02 1.500000e+03 2.019907e+01 0.000000e+00 -9.990070e+05 3.000000e+00 -1.000000e+00 1.235201e+00 -1.0 0.000000e+00 0.000000e+00 -1.000000e+00 8.413447e-01 -1.000000e+00 -9.990070e+05 1.948941e-01 1.948941e-01 9.772499e-01 8.456762e+00 3.382116e+01 0.000000e+00 -1.000000e+00 1.586553e-01 0.000000e+00 2.960783e+01
1.503547e+01 -1.000000e+00 0.000000e+00 -1.000000e+00 -1.000000e+00 4.000000e+02 5.000000e-01 -1.000000e+00 -1.000000e+00 6.741865e+01 0.000000e+00 -1.000000e+00 0.000000e+00 2.275013e-02 1.500000e+03 2.412776e+01 0.000000e+00 -9.990070e+05 3.000000e+00 -1.000000e+00 1.225645e+00 -1.0 0.000000e+00 0.000000e+00 -1.000000e+00 8.413447e-01 -1.000000e+00 -9.990070e+05 1.816861e-01 1.816861e-01 9.772499e-01 1.012354e+01 4.062696e+01 0.000000e+00 -1.000000e+00 1.586553e-01 0.000000e+00 3.539398e+01
1.657742e+01 -1.000000e+00 0.000000e+00 -1.000000e+00 -1.000000e+00 5.000000e+02 5.000000e-01 -1.000000e+00 -1.000000e+00 7.482827e+01 0.000000e+00 -1.000000e+00 0.000000e+00 2.275013e-02 1.500000e+03 2.656760e+01 0.000000e+00 -9.990070e+05 3.000000e+00 -1.000000e+00 1.208981e+00 -1.0 0.000000e+00 0.000000e+00 -1.000000e+00 8.413447e-01 -1.000000e+00 -9.990070e+05 1.772262e-01 1.772262e-01 9.772499e-01 1.117299e+01 4.485168e+01 0.000000e+00 -1.000000e+00 1.586553e-01 0.000000e+00 3.903389e+01
2.159161e+01 -1.000000e+00 0.000000e+00 -1.000000e+00 -1.000000e+00 6.000000e+02 5.000000e-01 -1.000000e+00 -1.000000e+00 1.011743e+02 0.000000e+00 -1.000000e+00 0.000000e+00 2.275013e-02 1.500000e+03 3.459753e+01 0.000000e+00 -9.990070e+05 3.000000e+00 -1.000000e+00 1.162328e+00 -1.0 0.000000e+00 0.000000e+00 -1.000000e+00 8.413447e-01 -1.000000e+00 -9.990070e+05 1.687903e-01 1.687903e-01 9.772499e-01 1.460557e+01 5.936133e+01 0.000000e+00 -1.000000e+00 1.586553e-01 0.000000e+00 5.101141e+01
1.826608e+01 -1.000000e+00 0.000000e+00 -1.000000e+00 -1.000000e+00 0.000000e+00 5.000000e-01 -1.000000e+00 -1.000000e+00 8.097179e+01 0.000000e+00 -1.000000e+00 0.000000e+00 2.275013e-02 1.600000e+03 2.931977e+01 0.000000e+00 -9.990070e+05 3.000000e+00 -1.000000e+00 1.189473e+00 -1.0 0.000000e+00 0.000000e+00 -1.000000e+00 8.413447e-01 -1.000000e+00 -9.990070e+05 1.734143e-01 1.734143e-01 9.772499e-01 1.228731e+01 4.909320e+01 0.000000e+00 -1.000000e+00 1.586553e-01 0.000000e+00 4.298940e+01
1.775300e+01 -1.000000e+00 0.000000e+00 -1.000000e+00 -1.000000e+00 1.000000e+02 5.000000e-01 -1.000000e+00 -1.000000e+00 7.866514e+01 0.000000e+00 -1.000000e+00 0.000000e+00 2.275013e-02 1.600000e+03 2.850020e+01 0.000000e+00 -9.990070e+05 3.000000e+00 -1.000000e+00 1.194771e+00 -1.0 0.000000e+00 0.000000e+00 -1.000000e+00 8.413447e-01 -1.000000e+00 -9.990070e+05 1.743791e-01 1.743791e-01 9.772499e-01 1.194122e+01 4.771584e+01 0.000000e+00 -1.000000e+00 1.586553e-01 0.000000e+00 4.176468e+01
1.989046e+01 -1.000000e+00 0.000000e+00 -1.000000e+00 -1.000000e+00 2.000000e+02 5.000000e-01 -1.000000e+00 -1.000000e+00 8.813823e+01 0.000000e+00 -1.000000e+00 0.000000e+00 2.275013e-02 1.600000e+03 3.193088e+01 0.000000e+00 -9.990070e+05 3.000000e+00 -1.000000e+00 1.174118e+00 -1.0 0.000000e+00 0.000000e+00 -1.000000e+00 8.413447e-01 -1.000000e+00 -9.990070e+05 1.707383e-01 1.707383e-01 9.772499e-01 1.337877e+01 5.346069e+01 0.000000e+00 -1.000000e+00 1.586553e-01 0.000000e+00 4.685651e+01
1.931246e+01 -1.000000e+00 0.000000e+00 -1.000000e+00 -1.000000e+00 3.000000e+02 5.000000e-01 -1.000000e+00 -1.000000e+00 8.545947e+01 0.000000e+00 -1.000000e+00 0.000000e+00 2.275013e-02 1.600000e+03 3.100681e+01 0.000000e+00 -9.990070e+05 3.000000e+00 -1.000000e+00 1.179193e+00 -1.0 0.000000e+00 0.000000e+00 -1.000000e+00 8.413447e-01 -1.000000e+00 -9.990070e+05 1.716094e-01 1.716094e-01 9.772499e-01 1.298807e+01 5.187919e+01 0.000000e+00 -1.000000e+00 1.586553e-01 0.000000e+00 4.547601e+01
2.199347e+01 -1.000000e+00 0.000000e+00 -1.000000e+00 -1.000000e+00 4.000000e+02 5.000000e-01 -1.000000e+00 -1.000000e+00 9.747252e+01 0.000000e+00 -1.000000e+00 0.000000e+00 2.275013e-02 1.600000e+03 3.530461e+01 0.000000e+00 -9.990070e+05 3.000000e+00 -1.000000e+00 1.157351e+00 -1.0 0.000000e+00 0.000000e+00 -1.000000e+00 8.413447e-01 -1.000000e+00 -9.990070e+05 1.679030e-01 1.679030e-01 9.772499e-01 1.479447e+01 5.912268e+01 0.000000e+00 -1.000000e+00 1.586553e-01 0.000000e+00 5.179411e+01
2.856627e+01 -1.000000e+00 0.000000e+00 -1.000000e+00 -1.000000e+00 5.000000e+02 5.000000e-01 -1.000000e+00 -1.000000e+00 1.295793e+02 0.000000e+00 -1.000000e+00 0.000000e+00 2.275013e-02 1.600000e+03 4.582191e+01 0.000000e+00 -9.990070e+05 3.000000e+00 -1.000000e+00 1.121778e+00 -1.0 0.000000e+00 0.000000e+00 -1.000000e+00 8.413447e-01 -1.000000e+00 -9.990070e+05 1.619641e-01 1.619641e-01 9.772499e-01 1.925160e+01 7.753080e+01 0.000000e+00 -1.000000e+00 1.586553e-01 0.000000e+00 6.735796e+01
2.899621e+01 -1.000000e+00 0.000000e+00 -1.000000e+00 -1.000000e+00 6.000000e+02 5.000000e-01 -1.000000e+00 -1.000000e+00 1.300324e+02 0.000000e+00 -1.000000e+00 0.000000e+00 2.275013e-02 1.600000e+03 4.653688e+01 0.000000e+00 -9.990070e+05 3.000000e+00 -1.000000e+00 1.119704e+00 -1.0 0.000000e+00 0.000000e+00 -1.000000e+00 8.413447e-01 -1.000000e+00 -9.990070e+05 1.616086e-01 1.616086e-01 9.772499e-01 1.952138e+01 7.836611e+01 0.000000e+00 -1.000000e+00 1.586553e-01 0.000000e+00 6.843130e+01
4.906424e+01 -1.000000e+00 0.000000e+00 -1.000000e+00 -1.000000e+00 3.750000e+02 5.000000e-01 -1.000000e+00 -1.000000e+00 7.097800e+01 0.000000e+00 -1.000000e+00 0.000000e+00 2.275013e-02 4.250000e+02 5.367250e+01 0.000000e+00 -9.990070e+05 3.000000e+00 -1.000000e+00 1.004877e+00 -1.0 0.000000e+00 0.000000e+00 -1.000000e+00 8.413447e-01 -1.000000e+00 -9.990070e+05 5.409396e-01 5.409396e-01 9.772499e-01 4.593845e+01 6.083423e+01 0.000000e+00 -1.000000e+00 1.586553e-01 0.000000e+00 5.100003e+01
9.162064e+01 -1.000000e+00 4.000000e+03 -1.000000e+00 -1.000000e+00 3.000000e+02 5.000000e-01 -1.000000e+00 -1.000000e+00 1.325085e+02 0.000000e+00 -1.000000e+00 1.000000e+00 2.275013e-02 5.000000e+02 1.004316e+02 1.000000e+00 -9.990070e+05 3.000000e+00 -1.000000e+00 1.002095e+00 -1.0 0.000000e+00 0.000000e+00 -1.000000e+00 8.413447e-01 -1.000000e+00 -9.990070e+05 6.176643e-01 6.176643e-01 9.772499e-01 8.576203e+01 1.139290e+02 0.000000e+00 -1.000000e+00 1.586553e-01 0.000000e+00 9.545931e+01
2.408599e+00 -1.000000e+00 0.000000e+00 -1.000000e+00 -1.000000e+00 3.000000e+02 3.541552e-01 -1.000000e+00 -1.000000e+00 2.565919e+01 0.000000e+00 -1.000000e+00 0.000000e+00 4.668506e-03 6.000000e+02 4.351743e+00 0.000000e+00 -9.990070e+05 3.000000e+00 -1.000000e+00 9.889774e-01 -1.0 0.000000e+00 0.000000e+00 -1.000000e+00 7.786938e-01 -1.000000e+00 -9.990070e+05 9.628990e-01 9.628990e-01 9.679888e-01 1.610886e+00 9.503051e+00 0.000000e+00 -1.000000e+00 6.539980e-02 0.000000e+00 7.098546e+00
-1.000000e+00 -1.000000e+00 0.000000e+00 -1.000000e+00 -1.000000e+00 5.750000e+02 6.373216e-02 -1.000000e+00 -1.000000e+00 -1.000000e+00 0.000000e+00 -1.000000e+00 0.000000e+00 1.163048e-04 6.000000e+02 -1.000000e+00 0.000000e+00 -9.990070e+05 3.000000e+00 -1.000000e+00 2.359376e-01 -1.0 0.000000e+00 0.000000e+00 -1.000000e+00 3.858603e-01 -1.000000e+00 -9.990070e+05 1.585381e-01 1.585381e-01 8.749474e-01 -1.000000e+00 -1.000000e+00 0.000000e+00 -1.000000e+00 4.320079e-03 0.000000e+00 -1.000000e+00
2.871869e+00 -1.000000e+00 0.000000e+00 -1.000000e+00 -1.000000e+00 3.000000e+02 4.087153e-01 -1.000000e+00 -1.000000e+00 1.621605e+01 0.000000e+00 -1.000000e+00 0.000000e+00 7.846079e-03 7.000000e+02 4.772414e+00 0.000000e+00 -9.990070e+05 3.000000e+00 -1.000000e+00 9.467908e-01 -1.0 0.000000e+00 0.000000e+00 -1.000000e+00 8.048761e-01 -1.000000e+00 -9.990070e+05 7.674026e-01 7.674026e-01 9.719036e-01 1.863325e+00 8.653696e+00 0.000000e+00 -1.000000e+00 9.093346e-02 0.000000e+00 7.248216e+00
6.143705e+00 -1.000000e+00 0.000000e+00 -1.000000e+00 -1.000000e+00 4.000000e+02 4.659267e-01 -1.000000e+00 -1.000000e+00 6.216636e+01 0.000000e+00 -1.000000e+00 0.000000e+00 1.464097e-02 7.000000e+02 1.141763e+01 0.000000e+00 -9.990070e+05 3.000000e+00 -1.000000e+00 9.514503e-01 -1.0 0.000000e+00 0.000000e+00 -1.000000e+00 8.285281e-01 -1.000000e+00 -9.990070e+05 5.729407e-01 5.729407e-01 9.753825e-01 4.034568e+00 2.545458e+01 0.000000e+00 -1.000000e+00 1.287637e-01 0.000000e+00 1.811162e+01
-1.000000e+00 -1.000000e+00 0.000000e+00 -1.000000e+00 -1.000000e+00 5.000000e+02 5.000000e-01 -1.000000e+00 -1.000000e+00 -1.000000e+00 0.000000e+00 -1.000000e+00 0.000000e+00 2.275013e-02 7.000000e+02 -1.000000e+00 0.000000e+00 -9.990070e+05 3.000000e+00 -1.000000e+00 1.179087e+00 -1.0 0.000000e+00 0.000000e+00 -1.000000e+00 8.413447e-01 -1.000000e+00 -9.990070e+05 1.920316e-01 1.920316e-01 9.772499e-01 -1.000000e+00 -1.000000e+00 0.000000e+00 -1.000000e+00 1.586553e-01 0.000000e+00 -1.000000e+00
1.822959e+01 -1.000000e+00 0.000000e+00 -1.000000e+00 -1.000000e+00 6.000000e+02 5.000000e-01 -1.000000e+00 -1.000000e+00 8.390650e+01 0.000000e+00 -1.000000e+00 0.000000e+00 2.275013e-02 7.000000e+02 2.920758e+01 0.000000e+00 -9.990070e+05 3.000000e+00 -1.000000e+00 1.192047e+00 -1.0 0.000000e+00 0.000000e+00 -1.000000e+00 8.413447e-01 -1.000000e+00 -9.990070e+05 1.757675e-01 1.757675e-01 9.772499e-01 1.230112e+01 4.974547e+01 0.000000e+00 -1.000000e+00 1.586553e-01 0.000000e+00 4.354748e+01
1.227171e+00 -1.000000e+00 0.000000e+00 -1.000000e+00 -1.000000e+00 0.000000e+00 2.126381e-01 -1.000000e+00 -1.000000e+00 5.832007e+00 0.000000e+00 -1.000000e+00 0.000000e+00 1.238901e-03 8.000000e+02 1.976923e+00 0.000000e+00 -9.990070e+05 3.000000e+00 -1.000000e+00 8.362635e-01 -1.0 0.000000e+00 0.000000e+00 -1.000000e+00 6.761738e-01 -1.000000e+00 -9.990070e+05 7.249064e-01 7.249064e-01 9.515896e-01 8.289345e-01 3.401416e+00 0.000000e+00 -1.000000e+00 2.569385e-02 0.000000e+00 2.953168e+00
2.389720e+00 -1.000000e+00 0.000000e+00 -1.000000e+00 -1.000000e+00 1.000000e+02 3.780529e-01 -1.000000e+00 -1.000000e+00 1.337027e+01 0.000000e+00 -1.000000e+00 0.000000e+00 5.828053e-03 8.000000e+02 3.975485e+00 0.000000e+00 -9.990070e+05 3.000000e+00 -1.000000e+00 9.594283e-01 -1.0 0.000000e+00 0.000000e+00 -1.000000e+00 7.907025e-01 -1.000000e+00 -9.990070e+05 8.525429e-01 8.525429e-01 9.697938e-01 1.558132e+00 7.222145e+00 0.000000e+00 -1.000000e+00 7.557042e-02 0.000000e+00 6.089642e+00
2.524005e+00 -1.000000e+00 0.000000e+00 -1.000000e+00 -1.000000e+00 2.000000e+02 3.926203e-01 -1.000000e+00 -1.000000e+00 1.299084e+01 0.000000e+00 -1.000000e+00 0.000000e+00 6.697482e-03 8.000000e+02 4.164612e+00 0.000000e+00 -9.990070e+05 3.000000e+00 -1.000000e+00 9.509305e-01 -1.0 0.000000e+00 0.000000e+00 -1.000000e+00 7.975922e-01 -1.000000e+00 -9.990070e+05 8.075819e-01 8.075819e-01 9.708220e-01 1.717116e+00 7.309475e+00 0.000000e+00 -1.000000e+00 8.251308e-02 0.000000e+00 6.286887e+00
2.455578e+00 -1.000000e+00 0.000000e+00 -1.000000e+00 -1.000000e+00 3.000000e+02 3.881536e-01 -1.000000e+00 -1.000000e+00 1.273920e+01 0.000000e+00 -1.000000e+00 0.000000e+00 6.415503e-03 8.000000e+02 4.060949e+00 0.000000e+00 -9.990070e+05 3.000000e+00 -1.000000e+00 9.546203e-01 -1.0 0.000000e+00 0.000000e+00 -1.000000e+00 7.955112e-01 -1.000000e+00 -9.990070e+05 8.258137e-01 8.258137e-01 9.705120e-01 1.672682e+00 7.145249e+00 0.000000e+00 -1.000000e+00 8.031923e-02 0.000000e+00 6.072260e+00
3.849505e+00 -1.000000e+00 0.000000e+00 -1.000000e+00 -1.000000e+00 4.000000e+02 4.468528e-01 -1.000000e+00 -1.000000e+00 2.091986e+01 0.000000e+00 -1.000000e+00 0.000000e+00 1.173543e-02 8.000000e+02 6.338816e+00 0.000000e+00 -9.990070e+05 3.000000e+00 -1.000000e+00 9.399431e-01 -1.0 0.000000e+00 0.000000e+00 -1.000000e+00 8.209801e-01 -1.000000e+00 -9.990070e+05 6.267226e-01 6.267226e-01 9.742773e-01 2.589272e+00 1.146758e+01 0.000000e+00 -1.000000e+00 1.146059e-01 0.000000e+00 9.502100e+00
5.298202e+00 -1.000000e+00 0.000000e+00 -1.000000e+00 -1.000000e+00 5.000000e+02 4.737899e-01 -1.000000e+00 -1.000000e+00 3.340383e+01 0.000000e+00 -1.000000e+00 0.000000e+00 1.611763e-02 8.000000e+02 9.121397e+00 0.000000e+00 -9.990070e+05 3.000000e+00 -1.000000e+00 9.540258e-01 -1.0 0.000000e+00 0.000000e+00 -1.000000e+00 8.315566e-01 -1.000000e+00 -9.990070e+05 5.158384e-01 5.158384e-01 9.758248e-01 3.559640e+00 1.733949e+01 0.000000e+00 -1.000000e+00 1.351137e-01 0.000000e+00 1.385812e+01
1.811972e+01 -1.000000e+00 0.000000e+00 -1.000000e+00 -1.000000e+00 6.000000e+02 5.000000e-01 -1.000000e+00 -1.000000e+00 2.194026e+02 0.000000e+00 -1.000000e+00 0.000000e+00 2.275013e-02 8.000000e+02 3.805529e+01 0.000000e+00 -9.990070e+05 3.000000e+00 -1.000000e+00 1.232878e+00 -1.0 0.000000e+00 0.000000e+00 -1.000000e+00 8.413447e-01 -1.000000e+00 -9.990070e+05 1.870738e-01 1.870738e-01 9.772499e-01 1.169155e+01 9.190305e+01 0.000000e+00 -1.000000e+00 1.586553e-01 0.000000e+00 6.393757e+01
2.740550e+00 -1.000000e+00 0.000000e+00 -1.000000e+00 -1.000000e+00 0.000000e+00 4.064916e-01 -1.000000e+00 -1.000000e+00 1.328737e+01 0.000000e+00 -1.000000e+00 0.000000e+00 7.673780e-03 9.000000e+02 4.440319e+00 0.000000e+00 -9.990070e+05 3.000000e+00 -1.000000e+00 9.451684e-01 -1.0 0.000000e+00 0.000000e+00 -1.000000e+00 8.038888e-01 -1.000000e+00 -9.990070e+05 7.655579e-01 7.655579e-01 9.717573e-01 1.856220e+00 7.665490e+00 0.000000e+00 -1.000000e+00 8.971988e-02 0.000000e+00 6.597955e+00
2.439351e+00 -1.000000e+00 0.000000e+00 -1.000000e+00 -1.000000e+00 1.000000e+02 3.868114e-01 -1.000000e+00 -1.000000e+00 1.178156e+01 0.000000e+00 -1.000000e+00 0.000000e+00 6.333552e-03 9.000000e+02 3.952913e+00 0.000000e+00 -9.990070e+05 3.000000e+00 -1.000000e+00 9.526653e-01 -1.0 0.000000e+00 0.000000e+00 -1.000000e+00 7.948806e-01 -1.000000e+00 -9.990070e+05 8.208146e-01 8.208146e-01 9.704179e-01 1.650451e+00 6.824119e+00 0.000000e+00 -1.000000e+00 7.967151e-02 0.000000e+00 5.906939e+00
2.125945e+00 -1.000000e+00 0.000000e+00 -1.000000e+00 -1.000000e+00 2.000000e+02 3.602855e-01 -1.000000e+00 -1.000000e+00 1.012794e+01 0.000000e+00 -1.000000e+00 0.000000e+00 4.938990e-03 9.000000e+02 3.431345e+00 0.000000e+00 -9.990070e+05 3.000000e+00 -1.000000e+00 9.688496e-01 -1.0 0.000000e+00 0.000000e+00 -1.000000e+00 7.818653e-01 -1.000000e+00 -9.990070e+05 8.961040e-01 8.961040e-01 9.684672e-01 1.437580e+00 5.906904e+00 0.000000e+00 -1.000000e+00 6.787582e-02 0.000000e+00 5.123862e+00
2.931361e+00 -1.000000e+00 0.000000e+00 -1.000000e+00 -1.000000e+00 3.000000e+02 4.160561e-01 -1.000000e+00 -1.000000e+00 1.516950e+01 0.000000e+00 -1.000000e+00 0.000000e+00 8.450079e-03 9.000000e+02 4.848968e+00 0.000000e+00 -9.990070e+05 3.000000e+00 -1.000000e+00 9.427585e-01 -1.0 0.000000e+00 0.000000e+00 -1.000000e+00 8.080946e-01 -1.000000e+00 -9.990070e+05 7.373693e-01 7.373693e-01 9.723798e-01 1.995866e+00 8.538981e+00 0.000000e+00 -1.000000e+00 9.506082e-02 0.000000e+00 7.212380e+00
3.866494e+00 -1.000000e+00 0.000000e+00 -1.000000e+00 -1.000000e+00 4.000000e+02 4.475725e-01 -1.000000e+00 -1.000000e+00 1.854070e+01 0.000000e+00 -1.000000e+00 0.000000e+00 1.183051e-02 9.000000e+02 6.254483e+00 0.000000e+00 -9.990070e+05 3.000000e+00 -1.000000e+00 9.399270e-01 -1.0 0.000000e+00 0.000000e+00 -1.000000e+00 8.212704e-01 -1.000000e+00 -9.990070e+05 6.232929e-01 6.232929e-01 9.743199e-01 2.611306e+00 1.079518e+01 0.000000e+00 -1.000000e+00 1.151097e-01 0.000000e+00 9.248438e+00
1.114633e+01 -1.000000e+00 0.000000e+00 -1.000000e+00 -1.000000e+00 5.000000e+02 5.000000e-01 -1.000000e+00 -1.000000e+00 5.508477e+01 0.000000e+00 -1.000000e+00 0.000000e+00 2.275013e-02 9.000000e+02 1.817399e+01 0.000000e+00 -9.990070e+05 3.000000e+00 -1.000000e+00 1.198658e+00 -1.0 0.000000e+00 0.000000e+00 -1.000000e+00 8.413447e-01 -1.000000e+00 -9.990070e+05 2.186729e-01 2.186729e-01 9.772499e-01 7.556707e+00 3.154139e+01 0.000000e+00 -1.000000e+00 1.586553e-01 0.000000e+00 2.698918e+01
1.002073e+01 -1.000000e+00 0.000000e+00 -1.000000e+00 -1.000000e+00 6.000000e+02 5.000000e-01 -1.000000e+00 -1.000000e+00 5.251832e+01 0.000000e+00 -1.000000e+00 0.000000e+00 2.275013e-02 9.000000e+02 1.663040e+01 0.000000e+00 -9.990070e+05 3.000000e+00 -1.000000e+00 1.154950e+00 -1.0 0.000000e+00 0.000000e+00 -1.000000e+00 8.413447e-01 -1.000000e+00 -9.990070e+05 2.425557e-01 2.425557e-01 9.772499e-01 6.840956e+00 2.940880e+01 0.000000e+00 -1.000000e+00 1.586553e-01 0.000000e+00 2.464243e+01
