1.499489e+00 -1.000000e+00 0.000000e+00 -1.000000e+00 -1.000000e+00 0.000000e+00 3.010083e-01 -1.000000e+00 -1.000000e+00 4.783589e+00 0.000000e+00 -1.000000e+00 0.000000e+00 2.885411e-03 1.000000e+03 2.180085e+00 0.000000e+00 -9.990070e+05 3.000000e+00 -1.000000e+00 8.725410e-01 -1.0 0.000000e+00 0.000000e+00 -1.000000e+00 7.479254e-01 -1.000000e+00 -9.990070e+05 7.157102e-01 7.157102e-01 9.632755e-01 1.085140e+00 3.257996e+00 0.000000e+00 -1.000000e+00 4.711335e-02 0.000000e+00 2.738732e+00
1.460270e+00 -1.000000e+00 0.000000e+00 -1.000000e+00 -1.000000e+00 1.000000e+02 2.922659e-01 -1.000000e+00 -1.000000e+00 4.630351e+00 0.000000e+00 -1.000000e+00 0.000000e+00 2.665308e-03 1.000000e+03 2.119997e+00 0.000000e+00 -9.990070e+05 3.000000e+00 -1.000000e+00 8.581684e-01 -1.0 0.000000e+00 0.000000e+00 -1.000000e+00 7.421829e-01 -1.000000e+00 -9.990070e+05 6.970787e-01 6.970787e-01 9.623795e-01 1.055999e+00 3.163052e+00 0.000000e+00 -1.000000e+00 4.456674e-02 0.000000e+00 2.662736e+00
1.485721e+00 -1.000000e+00 0.000000e+00 -1.000000e+00 -1.000000e+00 2.000000e+02 2.978621e-01 -1.000000e+00 -1.000000e+00 4.681969e+00 0.000000e+00 -1.000000e+00 0.000000e+00 2.804305e-03 1.000000e+03 2.150551e+00 0.000000e+00 -9.990070e+05 3.000000e+00 -1.000000e+00 8.678713e-01 -1.0 0.000000e+00 0.000000e+00 -1.000000e+00 7.458847e-01 -1.000000e+00 -9.990070e+05 7.098061e-01 7.098061e-01 9.629578e-01 1.071756e+00 3.204474e+00 0.000000e+00 -1.000000e+00 4.618384e-02 0.000000e+00 2.703503e+00
1.663784e+00 -1.000000e+00 0.000000e+00 -1.000000e+00 -1.000000e+00 3.000000e+02 3.332569e-01 -1.000000e+00 -1.000000e+00 5.290422e+00 0.000000e+00 -1.000000e+00 0.000000e+00 3.860595e-03 1.000000e+03 2.418884e+00 0.000000e+00 -9.990070e+05 3.000000e+00 -1.000000e+00 9.201948e-01 -1.0 0.000000e+00 0.000000e+00 -1.000000e+00 7.673481e-01 -1.000000e+00 -9.990070e+05 7.863949e-01 7.863949e-01 9.662667e-01 1.205631e+00 3.609715e+00 0.000000e+00 -1.000000e+00 5.757452e-02 0.000000e+00 3.037315e+00
1.689838e+00 -1.000000e+00 0.000000e+00 -1.000000e+00 -1.000000e+00 4.000000e+02 3.382104e-01 -1.000000e+00 -1.000000e+00 5.363470e+00 0.000000e+00 -1.000000e+00 0.000000e+00 4.037609e-03 1.000000e+03 2.460741e+00 0.000000e+00 -9.990070e+05 3.000000e+00 -1.000000e+00 9.268194e-01 -1.0 0.000000e+00 0.000000e+00 -1.000000e+00 7.701166e-01 -1.000000e+00 -9.990070e+05 7.977978e-01 7.977978e-01 9.666885e-01 1.228535e+00 3.665422e+00 0.000000e+00 -1.000000e+00 5.934794e-02 0.000000e+00 3.089439e+00
2.146293e+00 -1.000000e+00 0.000000e+00 -1.000000e+00 -1.000000e+00 5.000000e+02 3.949802e-01 -1.000000e+00 -1.000000e+00 6.784116e+00 0.000000e+00 -1.000000e+00 0.000000e+00 6.852448e-03 1.000000e+03 3.120238e+00 0.000000e+00 -9.990070e+05 3.000000e+00 -1.000000e+00 9.864658e-01 -1.0 0.000000e+00 0.000000e+00 -1.000000e+00 7.986808e-01 -1.000000e+00 -9.990070e+05 9.401902e-01 9.401902e-01 9.709840e-01 1.557460e+00 4.644882e+00 0.000000e+00 -1.000000e+00 8.369640e-02 0.000000e+00 3.918211e+00
2.791202e+00 -1.000000e+00 0.000000e+00 -1.000000e+00 -1.000000e+00 6.000000e+02 4.359482e-01 -1.000000e+00 -1.000000e+00 8.816928e+00 0.000000e+00 -1.000000e+00 0.000000e+00 1.040964e-02 1.000000e+03 4.040088e+00 0.000000e+00 -9.990070e+05 3.000000e+00 -1.000000e+00 9.903655e-01 -1.0 0.000000e+00 0.000000e+00 -1.000000e+00 8.165237e-01 -1.000000e+00 -9.990070e+05 9.338184e-01 9.338184e-01 9.736227e-01 2.010323e+00 6.019449e+00 0.000000e+00 -1.000000e+00 1.072472e-01 0.000000e+00 5.078598e+00
2.996507e+00 -1.000000e+00 0.000000e+00 -1.000000e+00 -1.000000e+00 0.000000e+00 4.438230e-01 -1.000000e+00 -1.000000e+00 9.712810e+00 0.000000e+00 -1.000000e+00 0.000000e+00 1.134598e-02 1.100000e+03 4.380565e+00 0.000000e+00 -9.990070e+05 3.000000e+00 -1.000000e+00 9.875517e-01 -1.0 0.000000e+00 0.000000e+00 -1.000000e+00 8.197528e-01 -1.000000e+00 -9.990070e+05 9.058090e-01 9.058090e-01 9.740972e-01 2.171837e+00 6.576808e+00 0.000000e+00 -1.000000e+00 1.125101e-01 0.000000e+00 5.515170e+00
3.335017e+00 -1.000000e+00 0.000000e+00 -1.000000e+00 -1.000000e+00 1.000000e+02 4.546490e-01 -1.000000e+00 -1.000000e+00 1.059054e+01 0.000000e+00 -1.000000e+00 0.000000e+00 1.282161e-02 1.100000e+03 4.838924e+00 0.000000e+00 -9.990070e+05 3.000000e+00 -1.000000e+00 9.847126e-01 -1.0 0.000000e+00 0.000000e+00 -1.000000e+00 8.241014e-01 -1.000000e+00 -9.990070e+05 8.640336e-01 8.640336e-01 9.747349e-01 2.409946e+00 7.224208e+00 0.000000e+00 -1.000000e+00 1.201873e-01 0.000000e+00 6.075904e+00
2.637324e+00 -1.000000e+00 4.000000e+03 -1.000000e+00 -1.000000e+00 2.000000e+02 4.284124e-01 -1.000000e+00 -1.000000e+00 8.456940e+00 0.000000e+00 -1.000000e+00 1.000000e+00 9.605180e-03 1.100000e+03 3.843585e+00 1.000000e+00 -9.990070e+05 3.000000e+00 -1.000000e+00 9.935926e-01 -1.0 0.000000e+00 0.000000e+00 -1.000000e+00 8.133782e-01 -1.000000e+00 -9.990070e+05 9.593838e-01 9.593838e-01 9.731596e-01 1.910169e+00 5.752526e+00 0.000000e+00 -1.000000e+00 1.024503e-01 0.000000e+00 4.834295e+00
3.190246e+00 -1.000000e+00 0.000000e+00 -1.000000e+00 -1.000000e+00 3.000000e+02 4.506073e-01 -1.000000e+00 -1.000000e+00 1.003089e+01 0.000000e+00 -1.000000e+00 0.000000e+00 1.224273e-02 1.100000e+03 4.618944e+00 0.000000e+00 -9.990070e+05 3.000000e+00 -1.000000e+00 9.855753e-01 -1.0 0.000000e+00 0.000000e+00 -1.000000e+00 8.224898e-01 -1.000000e+00 -9.990070e+05 8.798173e-01 8.798173e-01 9.744987e-01 2.303465e+00 6.877138e+00 0.000000e+00 -1.000000e+00 1.172594e-01 0.000000e+00 5.800685e+00
3.155771e+00 -1.000000e+00 0.000000e+00 -1.000000e+00 -1.000000e+00 4.000000e+02 4.494640e-01 -1.000000e+00 -1.000000e+00 1.006124e+01 0.000000e+00 -1.000000e+00 0.000000e+00 1.208524e-02 1.100000e+03 4.583299e+00 0.000000e+00 -9.990070e+05 3.000000e+00 -1.000000e+00 9.858869e-01 -1.0 0.000000e+00 0.000000e+00 -1.000000e+00 8.220313e-01 -1.000000e+00 -9.990070e+05 8.844138e-01 8.844138e-01 9.744315e-01 2.280980e+00 6.850178e+00 0.000000e+00 -1.000000e+00 1.164447e-01 0.000000e+00 5.756781e+00
3.353539e+00 -1.000000e+00 0.000000e+00 -1.000000e+00 -1.000000e+00 5.000000e+02 4.551754e-01 -1.000000e+00 -1.000000e+00 1.056504e+01 0.000000e+00 -1.000000e+00 0.000000e+00 1.289963e-02 1.100000e+03 4.856644e+00 0.000000e+00 -9.990070e+05 3.000000e+00 -1.000000e+00 9.845853e-01 -1.0 0.000000e+00 0.000000e+00 -1.000000e+00 8.243103e-01 -1.000000e+00 -9.990070e+05 8.616926e-01 8.616926e-01 9.747655e-01 2.421368e+00 7.235624e+00 0.000000e+00 -1.000000e+00 1.205741e-01 0.000000e+00 6.098162e+00
3.337139e+00 -1.000000e+00 0.000000e+00 -1.000000e+00 -1.000000e+00 6.000000e+02 4.547366e-01 -1.000000e+00 -1.000000e+00 1.053326e+01 0.000000e+00 -1.000000e+00 0.000000e+00 1.283454e-02 1.100000e+03 4.835167e+00 0.000000e+00 -9.990070e+05 3.000000e+00 -1.000000e+00 9.846871e-01 -1.0 0.000000e+00 0.000000e+00 -1.000000e+00 8.241362e-01 -1.000000e+00 -9.990070e+05 8.636128e-01 8.636128e-01 9.747400e-01 2.409672e+00 7.207506e+00 0.000000e+00 -1.000000e+00 1.202515e-01 0.000000e+00 6.069655e+00
5.012523e+00 -1.000000e+00 0.000000e+00 -1.000000e+00 -1.000000e+00 0.000000e+00 4.795998e-01 -1.000000e+00 -1.000000e+00 1.577568e+01 0.000000e+00 -1.000000e+00 0.000000e+00 1.733899e-02 1.200000e+03 7.255242e+00 0.000000e+00 -9.990070e+05 3.000000e+00 -1.000000e+00 9.849821e-01 -1.0 0.000000e+00 0.000000e+00 -1.000000e+00 8.337657e-01 -1.000000e+00 -9.990070e+05 7.456136e-01 7.456136e-01 9.761469e-01 3.617045e+00 1.080731e+01 0.000000e+00 -1.000000e+00 1.400101e-01 0.000000e+00 9.114992e+00
5.122370e+00 -1.000000e+00 0.000000e+00 -1.000000e+00 -1.000000e+00 1.000000e+02 4.804860e-01 -1.000000e+00 -1.000000e+00 1.617317e+01 0.000000e+00 -1.000000e+00 0.000000e+00 1.753604e-02 1.200000e+03 7.426411e+00 0.000000e+00 -9.990070e+05 3.000000e+00 -1.000000e+00 9.852387e-01 -1.0 0.000000e+00 0.000000e+00 -1.000000e+00 8.341005e-01 -1.000000e+00 -9.990070e+05 7.404131e-01 7.404131e-01 9.761957e-01 3.700791e+00 1.106840e+01 0.000000e+00 -1.000000e+00 1.407725e-01 0.000000e+00 9.329631e+00
5.142761e+00 -1.000000e+00 4.000000e+03 -1.000000e+00 -1.000000e+00 2.000000e+02 4.807433e-01 -1.000000e+00 -1.000000e+00 1.651245e+01 0.000000e+00 -1.000000e+00 1.000000e+00 1.759381e-02 1.200000e+03 7.507835e+00 1.000000e+00 -9.990070e+05 3.000000e+00 -1.000000e+00 9.853234e-01 -1.0 0.000000e+00 0.000000e+00 -1.000000e+00 8.341976e-01 -1.000000e+00 -9.990070e+05 7.389665e-01 7.389665e-01 9.762099e-01 3.739241e+00 1.122637e+01 0.000000e+00 -1.000000e+00 1.409947e-01 0.000000e+00 9.429693e+00
4.987339e+00 -1.000000e+00 0.000000e+00 -1.000000e+00 -1.000000e+00 3.000000e+02 4.793346e-01 -1.000000e+00 -1.000000e+00 1.583262e+01 0.000000e+00 -1.000000e+00 0.000000e+00 1.728059e-02 1.200000e+03 7.247205e+00 0.000000e+00 -9.990070e+05 3.000000e+00 -1.000000e+00 9.849084e-01 -1.0 0.000000e+00 0.000000e+00 -1.000000e+00 8.336653e-01 -1.000000e+00 -9.990070e+05 7.471337e-01 7.471337e-01 9.761323e-01 3.609143e+00 1.081397e+01 0.000000e+00 -1.000000e+00 1.397827e-01 0.000000e+00 9.108928e+00
5.470457e+00 -1.000000e+00 0.000000e+00 -1.000000e+00 -1.000000e+00 4.000000e+02 4.833033e-01 -1.000000e+00 -1.000000e+00 1.725588e+01 0.000000e+00 -1.000000e+00 0.000000e+00 1.818276e-02 1.200000e+03 7.926442e+00 0.000000e+00 -9.990070e+05 3.000000e+00 -1.000000e+00 9.862184e-01 -1.0 0.000000e+00 0.000000e+00 -1.000000e+00 8.351616e-01 -1.000000e+00 -9.990070e+05 7.232022e-01 7.232022e-01 9.763504e-01 3.951740e+00 1.181177e+01 0.000000e+00 -1.000000e+00 1.432245e-01 0.000000e+00 9.951127e+00
5.709478e+00 -1.000000e+00 0.000000e+00 -1.000000e+00 -1.000000e+00 5.000000e+02 4.851407e-01 -1.000000e+00 -1.000000e+00 1.806477e+01 0.000000e+00 -1.000000e+00 0.000000e+00 1.862181e-02 1.200000e+03 8.299668e+00 0.000000e+00 -9.990070e+05 3.000000e+00 -1.000000e+00 9.869962e-01 -1.0 0.000000e+00 0.000000e+00 -1.000000e+00 8.358507e-01 -1.000000e+00 -9.990070e+05 7.112131e-01 7.112131e-01 9.764507e-01 4.141924e+00 1.235859e+01 0.000000e+00 -1.000000e+00 1.448468e-01 0.000000e+00 1.042297e+01
5.671343e+00 -1.000000e+00 0.000000e+00 -1.000000e+00 -1.000000e+00 6.000000e+02 4.848628e-01 -1.000000e+00 -1.000000e+00 1.788913e+01 0.000000e+00 -1.000000e+00 0.000000e+00 1.855450e-02 1.200000e+03 8.235164e+00 0.000000e+00 -9.990070e+05 3.000000e+00 -1.000000e+00 9.868691e-01 -1.0 0.000000e+00 0.000000e+00 -1.000000e+00 8.357467e-01 -1.000000e+00 -9.990070e+05 7.130381e-01 7.130381e-01 9.764356e-01 4.110538e+00 1.225604e+01 0.000000e+00 -1.000000e+00 1.446002e-01 0.000000e+00 1.034006e+01
8.146834e+00 -1.000000e+00 0.000000e+00 -1.000000e+00 -1.000000e+00 0.000000e+00 4.989877e-01 -1.000000e+00 -1.000000e+00 2.562767e+01 0.000000e+00 -1.000000e+00 0.000000e+00 2.243235e-02 1.300000e+03 1.178836e+01 0.000000e+00 -9.990070e+05 3.000000e+00 -1.000000e+00 9.985664e-01 -1.0 0.000000e+00 0.000000e+00 -1.000000e+00 8.409747e-01 -1.000000e+00 -9.990070e+05 5.995623e-01 5.995623e-01 9.771961e-01 5.866369e+00 1.754036e+01 0.000000e+00 -1.000000e+00 1.576747e-01 0.000000e+00 1.482073e+01
8.952857e+00 -1.000000e+00 4.000000e+03 -1.000000e+00 -1.000000e+00 1.000000e+02 5.000000e-01 -1.000000e+00 -1.000000e+00 2.823014e+01 0.000000e+00 -1.000000e+00 1.000000e+00 2.275013e-02 1.300000e+03 1.297888e+01 1.000000e+00 -9.990070e+05 2.000000e+00 -1.000000e+00 1.003733e+00 -1.0 0.000000e+00 0.000000e+00 -1.000000e+00 8.413447e-01 -1.000000e+00 -9.990070e+05 5.652299e-01 5.652299e-01 9.772499e-01 6.470822e+00 1.933246e+01 0.000000e+00 -1.000000e+00 1.586553e-01 1.000000e+00 1.630733e+01
9.085290e+00 -1.000000e+00 0.000000e+00 -1.000000e+00 -1.000000e+00 2.000000e+02 5.000000e-01 -1.000000e+00 -1.000000e+00 2.887988e+01 0.000000e+00 -1.000000e+00 0.000000e+00 2.275013e-02 1.300000e+03 1.321365e+01 0.000000e+00 -9.990070e+05 3.000000e+00 -1.000000e+00 1.004584e+00 -1.0 0.000000e+00 0.000000e+00 -1.000000e+00 8.413447e-01 -1.000000e+00 -9.990070e+05 5.600799e-01 5.600799e-01 9.772499e-01 6.580542e+00 1.971916e+01 0.000000e+00 -1.000000e+00 1.586553e-01 0.000000e+00 1.660910e+01
1.023779e+01 -1.000000e+00 0.000000e+00 -1.000000e+00 -1.000000e+00 3.000000e+02 5.000000e-01 -1.000000e+00 -1.000000e+00 3.235243e+01 0.000000e+00 -1.000000e+00 0.000000e+00 2.275013e-02 1.300000e+03 1.483146e+01 0.000000e+00 -9.990070e+05 3.000000e+00 -1.000000e+00 1.012887e+00 -1.0 0.000000e+00 0.000000e+00 -1.000000e+00 8.413447e-01 -1.000000e+00 -9.990070e+05 5.152134e-01 5.152134e-01 9.772499e-01 7.384797e+00 2.211919e+01 0.000000e+00 -1.000000e+00 1.586553e-01 0.000000e+00 1.865552e+01
8.732453e+00 -1.000000e+00 4.000000e+03 -1.000000e+00 -1.000000e+00 4.000000e+02 5.000000e-01 -1.000000e+00 -1.000000e+00 2.772795e+01 0.000000e+00 -1.000000e+00 1.000000e+00 2.275013e-02 1.300000e+03 1.270034e+01 1.000000e+00 -9.990070e+05 2.000000e+00 -1.000000e+00 1.002325e+00 -1.0 0.000000e+00 0.000000e+00 -1.000000e+00 8.413447e-01 -1.000000e+00 -9.990070e+05 5.740736e-01 5.740736e-01 9.772499e-01 6.331695e+00 1.893634e+01 0.000000e+00 -1.000000e+00 1.586553e-01 1.000000e+00 1.595425e+01
9.552888e+00 -1.000000e+00 0.000000e+00 -1.000000e+00 -1.000000e+00 5.000000e+02 5.000000e-01 -1.000000e+00 -1.000000e+00 3.007635e+01 0.000000e+00 -1.000000e+00 0.000000e+00 2.275013e-02 1.300000e+03 1.382732e+01 0.000000e+00 -9.990070e+05 3.000000e+00 -1.000000e+00 1.007894e+00 -1.0 0.000000e+00 0.000000e+00 -1.000000e+00 8.413447e-01 -1.000000e+00 -9.990070e+05 5.410958e-01 5.410958e-01 9.772499e-01 6.881923e+00 2.056809e+01 0.000000e+00 -1.000000e+00 1.586553e-01 0.000000e+00 1.737886e+01
9.096071e+00 -1.000000e+00 0.000000e+00 -1.000000e+00 -1.000000e+00 6.000000e+02 5.000000e-01 -1.000000e+00 -1.000000e+00 2.865587e+01 0.000000e+00 -1.000000e+00 0.000000e+00 2.275013e-02 1.300000e+03 1.317662e+01 0.000000e+00 -9.990070e+05 3.000000e+00 -1.000000e+00 1.004699e+00 -1.0 0.000000e+00 0.000000e+00 -1.000000e+00 8.413447e-01 -1.000000e+00 -9.990070e+05 5.593864e-01 5.593864e-01 9.772499e-01 6.567507e+00 1.962994e+01 0.000000e+00 -1.000000e+00 1.586553e-01 0.000000e+00 1.655461e+01
1.511882e+01 -1.000000e+00 0.000000e+00 -1.000000e+00 -1.000000e+00 0.000000e+00 5.000000e-01 -1.000000e+00 -1.000000e+00 4.861235e+01 0.000000e+00 -1.000000e+00 0.000000e+00 2.275013e-02 1.400000e+03 2.206722e+01 0.000000e+00 -9.990070e+05 3.000000e+00 -1.000000e+00 1.052167e+00 -1.0 0.000000e+00 0.000000e+00 -1.000000e+00 8.413447e-01 -1.000000e+00 -9.990070e+05 3.752769e-01 3.752769e-01 9.772499e-01 1.096593e+01 3.304132e+01 0.000000e+00 -1.000000e+00 1.586553e-01 0.000000e+00 2.775625e+01
1.690517e+01 -1.000000e+00 0.000000e+00 -1.000000e+00 -1.000000e+00 1.000000e+02 5.000000e-01 -1.000000e+00 -1.000000e+00 5.426780e+01 0.000000e+00 -1.000000e+00 0.000000e+00 2.275013e-02 1.400000e+03 2.470484e+01 0.000000e+00 -9.990070e+05 3.000000e+00 -1.000000e+00 1.064157e+00 -1.0 0.000000e+00 0.000000e+00 -1.000000e+00 8.413447e-01 -1.000000e+00 -9.990070e+05 3.435020e-01 3.435020e-01 9.772499e-01 1.230515e+01 3.691110e+01 0.000000e+00 -1.000000e+00 1.586553e-01 0.000000e+00 3.106270e+01
1.619840e+01 -1.000000e+00 0.000000e+00 -1.000000e+00 -1.000000e+00 2.000000e+02 5.000000e-01 -1.000000e+00 -1.000000e+00 5.119514e+01 0.000000e+00 -1.000000e+00 0.000000e+00 2.275013e-02 1.400000e+03 2.349145e+01 0.000000e+00 -9.990070e+05 3.000000e+00 -1.000000e+00 1.059882e+00 -1.0 0.000000e+00 0.000000e+00 -1.000000e+00 8.413447e-01 -1.000000e+00 -9.990070e+05 3.546667e-01 3.546667e-01 9.772499e-01 1.170704e+01 3.502040e+01 0.000000e+00 -1.000000e+00 1.586553e-01 0.000000e+00 2.950497e+01
1.590716e+01 -1.000000e+00 0.000000e+00 -1.000000e+00 -1.000000e+00 3.000000e+02 5.000000e-01 -1.000000e+00 -1.000000e+00 5.025500e+01 0.000000e+00 -1.000000e+00 0.000000e+00 2.275013e-02 1.400000e+03 2.305447e+01 0.000000e+00 -9.990070e+05 3.000000e+00 -1.000000e+00 1.057789e+00 -1.0 0.000000e+00 0.000000e+00 -1.000000e+00 8.413447e-01 -1.000000e+00 -9.990070e+05 3.601760e-01 3.601760e-01 9.772499e-01 1.148064e+01 3.437621e+01 0.000000e+00 -1.000000e+00 1.586553e-01 0.000000e+00 2.899064e+01
1.565797e+01 -1.000000e+00 4.000000e+03 -1.000000e+00 -1.000000e+00 4.000000e+02 5.000000e-01 -1.000000e+00 -1.000000e+00 4.955618e+01 0.000000e+00 -1.000000e+00 1.000000e+00 2.275013e-02 1.400000e+03 2.277964e+01 1.000000e+00 -9.990070e+05 2.000000e+00 -1.000000e+00 1.056550e+00 -1.0 0.000000e+00 0.000000e+00 -1.000000e+00 8.413447e-01 -1.000000e+00 -9.990070e+05 3.634557e-01 3.634557e-01 9.772499e-01 1.137112e+01 3.391199e+01 0.000000e+00 -1.000000e+00 1.586553e-01 1.000000e+00 2.860488e+01
1.501644e+01 -1.000000e+00 0.000000e+00 -1.000000e+00 -1.000000e+00 5.000000e+02 5.000000e-01 -1.000000e+00 -1.000000e+00 4.736097e+01 0.000000e+00 -1.000000e+00 0.000000e+00 2.275013e-02 1.400000e+03 2.174003e+01 0.000000e+00 -9.990070e+05 3.000000e+00 -1.000000e+00 1.051598e+00 -1.0 0.000000e+00 0.000000e+00 -1.000000e+00 8.413447e-01 -1.000000e+00 -9.990070e+05 3.768406e-01 3.768406e-01 9.772499e-01 1.081544e+01 3.235625e+01 0.000000e+00 -1.000000e+00 1.586553e-01 0.000000e+00 2.732634e+01
1.670783e+01 -1.000000e+00 0.000000e+00 -1.000000e+00 -1.000000e+00 6.000000e+02 5.000000e-01 -1.000000e+00 -1.000000e+00 5.276155e+01 0.000000e+00 -1.000000e+00 0.000000e+00 2.275013e-02 1.400000e+03 2.429151e+01 0.000000e+00 -9.990070e+05 3.000000e+00 -1.000000e+00 1.063187e+00 -1.0 0.000000e+00 0.000000e+00 -1.000000e+00 8.413447e-01 -1.000000e+00 -9.990070e+05 3.460352e-01 3.460352e-01 9.772499e-01 1.212695e+01 3.614483e+01 0.000000e+00 -1.000000e+00 1.586553e-01 0.000000e+00 3.051178e+01
2.935291e+01 -1.000000e+00 0.000000e+00 -1.000000e+00 -1.000000e+00 0.000000e+00 5.000000e-01 -1.000000e+00 -1.000000e+00 9.297063e+01 0.000000e+00 -1.000000e+00 0.000000e+00 2.275013e-02 1.500000e+03 4.267811e+01 0.000000e+00 -9.990070e+05 3.000000e+00 -1.000000e+00 1.066950e+00 -1.0 0.000000e+00 0.000000e+00 -1.000000e+00 8.413447e-01 -1.000000e+00 -9.990070e+05 2.803019e-01 2.803019e-01 9.772499e-01 2.128232e+01 6.358824e+01 0.000000e+00 -1.000000e+00 1.586553e-01 0.000000e+00 5.362106e+01
2.724860e+01 -1.000000e+00 0.000000e+00 -1.000000e+00 -1.000000e+00 1.000000e+02 5.000000e-01 -1.000000e+00 -1.000000e+00 8.632254e+01 0.000000e+00 -1.000000e+00 0.000000e+00 2.275013e-02 1.500000e+03 3.967044e+01 0.000000e+00 -9.990070e+05 3.000000e+00 -1.000000e+00 1.071183e+00 -1.0 0.000000e+00 0.000000e+00 -1.000000e+00 8.413447e-01 -1.000000e+00 -9.990070e+05 2.826535e-01 2.826535e-01 9.772499e-01 1.979189e+01 5.907144e+01 0.000000e+00 -1.000000e+00 1.586553e-01 0.000000e+00 4.986509e+01
3.054539e+01 -1.000000e+00 0.000000e+00 -1.000000e+00 -1.000000e+00 2.000000e+02 5.000000e-01 -1.000000e+00 -1.000000e+00 9.787909e+01 0.000000e+00 -1.000000e+00 0.000000e+00 2.275013e-02 1.500000e+03 4.461674e+01 0.000000e+00 -9.990070e+05 3.000000e+00 -1.000000e+00 1.064460e+00 -1.0 0.000000e+00 0.000000e+00 -1.000000e+00 8.413447e-01 -1.000000e+00 -9.990070e+05 2.792491e-01 2.792491e-01 9.772499e-01 2.224492e+01 6.662240e+01 0.000000e+00 -1.000000e+00 1.586553e-01 0.000000e+00 5.603617e+01
2.816545e+01 -1.000000e+00 4.000000e+03 -1.000000e+00 -1.000000e+00 3.000000e+02 5.000000e-01 -1.000000e+00 -1.000000e+00 8.909931e+01 0.000000e+00 -1.000000e+00 1.000000e+00 2.275013e-02 1.500000e+03 4.097564e+01 1.000000e+00 -9.990070e+05 3.000000e+00 -1.000000e+00 1.069258e+00 -1.0 0.000000e+00 0.000000e+00 -1.000000e+00 8.413447e-01 -1.000000e+00 -9.990070e+05 2.814470e-01 2.814470e-01 9.772499e-01 2.045548e+01 6.098694e+01 0.000000e+00 -1.000000e+00 1.586553e-01 0.000000e+00 5.146448e+01
2.851493e+01 -1.000000e+00 4.000000e+03 -1.000000e+00 -1.000000e+00 4.000000e+02 5.000000e-01 -1.000000e+00 -1.000000e+00 9.001173e+01 0.000000e+00 -1.000000e+00 1.000000e+00 2.275013e-02 1.500000e+03 4.142196e+01 1.000000e+00 -9.990070e+05 2.000000e+00 -1.000000e+00 1.068572e+00 -1.0 0.000000e+00 0.000000e+00 -1.000000e+00 8.413447e-01 -1.000000e+00 -9.990070e+05 2.810936e-01 2.810936e-01 9.772499e-01 2.067512e+01 6.165214e+01 0.000000e+00 -1.000000e+00 1.586553e-01 1.000000e+00 5.201612e+01
2.593542e+01 -1.000000e+00 0.000000e+00 -1.000000e+00 -1.000000e+00 5.000000e+02 5.000000e-01 -1.000000e+00 -1.000000e+00 8.246727e+01 0.000000e+00 -1.000000e+00 0.000000e+00 2.275013e-02 1.500000e+03 3.780609e+01 0.000000e+00 -9.990070e+05 3.000000e+00 -1.000000e+00 1.073670e+00 -1.0 0.000000e+00 0.000000e+00 -1.000000e+00 8.413447e-01 -1.000000e+00 -9.990070e+05 2.847842e-01 2.847842e-01 9.772499e-01 1.885296e+01 5.634432e+01 0.000000e+00 -1.000000e+00 1.586553e-01 0.000000e+00 4.753226e+01
3.001248e+01 -1.000000e+00 0.000000e+00 -1.000000e+00 -1.000000e+00 6.000000e+02 5.000000e-01 -1.000000e+00 -1.000000e+00 9.521619e+01 0.000000e+00 -1.000000e+00 0.000000e+00 2.275013e-02 1.500000e+03 4.366111e+01 0.000000e+00 -9.990070e+05 3.000000e+00 -1.000000e+00 1.065717e+00 -1.0 0.000000e+00 0.000000e+00 -1.000000e+00 8.413447e-01 -1.000000e+00 -9.990070e+05 2.797650e-01 2.797650e-01 9.772499e-01 2.175888e+01 6.508861e+01 0.000000e+00 -1.000000e+00 1.586553e-01 0.000000e+00 5.488674e+01
5.557163e+01 -1.000000e+00 0.000000e+00 -1.000000e+00 -1.000000e+00 0.000000e+00 5.000000e-01 -1.000000e+00 -1.000000e+00 1.756562e+02 0.000000e+00 -1.000000e+00 0.000000e+00 2.275013e-02 1.600000e+03 8.053351e+01 0.000000e+00 -9.990070e+05 3.000000e+00 -1.000000e+00 1.035587e+00 -1.0 0.000000e+00 0.000000e+00 -1.000000e+00 8.413447e-01 -1.000000e+00 -9.990070e+05 2.710600e-01 2.710600e-01 9.772499e-01 4.010984e+01 1.200982e+02 0.000000e+00 -1.000000e+00 1.586553e-01 0.000000e+00 1.012041e+02
5.530347e+01 -1.000000e+00 0.000000e+00 -1.000000e+00 -1.000000e+00 1.000000e+02 5.000000e-01 -1.000000e+00 -1.000000e+00 1.775366e+02 0.000000e+00 -1.000000e+00 0.000000e+00 2.275013e-02 1.600000e+03 8.069315e+01 0.000000e+00 -9.990070e+05 3.000000e+00 -1.000000e+00 1.035842e+00 -1.0 0.000000e+00 0.000000e+00 -1.000000e+00 8.413447e-01 -1.000000e+00 -9.990070e+05 2.711263e-01 2.711263e-01 9.772499e-01 4.010488e+01 1.207657e+02 0.000000e+00 -1.000000e+00 1.586553e-01 0.000000e+00 1.015102e+02
5.527836e+01 -1.000000e+00 4.000000e+03 -1.000000e+00 -1.000000e+00 2.000000e+02 5.000000e-01 -1.000000e+00 -1.000000e+00 1.741346e+02 0.000000e+00 -1.000000e+00 1.000000e+00 2.275013e-02 1.600000e+03 8.000682e+01 1.000000e+00 -9.990070e+05 2.000000e+00 -1.000000e+00 1.035803e+00 -1.0 0.000000e+00 0.000000e+00 -1.000000e+00 8.413447e-01 -1.000000e+00 -9.990070e+05 2.711193e-01 2.711193e-01 9.772499e-01 3.981798e+01 1.191653e+02 0.000000e+00 -1.000000e+00 1.586553e-01 1.000000e+00 1.006521e+02
5.145276e+01 -1.000000e+00 0.000000e+00 -1.000000e+00 -1.000000e+00 3.000000e+02 5.000000e-01 -1.000000e+00 -1.000000e+00 1.648139e+02 0.000000e+00 -1.000000e+00 0.000000e+00 2.275013e-02 1.600000e+03 7.489639e+01 0.000000e+00 -9.990070e+05 3.000000e+00 -1.000000e+00 1.038591e+00 -1.0 0.000000e+00 0.000000e+00 -1.000000e+00 8.413447e-01 -1.000000e+00 -9.990070e+05 2.718615e-01 2.718615e-01 9.772499e-01 3.722534e+01 1.120430e+02 0.000000e+00 -1.000000e+00 1.586553e-01 0.000000e+00 9.426671e+01
5.834336e+01 -1.000000e+00 4.000000e+03 -1.000000e+00 -1.000000e+00 4.000000e+02 5.000000e-01 -1.000000e+00 -1.000000e+00 1.910281e+02 0.000000e+00 -1.000000e+00 1.000000e+00 2.275013e-02 1.600000e+03 8.546393e+01 1.000000e+00 -9.990070e+05 2.000000e+00 -1.000000e+00 1.034043e+00 -1.0 0.000000e+00 0.000000e+00 -1.000000e+00 8.413447e-01 -1.000000e+00 -9.990070e+05 2.706487e-01 2.706487e-01 9.772499e-01 4.238480e+01 1.286815e+02 0.000000e+00 -1.000000e+00 1.586553e-01 1.000000e+00 1.074967e+02
5.088652e+01 -1.000000e+00 4.000000e+03 -1.000000e+00 -1.000000e+00 5.000000e+02 5.000000e-01 -1.000000e+00 -1.000000e+00 1.655747e+02 0.000000e+00 -1.000000e+00 1.000000e+00 2.275013e-02 1.600000e+03 7.460379e+01 1.000000e+00 -9.990070e+05 3.000000e+00 -1.000000e+00 1.039039e+00 -1.0 0.000000e+00 0.000000e+00 -1.000000e+00 8.413447e-01 -1.000000e+00 -9.990070e+05 2.719797e-01 2.719797e-01 9.772499e-01 3.698652e+01 1.120747e+02 0.000000e+00 -1.000000e+00 1.586553e-01 0.000000e+00 9.394261e+01
5.409464e+01 -1.000000e+00 0.000000e+00 -1.000000e+00 -1.000000e+00 6.000000e+02 5.000000e-01 -1.000000e+00 -1.000000e+00 1.709842e+02 0.000000e+00 -1.000000e+00 0.000000e+00 2.275013e-02 1.600000e+03 7.832809e+01 0.000000e+00 -9.990070e+05 3.000000e+00 -1.000000e+00 1.036584e+00 -1.0 0.000000e+00 0.000000e+00 -1.000000e+00 8.413447e-01 -1.000000e+00 -9.990070e+05 2.713274e-01 2.713274e-01 9.772499e-01 3.900321e+01 1.168326e+02 0.000000e+00 -1.000000e+00 1.586553e-01 0.000000e+00 9.852127e+01
-1.000000e+00 -1.000000e+00 4.000000e+03 -1.000000e+00 -1.000000e+00 0.000000e+00 2.243714e-01 -1.000000e+00 -1.000000e+00 -1.000000e+00 0.000000e+00 -1.000000e+00 1.000000e+00 1.397849e-03 2.000000e+02 -1.000000e+00 1.000000e+00 -9.990070e+05 3.000000e+00 -1.000000e+00 5.366354e-01 -1.0 0.000000e+00 0.000000e+00 -1.000000e+00 6.878716e-01 -1.000000e+00 -9.990070e+05 3.173977e-01 3.173977e-01 9.535784e-01 -1.000000e+00 -1.000000e+00 0.000000e+00 -1.000000e+00 2.806135e-02 0.000000e+00 -1.000000e+00
1.390327e-01 -1.000000e+00 0.000000e+00 -1.000000e+00 -1.000000e+00 0.000000e+00 9.432494e-06 -1.000000e+00 -1.000000e+00 6.010771e-01 0.000000e+00 -1.000000e+00 0.000000e+00 1.277805e-10 4.000000e+02 2.131721e-01 0.000000e+00 -9.990070e+05 3.000000e+00 -1.000000e+00 8.911361e-05 -1.0 0.000000e+00 0.000000e+00 -1.000000e+00 6.040488e-04 -1.000000e+00 -9.990070e+05 5.880789e-05 5.880789e-05 1.510758e-02 9.924304e-02 3.475234e-01 0.000000e+00 -1.000000e+00 5.642044e-08 0.000000e+00 2.698084e-01
2.017198e-02 -1.000000e+00 4.000000e+03 -1.000000e+00 -1.000000e+00 3.750000e+02 3.189242e-03 -1.000000e+00 -1.000000e+00 1.000000e+02 0.000000e+00 -1.000000e+00 1.000000e+00 7.464041e-07 4.000000e+02 2.024235e-02 1.000000e+00 -9.990070e+05 2.000000e+00 -1.000000e+00 1.321504e-02 -1.0 0.000000e+00 0.000000e+00 -1.000000e+00 5.130910e-02 -1.000000e+00 -9.990070e+05 8.189546e-03 8.189546e-03 3.422248e-01 2.016747e-02 2.087835e-02 0.000000e+00 -1.000000e+00 7.851655e-05 1.000000e+00 2.032180e-02
4.942096e+01 -1.000000e+00 0.000000e+00 -1.000000e+00 -1.000000e+00 3.750000e+02 4.813226e-01 -1.000000e+00 -1.000000e+00 7.151342e+01 0.000000e+00 -1.000000e+00 0.000000e+00 1.772483e-02 4.250000e+02 5.410543e+01 0.000000e+00 -9.990070e+05 3.000000e+00 -1.000000e+00 9.903699e-01 -1.0 0.000000e+00 0.000000e+00 -1.000000e+00 8.344161e-01 -1.000000e+00 -9.990070e+05 8.107523e-01 8.107523e-01 9.762417e-01 4.623227e+01 6.128385e+01 0.000000e+00 -1.000000e+00 1.414962e-01 0.000000e+00 5.338839e+01
2.995435e-01 -1.000000e+00 0.000000e+00 -1.000000e+00 -1.000000e+00 3.000000e+02 9.766523e-04 -1.000000e+00 -1.000000e+00 1.203505e+00 0.000000e+00 -1.000000e+00 0.000000e+00 1.176128e-07 5.000000e+02 4.517732e-01 0.000000e+00 -9.990070e+05 3.000000e+00 -1.000000e+00 6.865414e-03 -1.0 0.000000e+00 0.000000e+00 -1.000000e+00 2.160921e-02 -1.000000e+00 -9.990070e+05 4.669685e-03 4.669685e-03 1.945597e-01 2.139759e-01 7.313741e-01 0.000000e+00 -1.000000e+00 1.729945e-05 0.000000e+00 5.739748e-01
4.035888e-03 -1.000000e+00 4.000000e+03 -1.000000e+00 -1.000000e+00 4.750000e+02 2.336015e-02 -1.000000e+00 -1.000000e+00 5.422246e+00 0.000000e+00 -1.000000e+00 1.000000e+00 1.976888e-05 5.000000e+02 4.198793e-03 1.000000e+00 -9.990070e+05 2.000000e+00 -1.000000e+00 7.622591e-02 -1.0 0.000000e+00 0.000000e+00 -1.000000e+00 2.046819e-01 -1.000000e+00 -9.990070e+05 4.639199e-02 4.639199e-02 7.303704e-01 4.005464e-03 2.132593e+00 0.000000e+00 -1.000000e+00 1.085075e-03 1.000000e+00 1.137865e-02
4.434112e-01 -1.000000e+00 0.000000e+00 -1.000000e+00 -1.000000e+00 3.000000e+02 5.297214e-03 -1.000000e+00 -1.000000e+00 1.440931e+00 0.000000e+00 -1.000000e+00 0.000000e+00 1.681319e-06 6.000000e+02 6.477898e-01 0.000000e+00 -9.990070e+05 3.000000e+00 -1.000000e+00 3.558696e-02 -1.0 0.000000e+00 0.000000e+00 -1.000000e+00 7.371293e-02 -1.000000e+00 -9.990070e+05 2.523222e-02 2.523222e-02 4.286208e-01 3.209429e-01 9.729195e-01 0.000000e+00 -1.000000e+00 1.516320e-04 0.000000e+00 8.134904e-01
8.641327e+00 -1.000000e+00 0.000000e+00 -1.000000e+00 -1.000000e+00 5.500000e+02 4.967281e-01 -1.000000e+00 -1.000000e+00 4.271326e+01 0.000000e+00 -1.000000e+00 0.000000e+00 2.174394e-02 6.000000e+02 1.376485e+01 0.000000e+00 -9.990070e+05 3.000000e+00 -1.000000e+00 9.957936e-01 -1.0 0.000000e+00 0.000000e+00 -1.000000e+00 8.401467e-01 -1.000000e+00 -9.990070e+05 6.239772e-01 6.239772e-01 9.770758e-01 6.028131e+00 2.378877e+01 0.000000e+00 -1.000000e+00 1.555075e-01 0.000000e+00 1.772002e+01
2.481010e-04 -1.000000e+00 0.000000e+00 -1.000000e+00 -1.000000e+00 5.750000e+02 1.046208e-03 -1.000000e+00 -1.000000e+00 1.146364e-02 0.000000e+00 -1.000000e+00 0.000000e+00 1.307465e-07 6.000000e+02 4.444443e-04 0.000000e+00 -9.990070e+05 3.000000e+00 -1.000000e+00 4.850917e-03 -1.0 0.000000e+00 0.000000e+00 -1.000000e+00 2.273870e-02 -1.000000e+00 -9.990070e+05 3.019735e-03 3.019735e-03 2.013041e-01 1.685190e-04 1.329729e-03 0.000000e+00 -1.000000e+00 1.887524e-05 0.000000e+00 6.042488e-04
4.878574e-01 -1.000000e+00 0.000000e+00 -1.000000e+00 -1.000000e+00 3.000000e+02 1.008892e-02 -1.000000e+00 -1.000000e+00 1.608010e+00 0.000000e+00 -1.000000e+00 0.000000e+00 4.813269e-06 7.000000e+02 7.159370e-01 0.000000e+00 -9.990070e+05 3.000000e+00 -1.000000e+00 6.097127e-02 -1.0 0.000000e+00 0.000000e+00 -1.000000e+00 1.157567e-01 -1.000000e+00 -9.990070e+05 4.324992e-02 4.324992e-02 5.570888e-01 3.544247e-01 1.079939e+00 0.000000e+00 -1.000000e+00 3.532300e-04 0.000000e+00 8.998120e-01
7.927020e-01 -1.000000e+00 0.000000e+00 -1.000000e+00 -1.000000e+00 4.000000e+02 8.316444e-02 -1.000000e+00 -1.000000e+00 2.556233e+00 0.000000e+00 -1.000000e+00 0.000000e+00 1.900047e-04 7.000000e+02 1.158710e+00 0.000000e+00 -9.990070e+05 3.000000e+00 -1.000000e+00 3.492156e-01 -1.0 0.000000e+00 0.000000e+00 -1.000000e+00 4.484463e-01 -1.000000e+00 -9.990070e+05 2.527841e-01 2.527841e-01 8.988759e-01 5.764601e-01 1.733937e+00 0.000000e+00 -1.000000e+00 6.295798e-03 0.000000e+00 1.455611e+00
1.498538e+00 -1.000000e+00 0.000000e+00 -1.000000e+00 -1.000000e+00 5.000000e+02 2.992487e-01 -1.000000e+00 -1.000000e+00 5.018672e+00 0.000000e+00 -1.000000e+00 0.000000e+00 2.839781e-03 7.000000e+02 2.194957e+00 0.000000e+00 -9.990070e+05 3.000000e+00 -1.000000e+00 8.674435e-01 -1.0 0.000000e+00 0.000000e+00 -1.000000e+00 7.467876e-01 -1.000000e+00 -9.990070e+05 7.076472e-01 7.076472e-01 9.630984e-01 1.087689e+00 3.324240e+00 0.000000e+00 -1.000000e+00 4.659166e-02 0.000000e+00 2.760214e+00
3.856954e+00 -1.000000e+00 4.000000e+03 -1.000000e+00 -1.000000e+00 6.000000e+02 4.638780e-01 -1.000000e+00 -1.000000e+00 1.385510e+01 0.000000e+00 -1.000000e+00 1.000000e+00 1.428608e-02 7.000000e+02 5.749479e+00 1.000000e+00 -9.990070e+05 3.000000e+00 -1.000000e+00 9.838382e-01 -1.0 0.000000e+00 0.000000e+00 -1.000000e+00 8.277314e-01 -1.000000e+00 -9.990070e+05 8.279025e-01 8.279025e-01 9.752660e-01 2.757976e+00 8.938594e+00 0.000000e+00 -1.000000e+00 1.271600e-01 0.000000e+00 7.278499e+00
4.589752e-01 -1.000000e+00 0.000000e+00 -1.000000e+00 -1.000000e+00 0.000000e+00 5.950573e-03 -1.000000e+00 -1.000000e+00 1.445838e+00 0.000000e+00 -1.000000e+00 0.000000e+00 2.029217e-06 8.000000e+02 6.647661e-01 0.000000e+00 -9.990070e+05 3.000000e+00 -1.000000e+00 4.031151e-02 -1.0 0.000000e+00 0.000000e+00 -1.000000e+00 8.003094e-02 -1.000000e+00 -9.990070e+05 2.876438e-02 2.876438e-02 4.504288e-01 3.312834e-01 9.904448e-01 0.000000e+00 -1.000000e+00 1.764875e-04 0.000000e+00 8.352759e-01
4.904052e-01 -1.000000e+00 0.000000e+00 -1.000000e+00 -1.000000e+00 1.000000e+02 9.249741e-03 -1.000000e+00 -1.000000e+00 1.552783e+00 0.000000e+00 -1.000000e+00 0.000000e+00 4.170831e-06 8.000000e+02 7.116967e-01 0.000000e+00 -9.990070e+05 3.000000e+00 -1.000000e+00 5.827685e-02 -1.0 0.000000e+00 0.000000e+00 -1.000000e+00 1.089928e-01 -1.000000e+00 -9.990070e+05 4.161403e-02 4.161403e-02 5.388657e-01 3.546802e-01 1.061339e+00 0.000000e+00 -1.000000e+00 3.149497e-04 0.000000e+00 8.936170e-01
5.504659e-01 -1.000000e+00 0.000000e+00 -1.000000e+00 -1.000000e+00 2.000000e+02 1.801087e-02 -1.000000e+00 -1.000000e+00 1.752730e+00 0.000000e+00 -1.000000e+00 0.000000e+00 1.268951e-05 8.000000e+02 8.001810e-01 0.000000e+00 -9.990070e+05 3.000000e+00 -1.000000e+00 1.016493e-01 -1.0 0.000000e+00 0.000000e+00 -1.000000e+00 1.720063e-01 -1.000000e+00 -9.990070e+05 7.279135e-02 7.279135e-02 6.792204e-01 3.986899e-01 1.194314e+00 0.000000e+00 -1.000000e+00 7.643503e-04 0.000000e+00 1.004753e+00
6.114181e-01 -1.000000e+00 0.000000e+00 -1.000000e+00 -1.000000e+00 3.000000e+02 2.996615e-02 -1.000000e+00 -1.000000e+00 1.935077e+00 0.000000e+00 -1.000000e+00 0.000000e+00 3.039057e-05 8.000000e+02 8.878058e-01 0.000000e+00 -9.990070e+05 3.000000e+00 -1.000000e+00 1.552214e-01 -1.0 0.000000e+00 0.000000e+00 -1.000000e+00 2.411038e-01 -1.000000e+00 -9.990070e+05 1.115955e-01 1.115955e-01 7.747261e-01 4.425676e-01 1.323213e+00 0.000000e+00 -1.000000e+00 1.521664e-03 0.000000e+00 1.114997e+00
9.840197e-01 -1.000000e+00 0.000000e+00 -1.000000e+00 -1.000000e+00 4.000000e+02 1.498974e-01 -1.000000e+00 -1.000000e+00 3.131426e+00 0.000000e+00 -1.000000e+00 0.000000e+00 5.929122e-04 8.000000e+02 1.432682e+00 0.000000e+00 -9.990070e+05 3.000000e+00 -1.000000e+00 5.478205e-01 -1.0 0.000000e+00 0.000000e+00 -1.000000e+00 5.948381e-01 -1.000000e+00 -9.990070e+05 4.040104e-01 4.040104e-01 9.364546e-01 7.144380e-01 2.136950e+00 0.000000e+00 -1.000000e+00 1.488970e-02 0.000000e+00 1.798515e+00
1.410449e+00 -1.000000e+00 0.000000e+00 -1.000000e+00 -1.000000e+00 5.000000e+02 2.804560e-01 -1.000000e+00 -1.000000e+00 4.462385e+00 0.000000e+00 -1.000000e+00 0.000000e+00 2.392532e-03 8.000000e+02 2.046183e+00 0.000000e+00 -9.990070e+05 3.000000e+00 -1.000000e+00 8.376679e-01 -1.0 0.000000e+00 0.000000e+00 -1.000000e+00 7.340490e-01 -1.000000e+00 -9.990070e+05 6.719325e-01 6.719325e-01 9.611005e-01 1.019431e+00 3.051364e+00 0.000000e+00 -1.000000e+00 4.129895e-02 0.000000e+00 2.569679e+00
2.338393e+00 -1.000000e+00 0.000000e+00 -1.000000e+00 -1.000000e+00 6.000000e+02 4.098318e-01 -1.000000e+00 -1.000000e+00 7.598981e+00 0.000000e+00 -1.000000e+00 0.000000e+00 7.934401e-03 8.000000e+02 3.418521e+00 0.000000e+00 -9.990070e+05 3.000000e+00 -1.000000e+00 9.963853e-01 -1.0 0.000000e+00 0.000000e+00 -1.000000e+00 8.053696e-01 -1.000000e+00 -9.990070e+05 9.810889e-01 9.810889e-01 9.719767e-01 1.700068e+00 5.131439e+00 0.000000e+00 -1.000000e+00 9.154916e-02 0.000000e+00 4.293475e+00
7.584575e-01 -1.000000e+00 0.000000e+00 -1.000000e+00 -1.000000e+00 0.000000e+00 7.184229e-02 -1.000000e+00 -1.000000e+00 2.438723e+00 0.000000e+00 -1.000000e+00 0.000000e+00 1.448612e-04 9.000000e+02 1.108026e+00 0.000000e+00 -9.990070e+05 3.000000e+00 -1.000000e+00 3.126145e-01 -1.0 0.000000e+00 0.000000e+00 -1.000000e+00 4.134416e-01 -1.000000e+00 -9.990070e+05 2.261882e-01 2.261882e-01 8.863539e-01 5.508335e-01 1.658191e+00 0.000000e+00 -1.000000e+00 5.114602e-03 0.000000e+00 1.393816e+00
8.500621e-01 -1.000000e+00 0.000000e+00 -1.000000e+00 -1.000000e+00 1.000000e+02 1.020740e-01 -1.000000e+00 -1.000000e+00 2.705575e+00 0.000000e+00 -1.000000e+00 0.000000e+00 2.795736e-04 9.000000e+02 1.237271e+00 0.000000e+00 -9.990070e+05 3.000000e+00 -1.000000e+00 4.109518e-01 -1.0 0.000000e+00 0.000000e+00 -1.000000e+00 4.991282e-01 -1.000000e+00 -9.990070e+05 2.991476e-01 2.991476e-01 9.140636e-01 6.169195e-01 1.845892e+00 0.000000e+00 -1.000000e+00 8.449334e-03 0.000000e+00 1.553700e+00
8.412085e-01 -1.000000e+00 0.000000e+00 -1.000000e+00 -1.000000e+00 2.000000e+02 9.880019e-02 -1.000000e+00 -1.000000e+00 2.670663e+00 0.000000e+00 -1.000000e+00 0.000000e+00 2.627631e-04 9.000000e+02 1.223016e+00 0.000000e+00 -9.990070e+05 3.000000e+00 -1.000000e+00 4.007760e-01 -1.0 0.000000e+00 0.000000e+00 -1.000000e+00 4.909792e-01 -1.000000e+00 -9.990070e+05 2.915256e-01 2.915256e-01 9.118157e-01 6.099757e-01 1.823398e+00 0.000000e+00 -1.000000e+00 8.060553e-03 0.000000e+00 1.535534e+00
9.209460e-01 -1.000000e+00 0.000000e+00 -1.000000e+00 -1.000000e+00 3.000000e+02 1.274117e-01 -1.000000e+00 -1.000000e+00 2.940178e+00 0.000000e+00 -1.000000e+00 0.000000e+00 4.291369e-04 9.000000e+02 1.341760e+00 0.000000e+00 -9.990070e+05 3.000000e+00 -1.000000e+00 4.856201e-01 -1.0 0.000000e+00 0.000000e+00 -1.000000e+00 5.547054e-01 -1.000000e+00 -9.990070e+05 3.555691e-01 3.555691e-01 9.278416e-01 6.689546e-01 2.002989e+00 0.000000e+00 -1.000000e+00 1.168259e-02 0.000000e+00 1.684353e+00
1.211002e+00 -1.000000e+00 0.000000e+00 -1.000000e+00 -1.000000e+00 4.000000e+02 2.254113e-01 -1.000000e+00 -1.000000e+00 3.822208e+00 0.000000e+00 -1.000000e+00 0.000000e+00 1.412631e-03 9.000000e+02 1.755376e+00 0.000000e+00 -9.990070e+05 3.000000e+00 -1.000000e+00 7.301431e-01 -1.0 0.000000e+00 0.000000e+00 -1.000000e+00 6.888680e-01 -1.000000e+00 -9.990070e+05 5.596911e-01 5.596911e-01 9.537460e-01 8.747742e-01 2.616404e+00 0.000000e+00 -1.000000e+00 2.827716e-02 0.000000e+00 2.204069e+00
1.620937e+00 -1.000000e+00 0.000000e+00 -1.000000e+00 -1.000000e+00 5.000000e+02 3.252639e-01 -1.000000e+00 -1.000000e+00 5.318489e+00 0.000000e+00 -1.000000e+00 0.000000e+00 3.591748e-03 9.000000e+02 2.377742e+00 0.000000e+00 -9.990070e+05 3.000000e+00 -1.000000e+00 9.087397e-01 -1.0 0.000000e+00 0.000000e+00 -1.000000e+00 7.627685e-01 -1.000000e+00 -9.990070e+05 7.675244e-01 7.675244e-01 9.655665e-01 1.178159e+00 3.579199e+00 0.000000e+00 -1.000000e+00 5.481209e-02 0.000000e+00 2.991006e+00
3.269292e+00 -1.000000e+00 4.000000e+03 -1.000000e+00 -1.000000e+00 6.000000e+02 4.528439e-01 -1.000000e+00 -1.000000e+00 1.033616e+01 0.000000e+00 -1.000000e+00 1.000000e+00 1.255870e-02 9.000000e+02 4.740543e+00 1.000000e+00 -9.990070e+05 2.000000e+00 -1.000000e+00 9.851044e-01 -1.0 0.000000e+00 0.000000e+00 -1.000000e+00 8.233833e-01 -1.000000e+00 -9.990070e+05 8.713998e-01 8.713998e-01 9.746297e-01 2.361644e+00 7.069107e+00 0.000000e+00 -1.000000e+00 1.188703e-01 1.000000e+00 5.952999e+00
