4.613508e-01 -1.000000e+00 4.000000e+03 -1.000000e+00 -1.000000e+00 0.000000e+00 3.129901e-03 -1.000000e+00 -1.000000e+00 1.262232e+00 0.000000e+00 -1.000000e+00 1.000000e+00 7.244819e-07 1.000000e+03 6.445756e-01 1.000000e+00 -9.990070e+05 3.000000e+00 -1.000000e+00 2.142202e-03 -1.0 0.000000e+00 0.000000e+00 -1.000000e+00 5.062024e-02 -1.000000e+00 -9.990070e+05 7.155022e-04 7.155022e-04 3.393064e-01 3.405945e-01 9.131250e-01 0.000000e+00 -1.000000e+00 7.663609e-05 0.000000e+00 5.528999e-01
4.589960e-01 -1.000000e+00 4.000000e+03 -1.000000e+00 -1.000000e+00 1.000000e+02 3.010449e-03 -1.000000e+00 -1.000000e+00 1.257010e+00 0.000000e+00 -1.000000e+00 1.000000e+00 6.811271e-07 1.000000e+03 6.416422e-01 1.000000e+00 -9.990070e+05 3.000000e+00 -1.000000e+00 2.050544e-03 -1.0 0.000000e+00 0.000000e+00 -1.000000e+00 4.922119e-02 -1.000000e+00 -9.990070e+05 6.848845e-04 6.848845e-04 3.333233e-01 3.390392e-01 9.087902e-01 0.000000e+00 -1.000000e+00 7.288411e-05 0.000000e+00 5.502212e-01
4.603240e-01 -1.000000e+00 4.000000e+03 -1.000000e+00 -1.000000e+00 2.000000e+02 3.096825e-03 -1.000000e+00 -1.000000e+00 1.262003e+00 0.000000e+00 -1.000000e+00 1.000000e+00 7.123729e-07 1.000000e+03 6.437872e-01 1.000000e+00 -9.990070e+05 3.000000e+00 -1.000000e+00 2.117587e-03 -1.0 0.000000e+00 0.000000e+00 -1.000000e+00 5.023451e-02 -1.000000e+00 -9.990070e+05 7.073956e-04 7.073956e-04 3.376644e-01 3.405956e-01 9.110346e-01 0.000000e+00 -1.000000e+00 7.559267e-05 0.000000e+00 5.519652e-01
5.086485e-01 -1.000000e+00 0.000000e+00 -1.000000e+00 -1.000000e+00 3.000000e+02 7.022631e-03 -1.000000e+00 -1.000000e+00 1.394304e+00 0.000000e+00 -1.000000e+00 0.000000e+00 2.656055e-06 1.000000e+03 7.100783e-01 0.000000e+00 -9.990070e+05 3.000000e+00 -1.000000e+00 5.276001e-03 -1.0 0.000000e+00 0.000000e+00 -1.000000e+00 8.992521e-02 -1.000000e+00 -9.990070e+05 1.753793e-03 1.753793e-03 4.826661e-01 3.765695e-01 1.008061e+00 0.000000e+00 -1.000000e+00 2.192222e-04 0.000000e+00 6.092951e-01
5.544288e-01 -1.000000e+00 0.000000e+00 -1.000000e+00 -1.000000e+00 4.000000e+02 1.293278e-02 -1.000000e+00 -1.000000e+00 1.519597e+00 0.000000e+00 -1.000000e+00 0.000000e+00 7.270423e-06 1.000000e+03 7.735922e-01 0.000000e+00 -9.990070e+05 3.000000e+00 -1.000000e+00 1.050942e-02 -1.0 0.000000e+00 0.000000e+00 -1.000000e+00 1.373422e-01 -1.000000e+00 -9.990070e+05 3.483421e-03 3.483421e-03 6.098185e-01 4.107544e-01 1.098483e+00 0.000000e+00 -1.000000e+00 4.910088e-04 0.000000e+00 6.640442e-01
7.289674e-01 -1.000000e+00 0.000000e+00 -1.000000e+00 -1.000000e+00 5.000000e+02 5.666609e-02 -1.000000e+00 -1.000000e+00 1.998685e+00 0.000000e+00 -1.000000e+00 0.000000e+00 9.395123e-05 1.000000e+03 1.018737e+00 0.000000e+00 -9.990070e+05 3.000000e+00 -1.000000e+00 5.716750e-02 -1.0 0.000000e+00 0.000000e+00 -1.000000e+00 3.599076e-01 -1.000000e+00 -9.990070e+05 1.877649e-02 1.877649e-02 8.626614e-01 5.415423e-01 1.444639e+00 0.000000e+00 -1.000000e+00 3.664237e-03 0.000000e+00 8.726233e-01
1.274458e+00 -1.000000e+00 0.000000e+00 -1.000000e+00 -1.000000e+00 6.000000e+02 2.642242e-01 -1.000000e+00 -1.000000e+00 3.524594e+00 0.000000e+00 -1.000000e+00 0.000000e+00 2.058179e-03 1.000000e+03 1.781925e+00 0.000000e+00 -9.990070e+05 3.000000e+00 -1.000000e+00 3.787946e-01 -1.0 0.000000e+00 0.000000e+00 -1.000000e+00 7.220799e-01 -1.000000e+00 -9.990070e+05 1.248582e-01 1.248582e-01 9.591956e-01 9.462039e-01 2.534718e+00 0.000000e+00 -1.000000e+00 3.710438e-02 0.000000e+00 1.527579e+00
8.121930e-01 -1.000000e+00 4.000000e+03 -1.000000e+00 -1.000000e+00 0.000000e+00 8.720668e-02 -1.000000e+00 -1.000000e+00 2.233134e+00 0.000000e+00 -1.000000e+00 1.000000e+00 2.076399e-04 1.100000e+03 1.137979e+00 1.000000e+00 -9.990070e+05 2.000000e+00 -1.000000e+00 9.472952e-02 -1.0 0.000000e+00 0.000000e+00 -1.000000e+00 4.600487e-01 -1.000000e+00 -9.990070e+05 3.100862e-02 3.100862e-02 9.026259e-01 6.043703e-01 1.613085e+00 0.000000e+00 -1.000000e+00 6.737345e-03 1.000000e+00 9.734510e-01
8.448963e-01 -1.000000e+00 0.000000e+00 -1.000000e+00 -1.000000e+00 1.000000e+02 9.977469e-02 -1.000000e+00 -1.000000e+00 2.320914e+00 0.000000e+00 -1.000000e+00 0.000000e+00 2.677088e-04 1.100000e+03 1.182261e+00 0.000000e+00 -9.990070e+05 3.000000e+00 -1.000000e+00 1.111459e-01 -1.0 0.000000e+00 0.000000e+00 -1.000000e+00 4.934305e-01 -1.000000e+00 -9.990070e+05 3.635299e-02 3.635299e-02 9.124989e-01 6.277760e-01 1.677143e+00 0.000000e+00 -1.000000e+00 8.175586e-03 0.000000e+00 1.011487e+00
8.212266e-01 -1.000000e+00 0.000000e+00 -1.000000e+00 -1.000000e+00 2.000000e+02 9.048377e-02 -1.000000e+00 -1.000000e+00 2.256729e+00 0.000000e+00 -1.000000e+00 0.000000e+00 2.225331e-04 1.100000e+03 1.149194e+00 0.000000e+00 -9.990070e+05 3.000000e+00 -1.000000e+00 9.895492e-02 -1.0 0.000000e+00 0.000000e+00 -1.000000e+00 4.691344e-01 -1.000000e+00 -9.990070e+05 3.238324e-02 3.238324e-02 9.054412e-01 6.101478e-01 1.630469e+00 0.000000e+00 -1.000000e+00 7.102862e-03 0.000000e+00 9.831908e-01
8.759130e-01 -1.000000e+00 0.000000e+00 -1.000000e+00 -1.000000e+00 3.000000e+02 1.124062e-01 -1.000000e+00 -1.000000e+00 2.406608e+00 0.000000e+00 -1.000000e+00 0.000000e+00 3.363277e-04 1.100000e+03 1.226830e+00 0.000000e+00 -9.990070e+05 3.000000e+00 -1.000000e+00 1.281733e-01 -1.0 0.000000e+00 0.000000e+00 -1.000000e+00 5.233115e-01 -1.000000e+00 -9.990070e+05 4.189674e-02 4.189674e-02 9.203674e-01 6.515939e-01 1.739002e+00 0.000000e+00 -1.000000e+00 9.719778e-03 0.000000e+00 1.049442e+00
8.832617e-01 -1.000000e+00 0.000000e+00 -1.000000e+00 -1.000000e+00 4.000000e+02 1.152542e-01 -1.000000e+00 -1.000000e+00 2.424931e+00 0.000000e+00 -1.000000e+00 0.000000e+00 3.529801e-04 1.100000e+03 1.236210e+00 0.000000e+00 -9.990070e+05 3.000000e+00 -1.000000e+00 1.320900e-01 -1.0 0.000000e+00 0.000000e+00 -1.000000e+00 5.295925e-01 -1.000000e+00 -9.990070e+05 4.317363e-02 4.317363e-02 9.219225e-01 6.566773e-01 1.752628e+00 0.000000e+00 -1.000000e+00 1.008157e-02 0.000000e+00 1.057438e+00
1.031257e+00 -1.000000e+00 4.000000e+03 -1.000000e+00 -1.000000e+00 5.000000e+02 1.761990e-01 -1.000000e+00 -1.000000e+00 2.829976e+00 0.000000e+00 -1.000000e+00 1.000000e+00 8.264231e-04 1.100000e+03 1.444531e+00 1.000000e+00 -9.990070e+05 2.000000e+00 -1.000000e+00 2.222430e-01 -1.0 0.000000e+00 0.000000e+00 -1.000000e+00 6.334821e-01 -1.000000e+00 -9.990070e+05 7.258476e-02 7.258476e-02 9.439672e-01 7.677667e-01 2.045730e+00 0.000000e+00 -1.000000e+00 1.906634e-02 1.000000e+00 1.236071e+00
1.303099e+00 -1.000000e+00 0.000000e+00 -1.000000e+00 -1.000000e+00 6.000000e+02 2.730483e-01 -1.000000e+00 -1.000000e+00 3.570657e+00 0.000000e+00 -1.000000e+00 0.000000e+00 2.234492e-03 1.100000e+03 1.818129e+00 0.000000e+00 -9.990070e+05 3.000000e+00 -1.000000e+00 3.962385e-01 -1.0 0.000000e+00 0.000000e+00 -1.000000e+00 7.287069e-01 -1.000000e+00 -9.990070e+05 1.306770e-01 1.306770e-01 9.602537e-01 9.660480e-01 2.581449e+00 0.000000e+00 -1.000000e+00 3.934392e-02 0.000000e+00 1.560494e+00
1.423580e+00 -1.000000e+00 4.000000e+03 -1.000000e+00 -1.000000e+00 0.000000e+00 3.066810e-01 -1.000000e+00 -1.000000e+00 3.914325e+00 0.000000e+00 -1.000000e+00 1.000000e+00 3.037319e-03 1.200000e+03 1.989553e+00 1.000000e+00 -9.990070e+05 2.000000e+00 -1.000000e+00 4.683861e-01 -1.0 0.000000e+00 0.000000e+00 -1.000000e+00 7.515342e-01 -1.000000e+00 -9.990070e+05 1.559089e-01 1.559089e-01 9.638357e-01 1.055628e+00 2.827059e+00 0.000000e+00 -1.000000e+00 4.882755e-02 1.000000e+00 1.705462e+00
1.397469e+00 -1.000000e+00 0.000000e+00 -1.000000e+00 -1.000000e+00 1.000000e+02 2.997687e-01 -1.000000e+00 -1.000000e+00 3.834073e+00 0.000000e+00 -1.000000e+00 0.000000e+00 2.853193e-03 1.200000e+03 1.950704e+00 0.000000e+00 -9.990070e+05 3.000000e+00 -1.000000e+00 4.529507e-01 -1.0 0.000000e+00 0.000000e+00 -1.000000e+00 7.471248e-01 -1.000000e+00 -9.990070e+05 1.504190e-01 1.504190e-01 9.631509e-01 1.035372e+00 2.771439e+00 0.000000e+00 -1.000000e+00 4.674533e-02 0.000000e+00 1.673900e+00
1.513850e+00 -1.000000e+00 0.000000e+00 -1.000000e+00 -1.000000e+00 2.000000e+02 3.282691e-01 -1.000000e+00 -1.000000e+00 4.157974e+00 0.000000e+00 -1.000000e+00 0.000000e+00 3.690497e-03 1.200000e+03 2.115045e+00 0.000000e+00 -9.990070e+05 3.000000e+00 -1.000000e+00 5.187815e-01 -1.0 0.000000e+00 0.000000e+00 -1.000000e+00 7.645071e-01 -1.000000e+00 -9.990070e+05 1.742673e-01 1.742673e-01 9.658327e-01 1.122534e+00 3.004490e+00 0.000000e+00 -1.000000e+00 5.583671e-02 0.000000e+00 1.813466e+00
1.454619e+00 -1.000000e+00 0.000000e+00 -1.000000e+00 -1.000000e+00 3.000000e+02 3.144400e-01 -1.000000e+00 -1.000000e+00 3.991470e+00 0.000000e+00 -1.000000e+00 0.000000e+00 3.257679e-03 1.200000e+03 2.031519e+00 0.000000e+00 -9.990070e+05 3.000000e+00 -1.000000e+00 4.861152e-01 -1.0 0.000000e+00 0.000000e+00 -1.000000e+00 7.563302e-01 -1.000000e+00 -9.990070e+05 1.622900e-01 1.622900e-01 9.645770e-01 1.078568e+00 2.885126e+00 0.000000e+00 -1.000000e+00 5.125527e-02 0.000000e+00 1.742059e+00
1.553455e+00 -1.000000e+00 0.000000e+00 -1.000000e+00 -1.000000e+00 4.000000e+02 3.368208e-01 -1.000000e+00 -1.000000e+00 4.267922e+00 0.000000e+00 -1.000000e+00 0.000000e+00 3.987109e-03 1.200000e+03 2.170482e+00 0.000000e+00 -9.990070e+05 3.000000e+00 -1.000000e+00 5.396915e-01 -1.0 0.000000e+00 0.000000e+00 -1.000000e+00 7.693451e-01 -1.000000e+00 -9.990070e+05 1.821047e-01 1.821047e-01 9.665711e-01 1.151928e+00 3.083402e+00 0.000000e+00 -1.000000e+00 5.884556e-02 0.000000e+00 1.860895e+00
1.630013e+00 -1.000000e+00 0.000000e+00 -1.000000e+00 -1.000000e+00 5.000000e+02 3.519173e-01 -1.000000e+00 -1.000000e+00 4.478236e+00 0.000000e+00 -1.000000e+00 0.000000e+00 4.573861e-03 1.200000e+03 2.277379e+00 0.000000e+00 -9.990070e+05 3.000000e+00 -1.000000e+00 5.779911e-01 -1.0 0.000000e+00 0.000000e+00 -1.000000e+00 7.775191e-01 -1.000000e+00 -9.990070e+05 1.968752e-01 1.968752e-01 9.678113e-01 1.208737e+00 3.235204e+00 0.000000e+00 -1.000000e+00 6.451726e-02 0.000000e+00 1.952588e+00
1.824177e+00 -1.000000e+00 0.000000e+00 -1.000000e+00 -1.000000e+00 6.000000e+02 3.827796e-01 -1.000000e+00 -1.000000e+00 5.008276e+00 0.000000e+00 -1.000000e+00 0.000000e+00 6.094718e-03 1.200000e+03 2.548595e+00 0.000000e+00 -9.990070e+05 3.000000e+00 -1.000000e+00 6.618834e-01 -1.0 0.000000e+00 0.000000e+00 -1.000000e+00 7.929711e-01 -1.000000e+00 -9.990070e+05 2.316332e-01 2.316332e-01 9.701329e-01 1.348919e+00 3.618255e+00 0.000000e+00 -1.000000e+00 7.775695e-02 0.000000e+00 2.186039e+00
2.629831e+00 -1.000000e+00 0.000000e+00 -1.000000e+00 -1.000000e+00 0.000000e+00 4.490558e-01 -1.000000e+00 -1.000000e+00 7.229002e+00 0.000000e+00 -1.000000e+00 0.000000e+00 1.202967e-02 1.300000e+03 3.672957e+00 0.000000e+00 -9.990070e+05 3.000000e+00 -1.000000e+00 8.630379e-01 -1.0 0.000000e+00 0.000000e+00 -1.000000e+00 8.218674e-01 -1.000000e+00 -9.990070e+05 3.436918e-01 3.436918e-01 9.744075e-01 1.948581e+00 5.221417e+00 0.000000e+00 -1.000000e+00 1.161552e-01 0.000000e+00 3.151052e+00
2.555744e+00 -1.000000e+00 0.000000e+00 -1.000000e+00 -1.000000e+00 1.000000e+02 4.454364e-01 -1.000000e+00 -1.000000e+00 7.025606e+00 0.000000e+00 -1.000000e+00 0.000000e+00 1.155122e-02 1.300000e+03 3.569893e+00 0.000000e+00 -9.990070e+05 3.000000e+00 -1.000000e+00 8.517453e-01 -1.0 0.000000e+00 0.000000e+00 -1.000000e+00 8.204074e-01 -1.000000e+00 -9.990070e+05 3.353016e-01 3.353016e-01 9.741933e-01 1.893936e+00 5.074524e+00 0.000000e+00 -1.000000e+00 1.136211e-01 0.000000e+00 3.062141e+00
2.545314e+00 -1.000000e+00 0.000000e+00 -1.000000e+00 -1.000000e+00 2.000000e+02 4.449483e-01 -1.000000e+00 -1.000000e+00 6.988678e+00 0.000000e+00 -1.000000e+00 0.000000e+00 1.148863e-02 1.300000e+03 3.554360e+00 0.000000e+00 -9.990070e+05 3.000000e+00 -1.000000e+00 8.502211e-01 -1.0 0.000000e+00 0.000000e+00 -1.000000e+00 8.202096e-01 -1.000000e+00 -9.990070e+05 3.342035e-01 3.342035e-01 9.741643e-01 1.886418e+00 5.050370e+00 0.000000e+00 -1.000000e+00 1.132838e-01 0.000000e+00 3.049284e+00
2.615211e+00 -1.000000e+00 0.000000e+00 -1.000000e+00 -1.000000e+00 3.000000e+02 4.483966e-01 -1.000000e+00 -1.000000e+00 7.182264e+00 0.000000e+00 -1.000000e+00 0.000000e+00 1.194062e-02 1.300000e+03 3.651719e+00 0.000000e+00 -9.990070e+05 3.000000e+00 -1.000000e+00 8.609839e-01 -1.0 0.000000e+00 0.000000e+00 -1.000000e+00 8.216023e-01 -1.000000e+00 -9.990070e+05 3.421324e-01 3.421324e-01 9.743686e-01 1.937814e+00 5.189696e+00 0.000000e+00 -1.000000e+00 1.156894e-01 0.000000e+00 3.133218e+00
2.590673e+00 -1.000000e+00 0.000000e+00 -1.000000e+00 -1.000000e+00 4.000000e+02 4.471890e-01 -1.000000e+00 -1.000000e+00 7.122417e+00 0.000000e+00 -1.000000e+00 0.000000e+00 1.177972e-02 1.300000e+03 3.618486e+00 0.000000e+00 -9.990070e+05 3.000000e+00 -1.000000e+00 8.572197e-01 -1.0 0.000000e+00 0.000000e+00 -1.000000e+00 8.211158e-01 -1.000000e+00 -9.990070e+05 3.393176e-01 3.393176e-01 9.742972e-01 1.919769e+00 5.143891e+00 0.000000e+00 -1.000000e+00 1.148410e-01 0.000000e+00 3.104049e+00
2.730818e+00 -1.000000e+00 0.000000e+00 -1.000000e+00 -1.000000e+00 5.000000e+02 4.535502e-01 -1.000000e+00 -1.000000e+00 7.496791e+00 0.000000e+00 -1.000000e+00 0.000000e+00 1.266072e-02 1.300000e+03 3.812788e+00 0.000000e+00 -9.990070e+05 3.000000e+00 -1.000000e+00 8.769903e-01 -1.0 0.000000e+00 0.000000e+00 -1.000000e+00 8.236646e-01 -1.000000e+00 -9.990070e+05 3.547085e-01 3.547085e-01 9.746709e-01 2.023016e+00 5.417698e+00 0.000000e+00 -1.000000e+00 1.193839e-01 0.000000e+00 3.271745e+00
2.942166e+00 -1.000000e+00 0.000000e+00 -1.000000e+00 -1.000000e+00 6.000000e+02 4.614005e-01 -1.000000e+00 -1.000000e+00 8.068074e+00 0.000000e+00 -1.000000e+00 0.000000e+00 1.387203e-02 1.300000e+03 4.107869e+00 0.000000e+00 -9.990070e+05 3.000000e+00 -1.000000e+00 9.010559e-01 -1.0 0.000000e+00 0.000000e+00 -1.000000e+00 8.267636e-01 -1.000000e+00 -9.990070e+05 3.758481e-01 3.758481e-01 9.751245e-01 2.177958e+00 5.832613e+00 0.000000e+00 -1.000000e+00 1.252482e-01 0.000000e+00 3.524563e+00
4.537614e+00 -1.000000e+00 0.000000e+00 -1.000000e+00 -1.000000e+00 0.000000e+00 4.888062e-01 -1.000000e+00 -1.000000e+00 1.245122e+01 0.000000e+00 -1.000000e+00 0.000000e+00 1.954086e-02 1.400000e+03 6.343818e+00 0.000000e+00 -9.990070e+05 3.000000e+00 -1.000000e+00 9.772817e-01 -1.0 0.000000e+00 0.000000e+00 -1.000000e+00 8.372189e-01 -1.000000e+00 -9.990070e+05 4.841887e-01 4.841887e-01 9.766499e-01 3.349834e+00 8.997802e+00 0.000000e+00 -1.000000e+00 1.481382e-01 0.000000e+00 5.439755e+00
4.448762e+00 -1.000000e+00 0.000000e+00 -1.000000e+00 -1.000000e+00 1.000000e+02 4.880536e-01 -1.000000e+00 -1.000000e+00 1.219049e+01 0.000000e+00 -1.000000e+00 0.000000e+00 1.934730e-02 1.400000e+03 6.219480e+00 0.000000e+00 -9.990070e+05 3.000000e+00 -1.000000e+00 9.754806e-01 -1.0 0.000000e+00 0.000000e+00 -1.000000e+00 8.369387e-01 -1.000000e+00 -9.990070e+05 4.798750e-01 4.798750e-01 9.766091e-01 3.284111e+00 8.813051e+00 0.000000e+00 -1.000000e+00 1.474563e-01 0.000000e+00 5.333329e+00
4.638548e+00 -1.000000e+00 0.000000e+00 -1.000000e+00 -1.000000e+00 2.000000e+02 4.896256e-01 -1.000000e+00 -1.000000e+00 1.271960e+01 0.000000e+00 -1.000000e+00 0.000000e+00 1.975455e-02 1.400000e+03 6.483983e+00 0.000000e+00 -9.990070e+05 3.000000e+00 -1.000000e+00 9.792120e-01 -1.0 0.000000e+00 0.000000e+00 -1.000000e+00 8.375236e-01 -1.000000e+00 -9.990070e+05 4.890334e-01 4.890334e-01 9.766943e-01 3.424588e+00 9.194683e+00 0.000000e+00 -1.000000e+00 1.488841e-01 0.000000e+00 5.560400e+00
4.544043e+00 -1.000000e+00 0.000000e+00 -1.000000e+00 -1.000000e+00 3.000000e+02 4.888409e-01 -1.000000e+00 -1.000000e+00 1.247923e+01 0.000000e+00 -1.000000e+00 0.000000e+00 1.954985e-02 1.400000e+03 6.354067e+00 0.000000e+00 -9.990070e+05 3.000000e+00 -1.000000e+00 9.773643e-01 -1.0 0.000000e+00 0.000000e+00 -1.000000e+00 8.372318e-01 -1.000000e+00 -9.990070e+05 4.843920e-01 4.843920e-01 9.766518e-01 3.354689e+00 9.015415e+00 0.000000e+00 -1.000000e+00 1.481697e-01 0.000000e+00 5.448095e+00
4.617967e+00 -1.000000e+00 0.000000e+00 -1.000000e+00 -1.000000e+00 4.000000e+02 4.894331e-01 -1.000000e+00 -1.000000e+00 1.269464e+01 0.000000e+00 -1.000000e+00 0.000000e+00 1.970408e-02 1.400000e+03 6.457736e+00 0.000000e+00 -9.990070e+05 3.000000e+00 -1.000000e+00 9.787620e-01 -1.0 0.000000e+00 0.000000e+00 -1.000000e+00 8.374520e-01 -1.000000e+00 -9.990070e+05 4.878878e-01 4.878878e-01 9.766838e-01 3.410409e+00 9.167232e+00 0.000000e+00 -1.000000e+00 1.487086e-01 0.000000e+00 5.536501e+00
4.739534e+00 -1.000000e+00 0.000000e+00 -1.000000e+00 -1.000000e+00 5.000000e+02 4.903874e-01 -1.000000e+00 -1.000000e+00 1.300317e+01 0.000000e+00 -1.000000e+00 0.000000e+00 1.995601e-02 1.400000e+03 6.624909e+00 0.000000e+00 -9.990070e+05 3.000000e+00 -1.000000e+00 9.809782e-01 -1.0 0.000000e+00 0.000000e+00 -1.000000e+00 8.378064e-01 -1.000000e+00 -9.990070e+05 4.937148e-01 4.937148e-01 9.767354e-01 3.499927e+00 9.397060e+00 0.000000e+00 -1.000000e+00 1.495809e-01 0.000000e+00 5.681419e+00
4.915310e+00 -1.000000e+00 0.000000e+00 -1.000000e+00 -1.000000e+00 6.000000e+02 4.915781e-01 -1.000000e+00 -1.000000e+00 1.348659e+01 0.000000e+00 -1.000000e+00 0.000000e+00 2.027644e-02 1.400000e+03 6.871497e+00 0.000000e+00 -9.990070e+05 3.000000e+00 -1.000000e+00 9.836786e-01 -1.0 0.000000e+00 0.000000e+00 -1.000000e+00 8.382478e-01 -1.000000e+00 -9.990070e+05 5.013747e-01 5.013747e-01 9.767996e-01 3.629143e+00 9.746640e+00 0.000000e+00 -1.000000e+00 1.506766e-01 0.000000e+00 5.892273e+00
8.116601e+00 -1.000000e+00 0.000000e+00 -1.000000e+00 -1.000000e+00 0.000000e+00 5.000000e-01 -1.000000e+00 -1.000000e+00 2.225495e+01 0.000000e+00 -1.000000e+00 0.000000e+00 2.275013e-02 1.500000e+03 1.135048e+01 0.000000e+00 -9.990070e+05 3.000000e+00 -1.000000e+00 1.001187e+00 -1.0 0.000000e+00 0.000000e+00 -1.000000e+00 8.413447e-01 -1.000000e+00 -9.990070e+05 5.902111e-01 5.902111e-01 9.772499e-01 5.996932e+00 1.607644e+01 0.000000e+00 -1.000000e+00 1.586553e-01 0.000000e+00 9.733184e+00
7.873646e+00 -1.000000e+00 0.000000e+00 -1.000000e+00 -1.000000e+00 1.000000e+02 5.000000e-01 -1.000000e+00 -1.000000e+00 2.159735e+01 0.000000e+00 -1.000000e+00 0.000000e+00 2.275013e-02 1.500000e+03 1.101093e+01 0.000000e+00 -9.990070e+05 3.000000e+00 -1.000000e+00 1.000777e+00 -1.0 0.000000e+00 0.000000e+00 -1.000000e+00 8.413447e-01 -1.000000e+00 -9.990070e+05 5.855190e-01 5.855190e-01 9.772499e-01 5.814936e+00 1.560089e+01 0.000000e+00 -1.000000e+00 1.586553e-01 0.000000e+00 9.440188e+00
7.902121e+00 -1.000000e+00 0.000000e+00 -1.000000e+00 -1.000000e+00 2.000000e+02 5.000000e-01 -1.000000e+00 -1.000000e+00 2.170504e+01 0.000000e+00 -1.000000e+00 0.000000e+00 2.275013e-02 1.500000e+03 1.105306e+01 0.000000e+00 -9.990070e+05 3.000000e+00 -1.000000e+00 1.000823e+00 -1.0 0.000000e+00 0.000000e+00 -1.000000e+00 8.413447e-01 -1.000000e+00 -9.990070e+05 5.860357e-01 5.860357e-01 9.772499e-01 5.832818e+00 1.566969e+01 0.000000e+00 -1.000000e+00 1.586553e-01 0.000000e+00 9.477033e+00
8.170088e+00 -1.000000e+00 0.000000e+00 -1.000000e+00 -1.000000e+00 3.000000e+02 5.000000e-01 -1.000000e+00 -1.000000e+00 2.241112e+01 0.000000e+00 -1.000000e+00 0.000000e+00 2.275013e-02 1.500000e+03 1.142700e+01 0.000000e+00 -9.990070e+05 3.000000e+00 -1.000000e+00 1.001263e+00 -1.0 0.000000e+00 0.000000e+00 -1.000000e+00 8.413447e-01 -1.000000e+00 -9.990070e+05 5.911399e-01 5.911399e-01 9.772499e-01 6.036414e+00 1.618551e+01 0.000000e+00 -1.000000e+00 1.586553e-01 0.000000e+00 9.797506e+00
7.728836e+00 -1.000000e+00 0.000000e+00 -1.000000e+00 -1.000000e+00 4.000000e+02 5.000000e-01 -1.000000e+00 -1.000000e+00 2.119657e+01 0.000000e+00 -1.000000e+00 0.000000e+00 2.275013e-02 1.500000e+03 1.080859e+01 0.000000e+00 -9.990070e+05 3.000000e+00 -1.000000e+00 1.000462e+00 -1.0 0.000000e+00 0.000000e+00 -1.000000e+00 8.413447e-01 -1.000000e+00 -9.990070e+05 5.834348e-01 5.834348e-01 9.772499e-01 5.708446e+00 1.531260e+01 0.000000e+00 -1.000000e+00 1.586553e-01 0.000000e+00 9.266423e+00
8.115236e+00 -1.000000e+00 0.000000e+00 -1.000000e+00 -1.000000e+00 5.000000e+02 5.000000e-01 -1.000000e+00 -1.000000e+00 2.232104e+01 0.000000e+00 -1.000000e+00 0.000000e+00 2.275013e-02 1.500000e+03 1.135490e+01 0.000000e+00 -9.990070e+05 3.000000e+00 -1.000000e+00 1.001169e+00 -1.0 0.000000e+00 0.000000e+00 -1.000000e+00 8.413447e-01 -1.000000e+00 -9.990070e+05 5.900245e-01 5.900245e-01 9.772499e-01 5.989764e+00 1.610154e+01 0.000000e+00 -1.000000e+00 1.586553e-01 0.000000e+00 9.733820e+00
8.338741e+00 -1.000000e+00 0.000000e+00 -1.000000e+00 -1.000000e+00 6.000000e+02 5.000000e-01 -1.000000e+00 -1.000000e+00 2.288742e+01 0.000000e+00 -1.000000e+00 0.000000e+00 2.275013e-02 1.500000e+03 1.166472e+01 0.000000e+00 -9.990070e+05 3.000000e+00 -1.000000e+00 1.001501e+00 -1.0 0.000000e+00 0.000000e+00 -1.000000e+00 8.413447e-01 -1.000000e+00 -9.990070e+05 5.941809e-01 5.941809e-01 9.772499e-01 6.163259e+00 1.652040e+01 0.000000e+00 -1.000000e+00 1.586553e-01 0.000000e+00 1.000087e+01
1.359839e+01 -1.000000e+00 0.000000e+00 -1.000000e+00 -1.000000e+00 0.000000e+00 5.000000e-01 -1.000000e+00 -1.000000e+00 3.737139e+01 0.000000e+00 -1.000000e+00 0.000000e+00 2.275013e-02 1.600000e+03 1.902777e+01 0.000000e+00 -9.990070e+05 3.000000e+00 -1.000000e+00 1.003471e+00 -1.0 0.000000e+00 0.000000e+00 -1.000000e+00 8.413447e-01 -1.000000e+00 -9.990070e+05 6.552923e-01 6.552923e-01 9.772499e-01 1.004958e+01 2.695625e+01 0.000000e+00 -1.000000e+00 1.586553e-01 0.000000e+00 1.631064e+01
1.331484e+01 -1.000000e+00 0.000000e+00 -1.000000e+00 -1.000000e+00 1.000000e+02 5.000000e-01 -1.000000e+00 -1.000000e+00 3.658712e+01 0.000000e+00 -1.000000e+00 0.000000e+00 2.275013e-02 1.600000e+03 1.862952e+01 0.000000e+00 -9.990070e+05 3.000000e+00 -1.000000e+00 1.003472e+00 -1.0 0.000000e+00 0.000000e+00 -1.000000e+00 8.413447e-01 -1.000000e+00 -9.990070e+05 6.530743e-01 6.530743e-01 9.772499e-01 9.838059e+00 2.639502e+01 0.000000e+00 -1.000000e+00 1.586553e-01 0.000000e+00 1.596999e+01
1.372706e+01 -1.000000e+00 0.000000e+00 -1.000000e+00 -1.000000e+00 2.000000e+02 5.000000e-01 -1.000000e+00 -1.000000e+00 3.775920e+01 0.000000e+00 -1.000000e+00 0.000000e+00 2.275013e-02 1.600000e+03 1.921138e+01 0.000000e+00 -9.990070e+05 3.000000e+00 -1.000000e+00 1.003469e+00 -1.0 0.000000e+00 0.000000e+00 -1.000000e+00 8.413447e-01 -1.000000e+00 -9.990070e+05 6.562259e-01 6.562259e-01 9.772499e-01 1.014143e+01 2.722553e+01 0.000000e+00 -1.000000e+00 1.586553e-01 0.000000e+00 1.646664e+01
1.318611e+01 -1.000000e+00 0.000000e+00 -1.000000e+00 -1.000000e+00 3.000000e+02 5.000000e-01 -1.000000e+00 -1.000000e+00 3.623585e+01 0.000000e+00 -1.000000e+00 0.000000e+00 2.275013e-02 1.600000e+03 1.844959e+01 0.000000e+00 -9.990070e+05 3.000000e+00 -1.000000e+00 1.003471e+00 -1.0 0.000000e+00 0.000000e+00 -1.000000e+00 8.413447e-01 -1.000000e+00 -9.990070e+05 6.520314e-01 6.520314e-01 9.772499e-01 9.742701e+00 2.614071e+01 0.000000e+00 -1.000000e+00 1.586553e-01 0.000000e+00 1.581579e+01
1.333179e+01 -1.000000e+00 0.000000e+00 -1.000000e+00 -1.000000e+00 4.000000e+02 5.000000e-01 -1.000000e+00 -1.000000e+00 3.662205e+01 0.000000e+00 -1.000000e+00 0.000000e+00 2.275013e-02 1.600000e+03 1.865334e+01 0.000000e+00 -9.990070e+05 3.000000e+00 -1.000000e+00 1.003472e+00 -1.0 0.000000e+00 0.000000e+00 -1.000000e+00 8.413447e-01 -1.000000e+00 -9.990070e+05 6.531931e-01 6.531931e-01 9.772499e-01 9.851289e+00 2.642494e+01 0.000000e+00 -1.000000e+00 1.586553e-01 0.000000e+00 1.599066e+01
1.320085e+01 -1.000000e+00 0.000000e+00 -1.000000e+00 -1.000000e+00 5.000000e+02 5.000000e-01 -1.000000e+00 -1.000000e+00 3.627214e+01 0.000000e+00 -1.000000e+00 0.000000e+00 2.275013e-02 1.600000e+03 1.846968e+01 0.000000e+00 -9.990070e+05 3.000000e+00 -1.000000e+00 1.003472e+00 -1.0 0.000000e+00 0.000000e+00 -1.000000e+00 8.413447e-01 -1.000000e+00 -9.990070e+05 6.521593e-01 6.521593e-01 9.772499e-01 9.754180e+00 2.616781e+01 0.000000e+00 -1.000000e+00 1.586553e-01 0.000000e+00 1.583319e+01
1.434190e+01 -1.000000e+00 0.000000e+00 -1.000000e+00 -1.000000e+00 6.000000e+02 5.000000e-01 -1.000000e+00 -1.000000e+00 3.939239e+01 0.000000e+00 -1.000000e+00 0.000000e+00 2.275013e-02 1.600000e+03 2.007019e+01 0.000000e+00 -9.990070e+05 3.000000e+00 -1.000000e+00 1.003450e+00 -1.0 0.000000e+00 0.000000e+00 -1.000000e+00 8.413447e-01 -1.000000e+00 -9.990070e+05 6.607953e-01 6.607953e-01 9.772499e-01 1.061034e+01 2.841507e+01 0.000000e+00 -1.000000e+00 1.586553e-01 0.000000e+00 1.720352e+01
7.397452e-01 -1.000000e+00 0.000000e+00 -1.000000e+00 -1.000000e+00 0.000000e+00 9.593626e-02 -1.000000e+00 -1.000000e+00 1.000000e+02 0.000000e+00 -1.000000e+00 0.000000e+00 2.485111e-04 2.000000e+02 1.875814e+00 0.000000e+00 -9.990070e+05 3.000000e+00 -1.000000e+00 1.649140e-01 -1.0 0.000000e+00 0.000000e+00 -1.000000e+00 4.836463e-01 -1.000000e+00 -9.990070e+05 7.474179e-02 7.474179e-02 9.097346e-01 0.000000e+00 6.324958e+01 0.000000e+00 -1.000000e+00 7.725897e-03 0.000000e+00 1.595296e+00
8.993392e-01 -1.000000e+00 4.000000e+03 -1.000000e+00 -1.000000e+00 2.500000e+02 1.240525e-01 -1.000000e+00 -1.000000e+00 3.321912e+00 0.000000e+00 -1.000000e+00 1.000000e+00 4.072591e-04 3.000000e+02 1.340494e+00 1.000000e+00 -9.990070e+05 3.000000e+00 -1.000000e+00 1.728741e-01 -1.0 0.000000e+00 0.000000e+00 -1.000000e+00 5.480299e-01 -1.000000e+00 -9.990070e+05 6.584295e-02 6.584295e-02 9.263122e-01 6.441561e-01 2.088404e+00 0.000000e+00 -1.000000e+00 1.123101e-02 0.000000e+00 1.181808e+00
1.731501e+00 -1.000000e+00 0.000000e+00 -1.000000e+00 -1.000000e+00 2.750000e+02 2.981031e-01 -1.000000e+00 -1.000000e+00 1.441589e+01 0.000000e+00 -1.000000e+00 0.000000e+00 2.810440e-03 3.000000e+02 3.105030e+00 0.000000e+00 -9.990070e+05 3.000000e+00 -1.000000e+00 5.116165e-01 -1.0 0.000000e+00 0.000000e+00 -1.000000e+00 7.460420e-01 -1.000000e+00 -9.990070e+05 2.062556e-01 2.062556e-01 9.629823e-01 1.084343e+00 6.396851e+00 0.000000e+00 -1.000000e+00 4.625452e-02 0.000000e+00 2.646597e+00
1.418494e-01 -1.000000e+00 0.000000e+00 -1.000000e+00 -1.000000e+00 0.000000e+00 2.166862e-08 -1.000000e+00 -1.000000e+00 4.778576e-01 0.000000e+00 -1.000000e+00 0.000000e+00 3.004589e-14 4.000000e+02 2.038662e-01 0.000000e+00 -9.990070e+05 3.000000e+00 -1.000000e+00 1.049328e-08 -1.0 0.000000e+00 0.000000e+00 -1.000000e+00 4.263162e-06 -1.000000e+00 -9.990070e+05 4.078079e-09 4.078079e-09 3.205232e-04 1.043752e-01 3.125931e-01 0.000000e+00 -1.000000e+00 4.163984e-11 0.000000e+00 1.772943e-01
-1.000000e+00 -1.000000e+00 4.000000e+03 -1.000000e+00 -1.000000e+00 3.750000e+02 4.912322e-01 -1.000000e+00 -1.000000e+00 -1.000000e+00 0.000000e+00 -1.000000e+00 1.000000e+00 2.018264e-02 4.000000e+02 -1.000000e+00 1.000000e+00 -9.990070e+05 2.000000e+00 -1.000000e+00 0.000000e+00 -1.0 0.000000e+00 0.000000e+00 -1.000000e+00 8.381197e-01 -1.000000e+00 -9.990070e+05 0.000000e+00 0.000000e+00 9.767810e-01 -1.000000e+00 -1.000000e+00 0.000000e+00 -1.000000e+00 1.503574e-01 1.000000e+00 -1.000000e+00
8.423067e-01 -1.000000e+00 0.000000e+00 -1.000000e+00 -1.000000e+00 3.750000e+02 1.012400e-01 -1.000000e+00 -1.000000e+00 2.656946e+00 0.000000e+00 -1.000000e+00 0.000000e+00 2.752383e-04 4.250000e+02 1.211961e+00 0.000000e+00 -9.990070e+05 3.000000e+00 -1.000000e+00 1.197662e-01 -1.0 0.000000e+00 0.000000e+00 -1.000000e+00 4.970754e-01 -1.000000e+00 -9.990070e+05 4.103509e-02 4.103509e-02 9.135036e-01 6.173902e-01 1.809946e+00 0.000000e+00 -1.000000e+00 8.349663e-03 0.000000e+00 1.036880e+00
5.790054e-01 -1.000000e+00 0.000000e+00 -1.000000e+00 -1.000000e+00 3.000000e+02 2.112571e-02 -1.000000e+00 -1.000000e+00 1.790446e+00 0.000000e+00 -1.000000e+00 0.000000e+00 1.664395e-05 5.000000e+02 8.257147e-01 0.000000e+00 -9.990070e+05 3.000000e+00 -1.000000e+00 1.986153e-02 -1.0 0.000000e+00 0.000000e+00 -1.000000e+00 1.914326e-01 -1.000000e+00 -9.990070e+05 6.859481e-03 6.859481e-03 7.110960e-01 4.241336e-01 1.216748e+00 0.000000e+00 -1.000000e+00 9.473091e-04 0.000000e+00 7.075185e-01
6.345784e-05 -1.000000e+00 0.000000e+00 -1.000000e+00 -1.000000e+00 4.750000e+02 4.912322e-01 -1.000000e+00 -1.000000e+00 2.169138e-04 0.000000e+00 -1.000000e+00 0.000000e+00 2.018264e-02 5.000000e+02 9.319945e-05 0.000000e+00 -9.990070e+05 3.000000e+00 -1.000000e+00 0.000000e+00 -1.0 0.000000e+00 0.000000e+00 -1.000000e+00 8.381197e-01 -1.000000e+00 -9.990070e+05 0.000000e+00 0.000000e+00 9.767810e-01 4.598630e-05 1.422762e-04 0.000000e+00 -1.000000e+00 1.503574e-01 0.000000e+00 8.179974e-05
3.942855e-01 -1.000000e+00 0.000000e+00 -1.000000e+00 -1.000000e+00 3.000000e+02 6.784790e-04 -1.000000e+00 -1.000000e+00 1.084113e+00 0.000000e+00 -1.000000e+00 0.000000e+00 6.733866e-08 6.000000e+02 5.503439e-01 0.000000e+00 -9.990070e+05 3.000000e+00 -1.000000e+00 4.019131e-04 -1.0 0.000000e+00 0.000000e+00 -1.000000e+00 1.647897e-02 -1.000000e+00 -9.990070e+05 1.359365e-04 1.359365e-04 1.620692e-01 2.923618e-01 7.822959e-01 0.000000e+00 -1.000000e+00 1.091870e-05 0.000000e+00 4.724776e-01
2.175561e+00 -1.000000e+00 0.000000e+00 -1.000000e+00 -1.000000e+00 5.500000e+02 4.207810e-01 -1.000000e+00 -1.000000e+00 6.045737e+00 0.000000e+00 -1.000000e+00 0.000000e+00 8.869818e-03 6.000000e+02 3.045867e+00 0.000000e+00 -9.990070e+05 3.000000e+00 -1.000000e+00 7.750757e-01 -1.0 0.000000e+00 0.000000e+00 -1.000000e+00 8.101342e-01 -1.000000e+00 -9.990070e+05 2.873038e-01 2.873038e-01 9.726812e-01 1.615124e+00 4.340327e+00 0.000000e+00 -1.000000e+00 9.781904e-02 0.000000e+00 2.610047e+00
4.851475e-05 -1.000000e+00 0.000000e+00 -1.000000e+00 -1.000000e+00 5.750000e+02 4.912322e-01 -1.000000e+00 -1.000000e+00 1.598954e-04 0.000000e+00 -1.000000e+00 0.000000e+00 2.018264e-02 6.000000e+02 7.095172e-05 0.000000e+00 -9.990070e+05 3.000000e+00 -1.000000e+00 0.000000e+00 -1.0 0.000000e+00 0.000000e+00 -1.000000e+00 8.381197e-01 -1.000000e+00 -9.990070e+05 0.000000e+00 0.000000e+00 9.767810e-01 3.526601e-05 1.060360e-04 0.000000e+00 -1.000000e+00 1.503574e-01 0.000000e+00 6.198494e-05
2.523124e-01 -1.000000e+00 4.000000e+03 -1.000000e+00 -1.000000e+00 3.000000e+02 1.717530e-06 -1.000000e+00 -1.000000e+00 7.085130e-01 0.000000e+00 -1.000000e+00 1.000000e+00 1.168104e-11 7.000000e+02 3.531588e-01 1.000000e+00 -9.990070e+05 3.000000e+00 -1.000000e+00 7.091468e-07 -1.0 0.000000e+00 0.000000e+00 -1.000000e+00 1.542642e-04 -1.000000e+00 -9.990070e+05 2.516032e-07 2.516032e-07 5.367606e-03 1.869842e-01 5.053347e-01 0.000000e+00 -1.000000e+00 7.290047e-09 0.000000e+00 3.031863e-01
7.150960e-01 -1.000000e+00 0.000000e+00 -1.000000e+00 -1.000000e+00 4.000000e+02 5.223318e-02 -1.000000e+00 -1.000000e+00 1.977680e+00 0.000000e+00 -1.000000e+00 0.000000e+00 8.111648e-05 7.000000e+02 9.998089e-01 0.000000e+00 -9.990070e+05 3.000000e+00 -1.000000e+00 5.232913e-02 -1.0 0.000000e+00 0.000000e+00 -1.000000e+00 3.426184e-01 -1.000000e+00 -9.990070e+05 1.727096e-02 1.727096e-02 8.534703e-01 5.292621e-01 1.423500e+00 0.000000e+00 -1.000000e+00 3.270707e-03 0.000000e+00 8.583248e-01
1.669708e+00 -1.000000e+00 0.000000e+00 -1.000000e+00 -1.000000e+00 5.000000e+02 3.592617e-01 -1.000000e+00 -1.000000e+00 4.586180e+00 0.000000e+00 -1.000000e+00 0.000000e+00 4.892637e-03 7.000000e+02 2.330869e+00 0.000000e+00 -9.990070e+05 3.000000e+00 -1.000000e+00 5.973895e-01 -1.0 0.000000e+00 0.000000e+00 -1.000000e+00 7.813403e-01 -1.000000e+00 -9.990070e+05 2.046663e-01 2.046663e-01 9.683881e-01 1.238499e+00 3.310611e+00 0.000000e+00 -1.000000e+00 6.745625e-02 0.000000e+00 1.999866e+00
3.419514e+00 -1.000000e+00 0.000000e+00 -1.000000e+00 -1.000000e+00 6.000000e+02 4.739778e-01 -1.000000e+00 -1.000000e+00 9.385543e+00 0.000000e+00 -1.000000e+00 0.000000e+00 1.615531e-02 7.000000e+02 4.776052e+00 0.000000e+00 -9.990070e+05 3.000000e+00 -1.000000e+00 9.381529e-01 -1.0 0.000000e+00 0.000000e+00 -1.000000e+00 8.316284e-01 -1.000000e+00 -9.990070e+05 4.166434e-01 4.166434e-01 9.758352e-01 2.528517e+00 6.778537e+00 0.000000e+00 -1.000000e+00 1.352693e-01 0.000000e+00 4.098424e+00
1.465771e-01 -1.000000e+00 0.000000e+00 -1.000000e+00 -1.000000e+00 0.000000e+00 6.417547e-13 -1.000000e+00 -1.000000e+00 4.012534e-01 0.000000e+00 -1.000000e+00 0.000000e+00 3.881080e-20 8.000000e+02 2.046623e-01 0.000000e+00 -9.990070e+05 3.000000e+00 -1.000000e+00 1.484767e-13 -1.0 0.000000e+00 0.000000e+00 -1.000000e+00 5.966855e-10 -1.000000e+00 -9.990070e+05 5.516540e-14 5.516540e-14 2.088265e-07 1.083367e-01 2.901449e-01 0.000000e+00 -1.000000e+00 2.584112e-16 0.000000e+00 1.756312e-01
1.510018e-01 -1.000000e+00 0.000000e+00 -1.000000e+00 -1.000000e+00 1.000000e+02 1.564827e-12 -1.000000e+00 -1.000000e+00 4.139360e-01 0.000000e+00 -1.000000e+00 0.000000e+00 1.205345e-19 8.000000e+02 2.107780e-01 0.000000e+00 -9.990070e+05 3.000000e+00 -1.000000e+00 3.651454e-13 -1.0 0.000000e+00 0.000000e+00 -1.000000e+00 1.290145e-09 -1.000000e+00 -9.990070e+05 1.350105e-13 1.350105e-13 4.007116e-07 1.119640e-01 2.992669e-01 0.000000e+00 -1.000000e+00 7.109753e-16 0.000000e+00 1.808196e-01
1.691590e-01 -1.000000e+00 0.000000e+00 -1.000000e+00 -1.000000e+00 2.000000e+02 4.207481e-11 -1.000000e+00 -1.000000e+00 4.631884e-01 0.000000e+00 -1.000000e+00 0.000000e+00 8.212627e-18 8.000000e+02 2.364690e-01 0.000000e+00 -9.990070e+05 3.000000e+00 -1.000000e+00 1.050505e-11 -1.0 0.000000e+00 0.000000e+00 -1.000000e+00 2.186204e-08 -1.000000e+00 -9.990070e+05 3.827643e-12 3.827643e-12 4.294804e-06 1.251907e-01 3.345569e-01 0.000000e+00 -1.000000e+00 3.040573e-14 0.000000e+00 2.028030e-01
2.201459e-01 -1.000000e+00 4.000000e+03 -1.000000e+00 -1.000000e+00 3.000000e+02 4.183303e-08 -1.000000e+00 -1.000000e+00 6.040742e-01 0.000000e+00 -1.000000e+00 1.000000e+00 7.268166e-14 8.000000e+02 3.072794e-01 1.000000e+00 -9.990070e+05 3.000000e+00 -1.000000e+00 1.340867e-08 -1.0 0.000000e+00 0.000000e+00 -1.000000e+00 7.362387e-06 -1.000000e+00 -9.990070e+05 4.756694e-09 4.756694e-09 4.959515e-04 1.629690e-01 4.362860e-01 0.000000e+00 -1.000000e+00 8.995614e-11 0.000000e+00 2.637752e-01
4.355682e-01 -1.000000e+00 4.000000e+03 -1.000000e+00 -1.000000e+00 4.000000e+02 1.981980e-03 -1.000000e+00 -1.000000e+00 1.206996e+00 0.000000e+00 -1.000000e+00 1.000000e+00 3.525918e-07 8.000000e+02 6.092912e-01 1.000000e+00 -9.990070e+05 3.000000e+00 -1.000000e+00 1.322439e-03 -1.0 0.000000e+00 0.000000e+00 -1.000000e+00 3.635632e-02 -1.000000e+00 -9.990070e+05 4.471066e-04 4.471066e-04 2.743139e-01 3.217887e-01 8.667161e-01 0.000000e+00 -1.000000e+00 4.259760e-05 0.000000e+00 5.229178e-01
1.139492e+00 -1.000000e+00 0.000000e+00 -1.000000e+00 -1.000000e+00 5.000000e+02 2.175126e-01 -1.000000e+00 -1.000000e+00 3.235294e+00 0.000000e+00 -1.000000e+00 0.000000e+00 1.303224e-03 8.000000e+02 1.605939e+00 0.000000e+00 -9.990070e+05 3.000000e+00 -1.000000e+00 2.920934e-01 -1.0 0.000000e+00 0.000000e+00 -1.000000e+00 6.811380e-01 -1.000000e+00 -9.990070e+05 9.594097e-02 9.594097e-02 9.524382e-01 8.487047e-01 2.296478e+00 0.000000e+00 -1.000000e+00 2.666259e-02 0.000000e+00 1.375008e+00
3.206005e+00 -1.000000e+00 0.000000e+00 -1.000000e+00 -1.000000e+00 6.000000e+02 4.690482e-01 -1.000000e+00 -1.000000e+00 8.905705e+00 0.000000e+00 -1.000000e+00 0.000000e+00 1.520465e-02 8.000000e+02 4.483299e+00 0.000000e+00 -9.990070e+05 3.000000e+00 -1.000000e+00 9.239331e-01 -1.0 0.000000e+00 0.000000e+00 -1.000000e+00 8.297358e-01 -1.000000e+00 -9.990070e+05 3.995587e-01 3.995587e-01 9.755589e-01 2.374700e+00 6.394122e+00 0.000000e+00 -1.000000e+00 1.312471e-01 0.000000e+00 3.847458e+00
2.655148e-01 -1.000000e+00 4.000000e+03 -1.000000e+00 -1.000000e+00 0.000000e+00 1.880783e-06 -1.000000e+00 -1.000000e+00 7.274076e-01 0.000000e+00 -1.000000e+00 1.000000e+00 1.325476e-11 9.000000e+02 3.712641e-01 1.000000e+00 -9.990070e+05 3.000000e+00 -1.000000e+00 7.123451e-07 -1.0 0.000000e+00 0.000000e+00 -1.000000e+00 1.659971e-04 -1.000000e+00 -9.990070e+05 2.469996e-07 2.469996e-07 5.677822e-03 1.963854e-01 5.254399e-01 0.000000e+00 -1.000000e+00 8.125719e-09 0.000000e+00 3.183352e-01
2.502565e-01 -1.000000e+00 0.000000e+00 -1.000000e+00 -1.000000e+00 1.000000e+02 6.041041e-07 -1.000000e+00 -1.000000e+00 6.856707e-01 0.000000e+00 -1.000000e+00 0.000000e+00 2.750813e-12 9.000000e+02 3.496885e-01 0.000000e+00 -9.990070e+05 3.000000e+00 -1.000000e+00 2.152921e-07 -1.0 0.000000e+00 0.000000e+00 -1.000000e+00 6.610103e-05 -1.000000e+00 -9.990070e+05 7.508666e-08 7.508666e-08 2.790684e-03 1.848012e-01 4.957457e-01 0.000000e+00 -1.000000e+00 2.099695e-09 0.000000e+00 2.999369e-01
2.733705e-01 -1.000000e+00 0.000000e+00 -1.000000e+00 -1.000000e+00 2.000000e+02 3.252687e-06 -1.000000e+00 -1.000000e+00 7.494133e-01 0.000000e+00 -1.000000e+00 0.000000e+00 2.848791e-11 9.000000e+02 3.814940e-01 0.000000e+00 -9.990070e+05 3.000000e+00 -1.000000e+00 1.276426e-06 -1.0 0.000000e+00 0.000000e+00 -1.000000e+00 2.580027e-04 -1.000000e+00 -9.990070e+05 4.417930e-07 4.417930e-07 7.950082e-03 2.025377e-01 5.417841e-01 0.000000e+00 -1.000000e+00 1.565898e-08 0.000000e+00 3.274121e-01
3.045022e-01 -1.000000e+00 0.000000e+00 -1.000000e+00 -1.000000e+00 3.000000e+02 2.026757e-05 -1.000000e+00 -1.000000e+00 8.341978e-01 0.000000e+00 -1.000000e+00 0.000000e+00 3.802597e-10 9.000000e+02 4.250011e-01 0.000000e+00 -9.990070e+05 3.000000e+00 -1.000000e+00 8.973662e-06 -1.0 0.000000e+00 0.000000e+00 -1.000000e+00 1.106594e-03 -1.000000e+00 -9.990070e+05 3.080779e-06 3.080779e-06 2.370219e-02 2.253982e-01 6.031486e-01 0.000000e+00 -1.000000e+00 1.425568e-07 0.000000e+00 3.647531e-01
3.840393e-01 -1.000000e+00 4.000000e+03 -1.000000e+00 -1.000000e+00 4.000000e+02 4.938193e-04 -1.000000e+00 -1.000000e+00 1.053669e+00 0.000000e+00 -1.000000e+00 1.000000e+00 4.156107e-08 9.000000e+02 5.365072e-01 1.000000e+00 -9.990070e+05 3.000000e+00 -1.000000e+00 2.821465e-04 -1.0 0.000000e+00 0.000000e+00 -1.000000e+00 1.298842e-02 -1.000000e+00 -9.990070e+05 9.535492e-05 9.535492e-05 1.377842e-01 2.850899e-01 7.613464e-01 0.000000e+00 -1.000000e+00 7.322686e-06 0.000000e+00 4.598387e-01
7.234082e-01 -1.000000e+00 0.000000e+00 -1.000000e+00 -1.000000e+00 5.000000e+02 5.556243e-02 -1.000000e+00 -1.000000e+00 2.011583e+00 0.000000e+00 -1.000000e+00 0.000000e+00 9.067038e-05 9.000000e+02 1.015584e+00 0.000000e+00 -9.990070e+05 3.000000e+00 -1.000000e+00 5.617319e-02 -1.0 0.000000e+00 0.000000e+00 -1.000000e+00 3.556790e-01 -1.000000e+00 -9.990070e+05 1.852068e-02 1.852068e-02 8.604939e-01 5.392102e-01 1.442992e+00 0.000000e+00 -1.000000e+00 3.564947e-03 0.000000e+00 8.694212e-01
2.168735e+00 -1.000000e+00 4.000000e+03 -1.000000e+00 -1.000000e+00 6.000000e+02 4.202708e-01 -1.000000e+00 -1.000000e+00 6.051100e+00 0.000000e+00 -1.000000e+00 1.000000e+00 8.823246e-03 9.000000e+02 3.031637e+00 1.000000e+00 -9.990070e+05 2.000000e+00 -1.000000e+00 7.735140e-01 -1.0 0.000000e+00 0.000000e+00 -1.000000e+00 8.099151e-01 -1.000000e+00 -9.990070e+05 2.864504e-01 2.864504e-01 9.726488e-01 1.607636e+00 4.328299e+00 0.000000e+00 -1.000000e+00 9.751726e-02 1.000000e+00 2.603550e+00
