-1.000000e+00 -1.000000e+00 0.000000e+00 -1.000000e+00 -1.000000e+00 0.000000e+00 1.384301e-52 -1.000000e+00 0.000000e+00 -1.000000e+00 0.000000e+00 -1.000000e+00 -1.000000e+00 2.021787e-65 6.000000e+02 -1.000000e+00 0.000000e+00 -9.990070e+05 3.000000e+00 -1.000000e+00 -1.000000e+00 5.852590e-59 0.000000e+00 0.000000e+00 -1.000000e+00 5.183664e-52 -1.000000e+00 -9.990070e+05 5.183664e-52 2.265437e-46 1.985321e-40 -1.000000e+00 -1.000000e+00 0.000000e+00 -1.000000e+00 6 0.000000e+00 9.382475e-52
-1.000000e+00 -1.000000e+00 0.000000e+00 -1.000000e+00 -1.000000e+00 3.000000e+02 1.448490e-03 -1.000000e+00 0.000000e+00 -1.000000e+00 0.000000e+00 -1.000000e+00 -1.000000e+00 4.752393e-06 1.100000e+03 -1.000000e+00 0.000000e+00 -9.990070e+05 3.000000e+00 -1.000000e+00 -1.000000e+00 8.994491e-05 0.000000e+00 0.000000e+00 -1.000000e+00 2.301355e-02 -1.000000e+00 -9.990070e+05 2.301355e-02 1.717654e-02 1.207944e-01 -1.000000e+00 -1.000000e+00 0.000000e+00 -1.000000e+00 1 0.000000e+00 2.606554e-02
-1.000000e+00 -1.000000e+00 0.000000e+00 -1.000000e+00 -1.000000e+00 0.000000e+00 1.487802e-11 -1.000000e+00 0.000000e+00 -1.000000e+00 0.000000e+00 -1.000000e+00 -1.000000e+00 4.727206e-17 9.000000e+02 -1.000000e+00 0.000000e+00 -9.990070e+05 3.000000e+00 -1.000000e+00 -1.000000e+00 2.916918e-14 0.000000e+00 0.000000e+00 -1.000000e+00 4.967332e-11 -1.000000e+00 -9.990070e+05 4.967332e-11 5.332390e-09 1.045479e-06 -1.000000e+00 -1.000000e+00 0.000000e+00 -1.000000e+00 4 0.000000e+00 8.133837e-11
-1.000000e+00 -1.000000e+00 0.000000e+00 -1.000000e+00 -1.000000e+00 3.000000e+02 1.052904e-06 -1.000000e+00 0.000000e+00 -1.000000e+00 0.000000e+00 -1.000000e+00 -1.000000e+00 1.301799e-10 9.000000e+02 -1.000000e+00 0.000000e+00 -9.990070e+05 3.000000e+00 -1.000000e+00 -1.000000e+00 1.281408e-08 0.000000e+00 0.000000e+00 -1.000000e+00 3.275587e-06 -1.000000e+00 -9.990070e+05 3.275587e-06 6.169942e-05 2.025108e-03 -1.000000e+00 -1.000000e+00 0.000000e+00 -1.000000e+00 5 0.000000e+00 5.072998e-06
-1.000000e+00 -1.000000e+00 0.000000e+00 -1.000000e+00 -1.000000e+00 0.000000e+00 8.857055e-03 -1.000000e+00 0.000000e+00 -1.000000e+00 0.000000e+00 -1.000000e+00 -1.000000e+00 8.535068e-05 2.000000e+02 -1.000000e+00 0.000000e+00 -9.990070e+05 3.000000e+00 -1.000000e+00 -1.000000e+00 9.373659e-04 0.000000e+00 0.000000e+00 -1.000000e+00 7.968153e-03 -1.000000e+00 -9.990070e+05 7.968153e-03 6.285501e-02 2.746943e-01 -1.000000e+00 -1.000000e+00 0.000000e+00 -1.000000e+00 6 0.000000e+00 1.368971e-02
-1.000000e+00 -1.000000e+00 0.000000e+00 -1.000000e+00 -1.000000e+00 4.000000e+02 3.306377e-01 -1.000000e+00 0.000000e+00 -1.000000e+00 0.000000e+00 -1.000000e+00 -1.000000e+00 6.484966e-02 1.500000e+03 -1.000000e+00 0.000000e+00 -9.990070e+05 3.000000e+00 -1.000000e+00 -1.000000e+00 1.528941e-01 0.000000e+00 0.000000e+00 -1.000000e+00 4.658181e-01 -1.000000e+00 -9.990070e+05 4.658181e-01 6.071683e-01 8.675670e-01 -1.000000e+00 -1.000000e+00 0.000000e+00 -1.000000e+00 2 0.000000e+00 5.733341e-01
-1.000000e+00 -1.000000e+00 0.000000e+00 -1.000000e+00 -1.000000e+00 4.000000e+02 1.103591e-01 -1.000000e+00 0.000000e+00 -1.000000e+00 0.000000e+00 -1.000000e+00 -1.000000e+00 7.086264e-03 7.000000e+02 -1.000000e+00 0.000000e+00 -9.990070e+05 3.000000e+00 -1.000000e+00 -1.000000e+00 2.967334e-02 0.000000e+00 0.000000e+00 -1.000000e+00 1.465576e-01 -1.000000e+00 -9.990070e+05 1.465576e-01 3.273254e-01 6.719672e-01 -1.000000e+00 -1.000000e+00 0.000000e+00 -1.000000e+00 5 0.000000e+00 2.072319e-01
-1.000000e+00 -1.000000e+00 0.000000e+00 -1.000000e+00 -1.000000e+00 3.500000e+02 5.091749e-07 -1.000000e+00 0.000000e+00 -1.000000e+00 0.000000e+00 -1.000000e+00 -1.000000e+00 4.778647e-11 4.000000e+02 -1.000000e+00 0.000000e+00 -9.990070e+05 3.000000e+00 -1.000000e+00 -1.000000e+00 5.401678e-09 0.000000e+00 0.000000e+00 -1.000000e+00 4.758871e-06 -1.000000e+00 -9.990070e+05 4.758871e-06 3.417430e-05 1.281293e-03 -1.000000e+00 -1.000000e+00 0.000000e+00 -1.000000e+00 10 0.000000e+00 6.572395e-06
-1.000000e+00 -1.000000e+00 0.000000e+00 -1.000000e+00 -1.000000e+00 2.000000e+02 1.565156e-02 -1.000000e+00 0.000000e+00 -1.000000e+00 0.000000e+00 -1.000000e+00 -1.000000e+00 2.200154e-04 1.300000e+03 -1.000000e+00 0.000000e+00 -9.990070e+05 3.000000e+00 -1.000000e+00 -1.000000e+00 1.995806e-03 0.000000e+00 0.000000e+00 -1.000000e+00 5.782662e-02 -1.000000e+00 -9.990070e+05 5.782662e-02 9.300600e-02 3.462378e-01 -1.000000e+00 -1.000000e+00 0.000000e+00 -1.000000e+00 2 0.000000e+00 7.223184e-02
-1.000000e+00 -1.000000e+00 0.000000e+00 -1.000000e+00 -1.000000e+00 3.000000e+02 6.357552e-13 -1.000000e+00 0.000000e+00 -1.000000e+00 0.000000e+00 -1.000000e+00 -1.000000e+00 8.428716e-19 7.000000e+02 -1.000000e+00 0.000000e+00 -9.990070e+05 3.000000e+00 -1.000000e+00 -1.000000e+00 8.057486e-16 0.000000e+00 0.000000e+00 -1.000000e+00 1.071920e-12 -1.000000e+00 -9.990070e+05 1.071920e-12 3.517289e-10 1.061106e-07 -1.000000e+00 -1.000000e+00 0.000000e+00 -1.000000e+00 6 0.000000e+00 1.891755e-12
-1.000000e+00 -1.000000e+00 0.000000e+00 -1.000000e+00 -1.000000e+00 2.750000e+02 1.073814e-04 -1.000000e+00 0.000000e+00 -1.000000e+00 0.000000e+00 -1.000000e+00 -1.000000e+00 9.390323e-08 3.000000e+02 -1.000000e+00 0.000000e+00 -9.990070e+05 3.000000e+00 -1.000000e+00 -1.000000e+00 3.459130e-06 0.000000e+00 0.000000e+00 -1.000000e+00 3.172210e-04 -1.000000e+00 -9.990070e+05 3.172210e-04 2.414213e-03 3.122542e-02 -1.000000e+00 -1.000000e+00 0.000000e+00 -1.000000e+00 10 0.000000e+00 4.691897e-04
-1.000000e+00 -1.000000e+00 0.000000e+00 -1.000000e+00 -1.000000e+00 2.000000e+02 2.853432e-01 -1.000000e+00 0.000000e+00 -1.000000e+00 0.000000e+00 -1.000000e+00 -1.000000e+00 4.729935e-02 1.500000e+03 -1.000000e+00 0.000000e+00 -9.990070e+05 3.000000e+00 -1.000000e+00 -1.000000e+00 1.216571e-01 0.000000e+00 0.000000e+00 -1.000000e+00 4.271036e-01 -1.000000e+00 -9.990070e+05 4.271036e-01 5.618818e-01 8.434180e-01 -1.000000e+00 -1.000000e+00 0.000000e+00 -1.000000e+00 2 0.000000e+00 5.261033e-01
-1.000000e+00 -1.000000e+00 0.000000e+00 -1.000000e+00 -1.000000e+00 3.750000e+02 1.720295e-11 -1.000000e+00 0.000000e+00 -1.000000e+00 0.000000e+00 -1.000000e+00 -1.000000e+00 5.697805e-17 4.250000e+02 -1.000000e+00 0.000000e+00 -9.990070e+05 3.000000e+00 -1.000000e+00 -1.000000e+00 3.443404e-14 0.000000e+00 0.000000e+00 -1.000000e+00 1.258396e-11 -1.000000e+00 -9.990070e+05 1.258396e-11 6.039794e-09 1.160193e-06 -1.000000e+00 -1.000000e+00 0.000000e+00 -1.000000e+00 11 0.000000e+00 2.409938e-11
-1.000000e+00 -1.000000e+00 0.000000e+00 -1.000000e+00 -1.000000e+00 1.000000e+02 5.585773e-05 -1.000000e+00 0.000000e+00 -1.000000e+00 0.000000e+00 -1.000000e+00 -1.000000e+00 3.611091e-08 1.100000e+03 -1.000000e+00 0.000000e+00 -9.990070e+05 3.000000e+00 -1.000000e+00 -1.000000e+00 1.548489e-06 0.000000e+00 0.000000e+00 -1.000000e+00 6.094588e-04 -1.000000e+00 -9.990070e+05 6.094588e-04 1.454990e-03 2.168902e-02 -1.000000e+00 -1.000000e+00 0.000000e+00 -1.000000e+00 2 0.000000e+00 7.746398e-04
-1.000000e+00 -1.000000e+00 0.000000e+00 -1.000000e+00 -1.000000e+00 2.000000e+02 2.146903e-06 -1.000000e+00 0.000000e+00 -1.000000e+00 0.000000e+00 -1.000000e+00 -1.000000e+00 3.503103e-10 1.000000e+03 -1.000000e+00 0.000000e+00 -9.990070e+05 3.000000e+00 -1.000000e+00 -1.000000e+00 2.999963e-08 0.000000e+00 0.000000e+00 -1.000000e+00 1.033317e-05 -1.000000e+00 -9.990070e+05 1.033317e-05 1.097616e-04 3.152279e-03 -1.000000e+00 -1.000000e+00 0.000000e+00 -1.000000e+00 3 0.000000e+00 1.508659e-05
-1.000000e+00 -1.000000e+00 0.000000e+00 -1.000000e+00 -1.000000e+00 3.000000e+02 3.039345e-01 -1.000000e+00 0.000000e+00 -1.000000e+00 0.000000e+00 -1.000000e+00 -1.000000e+00 5.409894e-02 1.500000e+03 -1.000000e+00 0.000000e+00 -9.990070e+05 3.000000e+00 -1.000000e+00 -1.000000e+00 1.341176e-01 0.000000e+00 0.000000e+00 -1.000000e+00 4.436043e-01 -1.000000e+00 -9.990070e+05 4.436043e-01 5.809962e-01 8.538928e-01 -1.000000e+00 -1.000000e+00 0.000000e+00 -1.000000e+00 2 0.000000e+00 5.461467e-01
-1.000000e+00 -1.000000e+00 0.000000e+00 -1.000000e+00 -1.000000e+00 0.000000e+00 1.892135e-03 -1.000000e+00 0.000000e+00 -1.000000e+00 0.000000e+00 -1.000000e+00 -1.000000e+00 7.206592e-06 4.000000e+02 -1.000000e+00 0.000000e+00 -9.990070e+05 3.000000e+00 -1.000000e+00 -1.000000e+00 1.265071e-04 0.000000e+00 0.000000e+00 -1.000000e+00 2.937051e-03 -1.000000e+00 -9.990070e+05 2.937051e-03 2.088740e-02 1.373450e-01 -1.000000e+00 -1.000000e+00 0.000000e+00 -1.000000e+00 4 0.000000e+00 4.606736e-03
-1.000000e+00 -1.000000e+00 0.000000e+00 -1.000000e+00 -1.000000e+00 1.000000e+02 4.838335e-01 -1.000000e+00 0.000000e+00 -1.000000e+00 0.000000e+00 -1.000000e+00 -1.000000e+00 1.523248e-01 1.600000e+03 -1.000000e+00 0.000000e+00 -9.990070e+05 3.000000e+00 -1.000000e+00 -1.000000e+00 2.808059e-01 1.000000e+00 0.000000e+00 -1.000000e+00 5.000000e-01 -1.000000e+00 -9.990070e+05 5.000000e-01 7.343650e-01 9.241994e-01 -1.000000e+00 -1.000000e+00 0.000000e+00 -1.000000e+00 2 0.000000e+00 6.595582e-01
-1.000000e+00 -1.000000e+00 0.000000e+00 -1.000000e+00 -1.000000e+00 4.000000e+02 7.274248e-02 -1.000000e+00 0.000000e+00 -1.000000e+00 0.000000e+00 -1.000000e+00 -1.000000e+00 3.252184e-03 6.000000e+02 -1.000000e+00 0.000000e+00 -9.990070e+05 3.000000e+00 -1.000000e+00 -1.000000e+00 1.638433e-02 0.000000e+00 0.000000e+00 -1.000000e+00 4.980500e-03 -1.000000e+00 -9.990070e+05 4.980500e-03 2.537233e-01 5.949671e-01 -1.000000e+00 -1.000000e+00 0.000000e+00 -1.000000e+00 7 0.000000e+00 2.296318e-02
-1.000000e+00 -1.000000e+00 0.000000e+00 -1.000000e+00 -1.000000e+00 5.000000e+02 1.174084e-01 -1.000000e+00 0.000000e+00 -1.000000e+00 0.000000e+00 -1.000000e+00 -1.000000e+00 7.974117e-03 1.000000e+03 -1.000000e+00 0.000000e+00 -9.990070e+05 3.000000e+00 -1.000000e+00 -1.000000e+00 3.244600e-02 0.000000e+00 0.000000e+00 -1.000000e+00 1.549665e-01 -1.000000e+00 -9.990070e+05 1.549665e-01 3.396749e-01 6.834981e-01 -1.000000e+00 -1.000000e+00 0.000000e+00 -1.000000e+00 5 0.000000e+00 2.185794e-01
-1.000000e+00 -1.000000e+00 0.000000e+00 -1.000000e+00 -1.000000e+00 3.000000e+02 4.829844e-05 -1.000000e+00 0.000000e+00 -1.000000e+00 0.000000e+00 -1.000000e+00 -1.000000e+00 2.923397e-08 6.000000e+02 -1.000000e+00 0.000000e+00 -9.990070e+05 3.000000e+00 -1.000000e+00 -1.000000e+00 1.295800e-06 0.000000e+00 0.000000e+00 -1.000000e+00 5.761287e-05 -1.000000e+00 -9.990070e+05 5.761287e-05 1.299166e-03 1.997700e-02 -1.000000e+00 -1.000000e+00 0.000000e+00 -1.000000e+00 6 0.000000e+00 9.894924e-05
-1.000000e+00 -1.000000e+00 0.000000e+00 -1.000000e+00 -1.000000e+00 2.000000e+02 4.989717e-01 -1.000000e+00 0.000000e+00 -1.000000e+00 0.000000e+00 -1.000000e+00 -1.000000e+00 1.636968e-01 1.600000e+03 -1.000000e+00 0.000000e+00 -9.990070e+05 3.000000e+00 -1.000000e+00 -1.000000e+00 2.953476e-01 1.000000e+00 0.000000e+00 -1.000000e+00 5.000000e-01 -1.000000e+00 -9.990070e+05 5.000000e-01 7.452235e-01 9.283505e-01 -1.000000e+00 -1.000000e+00 0.000000e+00 -1.000000e+00 2 0.000000e+00 6.662099e-01
-1.000000e+00 -1.000000e+00 0.000000e+00 -1.000000e+00 -1.000000e+00 3.000000e+02 4.789370e-03 -1.000000e+00 0.000000e+00 -1.000000e+00 0.000000e+00 -1.000000e+00 -1.000000e+00 3.141387e-05 1.200000e+03 -1.000000e+00 0.000000e+00 -9.990070e+05 3.000000e+00 -1.000000e+00 -1.000000e+00 4.190913e-04 0.000000e+00 0.000000e+00 -1.000000e+00 2.323123e-02 -1.000000e+00 -9.990070e+05 2.323123e-02 4.078394e-02 2.106527e-01 -1.000000e+00 -1.000000e+00 0.000000e+00 -1.000000e+00 2 0.000000e+00 2.916129e-02
-1.000000e+00 -1.000000e+00 0.000000e+00 -1.000000e+00 -1.000000e+00 6.000000e+02 3.035796e-01 -1.000000e+00 0.000000e+00 -1.000000e+00 0.000000e+00 -1.000000e+00 -1.000000e+00 5.396397e-02 1.300000e+03 -1.000000e+00 0.000000e+00 -9.990070e+05 3.000000e+00 -1.000000e+00 -1.000000e+00 1.338751e-01 0.000000e+00 0.000000e+00 -1.000000e+00 4.429231e-01 -1.000000e+00 -9.990070e+05 4.429231e-01 5.806385e-01 8.537006e-01 -1.000000e+00 -1.000000e+00 0.000000e+00 -1.000000e+00 2 0.000000e+00 5.454836e-01
-1.000000e+00 -1.000000e+00 0.000000e+00 -1.000000e+00 -1.000000e+00 4.000000e+02 6.344314e-07 -1.000000e+00 0.000000e+00 -1.000000e+00 0.000000e+00 -1.000000e+00 -1.000000e+00 6.467609e-11 5.000000e+02 -1.000000e+00 0.000000e+00 -9.990070e+05 3.000000e+00 -1.000000e+00 -1.000000e+00 7.013614e-09 0.000000e+00 0.000000e+00 -1.000000e+00 4.610545e-07 -1.000000e+00 -9.990070e+05 4.610545e-07 4.088141e-05 1.472725e-03 -1.000000e+00 -1.000000e+00 0.000000e+00 -1.000000e+00 11 0.000000e+00 8.714919e-07
-1.000000e+00 -1.000000e+00 0.000000e+00 -1.000000e+00 -1.000000e+00 4.000000e+02 2.789573e-02 -1.000000e+00 0.000000e+00 -1.000000e+00 0.000000e+00 -1.000000e+00 -1.000000e+00 5.898712e-04 1.200000e+03 -1.000000e+00 0.000000e+00 -9.990070e+05 3.000000e+00 -1.000000e+00 -1.000000e+00 4.349840e-03 0.000000e+00 0.000000e+00 -1.000000e+00 8.804517e-02 -1.000000e+00 -9.990070e+05 8.804517e-02 1.370576e-01 4.310354e-01 -1.000000e+00 -1.000000e+00 0.000000e+00 -1.000000e+00 2 0.000000e+00 1.098938e-01
-1.000000e+00 -1.000000e+00 0.000000e+00 -1.000000e+00 -1.000000e+00 3.000000e+02 1.737597e-05 -1.000000e+00 0.000000e+00 -1.000000e+00 0.000000e+00 -1.000000e+00 -1.000000e+00 6.704424e-09 4.000000e+02 -1.000000e+00 0.000000e+00 -9.990070e+05 3.000000e+00 -1.000000e+00 -1.000000e+00 3.726466e-07 0.000000e+00 0.000000e+00 -1.000000e+00 1.102055e-05 -1.000000e+00 -9.990070e+05 1.102055e-05 5.824377e-04 1.108473e-02 -1.000000e+00 -1.000000e+00 0.000000e+00 -1.000000e+00 11 0.000000e+00 2.114650e-05
-1.000000e+00 -1.000000e+00 0.000000e+00 -1.000000e+00 -1.000000e+00 3.000000e+02 2.998195e-02 -1.000000e+00 0.000000e+00 -1.000000e+00 0.000000e+00 -1.000000e+00 -1.000000e+00 6.684810e-04 1.300000e+03 -1.000000e+00 0.000000e+00 -9.990070e+05 3.000000e+00 -1.000000e+00 -1.000000e+00 4.798662e-03 0.000000e+00 0.000000e+00 -1.000000e+00 9.348009e-02 -1.000000e+00 -9.990070e+05 9.348009e-02 1.437394e-01 4.424414e-01 -1.000000e+00 -1.000000e+00 0.000000e+00 -1.000000e+00 2 0.000000e+00 1.164813e-01
-1.000000e+00 -1.000000e+00 0.000000e+00 -1.000000e+00 -1.000000e+00 3.000000e+02 1.363152e-04 -1.000000e+00 0.000000e+00 -1.000000e+00 0.000000e+00 -1.000000e+00 -1.000000e+00 1.334516e-07 1.000000e+03 -1.000000e+00 0.000000e+00 -9.990070e+05 3.000000e+00 -1.000000e+00 -1.000000e+00 4.644558e-06 0.000000e+00 0.000000e+00 -1.000000e+00 4.705467e-04 -1.000000e+00 -9.990070e+05 4.705467e-04 2.900929e-03 3.559006e-02 -1.000000e+00 -1.000000e+00 0.000000e+00 -1.000000e+00 3 0.000000e+00 6.780314e-04
-1.000000e+00 -1.000000e+00 0.000000e+00 -1.000000e+00 -1.000000e+00 5.000000e+02 1.125952e-01 -1.000000e+00 0.000000e+00 -1.000000e+00 0.000000e+00 -1.000000e+00 -1.000000e+00 7.361977e-03 9.000000e+02 -1.000000e+00 0.000000e+00 -9.990070e+05 3.000000e+00 -1.000000e+00 -1.000000e+00 3.054359e-02 0.000000e+00 0.000000e+00 -1.000000e+00 1.489787e-01 -1.000000e+00 -9.990070e+05 1.489787e-01 3.312842e-01 6.757025e-01 -1.000000e+00 -1.000000e+00 0.000000e+00 -1.000000e+00 5 0.000000e+00 2.105996e-01
-1.000000e+00 -1.000000e+00 0.000000e+00 -1.000000e+00 -1.000000e+00 2.500000e+02 2.726902e-03 -1.000000e+00 0.000000e+00 -1.000000e+00 0.000000e+00 -1.000000e+00 -1.000000e+00 1.280046e-05 3.000000e+02 -1.000000e+00 0.000000e+00 -9.990070e+05 3.000000e+00 -1.000000e+00 -1.000000e+00 2.022066e-04 0.000000e+00 0.000000e+00 -1.000000e+00 4.982373e-03 -1.000000e+00 -9.990070e+05 4.982373e-03 2.723615e-02 1.631036e-01 -1.000000e+00 -1.000000e+00 0.000000e+00 -1.000000e+00 10 0.000000e+00 7.518035e-03
-1.000000e+00 -1.000000e+00 0.000000e+00 -1.000000e+00 -1.000000e+00 6.000000e+02 5.948084e-01 -1.000000e+00 0.000000e+00 -1.000000e+00 0.000000e+00 -1.000000e+00 -1.000000e+00 2.493447e-01 1.600000e+03 -1.000000e+00 0.000000e+00 -9.990070e+05 3.000000e+00 -1.000000e+00 -1.000000e+00 3.956749e-01 1.000000e+00 0.000000e+00 -1.000000e+00 5.000000e-01 -1.000000e+00 -9.990070e+05 5.000000e-01 8.084085e-01 9.505901e-01 -1.000000e+00 -1.000000e+00 0.000000e+00 -1.000000e+00 2 0.000000e+00 7.116467e-01
-1.000000e+00 -1.000000e+00 0.000000e+00 -1.000000e+00 -1.000000e+00 5.000000e+02 1.447385e-04 -1.000000e+00 0.000000e+00 -1.000000e+00 0.000000e+00 -1.000000e+00 -1.000000e+00 1.458094e-07 6.000000e+02 -1.000000e+00 0.000000e+00 -9.990070e+05 3.000000e+00 -1.000000e+00 -1.000000e+00 5.002141e-06 0.000000e+00 0.000000e+00 -1.000000e+00 1.000531e-04 -1.000000e+00 -9.990070e+05 1.000531e-04 3.037643e-03 3.677264e-02 -1.000000e+00 -1.000000e+00 0.000000e+00 -1.000000e+00 11 0.000000e+00 1.879648e-04
-1.000000e+00 -1.000000e+00 0.000000e+00 -1.000000e+00 -1.000000e+00 0.000000e+00 1.217030e-02 -1.000000e+00 0.000000e+00 -1.000000e+00 0.000000e+00 -1.000000e+00 -1.000000e+00 1.443919e-04 1.300000e+03 -1.000000e+00 0.000000e+00 -9.990070e+05 3.000000e+00 -1.000000e+00 -1.000000e+00 1.427320e-03 0.000000e+00 0.000000e+00 -1.000000e+00 4.778474e-02 -1.000000e+00 -9.990070e+05 4.778474e-02 7.830778e-02 3.131426e-01 -1.000000e+00 -1.000000e+00 0.000000e+00 -1.000000e+00 2 0.000000e+00 5.975554e-02
-1.000000e+00 -1.000000e+00 0.000000e+00 -1.000000e+00 -1.000000e+00 0.000000e+00 4.870895e-01 -1.000000e+00 0.000000e+00 -1.000000e+00 0.000000e+00 -1.000000e+00 -1.000000e+00 1.547248e-01 1.600000e+03 -1.000000e+00 0.000000e+00 -9.990070e+05 3.000000e+00 -1.000000e+00 -1.000000e+00 2.839042e-01 1.000000e+00 0.000000e+00 -1.000000e+00 5.000000e-01 -1.000000e+00 -9.990070e+05 5.000000e-01 7.367226e-01 9.251092e-01 -1.000000e+00 -1.000000e+00 0.000000e+00 -1.000000e+00 2 0.000000e+00 6.609776e-01
-1.000000e+00 -1.000000e+00 0.000000e+00 -1.000000e+00 -1.000000e+00 5.000000e+02 2.938962e-01 -1.000000e+00 0.000000e+00 -1.000000e+00 0.000000e+00 -1.000000e+00 -1.000000e+00 5.035941e-02 7.000000e+02 -1.000000e+00 0.000000e+00 -9.990070e+05 3.000000e+00 -1.000000e+00 -1.000000e+00 1.273271e-01 0.000000e+00 0.000000e+00 -1.000000e+00 1.681790e-01 -1.000000e+00 -9.990070e+05 1.681790e-01 5.707714e-01 8.483421e-01 -1.000000e+00 -1.000000e+00 0.000000e+00 -1.000000e+00 11 0.000000e+00 3.142642e-01
-1.000000e+00 -1.000000e+00 0.000000e+00 -1.000000e+00 -1.000000e+00 2.000000e+02 5.112990e-18 -1.000000e+00 0.000000e+00 -1.000000e+00 0.000000e+00 -1.000000e+00 -1.000000e+00 3.798495e-25 8.000000e+02 -1.000000e+00 0.000000e+00 -9.990070e+05 3.000000e+00 -1.000000e+00 -1.000000e+00 1.536771e-21 0.000000e+00 0.000000e+00 -1.000000e+00 3.854340e-17 -1.000000e+00 -9.990070e+05 3.854340e-17 1.186784e-14 1.491231e-11 -1.000000e+00 -1.000000e+00 0.000000e+00 -1.000000e+00 5 0.000000e+00 6.179877e-17
-1.000000e+00 -1.000000e+00 0.000000e+00 -1.000000e+00 -1.000000e+00 6.000000e+02 3.485937e-01 -1.000000e+00 0.000000e+00 -1.000000e+00 0.000000e+00 -1.000000e+00 -1.000000e+00 7.276040e-02 1.400000e+03 -1.000000e+00 0.000000e+00 -9.990070e+05 3.000000e+00 -1.000000e+00 -1.000000e+00 1.661028e-01 0.000000e+00 0.000000e+00 -1.000000e+00 4.808060e-01 -1.000000e+00 -9.990070e+05 4.808060e-01 6.239881e-01 8.759646e-01 -1.000000e+00 -1.000000e+00 0.000000e+00 -1.000000e+00 2 0.000000e+00 5.913613e-01
-1.000000e+00 -1.000000e+00 0.000000e+00 -1.000000e+00 -1.000000e+00 5.000000e+02 1.383749e-01 -1.000000e+00 0.000000e+00 -1.000000e+00 0.000000e+00 -1.000000e+00 -1.000000e+00 1.094335e-02 1.300000e+03 -1.000000e+00 0.000000e+00 -9.990070e+05 3.000000e+00 -1.000000e+00 -1.000000e+00 4.118834e-02 0.000000e+00 0.000000e+00 -1.000000e+00 2.705085e-01 -1.000000e+00 -9.990070e+05 2.705085e-01 3.743402e-01 7.140612e-01 -1.000000e+00 -1.000000e+00 0.000000e+00 -1.000000e+00 2 0.000000e+00 3.347827e-01
-1.000000e+00 -1.000000e+00 0.000000e+00 -1.000000e+00 -1.000000e+00 3.000000e+02 2.404594e-12 -1.000000e+00 0.000000e+00 -1.000000e+00 0.000000e+00 -1.000000e+00 -1.000000e+00 4.580664e-18 8.000000e+02 -1.000000e+00 0.000000e+00 -9.990070e+05 3.000000e+00 -1.000000e+00 -1.000000e+00 3.651997e-15 0.000000e+00 0.000000e+00 -1.000000e+00 4.033718e-12 -1.000000e+00 -9.990070e+05 4.033718e-12 1.111084e-09 2.803026e-07 -1.000000e+00 -1.000000e+00 0.000000e+00 -1.000000e+00 6 0.000000e+00 7.101032e-12
-1.000000e+00 -1.000000e+00 0.000000e+00 -1.000000e+00 -1.000000e+00 6.000000e+02 8.606879e-02 -1.000000e+00 0.000000e+00 -1.000000e+00 0.000000e+00 -1.000000e+00 -1.000000e+00 4.439400e-03 7.000000e+02 -1.000000e+00 0.000000e+00 -9.990070e+05 3.000000e+00 -1.000000e+00 -1.000000e+00 2.079170e-02 0.000000e+00 0.000000e+00 -1.000000e+00 4.886312e-03 -1.000000e+00 -9.990070e+05 4.886312e-03 2.814998e-01 6.258374e-01 -1.000000e+00 -1.000000e+00 0.000000e+00 -1.000000e+00 7 0.000000e+00 2.533093e-02
-1.000000e+00 -1.000000e+00 0.000000e+00 -1.000000e+00 -1.000000e+00 4.000000e+02 1.651083e-01 -1.000000e+00 0.000000e+00 -1.000000e+00 0.000000e+00 -1.000000e+00 -1.000000e+00 1.546805e-02 1.400000e+03 -1.000000e+00 0.000000e+00 -9.990070e+05 3.000000e+00 -1.000000e+00 -1.000000e+00 5.337355e-02 0.000000e+00 0.000000e+00 -1.000000e+00 3.035487e-01 -1.000000e+00 -9.990070e+05 3.035487e-01 4.147801e-01 7.466871e-01 -1.000000e+00 -1.000000e+00 0.000000e+00 -1.000000e+00 2 0.000000e+00 3.752581e-01
-1.000000e+00 -1.000000e+00 0.000000e+00 -1.000000e+00 -1.000000e+00 5.000000e+02 2.291636e-01 -1.000000e+00 0.000000e+00 -1.000000e+00 0.000000e+00 -1.000000e+00 -1.000000e+00 2.994107e-02 1.400000e+03 -1.000000e+00 0.000000e+00 -9.990070e+05 3.000000e+00 -1.000000e+00 -1.000000e+00 8.707202e-02 0.000000e+00 0.000000e+00 -1.000000e+00 3.734936e-01 -1.000000e+00 -9.990070e+05 3.734936e-01 4.989115e-01 8.057458e-01 -1.000000e+00 -1.000000e+00 0.000000e+00 -1.000000e+00 2 0.000000e+00 4.607939e-01
-1.000000e+00 -1.000000e+00 0.000000e+00 -1.000000e+00 -1.000000e+00 4.000000e+02 4.536525e-03 -1.000000e+00 0.000000e+00 -1.000000e+00 0.000000e+00 -1.000000e+00 -1.000000e+00 2.879194e-05 1.000000e+03 -1.000000e+00 0.000000e+00 -9.990070e+05 3.000000e+00 -1.000000e+00 -1.000000e+00 3.905547e-04 0.000000e+00 0.000000e+00 -1.000000e+00 6.587853e-03 -1.000000e+00 -9.990070e+05 6.587853e-03 3.924035e-02 2.056304e-01 -1.000000e+00 -1.000000e+00 0.000000e+00 -1.000000e+00 4 0.000000e+00 1.028882e-02
-1.000000e+00 -1.000000e+00 0.000000e+00 -1.000000e+00 -1.000000e+00 5.750000e+02 3.160861e-03 -1.000000e+00 0.000000e+00 -1.000000e+00 0.000000e+00 -1.000000e+00 -1.000000e+00 1.617326e-05 6.000000e+02 -1.000000e+00 0.000000e+00 -9.990070e+05 3.000000e+00 -1.000000e+00 -1.000000e+00 2.446052e-04 0.000000e+00 0.000000e+00 -1.000000e+00 2.602310e-03 -1.000000e+00 -9.990070e+05 2.602310e-03 3.029695e-02 1.746109e-01 -1.000000e+00 -1.000000e+00 0.000000e+00 -1.000000e+00 9 0.000000e+00 4.625533e-03
-1.000000e+00 -1.000000e+00 0.000000e+00 -1.000000e+00 -1.000000e+00 4.000000e+02 4.845464e-02 -1.000000e+00 0.000000e+00 -1.000000e+00 0.000000e+00 -1.000000e+00 -1.000000e+00 1.557486e-03 1.300000e+03 -1.000000e+00 0.000000e+00 -9.990070e+05 3.000000e+00 -1.000000e+00 -1.000000e+00 9.283001e-03 0.000000e+00 0.000000e+00 -1.000000e+00 1.319752e-01 -1.000000e+00 -9.990070e+05 1.319752e-01 1.963373e-01 5.225141e-01 -1.000000e+00 -1.000000e+00 0.000000e+00 -1.000000e+00 2 0.000000e+00 1.641336e-01
-1.000000e+00 -1.000000e+00 0.000000e+00 -1.000000e+00 -1.000000e+00 4.000000e+02 1.069383e-04 -1.000000e+00 0.000000e+00 -1.000000e+00 0.000000e+00 -1.000000e+00 -1.000000e+00 9.333417e-08 9.000000e+02 -1.000000e+00 0.000000e+00 -9.990070e+05 3.000000e+00 -1.000000e+00 -1.000000e+00 3.441531e-06 0.000000e+00 0.000000e+00 -1.000000e+00 1.201502e-04 -1.000000e+00 -9.990070e+05 1.201502e-04 2.406527e-03 3.115436e-02 -1.000000e+00 -1.000000e+00 0.000000e+00 -1.000000e+00 6 0.000000e+00 2.071542e-04
-1.000000e+00 -1.000000e+00 0.000000e+00 -1.000000e+00 -1.000000e+00 6.000000e+02 4.768926e-01 -1.000000e+00 0.000000e+00 -1.000000e+00 0.000000e+00 -1.000000e+00 -1.000000e+00 1.472917e-01 1.000000e+03 -1.000000e+00 0.000000e+00 -9.990070e+05 3.000000e+00 -1.000000e+00 -1.000000e+00 2.742552e-01 1.000000e+00 0.000000e+00 -1.000000e+00 5.000000e-01 -1.000000e+00 -9.990070e+05 5.000000e-01 7.292979e-01 9.222280e-01 -1.000000e+00 -1.000000e+00 0.000000e+00 -1.000000e+00 5 0.000000e+00 6.565525e-01
-1.000000e+00 -1.000000e+00 0.000000e+00 -1.000000e+00 -1.000000e+00 4.500000e+02 2.387029e-11 -1.000000e+00 0.000000e+00 -1.000000e+00 0.000000e+00 -1.000000e+00 -1.000000e+00 8.686940e-17 5.000000e+02 -1.000000e+00 0.000000e+00 -9.990070e+05 3.000000e+00 -1.000000e+00 -1.000000e+00 5.007911e-14 0.000000e+00 0.000000e+00 -1.000000e+00 1.893415e-11 -1.000000e+00 -9.990070e+05 1.893415e-11 7.997859e-09 1.466715e-06 -1.000000e+00 -1.000000e+00 0.000000e+00 -1.000000e+00 11 0.000000e+00 3.592196e-11
-1.000000e+00 -1.000000e+00 0.000000e+00 -1.000000e+00 -1.000000e+00 6.000000e+02 6.869870e-01 -1.000000e+00 0.000000e+00 -1.000000e+00 0.000000e+00 -1.000000e+00 -1.000000e+00 3.574382e-01 9.000000e+02 -1.000000e+00 0.000000e+00 -9.990070e+05 3.000000e+00 -1.000000e+00 -1.000000e+00 5.062315e-01 1.000000e+00 0.000000e+00 -1.000000e+00 5.000000e-01 -1.000000e+00 -9.990070e+05 5.000000e-01 8.614351e-01 9.668694e-01 -1.000000e+00 -1.000000e+00 0.000000e+00 -1.000000e+00 6 0.000000e+00 7.616071e-01
-1.000000e+00 -1.000000e+00 0.000000e+00 -1.000000e+00 -1.000000e+00 1.000000e+02 7.223987e-04 -1.000000e+00 0.000000e+00 -1.000000e+00 0.000000e+00 -1.000000e+00 -1.000000e+00 1.628569e-06 1.200000e+03 -1.000000e+00 0.000000e+00 -9.990070e+05 3.000000e+00 -1.000000e+00 -1.000000e+00 3.724163e-05 0.000000e+00 0.000000e+00 -1.000000e+00 5.157681e-03 -1.000000e+00 -9.990070e+05 5.157681e-03 1.026262e-02 8.559695e-02 -1.000000e+00 -1.000000e+00 0.000000e+00 -1.000000e+00 2 0.000000e+00 6.506393e-03
-1.000000e+00 -1.000000e+00 0.000000e+00 -1.000000e+00 -1.000000e+00 0.000000e+00 4.729514e-23 -1.000000e+00 0.000000e+00 -1.000000e+00 0.000000e+00 -1.000000e+00 -1.000000e+00 3.030998e-31 8.000000e+02 -1.000000e+00 0.000000e+00 -9.990070e+05 3.000000e+00 -1.000000e+00 -1.000000e+00 4.179448e-27 0.000000e+00 0.000000e+00 -1.000000e+00 4.615188e-22 -1.000000e+00 -9.990070e+05 4.615188e-22 3.723412e-19 1.580852e-15 -1.000000e+00 -1.000000e+00 0.000000e+00 -1.000000e+00 5 0.000000e+00 7.459558e-22
-1.000000e+00 -1.000000e+00 0.000000e+00 -1.000000e+00 -1.000000e+00 2.000000e+02 7.932481e-09 -1.000000e+00 0.000000e+00 -1.000000e+00 0.000000e+00 -1.000000e+00 -1.000000e+00 1.726502e-13 9.000000e+02 -1.000000e+00 0.000000e+00 -9.990070e+05 3.000000e+00 -1.000000e+00 -1.000000e+00 4.061738e-11 0.000000e+00 0.000000e+00 -1.000000e+00 2.173536e-08 -1.000000e+00 -9.990070e+05 2.173536e-08 1.095446e-06 8.356185e-05 -1.000000e+00 -1.000000e+00 0.000000e+00 -1.000000e+00 4 0.000000e+00 3.531191e-08
-1.000000e+00 -1.000000e+00 0.000000e+00 -1.000000e+00 -1.000000e+00 2.000000e+02 1.961919e-03 -1.000000e+00 0.000000e+00 -1.000000e+00 0.000000e+00 -1.000000e+00 -1.000000e+00 7.626769e-06 1.200000e+03 -1.000000e+00 0.000000e+00 -9.990070e+05 3.000000e+00 -1.000000e+00 -1.000000e+00 1.325086e-04 0.000000e+00 0.000000e+00 -1.000000e+00 1.150448e-02 -1.000000e+00 -9.990070e+05 1.150448e-02 2.144647e-02 1.397320e-01 -1.000000e+00 -1.000000e+00 0.000000e+00 -1.000000e+00 2 0.000000e+00 1.447747e-02
-1.000000e+00 -1.000000e+00 0.000000e+00 -1.000000e+00 -1.000000e+00 1.000000e+02 2.002476e-07 -1.000000e+00 0.000000e+00 -1.000000e+00 0.000000e+00 -1.000000e+00 -1.000000e+00 1.332034e-11 1.000000e+03 -1.000000e+00 0.000000e+00 -9.990070e+05 3.000000e+00 -1.000000e+00 -1.000000e+00 1.789547e-09 0.000000e+00 0.000000e+00 -1.000000e+00 1.170106e-06 -1.000000e+00 -9.990070e+05 1.170106e-06 1.592504e-05 7.053145e-04 -1.000000e+00 -1.000000e+00 0.000000e+00 -1.000000e+00 3 0.000000e+00 1.711914e-06
-1.000000e+00 -1.000000e+00 0.000000e+00 -1.000000e+00 -1.000000e+00 1.000000e+02 2.835098e-11 -1.000000e+00 0.000000e+00 -1.000000e+00 0.000000e+00 -1.000000e+00 -1.000000e+00 1.084350e-16 9.000000e+02 -1.000000e+00 0.000000e+00 -9.990070e+05 3.000000e+00 -1.000000e+00 -1.000000e+00 6.097373e-14 0.000000e+00 0.000000e+00 -1.000000e+00 9.171955e-11 -1.000000e+00 -9.990070e+05 9.171955e-11 9.267609e-09 1.658490e-06 -1.000000e+00 -1.000000e+00 0.000000e+00 -1.000000e+00 4 0.000000e+00 1.502682e-10
-1.000000e+00 -1.000000e+00 0.000000e+00 -1.000000e+00 -1.000000e+00 1.000000e+02 8.626000e-02 -1.000000e+00 0.000000e+00 -1.000000e+00 0.000000e+00 -1.000000e+00 -1.000000e+00 4.457784e-03 1.400000e+03 -1.000000e+00 0.000000e+00 -9.990070e+05 3.000000e+00 -1.000000e+00 -1.000000e+00 2.085741e-02 0.000000e+00 0.000000e+00 -1.000000e+00 1.973751e-01 -1.000000e+00 -9.990070e+05 1.973751e-01 2.818831e-01 6.262470e-01 -1.000000e+00 -1.000000e+00 0.000000e+00 -1.000000e+00 2 0.000000e+00 2.447837e-01
-1.000000e+00 -1.000000e+00 0.000000e+00 -1.000000e+00 -1.000000e+00 4.000000e+02 5.149492e-01 -1.000000e+00 0.000000e+00 -1.000000e+00 0.000000e+00 -1.000000e+00 -1.000000e+00 1.763024e-01 1.600000e+03 -1.000000e+00 0.000000e+00 -9.990070e+05 3.000000e+00 -1.000000e+00 -1.000000e+00 3.110764e-01 1.000000e+00 0.000000e+00 -1.000000e+00 5.000000e-01 -1.000000e+00 -9.990070e+05 5.000000e-01 7.564067e-01 9.325223e-01 -1.000000e+00 -1.000000e+00 0.000000e+00 -1.000000e+00 2 0.000000e+00 6.733776e-01
-1.000000e+00 -1.000000e+00 0.000000e+00 -1.000000e+00 -1.000000e+00 2.000000e+02 1.119998e-01 -1.000000e+00 0.000000e+00 -1.000000e+00 0.000000e+00 -1.000000e+00 -1.000000e+00 7.288033e-03 1.400000e+03 -1.000000e+00 0.000000e+00 -9.990070e+05 3.000000e+00 -1.000000e+00 -1.000000e+00 3.031104e-02 0.000000e+00 0.000000e+00 -1.000000e+00 2.352165e-01 -1.000000e+00 -9.990070e+05 2.352165e-01 3.302340e-01 6.747152e-01 -1.000000e+00 -1.000000e+00 0.000000e+00 -1.000000e+00 2 0.000000e+00 2.914110e-01
-1.000000e+00 -1.000000e+00 0.000000e+00 -1.000000e+00 -1.000000e+00 5.000000e+02 1.373365e-01 -1.000000e+00 0.000000e+00 -1.000000e+00 0.000000e+00 -1.000000e+00 -1.000000e+00 1.078453e-02 1.100000e+03 -1.000000e+00 0.000000e+00 -9.990070e+05 3.000000e+00 -1.000000e+00 -1.000000e+00 4.073826e-02 0.000000e+00 0.000000e+00 -1.000000e+00 2.009879e-01 -1.000000e+00 -9.990070e+05 2.009879e-01 3.726897e-01 7.126631e-01 -1.000000e+00 -1.000000e+00 0.000000e+00 -1.000000e+00 3 0.000000e+00 2.710903e-01
-1.000000e+00 -1.000000e+00 0.000000e+00 -1.000000e+00 -1.000000e+00 4.000000e+02 1.633293e-02 -1.000000e+00 0.000000e+00 -1.000000e+00 0.000000e+00 -1.000000e+00 -1.000000e+00 2.363936e-04 1.100000e+03 -1.000000e+00 0.000000e+00 -9.990070e+05 3.000000e+00 -1.000000e+00 -1.000000e+00 2.112888e-03 0.000000e+00 0.000000e+00 -1.000000e+00 3.378646e-02 -1.000000e+00 -9.990070e+05 3.378646e-02 9.573813e-02 3.520764e-01 -1.000000e+00 -1.000000e+00 0.000000e+00 -1.000000e+00 3 0.000000e+00 4.713104e-02
-1.000000e+00 -1.000000e+00 0.000000e+00 -1.000000e+00 -1.000000e+00 6.000000e+02 4.817851e-01 -1.000000e+00 0.000000e+00 -1.000000e+00 0.000000e+00 -1.000000e+00 -1.000000e+00 1.508277e-01 1.100000e+03 -1.000000e+00 0.000000e+00 -9.990070e+05 3.000000e+00 -1.000000e+00 -1.000000e+00 2.788650e-01 1.000000e+00 0.000000e+00 -1.000000e+00 5.000000e-01 -1.000000e+00 -9.990070e+05 5.000000e-01 7.328754e-01 9.236222e-01 -1.000000e+00 -1.000000e+00 0.000000e+00 -1.000000e+00 5 0.000000e+00 6.586683e-01
-1.000000e+00 -1.000000e+00 0.000000e+00 -1.000000e+00 -1.000000e+00 3.000000e+02 1.345365e-01 -1.000000e+00 0.000000e+00 -1.000000e+00 0.000000e+00 -1.000000e+00 -1.000000e+00 1.036242e-02 1.400000e+03 -1.000000e+00 0.000000e+00 -9.990070e+05 3.000000e+00 -1.000000e+00 -1.000000e+00 3.953332e-02 0.000000e+00 0.000000e+00 -1.000000e+00 2.656597e-01 -1.000000e+00 -9.990070e+05 2.656597e-01 3.682064e-01 7.088374e-01 -1.000000e+00 -1.000000e+00 0.000000e+00 -1.000000e+00 2 0.000000e+00 3.287971e-01
-1.000000e+00 -1.000000e+00 0.000000e+00 -1.000000e+00 -1.000000e+00 0.000000e+00 2.843953e-01 -1.000000e+00 0.000000e+00 -1.000000e+00 0.000000e+00 -1.000000e+00 -1.000000e+00 4.696726e-02 1.500000e+03 -1.000000e+00 0.000000e+00 -9.990070e+05 3.000000e+00 -1.000000e+00 -1.000000e+00 1.210352e-01 0.000000e+00 0.000000e+00 -1.000000e+00 4.262310e-01 -1.000000e+00 -9.990070e+05 4.262310e-01 5.608863e-01 8.428608e-01 -1.000000e+00 -1.000000e+00 0.000000e+00 -1.000000e+00 2 0.000000e+00 5.250494e-01
-1.000000e+00 -1.000000e+00 0.000000e+00 -1.000000e+00 -1.000000e+00 4.750000e+02 4.486076e-07 -1.000000e+00 0.000000e+00 -1.000000e+00 0.000000e+00 -1.000000e+00 -1.000000e+00 4.015536e-11 5.000000e+02 -1.000000e+00 0.000000e+00 -9.990070e+05 3.000000e+00 -1.000000e+00 -1.000000e+00 4.648198e-09 0.000000e+00 0.000000e+00 -1.000000e+00 8.357291e-06 -1.000000e+00 -9.990070e+05 8.357291e-06 3.081969e-05 1.182268e-03 -1.000000e+00 -1.000000e+00 0.000000e+00 -1.000000e+00 10 0.000000e+00 1.083891e-05
-1.000000e+00 -1.000000e+00 0.000000e+00 -1.000000e+00 -1.000000e+00 6.000000e+02 4.475721e-01 -1.000000e+00 0.000000e+00 -1.000000e+00 0.000000e+00 -1.000000e+00 -1.000000e+00 1.272419e-01 1.500000e+03 -1.000000e+00 0.000000e+00 -9.990070e+05 3.000000e+00 -1.000000e+00 -1.000000e+00 2.473851e-01 1.000000e+00 0.000000e+00 -1.000000e+00 5.000000e-01 -1.000000e+00 -9.990070e+05 5.000000e-01 7.072496e-01 9.133902e-01 -1.000000e+00 -1.000000e+00 0.000000e+00 -1.000000e+00 2 0.000000e+00 6.441523e-01
-1.000000e+00 -1.000000e+00 0.000000e+00 -1.000000e+00 -1.000000e+00 6.000000e+02 4.294077e-01 -1.000000e+00 0.000000e+00 -1.000000e+00 0.000000e+00 -1.000000e+00 -1.000000e+00 1.157676e-01 8.000000e+02 -1.000000e+00 0.000000e+00 -9.990070e+05 3.000000e+00 -1.000000e+00 -1.000000e+00 2.313849e-01 0.000000e+00 0.000000e+00 -1.000000e+00 4.109181e-02 -1.000000e+00 -9.990070e+05 4.109181e-02 6.930404e-01 9.074661e-01 -1.000000e+00 -1.000000e+00 0.000000e+00 -1.000000e+00 7 0.000000e+00 2.394938e-01
-1.000000e+00 -1.000000e+00 0.000000e+00 -1.000000e+00 -1.000000e+00 1.000000e+02 2.191282e-22 -1.000000e+00 0.000000e+00 -1.000000e+00 0.000000e+00 -1.000000e+00 -1.000000e+00 1.908766e-30 8.000000e+02 -1.000000e+00 0.000000e+00 -9.990070e+05 3.000000e+00 -1.000000e+00 -1.000000e+00 2.257328e-26 0.000000e+00 0.000000e+00 -1.000000e+00 2.046782e-21 -1.000000e+00 -9.990070e+05 2.046782e-21 1.480323e-18 5.395261e-15 -1.000000e+00 -1.000000e+00 0.000000e+00 -1.000000e+00 5 0.000000e+00 3.307690e-21
-1.000000e+00 -1.000000e+00 0.000000e+00 -1.000000e+00 -1.000000e+00 0.000000e+00 9.415761e-02 -1.000000e+00 0.000000e+00 -1.000000e+00 0.000000e+00 -1.000000e+00 -1.000000e+00 5.250766e-03 1.400000e+03 -1.000000e+00 0.000000e+00 -9.990070e+05 3.000000e+00 -1.000000e+00 -1.000000e+00 2.363085e-02 0.000000e+00 0.000000e+00 -1.000000e+00 2.092543e-01 -1.000000e+00 -9.990070e+05 2.092543e-01 2.973803e-01 6.424558e-01 -1.000000e+00 -1.000000e+00 0.000000e+00 -1.000000e+00 2 0.000000e+00 2.594792e-01
-1.000000e+00 -1.000000e+00 0.000000e+00 -1.000000e+00 -1.000000e+00 5.000000e+02 5.447367e-01 -1.000000e+00 0.000000e+00 -1.000000e+00 0.000000e+00 -1.000000e+00 -1.000000e+00 2.015283e-01 1.600000e+03 -1.000000e+00 0.000000e+00 -9.990070e+05 3.000000e+00 -1.000000e+00 -1.000000e+00 3.414553e-01 1.000000e+00 0.000000e+00 -1.000000e+00 5.000000e-01 -1.000000e+00 -9.990070e+05 5.000000e-01 7.765341e-01 9.397716e-01 -1.000000e+00 -1.000000e+00 0.000000e+00 -1.000000e+00 2 0.000000e+00 6.871609e-01
-1.000000e+00 -1.000000e+00 0.000000e+00 -1.000000e+00 -1.000000e+00 4.000000e+02 4.619350e-05 -1.000000e+00 0.000000e+00 -1.000000e+00 0.000000e+00 -1.000000e+00 -1.000000e+00 2.740389e-08 8.000000e+02 -1.000000e+00 0.000000e+00 -9.990070e+05 3.000000e+00 -1.000000e+00 -1.000000e+00 1.227010e-06 0.000000e+00 0.000000e+00 -1.000000e+00 5.336066e-05 -1.000000e+00 -9.990070e+05 5.336066e-05 1.254787e-03 1.947835e-02 -1.000000e+00 -1.000000e+00 0.000000e+00 -1.000000e+00 6 0.000000e+00 9.216126e-05
-1.000000e+00 -1.000000e+00 0.000000e+00 -1.000000e+00 -1.000000e+00 5.500000e+02 6.181899e-05 -1.000000e+00 0.000000e+00 -1.000000e+00 0.000000e+00 -1.000000e+00 -1.000000e+00 4.185479e-08 6.000000e+02 -1.000000e+00 0.000000e+00 -9.990070e+05 3.000000e+00 -1.000000e+00 -1.000000e+00 1.753573e-06 0.000000e+00 0.000000e+00 -1.000000e+00 6.715680e-04 -1.000000e+00 -9.990070e+05 6.715680e-04 1.574384e-03 2.296347e-02 -1.000000e+00 -1.000000e+00 0.000000e+00 -1.000000e+00 10 0.000000e+00 8.523513e-04
-1.000000e+00 -1.000000e+00 0.000000e+00 -1.000000e+00 -1.000000e+00 0.000000e+00 8.591360e-08 -1.000000e+00 0.000000e+00 -1.000000e+00 0.000000e+00 -1.000000e+00 -1.000000e+00 4.219907e-12 1.000000e+03 -1.000000e+00 0.000000e+00 -9.990070e+05 3.000000e+00 -1.000000e+00 -1.000000e+00 6.600807e-10 0.000000e+00 0.000000e+00 -1.000000e+00 5.292691e-07 -1.000000e+00 -9.990070e+05 5.292691e-07 7.935231e-06 4.071701e-04 -1.000000e+00 -1.000000e+00 0.000000e+00 -1.000000e+00 3 0.000000e+00 7.758450e-07
-1.000000e+00 -1.000000e+00 0.000000e+00 -1.000000e+00 -1.000000e+00 3.000000e+02 1.115848e-02 -1.000000e+00 0.000000e+00 -1.000000e+00 0.000000e+00 -1.000000e+00 -1.000000e+00 1.249930e-04 5.000000e+02 -1.000000e+00 0.000000e+00 -9.990070e+05 3.000000e+00 -1.000000e+00 -1.000000e+00 1.272048e-03 0.000000e+00 0.000000e+00 -1.000000e+00 6.914633e-03 -1.000000e+00 -9.990070e+05 6.914633e-03 7.376460e-02 3.022701e-01 -1.000000e+00 -1.000000e+00 0.000000e+00 -1.000000e+00 11 0.000000e+00 1.303906e-02
-1.000000e+00 -1.000000e+00 0.000000e+00 -1.000000e+00 -1.000000e+00 5.000000e+02 3.789197e-01 -1.000000e+00 0.000000e+00 -1.000000e+00 0.000000e+00 -1.000000e+00 -1.000000e+00 8.743154e-02 1.500000e+03 -1.000000e+00 0.000000e+00 -9.990070e+05 3.000000e+00 -1.000000e+00 -1.000000e+00 1.894777e-01 1.000000e+00 0.000000e+00 -1.000000e+00 5.000000e-01 -1.000000e+00 -9.990070e+05 5.000000e-01 6.511036e-01 8.888892e-01 -1.000000e+00 -1.000000e+00 0.000000e+00 -1.000000e+00 2 0.000000e+00 6.168726e-01
-1.000000e+00 -1.000000e+00 0.000000e+00 -1.000000e+00 -1.000000e+00 3.750000e+02 1.463997e-09 -1.000000e+00 0.000000e+00 -1.000000e+00 0.000000e+00 -1.000000e+00 -1.000000e+00 1.845378e-14 4.000000e+02 -1.000000e+00 0.000000e+00 -9.990070e+05 3.000000e+00 -1.000000e+00 -1.000000e+00 5.708666e-12 0.000000e+00 0.000000e+00 -1.000000e+00 2.279494e-08 -1.000000e+00 -9.990070e+05 2.279494e-08 2.649353e-07 2.639819e-05 -1.000000e+00 -1.000000e+00 0.000000e+00 -1.000000e+00 10 0.000000e+00 3.169324e-08
-1.000000e+00 -1.000000e+00 0.000000e+00 -1.000000e+00 -1.000000e+00 3.000000e+02 4.951495e-01 -1.000000e+00 0.000000e+00 -1.000000e+00 0.000000e+00 -1.000000e+00 -1.000000e+00 1.607738e-01 1.600000e+03 -1.000000e+00 0.000000e+00 -9.990070e+05 3.000000e+00 -1.000000e+00 -1.000000e+00 2.916430e-01 1.000000e+00 0.000000e+00 -1.000000e+00 5.000000e-01 -1.000000e+00 -9.990070e+05 5.000000e-01 7.425064e-01 9.273212e-01 -1.000000e+00 -1.000000e+00 0.000000e+00 -1.000000e+00 2 0.000000e+00 6.645178e-01
-1.000000e+00 -1.000000e+00 0.000000e+00 -1.000000e+00 -1.000000e+00 1.000000e+02 2.793202e-01 -1.000000e+00 0.000000e+00 -1.000000e+00 0.000000e+00 -1.000000e+00 -1.000000e+00 4.521294e-02 1.500000e+03 -1.000000e+00 0.000000e+00 -9.990070e+05 3.000000e+00 -1.000000e+00 -1.000000e+00 1.177282e-01 0.000000e+00 0.000000e+00 -1.000000e+00 4.216188e-01 -1.000000e+00 -9.990070e+05 4.216188e-01 5.555201e-01 8.398368e-01 -1.000000e+00 -1.000000e+00 0.000000e+00 -1.000000e+00 2 0.000000e+00 5.194414e-01
-1.000000e+00 -1.000000e+00 0.000000e+00 -1.000000e+00 -1.000000e+00 5.000000e+02 3.078808e-01 -1.000000e+00 0.000000e+00 -1.000000e+00 0.000000e+00 -1.000000e+00 -1.000000e+00 5.561350e-02 8.000000e+02 -1.000000e+00 0.000000e+00 -9.990070e+05 3.000000e+00 -1.000000e+00 -1.000000e+00 1.368272e-01 0.000000e+00 0.000000e+00 -1.000000e+00 2.430231e-01 -1.000000e+00 -9.990070e+05 2.430231e-01 5.849562e-01 8.560106e-01 -1.000000e+00 -1.000000e+00 0.000000e+00 -1.000000e+00 6 0.000000e+00 3.877958e-01
-1.000000e+00 -1.000000e+00 0.000000e+00 -1.000000e+00 -1.000000e+00 0.000000e+00 8.912083e-04 -1.000000e+00 0.000000e+00 -1.000000e+00 0.000000e+00 -1.000000e+00 -1.000000e+00 2.245826e-06 1.200000e+03 -1.000000e+00 0.000000e+00 -9.990070e+05 3.000000e+00 -1.000000e+00 -1.000000e+00 4.855366e-05 0.000000e+00 0.000000e+00 -1.000000e+00 6.116171e-03 -1.000000e+00 -9.990070e+05 6.116171e-03 1.199879e-02 9.511591e-02 -1.000000e+00 -1.000000e+00 0.000000e+00 -1.000000e+00 2 0.000000e+00 7.711174e-03
-1.000000e+00 -1.000000e+00 0.000000e+00 -1.000000e+00 -1.000000e+00 0.000000e+00 2.904528e-05 -1.000000e+00 0.000000e+00 -1.000000e+00 0.000000e+00 -1.000000e+00 -1.000000e+00 1.401471e-08 1.100000e+03 -1.000000e+00 0.000000e+00 -9.990070e+05 3.000000e+00 -1.000000e+00 -1.000000e+00 6.961829e-07 0.000000e+00 0.000000e+00 -1.000000e+00 1.184947e-03 -1.000000e+00 -9.990070e+05 1.184947e-03 8.727462e-04 1.493801e-02 -1.000000e+00 -1.000000e+00 0.000000e+00 -1.000000e+00 1 0.000000e+00 1.357113e-03
-1.000000e+00 -1.000000e+00 0.000000e+00 -1.000000e+00 -1.000000e+00 5.000000e+02 1.140370e-01 -1.000000e+00 0.000000e+00 -1.000000e+00 0.000000e+00 -1.000000e+00 -1.000000e+00 7.542657e-03 1.200000e+03 -1.000000e+00 0.000000e+00 -9.990070e+05 3.000000e+00 -1.000000e+00 -1.000000e+00 3.110927e-02 0.000000e+00 0.000000e+00 -1.000000e+00 3.909184e-01 -1.000000e+00 -9.990070e+05 3.909184e-01 3.338160e-01 6.780720e-01 -1.000000e+00 -1.000000e+00 0.000000e+00 -1.000000e+00 1 0.000000e+00 4.325384e-01
-1.000000e+00 -1.000000e+00 0.000000e+00 -1.000000e+00 -1.000000e+00 6.000000e+02 3.476313e-01 -1.000000e+00 0.000000e+00 -1.000000e+00 0.000000e+00 -1.000000e+00 -1.000000e+00 7.232207e-02 1.200000e+03 -1.000000e+00 0.000000e+00 -9.990070e+05 3.000000e+00 -1.000000e+00 -1.000000e+00 1.653830e-01 1.000000e+00 0.000000e+00 -1.000000e+00 5.000000e-01 -1.000000e+00 -9.990070e+05 5.000000e-01 6.231016e-01 8.755294e-01 -1.000000e+00 -1.000000e+00 0.000000e+00 -1.000000e+00 1 0.000000e+00 6.051918e-01
-1.000000e+00 -1.000000e+00 0.000000e+00 -1.000000e+00 -1.000000e+00 1.000000e+02 1.288522e-02 -1.000000e+00 0.000000e+00 -1.000000e+00 0.000000e+00 -1.000000e+00 -1.000000e+00 1.588083e-04 1.300000e+03 -1.000000e+00 0.000000e+00 -9.990070e+05 3.000000e+00 -1.000000e+00 -1.000000e+00 1.539838e-03 0.000000e+00 0.000000e+00 -1.000000e+00 4.996133e-02 -1.000000e+00 -9.990070e+05 4.996133e-02 8.143772e-02 3.204456e-01 -1.000000e+00 -1.000000e+00 0.000000e+00 -1.000000e+00 2 0.000000e+00 6.245000e-02
-1.000000e+00 -1.000000e+00 0.000000e+00 -1.000000e+00 -1.000000e+00 2.000000e+02 1.044328e-04 -1.000000e+00 0.000000e+00 -1.000000e+00 0.000000e+00 -1.000000e+00 -1.000000e+00 9.013795e-08 1.100000e+03 -1.000000e+00 0.000000e+00 -9.990070e+05 3.000000e+00 -1.000000e+00 -1.000000e+00 3.342349e-06 0.000000e+00 0.000000e+00 -1.000000e+00 3.223761e-03 -1.000000e+00 -9.990070e+05 3.223761e-03 2.362918e-03 3.074985e-02 -1.000000e+00 -1.000000e+00 0.000000e+00 -1.000000e+00 1 0.000000e+00 3.679469e-03
