-1.000000e+00 -1.000000e+00 0.000000e+00 -1.000000e+00 -1.000000e+00 0.000000e+00 4.373056e-01 -1.000000e+00 0.000000e+00 -1.000000e+00 0.000000e+00 -1.000000e+00 -1.000000e+00 1.206701e-01 1.000000e+03 -1.000000e+00 0.000000e+00 -9.990070e+05 3.000000e+00 -1.000000e+00 -1.000000e+00 2.382814e-01 0.000000e+00 0.000000e+00 -1.000000e+00 1.329848e-02 -1.000000e+00 -9.990070e+05 1.329848e-02 6.992723e-01 9.100867e-01 -1.000000e+00 -1.000000e+00 0.000000e+00 -1.000000e+00 -1.0 0.000000e+00 1.776817e-01
-1.000000e+00 -1.000000e+00 0.000000e+00 -1.000000e+00 -1.000000e+00 1.000000e+02 4.753598e-01 -1.000000e+00 0.000000e+00 -1.000000e+00 0.000000e+00 -1.000000e+00 -1.000000e+00 1.461952e-01 1.000000e+03 -1.000000e+00 0.000000e+00 -9.990070e+05 3.000000e+00 -1.000000e+00 -1.000000e+00 2.728183e-01 0.000000e+00 0.000000e+00 -1.000000e+00 1.526197e-02 -1.000000e+00 -9.990070e+05 1.526197e-02 7.281713e-01 9.217867e-01 -1.000000e+00 -1.000000e+00 0.000000e+00 -1.000000e+00 -1.0 0.000000e+00 2.073424e-01
-1.000000e+00 -1.000000e+00 0.000000e+00 -1.000000e+00 -1.000000e+00 2.000000e+02 3.940796e-01 -1.000000e+00 0.000000e+00 -1.000000e+00 0.000000e+00 -1.000000e+00 -1.000000e+00 9.541044e-02 1.000000e+03 -1.000000e+00 0.000000e+00 -9.990070e+05 3.000000e+00 -1.000000e+00 -1.000000e+00 2.016670e-01 0.000000e+00 0.000000e+00 -1.000000e+00 1.106459e-02 -1.000000e+00 -9.990070e+05 1.106459e-02 6.640952e-01 8.948230e-01 -1.000000e+00 -1.000000e+00 0.000000e+00 -1.000000e+00 -1.0 0.000000e+00 1.465213e-01
-1.000000e+00 -1.000000e+00 0.000000e+00 -1.000000e+00 -1.000000e+00 3.000000e+02 5.186599e-01 -1.000000e+00 0.000000e+00 -1.000000e+00 0.000000e+00 -1.000000e+00 -1.000000e+00 1.793207e-01 1.000000e+03 -1.000000e+00 0.000000e+00 -9.990070e+05 3.000000e+00 -1.000000e+00 -1.000000e+00 3.147856e-01 0.000000e+00 0.000000e+00 -1.000000e+00 1.791863e-02 -1.000000e+00 -9.990070e+05 1.791863e-02 7.589644e-01 9.334619e-01 -1.000000e+00 -1.000000e+00 0.000000e+00 -1.000000e+00 -1.0 0.000000e+00 2.452511e-01
-1.000000e+00 -1.000000e+00 0.000000e+00 -1.000000e+00 -1.000000e+00 4.000000e+02 5.174747e-01 -1.000000e+00 0.000000e+00 -1.000000e+00 0.000000e+00 -1.000000e+00 -1.000000e+00 1.783529e-01 1.000000e+03 -1.000000e+00 0.000000e+00 -9.990070e+05 3.000000e+00 -1.000000e+00 -1.000000e+00 3.135986e-01 0.000000e+00 0.000000e+00 -1.000000e+00 1.781700e-02 -1.000000e+00 -9.990070e+05 1.781700e-02 7.581491e-01 9.331630e-01 -1.000000e+00 -1.000000e+00 0.000000e+00 -1.000000e+00 -1.0 0.000000e+00 2.440824e-01
-1.000000e+00 -1.000000e+00 0.000000e+00 -1.000000e+00 -1.000000e+00 5.000000e+02 6.464968e-01 -1.000000e+00 0.000000e+00 -1.000000e+00 0.000000e+00 -1.000000e+00 -1.000000e+00 3.065182e-01 1.000000e+03 -1.000000e+00 0.000000e+00 -9.990070e+05 3.000000e+00 -1.000000e+00 -1.000000e+00 4.559124e-01 0.000000e+00 0.000000e+00 -1.000000e+00 2.695417e-02 -1.000000e+00 -9.990070e+05 2.695417e-02 8.389810e-01 9.602315e-01 -1.000000e+00 -1.000000e+00 0.000000e+00 -1.000000e+00 -1.0 0.000000e+00 3.800387e-01
-1.000000e+00 -1.000000e+00 0.000000e+00 -1.000000e+00 -1.000000e+00 6.000000e+02 7.358586e-01 -1.000000e+00 0.000000e+00 -1.000000e+00 0.000000e+00 -1.000000e+00 -1.000000e+00 4.268410e-01 1.000000e+03 -1.000000e+00 0.000000e+00 -9.990070e+05 3.000000e+00 -1.000000e+00 -1.000000e+00 5.707684e-01 0.000000e+00 0.000000e+00 -1.000000e+00 3.473141e-02 -1.000000e+00 -9.990070e+05 3.473141e-02 8.869432e-01 9.739674e-01 -1.000000e+00 -1.000000e+00 0.000000e+00 -1.000000e+00 -1.0 0.000000e+00 4.983234e-01
-1.000000e+00 -1.000000e+00 0.000000e+00 -1.000000e+00 -1.000000e+00 0.000000e+00 6.521238e-01 -1.000000e+00 0.000000e+00 -1.000000e+00 0.000000e+00 -1.000000e+00 -1.000000e+00 3.132590e-01 1.100000e+03 -1.000000e+00 0.000000e+00 -9.990070e+05 3.000000e+00 -1.000000e+00 -1.000000e+00 4.627383e-01 0.000000e+00 0.000000e+00 -1.000000e+00 2.749311e-02 -1.000000e+00 -9.990070e+05 2.749311e-02 8.421770e-01 9.611989e-01 -1.000000e+00 -1.000000e+00 0.000000e+00 -1.000000e+00 -1.0 0.000000e+00 3.870696e-01
-1.000000e+00 -1.000000e+00 0.000000e+00 -1.000000e+00 -1.000000e+00 1.000000e+02 5.799243e-01 -1.000000e+00 0.000000e+00 -1.000000e+00 0.000000e+00 -1.000000e+00 -1.000000e+00 2.343892e-01 1.100000e+03 -1.000000e+00 0.000000e+00 -9.990070e+05 3.000000e+00 -1.000000e+00 -1.000000e+00 3.791392e-01 0.000000e+00 0.000000e+00 -1.000000e+00 2.194202e-02 -1.000000e+00 -9.990070e+05 2.194202e-02 7.991773e-01 9.475388e-01 -1.000000e+00 -1.000000e+00 0.000000e+00 -1.000000e+00 -1.0 0.000000e+00 3.051252e-01
-1.000000e+00 -1.000000e+00 0.000000e+00 -1.000000e+00 -1.000000e+00 2.000000e+02 6.223739e-01 -1.000000e+00 0.000000e+00 -1.000000e+00 0.000000e+00 -1.000000e+00 -1.000000e+00 2.787926e-01 1.100000e+03 -1.000000e+00 0.000000e+00 -9.990070e+05 3.000000e+00 -1.000000e+00 -1.000000e+00 4.272505e-01 0.000000e+00 0.000000e+00 -1.000000e+00 2.513060e-02 -1.000000e+00 -9.990070e+05 2.513060e-02 8.249911e-01 9.559072e-01 -1.000000e+00 -1.000000e+00 0.000000e+00 -1.000000e+00 -1.0 0.000000e+00 3.518363e-01
-1.000000e+00 -1.000000e+00 0.000000e+00 -1.000000e+00 -1.000000e+00 3.000000e+02 6.645702e-01 -1.000000e+00 0.000000e+00 -1.000000e+00 0.000000e+00 -1.000000e+00 -1.000000e+00 3.285477e-01 1.100000e+03 -1.000000e+00 0.000000e+00 -9.990070e+05 3.000000e+00 -1.000000e+00 -1.000000e+00 4.780270e-01 0.000000e+00 0.000000e+00 -1.000000e+00 2.842620e-02 -1.000000e+00 -9.990070e+05 2.842620e-02 8.491584e-01 9.632860e-01 -1.000000e+00 -1.000000e+00 0.000000e+00 -1.000000e+00 -1.0 0.000000e+00 4.022482e-01
-1.000000e+00 -1.000000e+00 0.000000e+00 -1.000000e+00 -1.000000e+00 4.000000e+02 6.820560e-01 -1.000000e+00 0.000000e+00 -1.000000e+00 0.000000e+00 -1.000000e+00 -1.000000e+00 3.509305e-01 1.100000e+03 -1.000000e+00 0.000000e+00 -9.990070e+05 3.000000e+00 -1.000000e+00 -1.000000e+00 4.999530e-01 0.000000e+00 0.000000e+00 -1.000000e+00 2.992843e-02 -1.000000e+00 -9.990070e+05 2.992843e-02 8.587668e-01 9.660999e-01 -1.000000e+00 -1.000000e+00 0.000000e+00 -1.000000e+00 -1.0 0.000000e+00 4.246062e-01
-1.000000e+00 -1.000000e+00 0.000000e+00 -1.000000e+00 -1.000000e+00 5.000000e+02 7.349772e-01 -1.000000e+00 0.000000e+00 -1.000000e+00 0.000000e+00 -1.000000e+00 -1.000000e+00 4.255073e-01 1.100000e+03 -1.000000e+00 0.000000e+00 -9.990070e+05 3.000000e+00 -1.000000e+00 -1.000000e+00 5.695668e-01 0.000000e+00 0.000000e+00 -1.000000e+00 3.467126e-02 -1.000000e+00 -9.990070e+05 3.467126e-02 8.864978e-01 9.738474e-01 -1.000000e+00 -1.000000e+00 0.000000e+00 -1.000000e+00 -1.0 0.000000e+00 4.970922e-01
-1.000000e+00 -1.000000e+00 0.000000e+00 -1.000000e+00 -1.000000e+00 6.000000e+02 7.613072e-01 -1.000000e+00 0.000000e+00 -1.000000e+00 0.000000e+00 -1.000000e+00 -1.000000e+00 4.667195e-01 1.100000e+03 -1.000000e+00 0.000000e+00 -9.990070e+05 3.000000e+00 -1.000000e+00 -1.000000e+00 6.060747e-01 0.000000e+00 0.000000e+00 -1.000000e+00 3.716267e-02 -1.000000e+00 -9.990070e+05 3.716267e-02 8.995828e-01 9.773134e-01 -1.000000e+00 -1.000000e+00 0.000000e+00 -1.000000e+00 -1.0 0.000000e+00 5.360684e-01
-1.000000e+00 -1.000000e+00 0.000000e+00 -1.000000e+00 -1.000000e+00 0.000000e+00 7.882797e-01 -1.000000e+00 0.000000e+00 -1.000000e+00 0.000000e+00 -1.000000e+00 -1.000000e+00 5.119971e-01 1.200000e+03 -1.000000e+00 0.000000e+00 -9.990070e+05 3.000000e+00 -1.000000e+00 -1.000000e+00 6.448048e-01 0.000000e+00 0.000000e+00 -1.000000e+00 3.983295e-02 -1.000000e+00 -9.990070e+05 3.983295e-02 9.125264e-01 9.806240e-01 -1.000000e+00 -1.000000e+00 0.000000e+00 -1.000000e+00 -1.0 0.000000e+00 5.781817e-01
-1.000000e+00 -1.000000e+00 0.000000e+00 -1.000000e+00 -1.000000e+00 1.000000e+02 7.630789e-01 -1.000000e+00 0.000000e+00 -1.000000e+00 0.000000e+00 -1.000000e+00 -1.000000e+00 4.695965e-01 1.200000e+03 -1.000000e+00 0.000000e+00 -9.990070e+05 3.000000e+00 -1.000000e+00 -1.000000e+00 6.085769e-01 0.000000e+00 0.000000e+00 -1.000000e+00 3.733474e-02 -1.000000e+00 -9.990070e+05 3.733474e-02 9.004471e-01 9.775380e-01 -1.000000e+00 -1.000000e+00 0.000000e+00 -1.000000e+00 -1.0 0.000000e+00 5.387662e-01
-1.000000e+00 -1.000000e+00 0.000000e+00 -1.000000e+00 -1.000000e+00 2.000000e+02 7.858712e-01 -1.000000e+00 0.000000e+00 -1.000000e+00 0.000000e+00 -1.000000e+00 -1.000000e+00 5.078233e-01 1.200000e+03 -1.000000e+00 0.000000e+00 -9.990070e+05 3.000000e+00 -1.000000e+00 -1.000000e+00 6.412908e-01 0.000000e+00 0.000000e+00 -1.000000e+00 3.962598e-02 -1.000000e+00 -9.990070e+05 3.962598e-02 9.113891e-01 9.803377e-01 -1.000000e+00 -1.000000e+00 0.000000e+00 -1.000000e+00 -1.0 0.000000e+00 5.743857e-01
-1.000000e+00 -1.000000e+00 0.000000e+00 -1.000000e+00 -1.000000e+00 3.000000e+02 7.985267e-01 -1.000000e+00 0.000000e+00 -1.000000e+00 0.000000e+00 -1.000000e+00 -1.000000e+00 5.300491e-01 1.200000e+03 -1.000000e+00 0.000000e+00 -9.990070e+05 3.000000e+00 -1.000000e+00 -1.000000e+00 6.598788e-01 0.000000e+00 0.000000e+00 -1.000000e+00 4.098975e-02 -1.000000e+00 -9.990070e+05 4.098975e-02 9.173258e-01 9.818220e-01 -1.000000e+00 -1.000000e+00 0.000000e+00 -1.000000e+00 -1.0 0.000000e+00 5.949468e-01
-1.000000e+00 -1.000000e+00 0.000000e+00 -1.000000e+00 -1.000000e+00 4.000000e+02 8.025114e-01 -1.000000e+00 0.000000e+00 -1.000000e+00 0.000000e+00 -1.000000e+00 -1.000000e+00 5.371993e-01 1.200000e+03 -1.000000e+00 0.000000e+00 -9.990070e+05 3.000000e+00 -1.000000e+00 -1.000000e+00 6.657947e-01 0.000000e+00 0.000000e+00 -1.000000e+00 4.138826e-02 -1.000000e+00 -9.990070e+05 4.138826e-02 9.191750e-01 9.822794e-01 -1.000000e+00 -1.000000e+00 0.000000e+00 -1.000000e+00 -1.0 0.000000e+00 6.014718e-01
-1.000000e+00 -1.000000e+00 0.000000e+00 -1.000000e+00 -1.000000e+00 5.000000e+02 8.239275e-01 -1.000000e+00 0.000000e+00 -1.000000e+00 0.000000e+00 -1.000000e+00 -1.000000e+00 5.769149e-01 1.200000e+03 -1.000000e+00 0.000000e+00 -9.990070e+05 3.000000e+00 -1.000000e+00 -1.000000e+00 6.981174e-01 0.000000e+00 0.000000e+00 -1.000000e+00 4.371196e-02 -1.000000e+00 -9.990070e+05 4.371196e-02 9.289523e-01 9.846584e-01 -1.000000e+00 -1.000000e+00 0.000000e+00 -1.000000e+00 -1.0 0.000000e+00 6.376310e-01
-1.000000e+00 -1.000000e+00 0.000000e+00 -1.000000e+00 -1.000000e+00 6.000000e+02 8.253057e-01 -1.000000e+00 0.000000e+00 -1.000000e+00 0.000000e+00 -1.000000e+00 -1.000000e+00 5.795465e-01 1.200000e+03 -1.000000e+00 0.000000e+00 -9.990070e+05 3.000000e+00 -1.000000e+00 -1.000000e+00 7.002282e-01 0.000000e+00 0.000000e+00 -1.000000e+00 4.381878e-02 -1.000000e+00 -9.990070e+05 4.381878e-02 9.295724e-01 9.848071e-01 -1.000000e+00 -1.000000e+00 0.000000e+00 -1.000000e+00 -1.0 0.000000e+00 6.399508e-01
-1.000000e+00 -1.000000e+00 0.000000e+00 -1.000000e+00 -1.000000e+00 0.000000e+00 8.515816e-01 -1.000000e+00 0.000000e+00 -1.000000e+00 0.000000e+00 -1.000000e+00 -1.000000e+00 6.315384e-01 1.300000e+03 -1.000000e+00 0.000000e+00 -9.990070e+05 3.000000e+00 -1.000000e+00 -1.000000e+00 7.411915e-01 0.000000e+00 0.000000e+00 -1.000000e+00 4.691993e-02 -1.000000e+00 -9.990070e+05 4.691993e-02 9.411862e-01 9.875430e-01 -1.000000e+00 -1.000000e+00 0.000000e+00 -1.000000e+00 -1.0 0.000000e+00 6.867137e-01
-1.000000e+00 -1.000000e+00 0.000000e+00 -1.000000e+00 -1.000000e+00 1.000000e+02 8.571173e-01 -1.000000e+00 0.000000e+00 -1.000000e+00 0.000000e+00 -1.000000e+00 -1.000000e+00 6.429441e-01 1.300000e+03 -1.000000e+00 0.000000e+00 -9.990070e+05 3.000000e+00 -1.000000e+00 -1.000000e+00 7.499983e-01 0.000000e+00 0.000000e+00 -1.000000e+00 4.759533e-02 -1.000000e+00 -9.990070e+05 4.759533e-02 9.435836e-01 9.880964e-01 -1.000000e+00 -1.000000e+00 0.000000e+00 -1.000000e+00 -1.0 0.000000e+00 6.968744e-01
-1.000000e+00 -1.000000e+00 0.000000e+00 -1.000000e+00 -1.000000e+00 2.000000e+02 8.656864e-01 -1.000000e+00 0.000000e+00 -1.000000e+00 0.000000e+00 -1.000000e+00 -1.000000e+00 6.609202e-01 1.300000e+03 -1.000000e+00 0.000000e+00 -9.990070e+05 3.000000e+00 -1.000000e+00 -1.000000e+00 7.637540e-01 0.000000e+00 0.000000e+00 -1.000000e+00 4.849324e-02 -1.000000e+00 -9.990070e+05 4.849324e-02 9.472616e-01 9.889377e-01 -1.000000e+00 -1.000000e+00 0.000000e+00 -1.000000e+00 -1.0 0.000000e+00 7.126521e-01
-1.000000e+00 -1.000000e+00 0.000000e+00 -1.000000e+00 -1.000000e+00 3.000000e+02 8.689266e-01 -1.000000e+00 0.000000e+00 -1.000000e+00 0.000000e+00 -1.000000e+00 -1.000000e+00 6.678202e-01 1.300000e+03 -1.000000e+00 0.000000e+00 -9.990070e+05 3.000000e+00 -1.000000e+00 -1.000000e+00 7.689946e-01 0.000000e+00 0.000000e+00 -1.000000e+00 4.878823e-02 -1.000000e+00 -9.990070e+05 4.878823e-02 9.486420e-01 9.892511e-01 -1.000000e+00 -1.000000e+00 0.000000e+00 -1.000000e+00 -1.0 0.000000e+00 7.186427e-01
-1.000000e+00 -1.000000e+00 0.000000e+00 -1.000000e+00 -1.000000e+00 4.000000e+02 8.701172e-01 -1.000000e+00 0.000000e+00 -1.000000e+00 0.000000e+00 -1.000000e+00 -1.000000e+00 6.703697e-01 1.300000e+03 -1.000000e+00 0.000000e+00 -9.990070e+05 3.000000e+00 -1.000000e+00 -1.000000e+00 7.709255e-01 0.000000e+00 0.000000e+00 -1.000000e+00 4.913389e-02 -1.000000e+00 -9.990070e+05 4.913389e-02 9.491477e-01 9.893656e-01 -1.000000e+00 -1.000000e+00 0.000000e+00 -1.000000e+00 -1.0 0.000000e+00 7.210899e-01
-1.000000e+00 -1.000000e+00 0.000000e+00 -1.000000e+00 -1.000000e+00 5.000000e+02 8.738773e-01 -1.000000e+00 0.000000e+00 -1.000000e+00 0.000000e+00 -1.000000e+00 -1.000000e+00 6.784730e-01 1.300000e+03 -1.000000e+00 0.000000e+00 -9.990070e+05 3.000000e+00 -1.000000e+00 -1.000000e+00 7.770434e-01 0.000000e+00 0.000000e+00 -1.000000e+00 4.957691e-02 -1.000000e+00 -9.990070e+05 4.957691e-02 9.507400e-01 9.897250e-01 -1.000000e+00 -1.000000e+00 0.000000e+00 -1.000000e+00 -1.0 0.000000e+00 7.282015e-01
-1.000000e+00 -1.000000e+00 0.000000e+00 -1.000000e+00 -1.000000e+00 6.000000e+02 8.938221e-01 -1.000000e+00 0.000000e+00 -1.000000e+00 0.000000e+00 -1.000000e+00 -1.000000e+00 7.227702e-01 1.300000e+03 -1.000000e+00 0.000000e+00 -9.990070e+05 3.000000e+00 -1.000000e+00 -1.000000e+00 8.099863e-01 0.000000e+00 0.000000e+00 -1.000000e+00 5.202286e-02 -1.000000e+00 -9.990070e+05 5.202286e-02 9.590603e-01 9.915749e-01 -1.000000e+00 -1.000000e+00 0.000000e+00 -1.000000e+00 -1.0 0.000000e+00 7.668554e-01
-1.000000e+00 -1.000000e+00 0.000000e+00 -1.000000e+00 -1.000000e+00 0.000000e+00 9.193229e-01 -1.000000e+00 0.000000e+00 -1.000000e+00 0.000000e+00 -1.000000e+00 -1.000000e+00 7.827604e-01 1.400000e+03 -1.000000e+00 0.000000e+00 -9.990070e+05 3.000000e+00 -1.000000e+00 -1.000000e+00 8.533341e-01 0.000000e+00 0.000000e+00 -1.000000e+00 5.614233e-02 -1.000000e+00 -9.990070e+05 5.614233e-02 9.693973e-01 9.938082e-01 -1.000000e+00 -1.000000e+00 0.000000e+00 -1.000000e+00 -1.0 0.000000e+00 8.190664e-01
-1.000000e+00 -1.000000e+00 0.000000e+00 -1.000000e+00 -1.000000e+00 1.000000e+02 9.159261e-01 -1.000000e+00 0.000000e+00 -1.000000e+00 0.000000e+00 -1.000000e+00 -1.000000e+00 7.745450e-01 1.400000e+03 -1.000000e+00 0.000000e+00 -9.990070e+05 3.000000e+00 -1.000000e+00 -1.000000e+00 8.474793e-01 0.000000e+00 0.000000e+00 -1.000000e+00 5.535630e-02 -1.000000e+00 -9.990070e+05 5.535630e-02 9.680395e-01 9.935189e-01 -1.000000e+00 -1.000000e+00 0.000000e+00 -1.000000e+00 -1.0 0.000000e+00 8.118321e-01
-1.000000e+00 -1.000000e+00 0.000000e+00 -1.000000e+00 -1.000000e+00 2.000000e+02 9.169827e-01 -1.000000e+00 0.000000e+00 -1.000000e+00 0.000000e+00 -1.000000e+00 -1.000000e+00 7.770931e-01 1.400000e+03 -1.000000e+00 0.000000e+00 -9.990070e+05 3.000000e+00 -1.000000e+00 -1.000000e+00 8.492979e-01 0.000000e+00 0.000000e+00 -1.000000e+00 5.481608e-02 -1.000000e+00 -9.990070e+05 5.481608e-02 9.684625e-01 9.936092e-01 -1.000000e+00 -1.000000e+00 0.000000e+00 -1.000000e+00 -1.0 0.000000e+00 8.135702e-01
-1.000000e+00 -1.000000e+00 0.000000e+00 -1.000000e+00 -1.000000e+00 3.000000e+02 9.209989e-01 -1.000000e+00 0.000000e+00 -1.000000e+00 0.000000e+00 -1.000000e+00 -1.000000e+00 7.868401e-01 1.400000e+03 -1.000000e+00 0.000000e+00 -9.990070e+05 3.000000e+00 -1.000000e+00 -1.000000e+00 8.562324e-01 0.000000e+00 0.000000e+00 -1.000000e+00 5.558533e-02 -1.000000e+00 -9.990070e+05 5.558533e-02 9.700651e-01 9.939500e-01 -1.000000e+00 -1.000000e+00 0.000000e+00 -1.000000e+00 -1.0 0.000000e+00 8.220633e-01
-1.000000e+00 -1.000000e+00 0.000000e+00 -1.000000e+00 -1.000000e+00 4.000000e+02 9.225580e-01 -1.000000e+00 0.000000e+00 -1.000000e+00 0.000000e+00 -1.000000e+00 -1.000000e+00 7.906506e-01 1.400000e+03 -1.000000e+00 0.000000e+00 -9.990070e+05 3.000000e+00 -1.000000e+00 -1.000000e+00 8.589338e-01 0.000000e+00 0.000000e+00 -1.000000e+00 5.550602e-02 -1.000000e+00 -9.990070e+05 5.550602e-02 9.706851e-01 9.940814e-01 -1.000000e+00 -1.000000e+00 0.000000e+00 -1.000000e+00 -1.0 0.000000e+00 8.251428e-01
-1.000000e+00 -1.000000e+00 0.000000e+00 -1.000000e+00 -1.000000e+00 5.000000e+02 9.244421e-01 -1.000000e+00 0.000000e+00 -1.000000e+00 0.000000e+00 -1.000000e+00 -1.000000e+00 7.952753e-01 1.400000e+03 -1.000000e+00 0.000000e+00 -9.990070e+05 3.000000e+00 -1.000000e+00 -1.000000e+00 8.622053e-01 0.000000e+00 0.000000e+00 -1.000000e+00 5.883167e-02 -1.000000e+00 -9.990070e+05 5.883167e-02 9.714326e-01 9.942395e-01 -1.000000e+00 -1.000000e+00 0.000000e+00 -1.000000e+00 -1.0 0.000000e+00 8.308897e-01
-1.000000e+00 -1.000000e+00 0.000000e+00 -1.000000e+00 -1.000000e+00 6.000000e+02 9.298662e-01 -1.000000e+00 0.000000e+00 -1.000000e+00 0.000000e+00 -1.000000e+00 -1.000000e+00 8.087128e-01 1.400000e+03 -1.000000e+00 0.000000e+00 -9.990070e+05 3.000000e+00 -1.000000e+00 -1.000000e+00 8.716676e-01 0.000000e+00 0.000000e+00 -1.000000e+00 5.677127e-02 -1.000000e+00 -9.990070e+05 5.677127e-02 9.735750e-01 9.946904e-01 -1.000000e+00 -1.000000e+00 0.000000e+00 -1.000000e+00 -1.0 0.000000e+00 8.407039e-01
-1.000000e+00 -1.000000e+00 0.000000e+00 -1.000000e+00 -1.000000e+00 0.000000e+00 9.503031e-01 -1.000000e+00 0.000000e+00 -1.000000e+00 0.000000e+00 -1.000000e+00 -1.000000e+00 8.610211e-01 1.500000e+03 -1.000000e+00 0.000000e+00 -9.990070e+05 3.000000e+00 -1.000000e+00 -1.000000e+00 9.079044e-01 0.000000e+00 0.000000e+00 -1.000000e+00 6.324889e-02 -1.000000e+00 -9.990070e+05 6.324889e-02 9.815168e-01 9.963352e-01 -1.000000e+00 -1.000000e+00 0.000000e+00 -1.000000e+00 -1.0 0.000000e+00 8.863293e-01
-1.000000e+00 -1.000000e+00 0.000000e+00 -1.000000e+00 -1.000000e+00 1.000000e+02 9.518206e-01 -1.000000e+00 0.000000e+00 -1.000000e+00 0.000000e+00 -1.000000e+00 -1.000000e+00 8.650136e-01 1.500000e+03 -1.000000e+00 0.000000e+00 -9.990070e+05 3.000000e+00 -1.000000e+00 -1.000000e+00 9.106326e-01 0.000000e+00 0.000000e+00 -1.000000e+00 6.355579e-02 -1.000000e+00 -9.990070e+05 6.355579e-02 9.820984e-01 9.964540e-01 -1.000000e+00 -1.000000e+00 0.000000e+00 -1.000000e+00 -1.0 0.000000e+00 8.896746e-01
-1.000000e+00 -1.000000e+00 0.000000e+00 -1.000000e+00 -1.000000e+00 2.000000e+02 9.536286e-01 -1.000000e+00 0.000000e+00 -1.000000e+00 0.000000e+00 -1.000000e+00 -1.000000e+00 8.697898e-01 1.500000e+03 -1.000000e+00 0.000000e+00 -9.990070e+05 3.000000e+00 -1.000000e+00 -1.000000e+00 9.138895e-01 0.000000e+00 0.000000e+00 -1.000000e+00 6.374302e-02 -1.000000e+00 -9.990070e+05 6.374302e-02 9.827899e-01 9.965950e-01 -1.000000e+00 -1.000000e+00 0.000000e+00 -1.000000e+00 -1.0 0.000000e+00 8.936065e-01
-1.000000e+00 -1.000000e+00 0.000000e+00 -1.000000e+00 -1.000000e+00 3.000000e+02 9.543779e-01 -1.000000e+00 0.000000e+00 -1.000000e+00 0.000000e+00 -1.000000e+00 -1.000000e+00 8.717757e-01 1.500000e+03 -1.000000e+00 0.000000e+00 -9.990070e+05 3.000000e+00 -1.000000e+00 -1.000000e+00 9.152414e-01 0.000000e+00 0.000000e+00 -1.000000e+00 6.400005e-02 -1.000000e+00 -9.990070e+05 6.400005e-02 9.830760e-01 9.966532e-01 -1.000000e+00 -1.000000e+00 0.000000e+00 -1.000000e+00 -1.0 0.000000e+00 8.953031e-01
-1.000000e+00 -1.000000e+00 0.000000e+00 -1.000000e+00 -1.000000e+00 4.000000e+02 9.537288e-01 -1.000000e+00 0.000000e+00 -1.000000e+00 0.000000e+00 -1.000000e+00 -1.000000e+00 8.700554e-01 1.500000e+03 -1.000000e+00 0.000000e+00 -9.990070e+05 3.000000e+00 -1.000000e+00 -1.000000e+00 9.140703e-01 0.000000e+00 0.000000e+00 -1.000000e+00 6.457625e-02 -1.000000e+00 -9.990070e+05 6.457625e-02 9.828282e-01 9.966028e-01 -1.000000e+00 -1.000000e+00 0.000000e+00 -1.000000e+00 -1.0 0.000000e+00 8.941140e-01
-1.000000e+00 -1.000000e+00 0.000000e+00 -1.000000e+00 -1.000000e+00 5.000000e+02 9.541571e-01 -1.000000e+00 0.000000e+00 -1.000000e+00 0.000000e+00 -1.000000e+00 -1.000000e+00 8.711903e-01 1.500000e+03 -1.000000e+00 0.000000e+00 -9.990070e+05 3.000000e+00 -1.000000e+00 -1.000000e+00 9.148430e-01 0.000000e+00 0.000000e+00 -1.000000e+00 6.401420e-02 -1.000000e+00 -9.990070e+05 6.401420e-02 9.829917e-01 9.966361e-01 -1.000000e+00 -1.000000e+00 0.000000e+00 -1.000000e+00 -1.0 0.000000e+00 8.948346e-01
-1.000000e+00 -1.000000e+00 0.000000e+00 -1.000000e+00 -1.000000e+00 6.000000e+02 9.574953e-01 -1.000000e+00 0.000000e+00 -1.000000e+00 0.000000e+00 -1.000000e+00 -1.000000e+00 8.800781e-01 1.500000e+03 -1.000000e+00 0.000000e+00 -9.990070e+05 3.000000e+00 -1.000000e+00 -1.000000e+00 9.208800e-01 0.000000e+00 0.000000e+00 -1.000000e+00 6.473610e-02 -1.000000e+00 -9.990070e+05 6.473610e-02 9.842635e-01 9.968943e-01 -1.000000e+00 -1.000000e+00 0.000000e+00 -1.000000e+00 -1.0 0.000000e+00 9.022603e-01
-1.000000e+00 -1.000000e+00 0.000000e+00 -1.000000e+00 -1.000000e+00 0.000000e+00 9.715829e-01 -1.000000e+00 0.000000e+00 -1.000000e+00 0.000000e+00 -1.000000e+00 -1.000000e+00 9.184169e-01 1.600000e+03 -1.000000e+00 0.000000e+00 -9.990070e+05 3.000000e+00 -1.000000e+00 -1.000000e+00 9.466374e-01 0.000000e+00 0.000000e+00 -1.000000e+00 6.530341e-02 -1.000000e+00 -9.990070e+05 6.530341e-02 9.895723e-01 9.979605e-01 -1.000000e+00 -1.000000e+00 0.000000e+00 -1.000000e+00 -1.0 0.000000e+00 9.334413e-01
-1.000000e+00 -1.000000e+00 0.000000e+00 -1.000000e+00 -1.000000e+00 1.000000e+02 9.720352e-01 -1.000000e+00 0.000000e+00 -1.000000e+00 0.000000e+00 -1.000000e+00 -1.000000e+00 9.196705e-01 1.600000e+03 -1.000000e+00 0.000000e+00 -9.990070e+05 3.000000e+00 -1.000000e+00 -1.000000e+00 9.474720e-01 0.000000e+00 0.000000e+00 -1.000000e+00 6.419476e-02 -1.000000e+00 -9.990070e+05 6.419476e-02 9.897413e-01 9.979941e-01 -1.000000e+00 -1.000000e+00 0.000000e+00 -1.000000e+00 -1.0 0.000000e+00 9.342135e-01
-1.000000e+00 -1.000000e+00 0.000000e+00 -1.000000e+00 -1.000000e+00 2.000000e+02 9.743725e-01 -1.000000e+00 0.000000e+00 -1.000000e+00 0.000000e+00 -1.000000e+00 -1.000000e+00 9.261709e-01 1.600000e+03 -1.000000e+00 0.000000e+00 -9.990070e+05 3.000000e+00 -1.000000e+00 -1.000000e+00 9.517921e-01 0.000000e+00 0.000000e+00 -1.000000e+00 6.648792e-02 -1.000000e+00 -9.990070e+05 6.648792e-02 9.906125e-01 9.981672e-01 -1.000000e+00 -1.000000e+00 0.000000e+00 -1.000000e+00 -1.0 0.000000e+00 9.399687e-01
-1.000000e+00 -1.000000e+00 0.000000e+00 -1.000000e+00 -1.000000e+00 3.000000e+02 9.720590e-01 -1.000000e+00 0.000000e+00 -1.000000e+00 0.000000e+00 -1.000000e+00 -1.000000e+00 9.197364e-01 1.600000e+03 -1.000000e+00 0.000000e+00 -9.990070e+05 3.000000e+00 -1.000000e+00 -1.000000e+00 9.475158e-01 0.000000e+00 0.000000e+00 -1.000000e+00 6.412327e-02 -1.000000e+00 -9.990070e+05 6.412327e-02 9.897501e-01 9.979959e-01 -1.000000e+00 -1.000000e+00 0.000000e+00 -1.000000e+00 -1.0 0.000000e+00 9.342513e-01
-1.000000e+00 -1.000000e+00 0.000000e+00 -1.000000e+00 -1.000000e+00 4.000000e+02 9.707190e-01 -1.000000e+00 0.000000e+00 -1.000000e+00 0.000000e+00 -1.000000e+00 -1.000000e+00 9.160269e-01 1.600000e+03 -1.000000e+00 0.000000e+00 -9.990070e+05 3.000000e+00 -1.000000e+00 -1.000000e+00 9.450449e-01 0.000000e+00 0.000000e+00 -1.000000e+00 6.389764e-02 -1.000000e+00 -9.990070e+05 6.389764e-02 9.892495e-01 9.978962e-01 -1.000000e+00 -1.000000e+00 0.000000e+00 -1.000000e+00 -1.0 0.000000e+00 9.311800e-01
-1.000000e+00 -1.000000e+00 0.000000e+00 -1.000000e+00 -1.000000e+00 5.000000e+02 9.738325e-01 -1.000000e+00 0.000000e+00 -1.000000e+00 0.000000e+00 -1.000000e+00 -1.000000e+00 9.246658e-01 1.600000e+03 -1.000000e+00 0.000000e+00 -9.990070e+05 3.000000e+00 -1.000000e+00 -1.000000e+00 9.507929e-01 0.000000e+00 0.000000e+00 -1.000000e+00 6.675998e-02 -1.000000e+00 -9.990070e+05 6.675998e-02 9.904115e-01 9.981273e-01 -1.000000e+00 -1.000000e+00 0.000000e+00 -1.000000e+00 -1.0 0.000000e+00 9.388069e-01
-1.000000e+00 -1.000000e+00 0.000000e+00 -1.000000e+00 -1.000000e+00 6.000000e+02 9.751164e-01 -1.000000e+00 0.000000e+00 -1.000000e+00 0.000000e+00 -1.000000e+00 -1.000000e+00 9.282479e-01 1.600000e+03 -1.000000e+00 0.000000e+00 -9.990070e+05 3.000000e+00 -1.000000e+00 -1.000000e+00 9.531698e-01 0.000000e+00 0.000000e+00 -1.000000e+00 6.537465e-02 -1.000000e+00 -9.990070e+05 6.537465e-02 9.908893e-01 9.982221e-01 -1.000000e+00 -1.000000e+00 0.000000e+00 -1.000000e+00 -1.0 0.000000e+00 9.414317e-01
-1.000000e+00 -1.000000e+00 4.000000e+03 -1.000000e+00 -1.000000e+00 0.000000e+00 9.807708e-01 -1.000000e+00 1.000000e+00 -1.000000e+00 0.000000e+00 -1.000000e+00 -1.000000e+00 9.441615e-01 2.000000e+02 -1.000000e+00 1.000000e+00 -9.990070e+05 3.000000e+00 -1.000000e+00 -1.000000e+00 9.636832e-01 0.000000e+00 0.000000e+00 -1.000000e+00 4.885661e-01 -1.000000e+00 -9.990070e+05 4.885661e-01 9.929846e-01 9.986359e-01 -1.000000e+00 -1.000000e+00 0.000000e+00 -1.000000e+00 -1.0 0.000000e+00 9.807018e-01
-1.000000e+00 -1.000000e+00 0.000000e+00 -1.000000e+00 -1.000000e+00 0.000000e+00 8.981494e-05 -1.000000e+00 0.000000e+00 -1.000000e+00 0.000000e+00 -1.000000e+00 -1.000000e+00 7.224344e-08 4.000000e+02 -1.000000e+00 0.000000e+00 -9.990070e+05 3.000000e+00 -1.000000e+00 -1.000000e+00 2.775525e-06 0.000000e+00 0.000000e+00 -1.000000e+00 5.480249e-07 -1.000000e+00 -9.990070e+05 5.480249e-07 2.103150e-03 2.828940e-02 -1.000000e+00 -1.000000e+00 0.000000e+00 -1.000000e+00 -1.0 0.000000e+00 3.237233e-06
-1.000000e+00 -1.000000e+00 0.000000e+00 -1.000000e+00 -1.000000e+00 3.000000e+02 1.549280e-01 -1.000000e+00 0.000000e+00 -1.000000e+00 0.000000e+00 -1.000000e+00 -1.000000e+00 1.364496e-02 4.000000e+02 -1.000000e+00 0.000000e+00 -9.990070e+05 3.000000e+00 -1.000000e+00 -1.000000e+00 4.859899e-02 0.000000e+00 0.000000e+00 -1.000000e+00 3.510487e-03 -1.000000e+00 -9.990070e+05 3.510487e-03 3.998229e-01 7.349744e-01 -1.000000e+00 -1.000000e+00 0.000000e+00 -1.000000e+00 -1.0 0.000000e+00 3.461380e-02
-1.000000e+00 -1.000000e+00 0.000000e+00 -1.000000e+00 -1.000000e+00 3.500000e+02 2.611008e-01 -1.000000e+00 0.000000e+00 -1.000000e+00 0.000000e+00 -1.000000e+00 -1.000000e+00 3.923845e-02 4.000000e+02 -1.000000e+00 0.000000e+00 -9.990070e+05 3.000000e+00 -1.000000e+00 -1.000000e+00 1.061656e-01 0.000000e+00 0.000000e+00 -1.000000e+00 8.467613e-03 -1.000000e+00 -9.990070e+05 8.467613e-03 5.357371e-01 8.283871e-01 -1.000000e+00 -1.000000e+00 0.000000e+00 -1.000000e+00 -1.0 0.000000e+00 8.216359e-02
-1.000000e+00 -1.000000e+00 0.000000e+00 -1.000000e+00 -1.000000e+00 3.750000e+02 7.812502e-01 -1.000000e+00 0.000000e+00 -1.000000e+00 0.000000e+00 -1.000000e+00 -1.000000e+00 4.998881e-01 4.000000e+02 -1.000000e+00 0.000000e+00 -9.990070e+05 3.000000e+00 -1.000000e+00 -1.000000e+00 6.345793e-01 0.000000e+00 0.000000e+00 -1.000000e+00 1.281295e-01 -1.000000e+00 -9.990070e+05 1.281295e-01 9.091968e-01 9.797835e-01 -1.000000e+00 -1.000000e+00 0.000000e+00 -1.000000e+00 -1.0 0.000000e+00 6.551923e-01
-1.000000e+00 -1.000000e+00 0.000000e+00 -1.000000e+00 -1.000000e+00 3.750000e+02 3.075153e-01 -1.000000e+00 0.000000e+00 -1.000000e+00 0.000000e+00 -1.000000e+00 -1.000000e+00 5.547216e-02 4.250000e+02 -1.000000e+00 0.000000e+00 -9.990070e+05 3.000000e+00 -1.000000e+00 -1.000000e+00 1.365753e-01 0.000000e+00 0.000000e+00 -1.000000e+00 9.683063e-03 -1.000000e+00 -9.990070e+05 9.683063e-03 5.845908e-01 8.558159e-01 -1.000000e+00 -1.000000e+00 0.000000e+00 -1.000000e+00 -1.0 0.000000e+00 1.032762e-01
-1.000000e+00 -1.000000e+00 0.000000e+00 -1.000000e+00 -1.000000e+00 4.000000e+02 6.835094e-02 -1.000000e+00 0.000000e+00 -1.000000e+00 0.000000e+00 -1.000000e+00 -1.000000e+00 2.901208e-03 5.000000e+02 -1.000000e+00 0.000000e+00 -9.990070e+05 3.000000e+00 -1.000000e+00 -1.000000e+00 1.500838e-02 0.000000e+00 0.000000e+00 -1.000000e+00 8.338715e-04 -1.000000e+00 -9.990070e+05 8.338715e-04 2.440655e-01 5.836471e-01 -1.000000e+00 -1.000000e+00 0.000000e+00 -1.000000e+00 -1.0 0.000000e+00 8.943939e-03
-1.000000e+00 -1.000000e+00 0.000000e+00 -1.000000e+00 -1.000000e+00 4.500000e+02 3.839719e-01 -1.000000e+00 0.000000e+00 -1.000000e+00 0.000000e+00 -1.000000e+00 -1.000000e+00 9.004166e-02 5.000000e+02 -1.000000e+00 0.000000e+00 -9.990070e+05 3.000000e+00 -1.000000e+00 -1.000000e+00 1.935025e-01 0.000000e+00 0.000000e+00 -1.000000e+00 1.153267e-02 -1.000000e+00 -9.990070e+05 1.153267e-02 6.554732e-01 8.909033e-01 -1.000000e+00 -1.000000e+00 0.000000e+00 -1.000000e+00 -1.0 0.000000e+00 1.432718e-01
-1.000000e+00 -1.000000e+00 0.000000e+00 -1.000000e+00 -1.000000e+00 0.000000e+00 7.017871e-04 -1.000000e+00 0.000000e+00 -1.000000e+00 0.000000e+00 -1.000000e+00 -1.000000e+00 1.558191e-06 6.000000e+02 -1.000000e+00 0.000000e+00 -9.990070e+05 3.000000e+00 -1.000000e+00 -1.000000e+00 3.590675e-05 0.000000e+00 0.000000e+00 -1.000000e+00 2.013362e-06 -1.000000e+00 -9.990070e+05 2.013362e-06 1.004334e-02 8.435368e-02 -1.000000e+00 -1.000000e+00 0.000000e+00 -1.000000e+00 -1.0 0.000000e+00 1.813503e-05
-1.000000e+00 -1.000000e+00 0.000000e+00 -1.000000e+00 -1.000000e+00 4.000000e+02 1.599133e-01 -1.000000e+00 0.000000e+00 -1.000000e+00 0.000000e+00 -1.000000e+00 -1.000000e+00 1.452214e-02 6.000000e+02 -1.000000e+00 0.000000e+00 -9.990070e+05 3.000000e+00 -1.000000e+00 -1.000000e+00 5.091669e-02 0.000000e+00 0.000000e+00 -1.000000e+00 2.721889e-03 -1.000000e+00 -9.990070e+05 2.721889e-03 4.072115e-01 7.408104e-01 -1.000000e+00 -1.000000e+00 0.000000e+00 -1.000000e+00 -1.0 0.000000e+00 3.213750e-02
-1.000000e+00 -1.000000e+00 0.000000e+00 -1.000000e+00 -1.000000e+00 5.000000e+02 5.199102e-01 -1.000000e+00 0.000000e+00 -1.000000e+00 0.000000e+00 -1.000000e+00 -1.000000e+00 1.803455e-01 6.000000e+02 -1.000000e+00 0.000000e+00 -9.990070e+05 3.000000e+00 -1.000000e+00 -1.000000e+00 3.160401e-01 0.000000e+00 0.000000e+00 -1.000000e+00 1.881294e-02 -1.000000e+00 -9.990070e+05 1.881294e-02 7.598228e-01 9.337760e-01 -1.000000e+00 -1.000000e+00 0.000000e+00 -1.000000e+00 -1.0 0.000000e+00 2.489036e-01
-1.000000e+00 -1.000000e+00 0.000000e+00 -1.000000e+00 -1.000000e+00 5.500000e+02 9.409525e-01 -1.000000e+00 0.000000e+00 -1.000000e+00 0.000000e+00 -1.000000e+00 -1.000000e+00 8.367547e-01 6.000000e+02 -1.000000e+00 0.000000e+00 -9.990070e+05 3.000000e+00 -1.000000e+00 -1.000000e+00 8.912093e-01 0.000000e+00 0.000000e+00 -1.000000e+00 8.570974e-02 -1.000000e+00 -9.990070e+05 8.570974e-02 9.779084e-01 9.955931e-01 -1.000000e+00 -1.000000e+00 0.000000e+00 -1.000000e+00 -1.0 0.000000e+00 8.754420e-01
-1.000000e+00 -1.000000e+00 0.000000e+00 -1.000000e+00 -1.000000e+00 5.750000e+02 8.173123e-01 -1.000000e+00 0.000000e+00 -1.000000e+00 0.000000e+00 -1.000000e+00 -1.000000e+00 5.644125e-01 6.000000e+02 -1.000000e+00 0.000000e+00 -9.990070e+05 3.000000e+00 -1.000000e+00 -1.000000e+00 6.880379e-01 0.000000e+00 0.000000e+00 -1.000000e+00 4.505054e-02 -1.000000e+00 -9.990070e+05 4.505054e-02 9.259610e-01 9.839375e-01 -1.000000e+00 -1.000000e+00 0.000000e+00 -1.000000e+00 -1.0 0.000000e+00 6.290579e-01
-1.000000e+00 -1.000000e+00 0.000000e+00 -1.000000e+00 -1.000000e+00 0.000000e+00 3.544778e-02 -1.000000e+00 0.000000e+00 -1.000000e+00 0.000000e+00 -1.000000e+00 -1.000000e+00 8.955211e-04 8.000000e+02 -1.000000e+00 0.000000e+00 -9.990070e+05 3.000000e+00 -1.000000e+00 -1.000000e+00 6.033095e-03 0.000000e+00 0.000000e+00 -1.000000e+00 3.016322e-04 -1.000000e+00 -9.990070e+05 3.016322e-04 1.604204e-01 4.695829e-01 -1.000000e+00 -1.000000e+00 0.000000e+00 -1.000000e+00 -1.0 0.000000e+00 3.269200e-03
-1.000000e+00 -1.000000e+00 0.000000e+00 -1.000000e+00 -1.000000e+00 1.000000e+02 2.557178e-02 -1.000000e+00 0.000000e+00 -1.000000e+00 0.000000e+00 -1.000000e+00 -1.000000e+00 5.075789e-04 8.000000e+02 -1.000000e+00 0.000000e+00 -9.990070e+05 3.000000e+00 -1.000000e+00 -1.000000e+00 3.865175e-03 0.000000e+00 0.000000e+00 -1.000000e+00 1.931088e-04 -1.000000e+00 -9.990070e+05 1.931088e-04 1.293791e-01 4.175136e-01 -1.000000e+00 -1.000000e+00 0.000000e+00 -1.000000e+00 -1.0 0.000000e+00 2.054914e-03
-1.000000e+00 -1.000000e+00 0.000000e+00 -1.000000e+00 -1.000000e+00 2.000000e+02 7.467051e-02 -1.000000e+00 0.000000e+00 -1.000000e+00 0.000000e+00 -1.000000e+00 -1.000000e+00 3.412546e-03 8.000000e+02 -1.000000e+00 0.000000e+00 -9.990070e+05 3.000000e+00 -1.000000e+00 -1.000000e+00 1.700060e-02 0.000000e+00 0.000000e+00 -1.000000e+00 8.725077e-04 -1.000000e+00 -9.990070e+05 8.725077e-04 2.578793e-01 5.997415e-01 -1.000000e+00 -1.000000e+00 0.000000e+00 -1.000000e+00 -1.0 0.000000e+00 9.822835e-03
-1.000000e+00 -1.000000e+00 0.000000e+00 -1.000000e+00 -1.000000e+00 3.000000e+02 1.489019e-01 -1.000000e+00 0.000000e+00 -1.000000e+00 0.000000e+00 -1.000000e+00 -1.000000e+00 1.262419e-02 8.000000e+02 -1.000000e+00 0.000000e+00 -9.990070e+05 3.000000e+00 -1.000000e+00 -1.000000e+00 4.585019e-02 0.000000e+00 0.000000e+00 -1.000000e+00 2.386174e-03 -1.000000e+00 -9.990070e+05 2.386174e-03 3.907204e-01 7.276464e-01 -1.000000e+00 -1.000000e+00 0.000000e+00 -1.000000e+00 -1.0 0.000000e+00 2.840326e-02
-1.000000e+00 -1.000000e+00 0.000000e+00 -1.000000e+00 -1.000000e+00 4.000000e+02 3.280961e-01 -1.000000e+00 0.000000e+00 -1.000000e+00 0.000000e+00 -1.000000e+00 -1.000000e+00 6.377493e-02 8.000000e+02 -1.000000e+00 0.000000e+00 -9.990070e+05 3.000000e+00 -1.000000e+00 -1.000000e+00 1.510623e-01 0.000000e+00 0.000000e+00 -1.000000e+00 8.201525e-03 -1.000000e+00 -9.990070e+05 8.201525e-03 6.047385e-01 8.663291e-01 -1.000000e+00 -1.000000e+00 0.000000e+00 -1.000000e+00 -1.0 0.000000e+00 1.057816e-01
-1.000000e+00 -1.000000e+00 0.000000e+00 -1.000000e+00 -1.000000e+00 5.000000e+02 4.915181e-01 -1.000000e+00 0.000000e+00 -1.000000e+00 0.000000e+00 -1.000000e+00 -1.000000e+00 1.580293e-01 8.000000e+02 -1.000000e+00 0.000000e+00 -9.990070e+05 3.000000e+00 -1.000000e+00 -1.000000e+00 2.881441e-01 0.000000e+00 0.000000e+00 -1.000000e+00 1.628927e-02 -1.000000e+00 -9.990070e+05 1.628927e-02 7.399097e-01 9.263316e-01 -1.000000e+00 -1.000000e+00 0.000000e+00 -1.000000e+00 -1.0 0.000000e+00 2.212587e-01
-1.000000e+00 -1.000000e+00 0.000000e+00 -1.000000e+00 -1.000000e+00 6.000000e+02 6.896855e-01 -1.000000e+00 0.000000e+00 -1.000000e+00 0.000000e+00 -1.000000e+00 -1.000000e+00 3.610366e-01 8.000000e+02 -1.000000e+00 0.000000e+00 -9.990070e+05 3.000000e+00 -1.000000e+00 -1.000000e+00 5.096851e-01 0.000000e+00 0.000000e+00 -1.000000e+00 3.067316e-02 -1.000000e+00 -9.990070e+05 3.067316e-02 8.628878e-01 9.672862e-01 -1.000000e+00 -1.000000e+00 0.000000e+00 -1.000000e+00 -1.0 0.000000e+00 4.347736e-01
-1.000000e+00 -1.000000e+00 0.000000e+00 -1.000000e+00 -1.000000e+00 0.000000e+00 1.737603e-01 -1.000000e+00 0.000000e+00 -1.000000e+00 0.000000e+00 -1.000000e+00 -1.000000e+00 1.711647e-02 9.000000e+02 -1.000000e+00 0.000000e+00 -9.990070e+05 3.000000e+00 -1.000000e+00 -1.000000e+00 5.755906e-02 0.000000e+00 0.000000e+00 -1.000000e+00 2.995983e-03 -1.000000e+00 -9.990070e+05 2.995983e-03 4.271035e-01 7.560422e-01 -1.000000e+00 -1.000000e+00 0.000000e+00 -1.000000e+00 -1.0 0.000000e+00 3.628485e-02
-1.000000e+00 -1.000000e+00 0.000000e+00 -1.000000e+00 -1.000000e+00 1.000000e+02 2.042247e-01 -1.000000e+00 0.000000e+00 -1.000000e+00 0.000000e+00 -1.000000e+00 -1.000000e+00 2.366955e-02 9.000000e+02 -1.000000e+00 0.000000e+00 -9.990070e+05 3.000000e+00 -1.000000e+00 -1.000000e+00 7.321363e-02 0.000000e+00 0.000000e+00 -1.000000e+00 3.851347e-03 -1.000000e+00 -9.990070e+05 3.851347e-03 4.679787e-01 7.852905e-01 -1.000000e+00 -1.000000e+00 0.000000e+00 -1.000000e+00 -1.0 0.000000e+00 4.727084e-02
-1.000000e+00 -1.000000e+00 0.000000e+00 -1.000000e+00 -1.000000e+00 2.000000e+02 2.264227e-01 -1.000000e+00 0.000000e+00 -1.000000e+00 0.000000e+00 -1.000000e+00 -1.000000e+00 2.921040e-02 9.000000e+02 -1.000000e+00 0.000000e+00 -9.990070e+05 3.000000e+00 -1.000000e+00 -1.000000e+00 8.550356e-02 0.000000e+00 0.000000e+00 -1.000000e+00 4.496778e-03 -1.000000e+00 -9.990070e+05 4.496778e-03 4.956114e-01 8.036282e-01 -1.000000e+00 -1.000000e+00 0.000000e+00 -1.000000e+00 -1.0 0.000000e+00 5.595995e-02
-1.000000e+00 -1.000000e+00 0.000000e+00 -1.000000e+00 -1.000000e+00 3.000000e+02 2.972153e-01 -1.000000e+00 0.000000e+00 -1.000000e+00 0.000000e+00 -1.000000e+00 -1.000000e+00 5.157803e-02 9.000000e+02 -1.000000e+00 0.000000e+00 -9.990070e+05 3.000000e+00 -1.000000e+00 -1.000000e+00 1.295562e-01 0.000000e+00 0.000000e+00 -1.000000e+00 6.966101e-03 -1.000000e+00 -9.990070e+05 6.966101e-03 5.741766e-01 8.502041e-01 -1.000000e+00 -1.000000e+00 0.000000e+00 -1.000000e+00 -1.0 0.000000e+00 8.896405e-02
-1.000000e+00 -1.000000e+00 0.000000e+00 -1.000000e+00 -1.000000e+00 4.000000e+02 3.910661e-01 -1.000000e+00 0.000000e+00 -1.000000e+00 0.000000e+00 -1.000000e+00 -1.000000e+00 9.378912e-02 9.000000e+02 -1.000000e+00 0.000000e+00 -9.990070e+05 3.000000e+00 -1.000000e+00 -1.000000e+00 1.992171e-01 0.000000e+00 0.000000e+00 -1.000000e+00 1.110512e-02 -1.000000e+00 -9.990070e+05 1.110512e-02 6.615411e-01 8.936694e-01 -1.000000e+00 -1.000000e+00 0.000000e+00 -1.000000e+00 -1.0 0.000000e+00 1.451794e-01
-1.000000e+00 -1.000000e+00 0.000000e+00 -1.000000e+00 -1.000000e+00 5.000000e+02 5.812321e-01 -1.000000e+00 0.000000e+00 -1.000000e+00 0.000000e+00 -1.000000e+00 -1.000000e+00 2.356775e-01 9.000000e+02 -1.000000e+00 0.000000e+00 -9.990070e+05 3.000000e+00 -1.000000e+00 -1.000000e+00 3.805778e-01 0.000000e+00 0.000000e+00 -1.000000e+00 2.215006e-02 -1.000000e+00 -9.990070e+05 2.215006e-02 7.999964e-01 9.478122e-01 -1.000000e+00 -1.000000e+00 0.000000e+00 -1.000000e+00 -1.0 0.000000e+00 3.068190e-01
-1.000000e+00 -1.000000e+00 0.000000e+00 -1.000000e+00 -1.000000e+00 6.000000e+02 7.261966e-01 -1.000000e+00 0.000000e+00 -1.000000e+00 0.000000e+00 -1.000000e+00 -1.000000e+00 4.123902e-01 9.000000e+02 -1.000000e+00 0.000000e+00 -9.990070e+05 3.000000e+00 -1.000000e+00 -1.000000e+00 5.576723e-01 0.000000e+00 0.000000e+00 -1.000000e+00 3.388458e-02 -1.000000e+00 -9.990070e+05 3.388458e-02 8.820317e-01 9.726368e-01 -1.000000e+00 -1.000000e+00 0.000000e+00 -1.000000e+00 -1.0 0.000000e+00 4.845842e-01
