-1.000000e+00 -1.000000e+00 0.000000e+00 -1.000000e+00 -1.000000e+00 0.000000e+00 8.363635e-28 -1.000000e+00 0.000000e+00 -1.000000e+00 0.000000e+00 -1.000000e+00 -1.000000e+00 6.774540e-37 6.000000e+02 -1.000000e+00 0.000000e+00 -9.990070e+05 3.000000e+00 -1.000000e+00 -1.000000e+00 2.629283e-32 0.000000e+00 0.000000e+00 -1.000000e+00 2.182148e-30 -1.000000e+00 -9.990070e+05 2.182148e-30 1.847770e-23 2.196620e-19 -1.000000e+00 -1.000000e+00 0.000000e+00 -1.000000e+00 4 0.000000e+00 6.814857e-30
-1.000000e+00 -1.000000e+00 0.000000e+00 -1.000000e+00 -1.000000e+00 3.000000e+02 2.747139e-01 -1.000000e+00 0.000000e+00 -1.000000e+00 0.000000e+00 -1.000000e+00 -1.000000e+00 4.365498e-02 1.100000e+03 -1.000000e+00 0.000000e+00 -9.990070e+05 3.000000e+00 -1.000000e+00 -1.000000e+00 1.147591e-01 0.000000e+00 0.000000e+00 -1.000000e+00 2.420358e-01 -1.000000e+00 -9.990070e+05 2.420358e-01 5.505963e-01 8.370318e-01 -1.000000e+00 -1.000000e+00 0.000000e+00 -1.000000e+00 2 0.000000e+00 3.708472e-01
-1.000000e+00 -1.000000e+00 0.000000e+00 -1.000000e+00 -1.000000e+00 0.000000e+00 1.080381e-03 -1.000000e+00 0.000000e+00 -1.000000e+00 0.000000e+00 -1.000000e+00 -1.000000e+00 3.019415e-06 9.000000e+02 -1.000000e+00 0.000000e+00 -9.990070e+05 3.000000e+00 -1.000000e+00 -1.000000e+00 6.195973e-05 0.000000e+00 0.000000e+00 -1.000000e+00 5.112581e-05 -1.000000e+00 -9.990070e+05 5.112581e-05 1.383846e-02 1.046527e-01 -1.000000e+00 -1.000000e+00 0.000000e+00 -1.000000e+00 4 0.000000e+00 1.902066e-04
-1.000000e+00 -1.000000e+00 0.000000e+00 -1.000000e+00 -1.000000e+00 3.000000e+02 7.143128e-03 -1.000000e+00 0.000000e+00 -1.000000e+00 0.000000e+00 -1.000000e+00 -1.000000e+00 6.001629e-05 9.000000e+02 -1.000000e+00 0.000000e+00 -9.990070e+05 3.000000e+00 -1.000000e+00 -1.000000e+00 7.064647e-04 0.000000e+00 0.000000e+00 -1.000000e+00 4.562532e-04 -1.000000e+00 -9.990070e+05 4.562532e-04 5.408569e-02 2.507717e-01 -1.000000e+00 -1.000000e+00 0.000000e+00 -1.000000e+00 4 0.000000e+00 1.717667e-03
-1.000000e+00 -1.000000e+00 0.000000e+00 -1.000000e+00 -1.000000e+00 0.000000e+00 3.966696e-03 -1.000000e+00 0.000000e+00 -1.000000e+00 0.000000e+00 -1.000000e+00 -1.000000e+00 2.322126e-05 2.000000e+02 -1.000000e+00 0.000000e+00 -9.990070e+05 3.000000e+00 -1.000000e+00 -1.000000e+00 3.281147e-04 0.000000e+00 0.000000e+00 -1.000000e+00 8.146401e-04 -1.000000e+00 -9.990070e+05 8.146401e-04 3.565684e-02 1.936184e-01 -1.000000e+00 -1.000000e+00 0.000000e+00 -1.000000e+00 4 0.000000e+00 2.069447e-03
-1.000000e+00 -1.000000e+00 0.000000e+00 -1.000000e+00 -1.000000e+00 4.000000e+02 8.062245e-01 -1.000000e+00 0.000000e+00 -1.000000e+00 0.000000e+00 -1.000000e+00 -1.000000e+00 5.439289e-01 1.500000e+03 -1.000000e+00 0.000000e+00 -9.990070e+05 3.000000e+00 -1.000000e+00 -1.000000e+00 6.713350e-01 1.000000e+00 0.000000e+00 -1.000000e+00 5.000000e-01 -1.000000e+00 -9.990070e+05 5.000000e-01 9.208896e-01 9.827013e-01 -1.000000e+00 -1.000000e+00 0.000000e+00 -1.000000e+00 2 0.000000e+00 8.376784e-01
-1.000000e+00 -1.000000e+00 0.000000e+00 -1.000000e+00 -1.000000e+00 3.500000e+02 8.578062e-07 -1.000000e+00 0.000000e+00 -1.000000e+00 0.000000e+00 -1.000000e+00 -1.000000e+00 9.805381e-11 4.000000e+02 -1.000000e+00 0.000000e+00 -9.990070e+05 3.000000e+00 -1.000000e+00 -1.000000e+00 1.003950e-08 0.000000e+00 0.000000e+00 -1.000000e+00 4.282872e-07 -1.000000e+00 -9.990070e+05 4.282872e-07 5.224606e-05 1.780959e-03 -1.000000e+00 -1.000000e+00 0.000000e+00 -1.000000e+00 5 0.000000e+00 8.567665e-07
-1.000000e+00 -1.000000e+00 0.000000e+00 -1.000000e+00 -1.000000e+00 2.000000e+02 4.833226e-01 -1.000000e+00 0.000000e+00 -1.000000e+00 0.000000e+00 -1.000000e+00 -1.000000e+00 1.519505e-01 1.300000e+03 -1.000000e+00 0.000000e+00 -9.990070e+05 3.000000e+00 -1.000000e+00 -1.000000e+00 2.803213e-01 0.000000e+00 0.000000e+00 -1.000000e+00 3.806302e-01 -1.000000e+00 -9.990070e+05 3.806302e-01 7.339940e-01 9.240558e-01 -1.000000e+00 -1.000000e+00 0.000000e+00 -1.000000e+00 2 0.000000e+00 5.816754e-01
-1.000000e+00 -1.000000e+00 0.000000e+00 -1.000000e+00 -1.000000e+00 4.000000e+02 2.009325e-02 -1.000000e+00 0.000000e+00 -1.000000e+00 0.000000e+00 -1.000000e+00 -1.000000e+00 3.358386e-04 5.000000e+02 -1.000000e+00 0.000000e+00 -9.990070e+05 3.000000e+00 -1.000000e+00 -1.000000e+00 2.790479e-03 0.000000e+00 0.000000e+00 -1.000000e+00 1.012887e-02 -1.000000e+00 -9.990070e+05 1.012887e-02 1.101232e-01 3.814185e-01 -1.000000e+00 -1.000000e+00 0.000000e+00 -1.000000e+00 5 0.000000e+00 2.020836e-02
-1.000000e+00 -1.000000e+00 0.000000e+00 -1.000000e+00 -1.000000e+00 2.000000e+02 7.856643e-01 -1.000000e+00 0.000000e+00 -1.000000e+00 0.000000e+00 -1.000000e+00 -1.000000e+00 5.074659e-01 1.500000e+03 -1.000000e+00 0.000000e+00 -9.990070e+05 3.000000e+00 -1.000000e+00 -1.000000e+00 6.409893e-01 1.000000e+00 0.000000e+00 -1.000000e+00 5.000000e-01 -1.000000e+00 -9.990070e+05 5.000000e-01 9.112912e-01 9.803131e-01 -1.000000e+00 -1.000000e+00 0.000000e+00 -1.000000e+00 2 0.000000e+00 8.234955e-01
-1.000000e+00 -1.000000e+00 0.000000e+00 -1.000000e+00 -1.000000e+00 3.750000e+02 1.176434e-04 -1.000000e+00 0.000000e+00 -1.000000e+00 0.000000e+00 -1.000000e+00 -1.000000e+00 1.073990e-07 4.250000e+02 -1.000000e+00 0.000000e+00 -9.990070e+05 3.000000e+00 -1.000000e+00 -1.000000e+00 3.871584e-06 0.000000e+00 0.000000e+00 -1.000000e+00 5.854338e-05 -1.000000e+00 -9.990070e+05 5.854338e-05 2.590136e-03 3.283276e-02 -1.000000e+00 -1.000000e+00 0.000000e+00 -1.000000e+00 5 0.000000e+00 1.171953e-04
-1.000000e+00 -1.000000e+00 0.000000e+00 -1.000000e+00 -1.000000e+00 1.000000e+02 1.355064e-01 -1.000000e+00 0.000000e+00 -1.000000e+00 0.000000e+00 -1.000000e+00 -1.000000e+00 1.050763e-02 1.100000e+03 -1.000000e+00 0.000000e+00 -9.990070e+05 3.000000e+00 -1.000000e+00 -1.000000e+00 3.994927e-02 0.000000e+00 0.000000e+00 -1.000000e+00 1.350415e-01 -1.000000e+00 -9.990070e+05 1.350415e-01 3.697649e-01 7.101719e-01 -1.000000e+00 -1.000000e+00 0.000000e+00 -1.000000e+00 2 0.000000e+00 2.072201e-01
-1.000000e+00 -1.000000e+00 0.000000e+00 -1.000000e+00 -1.000000e+00 2.000000e+02 8.549320e-02 -1.000000e+00 0.000000e+00 -1.000000e+00 0.000000e+00 -1.000000e+00 -1.000000e+00 4.384294e-03 1.000000e+03 -1.000000e+00 0.000000e+00 -9.990070e+05 3.000000e+00 -1.000000e+00 -1.000000e+00 2.059431e-02 0.000000e+00 0.000000e+00 -1.000000e+00 9.144276e-03 -1.000000e+00 -9.990070e+05 9.144276e-03 2.803433e-01 6.245991e-01 -1.000000e+00 -1.000000e+00 0.000000e+00 -1.000000e+00 4 0.000000e+00 3.502648e-02
-1.000000e+00 -1.000000e+00 0.000000e+00 -1.000000e+00 -1.000000e+00 3.000000e+02 7.904358e-01 -1.000000e+00 0.000000e+00 -1.000000e+00 0.000000e+00 -1.000000e+00 -1.000000e+00 5.157555e-01 1.500000e+03 -1.000000e+00 0.000000e+00 -9.990070e+05 3.000000e+00 -1.000000e+00 -1.000000e+00 6.479598e-01 1.000000e+00 0.000000e+00 -1.000000e+00 5.000000e-01 -1.000000e+00 -9.990070e+05 5.000000e-01 9.135416e-01 9.808787e-01 -1.000000e+00 -1.000000e+00 0.000000e+00 -1.000000e+00 2 0.000000e+00 8.267440e-01
-1.000000e+00 -1.000000e+00 0.000000e+00 -1.000000e+00 -1.000000e+00 0.000000e+00 5.143508e-19 -1.000000e+00 0.000000e+00 -1.000000e+00 0.000000e+00 -1.000000e+00 -1.000000e+00 2.291206e-26 4.000000e+02 -1.000000e+00 0.000000e+00 -9.990070e+05 3.000000e+00 -1.000000e+00 -1.000000e+00 1.197390e-22 0.000000e+00 0.000000e+00 -1.000000e+00 2.703703e-21 -1.000000e+00 -9.990070e+05 2.703703e-21 1.540368e-15 2.494954e-12 -1.000000e+00 -1.000000e+00 0.000000e+00 -1.000000e+00 4 0.000000e+00 8.681744e-21
-1.000000e+00 -1.000000e+00 0.000000e+00 -1.000000e+00 -1.000000e+00 1.000000e+02 8.685739e-01 -1.000000e+00 0.000000e+00 -1.000000e+00 0.000000e+00 -1.000000e+00 -1.000000e+00 6.670663e-01 1.600000e+03 -1.000000e+00 0.000000e+00 -9.990070e+05 3.000000e+00 -1.000000e+00 -1.000000e+00 7.684230e-01 1.000000e+00 0.000000e+00 -1.000000e+00 5.000000e-01 -1.000000e+00 -9.990070e+05 5.000000e-01 9.484920e-01 9.892171e-01 -1.000000e+00 -1.000000e+00 0.000000e+00 -1.000000e+00 2 0.000000e+00 8.838403e-01
-1.000000e+00 -1.000000e+00 0.000000e+00 -1.000000e+00 -1.000000e+00 4.000000e+02 1.402959e-01 -1.000000e+00 0.000000e+00 -1.000000e+00 0.000000e+00 -1.000000e+00 -1.000000e+00 1.124045e-02 6.000000e+02 -1.000000e+00 0.000000e+00 -9.990070e+05 3.000000e+00 -1.000000e+00 -1.000000e+00 4.202565e-02 0.000000e+00 0.000000e+00 -1.000000e+00 7.024897e-02 -1.000000e+00 -9.990070e+05 7.024897e-02 3.773767e-01 7.166193e-01 -1.000000e+00 -1.000000e+00 0.000000e+00 -1.000000e+00 5 0.000000e+00 1.404138e-01
-1.000000e+00 -1.000000e+00 0.000000e+00 -1.000000e+00 -1.000000e+00 5.000000e+02 2.964056e-01 -1.000000e+00 0.000000e+00 -1.000000e+00 0.000000e+00 -1.000000e+00 -1.000000e+00 5.127912e-02 1.000000e+03 -1.000000e+00 0.000000e+00 -9.990070e+05 3.000000e+00 -1.000000e+00 -1.000000e+00 1.290109e-01 0.000000e+00 0.000000e+00 -1.000000e+00 4.432947e-02 -1.000000e+00 -9.990070e+05 4.432947e-02 5.733482e-01 8.497523e-01 -1.000000e+00 -1.000000e+00 0.000000e+00 -1.000000e+00 4 0.000000e+00 1.737326e-01
-1.000000e+00 -1.000000e+00 0.000000e+00 -1.000000e+00 -1.000000e+00 2.000000e+02 8.728468e-01 -1.000000e+00 0.000000e+00 -1.000000e+00 0.000000e+00 -1.000000e+00 -1.000000e+00 6.762446e-01 1.600000e+03 -1.000000e+00 0.000000e+00 -9.990070e+05 3.000000e+00 -1.000000e+00 -1.000000e+00 7.753639e-01 1.000000e+00 0.000000e+00 -1.000000e+00 5.000000e-01 -1.000000e+00 -9.990070e+05 5.000000e-01 9.503044e-01 9.896268e-01 -1.000000e+00 -1.000000e+00 0.000000e+00 -1.000000e+00 2 0.000000e+00 8.871909e-01
-1.000000e+00 -1.000000e+00 0.000000e+00 -1.000000e+00 -1.000000e+00 3.000000e+02 3.522512e-01 -1.000000e+00 0.000000e+00 -1.000000e+00 0.000000e+00 -1.000000e+00 -1.000000e+00 7.444121e-02 1.200000e+03 -1.000000e+00 0.000000e+00 -9.990070e+05 3.000000e+00 -1.000000e+00 -1.000000e+00 1.688508e-01 0.000000e+00 0.000000e+00 -1.000000e+00 2.960289e-01 -1.000000e+00 -9.990070e+05 2.960289e-01 6.273421e-01 8.776038e-01 -1.000000e+00 -1.000000e+00 0.000000e+00 -1.000000e+00 2 0.000000e+00 4.530953e-01
-1.000000e+00 -1.000000e+00 0.000000e+00 -1.000000e+00 -1.000000e+00 6.000000e+02 7.491264e-01 -1.000000e+00 0.000000e+00 -1.000000e+00 0.000000e+00 -1.000000e+00 -1.000000e+00 4.472976e-01 1.300000e+03 -1.000000e+00 0.000000e+00 -9.990070e+05 3.000000e+00 -1.000000e+00 -1.000000e+00 5.890275e-01 1.000000e+00 0.000000e+00 -1.000000e+00 5.000000e-01 -1.000000e+00 -9.990070e+05 5.000000e-01 8.935859e-01 9.757398e-01 -1.000000e+00 -1.000000e+00 0.000000e+00 -1.000000e+00 2 0.000000e+00 7.994413e-01
-1.000000e+00 -1.000000e+00 0.000000e+00 -1.000000e+00 -1.000000e+00 4.000000e+02 4.454358e-01 -1.000000e+00 0.000000e+00 -1.000000e+00 0.000000e+00 -1.000000e+00 -1.000000e+00 1.258556e-01 1.200000e+03 -1.000000e+00 0.000000e+00 -9.990070e+05 3.000000e+00 -1.000000e+00 -1.000000e+00 2.454778e-01 0.000000e+00 0.000000e+00 -1.000000e+00 3.572780e-01 -1.000000e+00 -9.990070e+05 3.572780e-01 7.056010e-01 9.127122e-01 -1.000000e+00 -1.000000e+00 0.000000e+00 -1.000000e+00 2 0.000000e+00 5.459397e-01
-1.000000e+00 -1.000000e+00 0.000000e+00 -1.000000e+00 -1.000000e+00 3.000000e+02 3.841956e-06 -1.000000e+00 0.000000e+00 -1.000000e+00 0.000000e+00 -1.000000e+00 -1.000000e+00 7.907593e-10 4.000000e+02 -1.000000e+00 0.000000e+00 -9.990070e+05 3.000000e+00 -1.000000e+00 -1.000000e+00 6.026581e-08 0.000000e+00 0.000000e+00 -1.000000e+00 1.922059e-06 -1.000000e+00 -9.990070e+05 1.922059e-06 1.752453e-04 4.502086e-03 -1.000000e+00 -1.000000e+00 0.000000e+00 -1.000000e+00 5 0.000000e+00 3.843761e-06
-1.000000e+00 -1.000000e+00 0.000000e+00 -1.000000e+00 -1.000000e+00 3.000000e+02 5.283566e-01 -1.000000e+00 0.000000e+00 -1.000000e+00 0.000000e+00 -1.000000e+00 -1.000000e+00 1.873730e-01 1.300000e+03 -1.000000e+00 0.000000e+00 -9.990070e+05 3.000000e+00 -1.000000e+00 -1.000000e+00 3.245791e-01 0.000000e+00 0.000000e+00 -1.000000e+00 4.072195e-01 -1.000000e+00 -9.990070e+05 4.072195e-01 7.655795e-01 9.358670e-01 -1.000000e+00 -1.000000e+00 0.000000e+00 -1.000000e+00 2 0.000000e+00 6.227754e-01
-1.000000e+00 -1.000000e+00 0.000000e+00 -1.000000e+00 -1.000000e+00 3.000000e+02 1.239956e-01 -1.000000e+00 0.000000e+00 -1.000000e+00 0.000000e+00 -1.000000e+00 -1.000000e+00 8.853552e-03 1.000000e+03 -1.000000e+00 0.000000e+00 -9.990070e+05 3.000000e+00 -1.000000e+00 -1.000000e+00 3.511352e-02 0.000000e+00 0.000000e+00 -1.000000e+00 1.449119e-02 -1.000000e+00 -9.990070e+05 1.449119e-02 3.508831e-01 6.936625e-01 -1.000000e+00 -1.000000e+00 0.000000e+00 -1.000000e+00 4 0.000000e+00 5.588610e-02
-1.000000e+00 -1.000000e+00 0.000000e+00 -1.000000e+00 -1.000000e+00 5.000000e+02 2.335968e-01 -1.000000e+00 0.000000e+00 -1.000000e+00 0.000000e+00 -1.000000e+00 -1.000000e+00 3.114494e-02 9.000000e+02 -1.000000e+00 0.000000e+00 -9.990070e+05 3.000000e+00 -1.000000e+00 -1.000000e+00 8.963247e-02 0.000000e+00 0.000000e+00 -1.000000e+00 3.252815e-02 -1.000000e+00 -9.990070e+05 3.252815e-02 5.042001e-01 8.091081e-01 -1.000000e+00 -1.000000e+00 0.000000e+00 -1.000000e+00 4 0.000000e+00 1.267442e-01
-1.000000e+00 -1.000000e+00 0.000000e+00 -1.000000e+00 -1.000000e+00 4.000000e+02 2.796052e-02 -1.000000e+00 0.000000e+00 -1.000000e+00 0.000000e+00 -1.000000e+00 -1.000000e+00 5.922450e-04 8.000000e+02 -1.000000e+00 0.000000e+00 -9.990070e+05 3.000000e+00 -1.000000e+00 -1.000000e+00 4.363585e-03 0.000000e+00 0.000000e+00 -1.000000e+00 2.332616e-03 -1.000000e+00 -9.990070e+05 2.332616e-03 1.372680e-01 4.313996e-01 -1.000000e+00 -1.000000e+00 0.000000e+00 -1.000000e+00 4 0.000000e+00 8.839845e-03
-1.000000e+00 -1.000000e+00 0.000000e+00 -1.000000e+00 -1.000000e+00 6.000000e+02 8.965174e-01 -1.000000e+00 0.000000e+00 -1.000000e+00 0.000000e+00 -1.000000e+00 -1.000000e+00 7.289299e-01 1.600000e+03 -1.000000e+00 0.000000e+00 -9.990070e+05 3.000000e+00 -1.000000e+00 -1.000000e+00 8.145023e-01 1.000000e+00 0.000000e+00 -1.000000e+00 5.000000e-01 -1.000000e+00 -9.990070e+05 5.000000e-01 9.601687e-01 9.918178e-01 -1.000000e+00 -1.000000e+00 0.000000e+00 -1.000000e+00 2 0.000000e+00 9.062218e-01
-1.000000e+00 -1.000000e+00 0.000000e+00 -1.000000e+00 -1.000000e+00 5.000000e+02 1.753749e-01 -1.000000e+00 0.000000e+00 -1.000000e+00 0.000000e+00 -1.000000e+00 -1.000000e+00 1.743431e-02 6.000000e+02 -1.000000e+00 0.000000e+00 -9.990070e+05 3.000000e+00 -1.000000e+00 -1.000000e+00 5.835303e-02 0.000000e+00 0.000000e+00 -1.000000e+00 8.770929e-02 -1.000000e+00 -9.990070e+05 8.770929e-02 4.293658e-01 7.577315e-01 -1.000000e+00 -1.000000e+00 0.000000e+00 -1.000000e+00 5 0.000000e+00 1.753994e-01
-1.000000e+00 -1.000000e+00 0.000000e+00 -1.000000e+00 -1.000000e+00 0.000000e+00 4.569011e-01 -1.000000e+00 0.000000e+00 -1.000000e+00 0.000000e+00 -1.000000e+00 -1.000000e+00 1.334126e-01 1.300000e+03 -1.000000e+00 0.000000e+00 -9.990070e+05 3.000000e+00 -1.000000e+00 -1.000000e+00 2.557942e-01 0.000000e+00 0.000000e+00 -1.000000e+00 3.646533e-01 -1.000000e+00 -9.990070e+05 3.646533e-01 7.143805e-01 9.162952e-01 -1.000000e+00 -1.000000e+00 0.000000e+00 -1.000000e+00 2 0.000000e+00 5.570184e-01
-1.000000e+00 -1.000000e+00 0.000000e+00 -1.000000e+00 -1.000000e+00 0.000000e+00 8.696438e-01 -1.000000e+00 0.000000e+00 -1.000000e+00 0.000000e+00 -1.000000e+00 -1.000000e+00 6.693552e-01 1.600000e+03 -1.000000e+00 0.000000e+00 -9.990070e+05 3.000000e+00 -1.000000e+00 -1.000000e+00 7.701575e-01 1.000000e+00 0.000000e+00 -1.000000e+00 5.000000e-01 -1.000000e+00 -9.990070e+05 5.000000e-01 9.489467e-01 9.893201e-01 -1.000000e+00 -1.000000e+00 0.000000e+00 -1.000000e+00 2 0.000000e+00 8.846769e-01
-1.000000e+00 -1.000000e+00 0.000000e+00 -1.000000e+00 -1.000000e+00 2.000000e+02 4.224844e-07 -1.000000e+00 0.000000e+00 -1.000000e+00 0.000000e+00 -1.000000e+00 -1.000000e+00 3.698093e-11 8.000000e+02 -1.000000e+00 0.000000e+00 -9.990070e+05 3.000000e+00 -1.000000e+00 -1.000000e+00 4.329034e-09 0.000000e+00 0.000000e+00 -1.000000e+00 8.483811e-09 -1.000000e+00 -9.990070e+05 8.483811e-09 2.934649e-05 1.137991e-03 -1.000000e+00 -1.000000e+00 0.000000e+00 -1.000000e+00 4 0.000000e+00 3.026294e-08
-1.000000e+00 -1.000000e+00 0.000000e+00 -1.000000e+00 -1.000000e+00 6.000000e+02 7.867340e-01 -1.000000e+00 0.000000e+00 -1.000000e+00 0.000000e+00 -1.000000e+00 -1.000000e+00 5.093154e-01 1.400000e+03 -1.000000e+00 0.000000e+00 -9.990070e+05 3.000000e+00 -1.000000e+00 -1.000000e+00 6.425483e-01 1.000000e+00 0.000000e+00 -1.000000e+00 5.000000e-01 -1.000000e+00 -9.990070e+05 5.000000e-01 9.117969e-01 9.804405e-01 -1.000000e+00 -1.000000e+00 0.000000e+00 -1.000000e+00 2 0.000000e+00 8.242216e-01
-1.000000e+00 -1.000000e+00 0.000000e+00 -1.000000e+00 -1.000000e+00 5.000000e+02 6.482837e-01 -1.000000e+00 0.000000e+00 -1.000000e+00 0.000000e+00 -1.000000e+00 -1.000000e+00 3.086474e-01 1.300000e+03 -1.000000e+00 0.000000e+00 -9.990070e+05 3.000000e+00 -1.000000e+00 -1.000000e+00 4.580742e-01 0.000000e+00 0.000000e+00 -1.000000e+00 4.768045e-01 -1.000000e+00 -9.990070e+05 4.768045e-01 8.399986e-01 9.605403e-01 -1.000000e+00 -1.000000e+00 0.000000e+00 -1.000000e+00 2 0.000000e+00 7.283074e-01
-1.000000e+00 -1.000000e+00 0.000000e+00 -1.000000e+00 -1.000000e+00 3.000000e+02 1.006203e-04 -1.000000e+00 0.000000e+00 -1.000000e+00 0.000000e+00 -1.000000e+00 -1.000000e+00 8.534567e-08 8.000000e+02 -1.000000e+00 0.000000e+00 -9.990070e+05 3.000000e+00 -1.000000e+00 -1.000000e+00 3.192537e-06 0.000000e+00 0.000000e+00 -1.000000e+00 3.491798e-06 -1.000000e+00 -9.990070e+05 3.491798e-06 2.296068e-03 3.012515e-02 -1.000000e+00 -1.000000e+00 0.000000e+00 -1.000000e+00 4 0.000000e+00 1.281124e-05
-1.000000e+00 -1.000000e+00 0.000000e+00 -1.000000e+00 -1.000000e+00 4.000000e+02 7.016941e-01 -1.000000e+00 0.000000e+00 -1.000000e+00 0.000000e+00 -1.000000e+00 -1.000000e+00 3.773732e-01 1.400000e+03 -1.000000e+00 0.000000e+00 -9.990070e+05 3.000000e+00 -1.000000e+00 -1.000000e+00 5.252088e-01 1.000000e+00 0.000000e+00 -1.000000e+00 5.000000e-01 -1.000000e+00 -9.990070e+05 5.000000e-01 8.692884e-01 9.691044e-01 -1.000000e+00 -1.000000e+00 0.000000e+00 -1.000000e+00 2 0.000000e+00 7.702345e-01
-1.000000e+00 -1.000000e+00 0.000000e+00 -1.000000e+00 -1.000000e+00 5.000000e+02 7.382769e-01 -1.000000e+00 0.000000e+00 -1.000000e+00 0.000000e+00 -1.000000e+00 -1.000000e+00 4.305162e-01 1.400000e+03 -1.000000e+00 0.000000e+00 -9.990070e+05 3.000000e+00 -1.000000e+00 -1.000000e+00 5.740726e-01 1.000000e+00 0.000000e+00 -1.000000e+00 5.000000e-01 -1.000000e+00 -9.990070e+05 5.000000e-01 8.881626e-01 9.742951e-01 -1.000000e+00 -1.000000e+00 0.000000e+00 -1.000000e+00 2 0.000000e+00 7.925669e-01
-1.000000e+00 -1.000000e+00 0.000000e+00 -1.000000e+00 -1.000000e+00 4.000000e+02 1.746375e-01 -1.000000e+00 0.000000e+00 -1.000000e+00 0.000000e+00 -1.000000e+00 -1.000000e+00 1.728875e-02 1.000000e+03 -1.000000e+00 0.000000e+00 -9.990070e+05 3.000000e+00 -1.000000e+00 -1.000000e+00 5.798992e-02 0.000000e+00 0.000000e+00 -1.000000e+00 2.237899e-02 -1.000000e+00 -9.990070e+05 2.237899e-02 4.283340e-01 7.569621e-01 -1.000000e+00 -1.000000e+00 0.000000e+00 -1.000000e+00 4 0.000000e+00 8.673439e-02
-1.000000e+00 -1.000000e+00 0.000000e+00 -1.000000e+00 -1.000000e+00 5.750000e+02 2.550611e-01 -1.000000e+00 0.000000e+00 -1.000000e+00 0.000000e+00 -1.000000e+00 -1.000000e+00 3.736734e-02 6.000000e+02 -1.000000e+00 0.000000e+00 -9.990070e+05 3.000000e+00 -1.000000e+00 -1.000000e+00 1.024397e-01 0.000000e+00 0.000000e+00 -1.000000e+00 1.277376e-01 -1.000000e+00 -9.990070e+05 1.277376e-01 5.289913e-01 8.243717e-01 -1.000000e+00 -1.000000e+00 0.000000e+00 -1.000000e+00 5 0.000000e+00 2.552733e-01
-1.000000e+00 -1.000000e+00 0.000000e+00 -1.000000e+00 -1.000000e+00 4.000000e+02 5.591132e-01 -1.000000e+00 0.000000e+00 -1.000000e+00 0.000000e+00 -1.000000e+00 -1.000000e+00 2.145410e-01 1.300000e+03 -1.000000e+00 0.000000e+00 -9.990070e+05 3.000000e+00 -1.000000e+00 -1.000000e+00 3.566144e-01 0.000000e+00 0.000000e+00 -1.000000e+00 4.255593e-01 -1.000000e+00 -9.990070e+05 4.255593e-01 7.859284e-01 9.430433e-01 -1.000000e+00 -1.000000e+00 0.000000e+00 -1.000000e+00 2 0.000000e+00 6.505829e-01
-1.000000e+00 -1.000000e+00 0.000000e+00 -1.000000e+00 -1.000000e+00 4.000000e+02 3.911958e-02 -1.000000e+00 0.000000e+00 -1.000000e+00 0.000000e+00 -1.000000e+00 -1.000000e+00 1.065076e-03 9.000000e+02 -1.000000e+00 0.000000e+00 -9.990070e+05 3.000000e+00 -1.000000e+00 -1.000000e+00 6.907544e-03 0.000000e+00 0.000000e+00 -1.000000e+00 3.491716e-03 -1.000000e+00 -9.990070e+05 3.491716e-03 1.710447e-01 4.859682e-01 -1.000000e+00 -1.000000e+00 0.000000e+00 -1.000000e+00 4 0.000000e+00 1.328609e-02
-1.000000e+00 -1.000000e+00 0.000000e+00 -1.000000e+00 -1.000000e+00 6.000000e+02 5.255968e-01 -1.000000e+00 0.000000e+00 -1.000000e+00 0.000000e+00 -1.000000e+00 -1.000000e+00 1.850568e-01 1.000000e+03 -1.000000e+00 0.000000e+00 -9.990070e+05 3.000000e+00 -1.000000e+00 -1.000000e+00 3.217769e-01 0.000000e+00 0.000000e+00 -1.000000e+00 9.620849e-02 -1.000000e+00 -9.990070e+05 9.620849e-02 7.637068e-01 9.351897e-01 -1.000000e+00 -1.000000e+00 0.000000e+00 -1.000000e+00 4 0.000000e+00 3.820270e-01
-1.000000e+00 -1.000000e+00 0.000000e+00 -1.000000e+00 -1.000000e+00 4.500000e+02 1.452878e-02 -1.000000e+00 0.000000e+00 -1.000000e+00 0.000000e+00 -1.000000e+00 -1.000000e+00 1.941434e-04 5.000000e+02 -1.000000e+00 0.000000e+00 -9.990070e+05 3.000000e+00 -1.000000e+00 -1.000000e+00 1.806912e-03 0.000000e+00 0.000000e+00 -1.000000e+00 7.345389e-03 -1.000000e+00 -9.990070e+05 7.345389e-03 8.840751e-02 3.362000e-01 -1.000000e+00 -1.000000e+00 0.000000e+00 -1.000000e+00 5 0.000000e+00 1.464400e-02
-1.000000e+00 -1.000000e+00 0.000000e+00 -1.000000e+00 -1.000000e+00 6.000000e+02 6.157327e-01 -1.000000e+00 0.000000e+00 -1.000000e+00 0.000000e+00 -1.000000e+00 -1.000000e+00 2.714846e-01 9.000000e+02 -1.000000e+00 0.000000e+00 -9.990070e+05 3.000000e+00 -1.000000e+00 -1.000000e+00 4.195292e-01 0.000000e+00 0.000000e+00 -1.000000e+00 1.201488e-01 -1.000000e+00 -9.990070e+05 1.201488e-01 8.210554e-01 9.546641e-01 -1.000000e+00 -1.000000e+00 0.000000e+00 -1.000000e+00 4 0.000000e+00 4.792820e-01
-1.000000e+00 -1.000000e+00 0.000000e+00 -1.000000e+00 -1.000000e+00 1.000000e+02 2.736625e-01 -1.000000e+00 0.000000e+00 -1.000000e+00 0.000000e+00 -1.000000e+00 -1.000000e+00 4.330392e-02 1.200000e+03 -1.000000e+00 0.000000e+00 -9.990070e+05 3.000000e+00 -1.000000e+00 -1.000000e+00 1.140857e-01 0.000000e+00 0.000000e+00 -1.000000e+00 2.413255e-01 -1.000000e+00 -9.990070e+05 2.413255e-01 5.494652e-01 8.363833e-01 -1.000000e+00 -1.000000e+00 0.000000e+00 -1.000000e+00 2 0.000000e+00 3.697339e-01
-1.000000e+00 -1.000000e+00 0.000000e+00 -1.000000e+00 -1.000000e+00 0.000000e+00 4.353972e-09 -1.000000e+00 0.000000e+00 -1.000000e+00 0.000000e+00 -1.000000e+00 -1.000000e+00 7.784838e-14 8.000000e+02 -1.000000e+00 0.000000e+00 -9.990070e+05 3.000000e+00 -1.000000e+00 -1.000000e+00 2.021168e-11 0.000000e+00 0.000000e+00 -1.000000e+00 6.130474e-11 -1.000000e+00 -9.990070e+05 6.130474e-11 6.627054e-07 5.564992e-05 -1.000000e+00 -1.000000e+00 0.000000e+00 -1.000000e+00 4 0.000000e+00 2.145579e-10
-1.000000e+00 -1.000000e+00 0.000000e+00 -1.000000e+00 -1.000000e+00 2.000000e+02 1.934866e-03 -1.000000e+00 0.000000e+00 -1.000000e+00 0.000000e+00 -1.000000e+00 -1.000000e+00 7.462815e-06 9.000000e+02 -1.000000e+00 0.000000e+00 -9.990070e+05 3.000000e+00 -1.000000e+00 -1.000000e+00 1.301744e-04 0.000000e+00 0.000000e+00 -1.000000e+00 1.001412e-04 -1.000000e+00 -9.990070e+05 1.001412e-04 2.123045e-02 1.388127e-01 -1.000000e+00 -1.000000e+00 0.000000e+00 -1.000000e+00 4 0.000000e+00 3.735394e-04
-1.000000e+00 -1.000000e+00 0.000000e+00 -1.000000e+00 -1.000000e+00 2.000000e+02 3.015728e-01 -1.000000e+00 0.000000e+00 -1.000000e+00 0.000000e+00 -1.000000e+00 -1.000000e+00 5.320459e-02 1.200000e+03 -1.000000e+00 0.000000e+00 -9.990070e+05 3.000000e+00 -1.000000e+00 -1.000000e+00 1.325068e-01 0.000000e+00 0.000000e+00 -1.000000e+00 2.619416e-01 -1.000000e+00 -9.990070e+05 2.619416e-01 5.786104e-01 8.526083e-01 -1.000000e+00 -1.000000e+00 0.000000e+00 -1.000000e+00 2 0.000000e+00 4.006233e-01
-1.000000e+00 -1.000000e+00 0.000000e+00 -1.000000e+00 -1.000000e+00 1.000000e+02 6.634683e-02 -1.000000e+00 0.000000e+00 -1.000000e+00 0.000000e+00 -1.000000e+00 -1.000000e+00 2.747614e-03 1.000000e+03 -1.000000e+00 0.000000e+00 -9.990070e+05 3.000000e+00 -1.000000e+00 -1.000000e+00 1.439347e-02 0.000000e+00 0.000000e+00 -1.000000e+00 7.329082e-02 -1.000000e+00 -9.990070e+05 7.329082e-02 2.395651e-01 5.782611e-01 -1.000000e+00 -1.000000e+00 0.000000e+00 -1.000000e+00 2 0.000000e+00 1.128168e-01
-1.000000e+00 -1.000000e+00 0.000000e+00 -1.000000e+00 -1.000000e+00 1.000000e+02 1.073095e-03 -1.000000e+00 0.000000e+00 -1.000000e+00 0.000000e+00 -1.000000e+00 -1.000000e+00 2.988088e-06 9.000000e+02 -1.000000e+00 0.000000e+00 -9.990070e+05 3.000000e+00 -1.000000e+00 -1.000000e+00 6.143020e-05 0.000000e+00 0.000000e+00 -1.000000e+00 5.102309e-05 -1.000000e+00 -9.990070e+05 5.102309e-05 1.376938e-02 1.043037e-01 -1.000000e+00 -1.000000e+00 0.000000e+00 -1.000000e+00 4 0.000000e+00 1.894927e-04
-1.000000e+00 -1.000000e+00 0.000000e+00 -1.000000e+00 -1.000000e+00 1.000000e+02 6.480288e-01 -1.000000e+00 0.000000e+00 -1.000000e+00 0.000000e+00 -1.000000e+00 -1.000000e+00 3.083430e-01 1.400000e+03 -1.000000e+00 0.000000e+00 -9.990070e+05 3.000000e+00 -1.000000e+00 -1.000000e+00 4.577655e-01 0.000000e+00 0.000000e+00 -1.000000e+00 4.769630e-01 -1.000000e+00 -9.990070e+05 4.769630e-01 8.398536e-01 9.604964e-01 -1.000000e+00 -1.000000e+00 0.000000e+00 -1.000000e+00 2 0.000000e+00 7.282411e-01
-1.000000e+00 -1.000000e+00 0.000000e+00 -1.000000e+00 -1.000000e+00 4.000000e+02 8.777133e-01 -1.000000e+00 0.000000e+00 -1.000000e+00 0.000000e+00 -1.000000e+00 -1.000000e+00 6.868196e-01 1.600000e+03 -1.000000e+00 0.000000e+00 -9.990070e+05 3.000000e+00 -1.000000e+00 -1.000000e+00 7.833148e-01 1.000000e+00 0.000000e+00 -1.000000e+00 5.000000e-01 -1.000000e+00 -9.990070e+05 5.000000e-01 9.523566e-01 9.900881e-01 -1.000000e+00 -1.000000e+00 0.000000e+00 -1.000000e+00 2 0.000000e+00 8.910379e-01
-1.000000e+00 -1.000000e+00 0.000000e+00 -1.000000e+00 -1.000000e+00 2.000000e+02 6.633289e-01 -1.000000e+00 0.000000e+00 -1.000000e+00 0.000000e+00 -1.000000e+00 -1.000000e+00 3.269992e-01 1.400000e+03 -1.000000e+00 0.000000e+00 -9.990070e+05 3.000000e+00 -1.000000e+00 -1.000000e+00 4.764904e-01 0.000000e+00 0.000000e+00 -1.000000e+00 4.852791e-01 -1.000000e+00 -9.990070e+05 4.852791e-01 8.484675e-01 9.630810e-01 -1.000000e+00 -1.000000e+00 0.000000e+00 -1.000000e+00 2 0.000000e+00 7.410682e-01
-1.000000e+00 -1.000000e+00 0.000000e+00 -1.000000e+00 -1.000000e+00 5.000000e+02 4.862053e-01 -1.000000e+00 0.000000e+00 -1.000000e+00 0.000000e+00 -1.000000e+00 -1.000000e+00 1.540706e-01 1.100000e+03 -1.000000e+00 0.000000e+00 -9.990070e+05 3.000000e+00 -1.000000e+00 -1.000000e+00 2.830612e-01 0.000000e+00 0.000000e+00 -1.000000e+00 8.620836e-02 -1.000000e+00 -9.990070e+05 8.620836e-02 7.360836e-01 9.248631e-01 -1.000000e+00 -1.000000e+00 0.000000e+00 -1.000000e+00 4 0.000000e+00 3.420591e-01
-1.000000e+00 -1.000000e+00 0.000000e+00 -1.000000e+00 -1.000000e+00 4.000000e+02 4.098119e-01 -1.000000e+00 0.000000e+00 -1.000000e+00 0.000000e+00 -1.000000e+00 -1.000000e+00 1.041645e-01 1.100000e+03 -1.000000e+00 0.000000e+00 -9.990070e+05 3.000000e+00 -1.000000e+00 -1.000000e+00 2.146733e-01 0.000000e+00 0.000000e+00 -1.000000e+00 6.823633e-02 -1.000000e+00 -9.990070e+05 6.823633e-02 6.772072e-01 9.006475e-01 -1.000000e+00 -1.000000e+00 0.000000e+00 -1.000000e+00 4 0.000000e+00 2.696244e-01
-1.000000e+00 -1.000000e+00 0.000000e+00 -1.000000e+00 -1.000000e+00 6.000000e+02 5.791392e-01 -1.000000e+00 0.000000e+00 -1.000000e+00 0.000000e+00 -1.000000e+00 -1.000000e+00 2.336182e-01 1.100000e+03 -1.000000e+00 0.000000e+00 -9.990070e+05 3.000000e+00 -1.000000e+00 -1.000000e+00 3.782769e-01 0.000000e+00 0.000000e+00 -1.000000e+00 1.103304e-01 -1.000000e+00 -9.990070e+05 1.103304e-01 7.986848e-01 9.473741e-01 -1.000000e+00 -1.000000e+00 0.000000e+00 -1.000000e+00 4 0.000000e+00 4.388861e-01
-1.000000e+00 -1.000000e+00 0.000000e+00 -1.000000e+00 -1.000000e+00 3.000000e+02 6.741366e-01 -1.000000e+00 0.000000e+00 -1.000000e+00 0.000000e+00 -1.000000e+00 -1.000000e+00 3.406603e-01 1.400000e+03 -1.000000e+00 0.000000e+00 -9.990070e+05 3.000000e+00 -1.000000e+00 -1.000000e+00 4.899576e-01 0.000000e+00 0.000000e+00 -1.000000e+00 4.910532e-01 -1.000000e+00 -9.990070e+05 4.910532e-01 8.544436e-01 9.648421e-01 -1.000000e+00 -1.000000e+00 0.000000e+00 -1.000000e+00 2 0.000000e+00 7.500395e-01
-1.000000e+00 -1.000000e+00 0.000000e+00 -1.000000e+00 -1.000000e+00 0.000000e+00 7.871851e-01 -1.000000e+00 0.000000e+00 -1.000000e+00 0.000000e+00 -1.000000e+00 -1.000000e+00 5.100969e-01 1.500000e+03 -1.000000e+00 0.000000e+00 -9.990070e+05 3.000000e+00 -1.000000e+00 -1.000000e+00 6.432063e-01 1.000000e+00 0.000000e+00 -1.000000e+00 5.000000e-01 -1.000000e+00 -9.990070e+05 5.000000e-01 9.120099e-01 9.804941e-01 -1.000000e+00 -1.000000e+00 0.000000e+00 -1.000000e+00 2 0.000000e+00 8.245281e-01
-1.000000e+00 -1.000000e+00 0.000000e+00 -1.000000e+00 -1.000000e+00 4.750000e+02 1.582424e-02 -1.000000e+00 0.000000e+00 -1.000000e+00 0.000000e+00 -1.000000e+00 -1.000000e+00 2.241179e-04 5.000000e+02 -1.000000e+00 0.000000e+00 -9.990070e+05 3.000000e+00 -1.000000e+00 -1.000000e+00 2.025306e-03 0.000000e+00 0.000000e+00 -1.000000e+00 7.918052e-03 -1.000000e+00 -9.990070e+05 7.918052e-03 9.370244e-02 3.477347e-01 -1.000000e+00 -1.000000e+00 0.000000e+00 -1.000000e+00 5 0.000000e+00 1.583265e-02
-1.000000e+00 -1.000000e+00 0.000000e+00 -1.000000e+00 -1.000000e+00 6.000000e+02 8.442051e-01 -1.000000e+00 0.000000e+00 -1.000000e+00 0.000000e+00 -1.000000e+00 -1.000000e+00 6.165880e-01 1.500000e+03 -1.000000e+00 0.000000e+00 -9.990070e+05 3.000000e+00 -1.000000e+00 -1.000000e+00 7.295524e-01 1.000000e+00 0.000000e+00 -1.000000e+00 5.000000e-01 -1.000000e+00 -9.990070e+05 5.000000e-01 9.379651e-01 9.867934e-01 -1.000000e+00 -1.000000e+00 0.000000e+00 -1.000000e+00 2 0.000000e+00 8.652054e-01
-1.000000e+00 -1.000000e+00 0.000000e+00 -1.000000e+00 -1.000000e+00 6.000000e+02 6.664156e-01 -1.000000e+00 0.000000e+00 -1.000000e+00 0.000000e+00 -1.000000e+00 -1.000000e+00 3.308596e-01 8.000000e+02 -1.000000e+00 0.000000e+00 -9.990070e+05 3.000000e+00 -1.000000e+00 -1.000000e+00 4.803163e-01 0.000000e+00 0.000000e+00 -1.000000e+00 3.337553e-01 -1.000000e+00 -9.990070e+05 3.337553e-01 8.501834e-01 9.635894e-01 -1.000000e+00 -1.000000e+00 0.000000e+00 -1.000000e+00 5 0.000000e+00 6.667097e-01
-1.000000e+00 -1.000000e+00 0.000000e+00 -1.000000e+00 -1.000000e+00 1.000000e+02 9.110613e-09 -1.000000e+00 0.000000e+00 -1.000000e+00 0.000000e+00 -1.000000e+00 -1.000000e+00 2.075926e-13 8.000000e+02 -1.000000e+00 0.000000e+00 -9.990070e+05 3.000000e+00 -1.000000e+00 -1.000000e+00 4.772842e-11 0.000000e+00 0.000000e+00 -1.000000e+00 1.351349e-10 -1.000000e+00 -9.990070e+05 1.351349e-10 1.229936e-06 9.174438e-05 -1.000000e+00 -1.000000e+00 0.000000e+00 -1.000000e+00 4 0.000000e+00 4.743724e-10
-1.000000e+00 -1.000000e+00 0.000000e+00 -1.000000e+00 -1.000000e+00 0.000000e+00 6.514028e-01 -1.000000e+00 0.000000e+00 -1.000000e+00 0.000000e+00 -1.000000e+00 -1.000000e+00 3.123894e-01 1.400000e+03 -1.000000e+00 0.000000e+00 -9.990070e+05 3.000000e+00 -1.000000e+00 -1.000000e+00 4.618607e-01 0.000000e+00 0.000000e+00 -1.000000e+00 4.783506e-01 -1.000000e+00 -9.990070e+05 4.783506e-01 8.417689e-01 9.610758e-01 -1.000000e+00 -1.000000e+00 0.000000e+00 -1.000000e+00 2 0.000000e+00 7.308550e-01
-1.000000e+00 -1.000000e+00 0.000000e+00 -1.000000e+00 -1.000000e+00 5.000000e+02 8.856163e-01 -1.000000e+00 0.000000e+00 -1.000000e+00 0.000000e+00 -1.000000e+00 -1.000000e+00 7.042738e-01 1.600000e+03 -1.000000e+00 0.000000e+00 -9.990070e+05 3.000000e+00 -1.000000e+00 -1.000000e+00 7.963319e-01 1.000000e+00 0.000000e+00 -1.000000e+00 5.000000e-01 -1.000000e+00 -9.990070e+05 5.000000e-01 9.556626e-01 9.908251e-01 -1.000000e+00 -1.000000e+00 0.000000e+00 -1.000000e+00 2 0.000000e+00 8.973570e-01
-1.000000e+00 -1.000000e+00 0.000000e+00 -1.000000e+00 -1.000000e+00 5.500000e+02 2.292254e-01 -1.000000e+00 0.000000e+00 -1.000000e+00 0.000000e+00 -1.000000e+00 -1.000000e+00 2.995767e-02 6.000000e+02 -1.000000e+00 0.000000e+00 -9.990070e+05 3.000000e+00 -1.000000e+00 -1.000000e+00 8.710753e-02 0.000000e+00 0.000000e+00 -1.000000e+00 1.150269e-01 -1.000000e+00 -9.990070e+05 1.150269e-01 4.989857e-01 8.057932e-01 -1.000000e+00 -1.000000e+00 0.000000e+00 -1.000000e+00 5 0.000000e+00 2.296623e-01
-1.000000e+00 -1.000000e+00 0.000000e+00 -1.000000e+00 -1.000000e+00 0.000000e+00 4.840236e-02 -1.000000e+00 0.000000e+00 -1.000000e+00 0.000000e+00 -1.000000e+00 -1.000000e+00 1.554483e-03 1.000000e+03 -1.000000e+00 0.000000e+00 -9.990070e+05 3.000000e+00 -1.000000e+00 -1.000000e+00 9.269115e-03 0.000000e+00 0.000000e+00 -1.000000e+00 5.568909e-02 -1.000000e+00 -9.990070e+05 5.568909e-02 1.962017e-01 5.223266e-01 -1.000000e+00 -1.000000e+00 0.000000e+00 -1.000000e+00 2 0.000000e+00 8.584836e-02
-1.000000e+00 -1.000000e+00 0.000000e+00 -1.000000e+00 -1.000000e+00 5.000000e+02 3.523999e-01 -1.000000e+00 0.000000e+00 -1.000000e+00 0.000000e+00 -1.000000e+00 -1.000000e+00 7.451005e-02 8.000000e+02 -1.000000e+00 0.000000e+00 -9.990070e+05 3.000000e+00 -1.000000e+00 -1.000000e+00 1.689630e-01 0.000000e+00 0.000000e+00 -1.000000e+00 5.573179e-02 -1.000000e+00 -9.990070e+05 5.573179e-02 6.274780e-01 8.776700e-01 -1.000000e+00 -1.000000e+00 0.000000e+00 -1.000000e+00 4 0.000000e+00 2.193472e-01
-1.000000e+00 -1.000000e+00 0.000000e+00 -1.000000e+00 -1.000000e+00 5.000000e+02 8.232412e-01 -1.000000e+00 0.000000e+00 -1.000000e+00 0.000000e+00 -1.000000e+00 -1.000000e+00 5.756079e-01 1.500000e+03 -1.000000e+00 0.000000e+00 -9.990070e+05 3.000000e+00 -1.000000e+00 -1.000000e+00 6.970677e-01 1.000000e+00 0.000000e+00 -1.000000e+00 5.000000e-01 -1.000000e+00 -9.990070e+05 5.000000e-01 9.286432e-01 9.845842e-01 -1.000000e+00 -1.000000e+00 0.000000e+00 -1.000000e+00 2 0.000000e+00 8.497918e-01
-1.000000e+00 -1.000000e+00 0.000000e+00 -1.000000e+00 -1.000000e+00 3.750000e+02 4.704644e-07 -1.000000e+00 0.000000e+00 -1.000000e+00 0.000000e+00 -1.000000e+00 -1.000000e+00 4.286638e-11 4.000000e+02 -1.000000e+00 0.000000e+00 -9.990070e+05 3.000000e+00 -1.000000e+00 -1.000000e+00 4.917990e-09 0.000000e+00 0.000000e+00 -1.000000e+00 2.395328e-07 -1.000000e+00 -9.990070e+05 2.395328e-07 3.203970e-05 1.218561e-03 -1.000000e+00 -1.000000e+00 0.000000e+00 -1.000000e+00 5 0.000000e+00 4.777430e-07
-1.000000e+00 -1.000000e+00 0.000000e+00 -1.000000e+00 -1.000000e+00 3.000000e+02 8.730665e-01 -1.000000e+00 0.000000e+00 -1.000000e+00 0.000000e+00 -1.000000e+00 -1.000000e+00 6.767191e-01 1.600000e+03 -1.000000e+00 0.000000e+00 -9.990070e+05 3.000000e+00 -1.000000e+00 -1.000000e+00 7.757217e-01 1.000000e+00 0.000000e+00 -1.000000e+00 5.000000e-01 -1.000000e+00 -9.990070e+05 5.000000e-01 9.503973e-01 9.896478e-01 -1.000000e+00 -1.000000e+00 0.000000e+00 -1.000000e+00 2 0.000000e+00 8.873638e-01
-1.000000e+00 -1.000000e+00 0.000000e+00 -1.000000e+00 -1.000000e+00 1.000000e+02 7.839365e-01 -1.000000e+00 0.000000e+00 -1.000000e+00 0.000000e+00 -1.000000e+00 -1.000000e+00 5.044894e-01 1.500000e+03 -1.000000e+00 0.000000e+00 -9.990070e+05 3.000000e+00 -1.000000e+00 -1.000000e+00 6.384760e-01 1.000000e+00 0.000000e+00 -1.000000e+00 5.000000e-01 -1.000000e+00 -9.990070e+05 5.000000e-01 9.104728e-01 9.801065e-01 -1.000000e+00 -1.000000e+00 0.000000e+00 -1.000000e+00 2 0.000000e+00 8.223255e-01
-1.000000e+00 -1.000000e+00 0.000000e+00 -1.000000e+00 -1.000000e+00 0.000000e+00 2.655258e-01 -1.000000e+00 0.000000e+00 -1.000000e+00 0.000000e+00 -1.000000e+00 -1.000000e+00 4.064358e-02 1.200000e+03 -1.000000e+00 0.000000e+00 -9.990070e+05 3.000000e+00 -1.000000e+00 -1.000000e+00 1.089292e-01 0.000000e+00 0.000000e+00 -1.000000e+00 2.354201e-01 -1.000000e+00 -9.990070e+05 2.354201e-01 5.406187e-01 8.312573e-01 -1.000000e+00 -1.000000e+00 0.000000e+00 -1.000000e+00 2 0.000000e+00 3.607493e-01
-1.000000e+00 -1.000000e+00 0.000000e+00 -1.000000e+00 -1.000000e+00 0.000000e+00 1.234637e-01 -1.000000e+00 0.000000e+00 -1.000000e+00 0.000000e+00 -1.000000e+00 -1.000000e+00 8.780736e-03 1.100000e+03 -1.000000e+00 0.000000e+00 -9.990070e+05 3.000000e+00 -1.000000e+00 -1.000000e+00 3.489539e-02 0.000000e+00 0.000000e+00 -1.000000e+00 1.244172e-01 -1.000000e+00 -9.990070e+05 1.244172e-01 3.499893e-01 6.928622e-01 -1.000000e+00 -1.000000e+00 0.000000e+00 -1.000000e+00 2 0.000000e+00 1.912051e-01
-1.000000e+00 -1.000000e+00 0.000000e+00 -1.000000e+00 -1.000000e+00 5.000000e+02 6.086481e-01 -1.000000e+00 0.000000e+00 -1.000000e+00 0.000000e+00 -1.000000e+00 -1.000000e+00 2.638395e-01 1.200000e+03 -1.000000e+00 0.000000e+00 -9.990070e+05 3.000000e+00 -1.000000e+00 -1.000000e+00 4.113725e-01 0.000000e+00 0.000000e+00 -1.000000e+00 4.541536e-01 -1.000000e+00 -9.990070e+05 4.541536e-01 8.168157e-01 9.533120e-01 -1.000000e+00 -1.000000e+00 0.000000e+00 -1.000000e+00 2 0.000000e+00 6.941553e-01
-1.000000e+00 -1.000000e+00 0.000000e+00 -1.000000e+00 -1.000000e+00 6.000000e+02 7.075354e-01 -1.000000e+00 0.000000e+00 -1.000000e+00 0.000000e+00 -1.000000e+00 -1.000000e+00 3.855133e-01 1.200000e+03 -1.000000e+00 0.000000e+00 -9.990070e+05 3.000000e+00 -1.000000e+00 -1.000000e+00 5.328513e-01 0.000000e+00 0.000000e+00 -1.000000e+00 1.478605e-01 -1.000000e+00 -9.990070e+05 1.478605e-01 8.723645e-01 9.699677e-01 -1.000000e+00 -1.000000e+00 0.000000e+00 -1.000000e+00 4 0.000000e+00 5.884428e-01
-1.000000e+00 -1.000000e+00 0.000000e+00 -1.000000e+00 -1.000000e+00 1.000000e+02 4.595746e-01 -1.000000e+00 0.000000e+00 -1.000000e+00 0.000000e+00 -1.000000e+00 -1.000000e+00 1.352164e-01 1.300000e+03 -1.000000e+00 0.000000e+00 -9.990070e+05 3.000000e+00 -1.000000e+00 -1.000000e+00 2.582282e-01 0.000000e+00 0.000000e+00 -1.000000e+00 3.660195e-01 -1.000000e+00 -9.990070e+05 3.660195e-01 7.164039e-01 9.171113e-01 -1.000000e+00 -1.000000e+00 0.000000e+00 -1.000000e+00 2 0.000000e+00 5.593504e-01
-1.000000e+00 -1.000000e+00 0.000000e+00 -1.000000e+00 -1.000000e+00 2.000000e+02 1.611057e-01 -1.000000e+00 0.000000e+00 -1.000000e+00 0.000000e+00 -1.000000e+00 -1.000000e+00 1.473636e-02 1.100000e+03 -1.000000e+00 0.000000e+00 -9.990070e+05 3.000000e+00 -1.000000e+00 -1.000000e+00 5.147685e-02 0.000000e+00 0.000000e+00 -1.000000e+00 1.555707e-01 -1.000000e+00 -9.990070e+05 1.555707e-01 4.089603e-01 7.421773e-01 -1.000000e+00 -1.000000e+00 0.000000e+00 -1.000000e+00 2 0.000000e+00 2.389025e-01
