-1.000000e+00 -1.000000e+00 0.000000e+00 -1.000000e+00 -1.000000e+00 0.000000e+00 2.748448e-01 -1.000000e+00 0.000000e+00 -1.000000e+00 0.000000e+00 -1.000000e+00 -1.000000e+00 4.369879e-02 1.000000e+03 -1.000000e+00 0.000000e+00 -9.990070e+05 3.000000e+00 -1.000000e+00 -1.000000e+00 1.148430e-01 0.000000e+00 0.000000e+00 -1.000000e+00 4.039993e-01 -1.000000e+00 -9.990070e+05 4.039993e-01 5.507369e-01 8.371123e-01 -1.000000e+00 -1.000000e+00 0.000000e+00 -1.000000e+00 -1.0 0.000000e+00 5.037087e-01
-1.000000e+00 -1.000000e+00 0.000000e+00 -1.000000e+00 -1.000000e+00 1.000000e+02 3.739365e-01 -1.000000e+00 0.000000e+00 -1.000000e+00 0.000000e+00 -1.000000e+00 -1.000000e+00 8.490431e-02 1.000000e+03 -1.000000e+00 0.000000e+00 -9.990070e+05 3.000000e+00 -1.000000e+00 -1.000000e+00 1.855445e-01 0.000000e+00 0.000000e+00 -1.000000e+00 4.885375e-01 -1.000000e+00 -9.990070e+05 4.885375e-01 6.467536e-01 8.868655e-01 -1.000000e+00 -1.000000e+00 0.000000e+00 -1.000000e+00 -1.0 0.000000e+00 6.067188e-01
-1.000000e+00 -1.000000e+00 0.000000e+00 -1.000000e+00 -1.000000e+00 2.000000e+02 3.297322e-01 -1.000000e+00 0.000000e+00 -1.000000e+00 0.000000e+00 -1.000000e+00 -1.000000e+00 6.446548e-02 1.000000e+03 -1.000000e+00 0.000000e+00 -9.990070e+05 3.000000e+00 -1.000000e+00 -1.000000e+00 1.522404e-01 0.000000e+00 0.000000e+00 -1.000000e+00 4.525685e-01 -1.000000e+00 -9.990070e+05 4.525685e-01 6.063040e-01 8.671274e-01 -1.000000e+00 -1.000000e+00 0.000000e+00 -1.000000e+00 -1.0 0.000000e+00 5.629963e-01
-1.000000e+00 -1.000000e+00 0.000000e+00 -1.000000e+00 -1.000000e+00 3.000000e+02 4.592290e-01 -1.000000e+00 0.000000e+00 -1.000000e+00 0.000000e+00 -1.000000e+00 -1.000000e+00 1.349824e-01 1.000000e+03 -1.000000e+00 0.000000e+00 -9.990070e+05 3.000000e+00 -1.000000e+00 -1.000000e+00 2.579129e-01 1.000000e+00 0.000000e+00 -1.000000e+00 5.000000e-01 -1.000000e+00 -9.990070e+05 5.000000e-01 7.161428e-01 9.170062e-01 -1.000000e+00 -1.000000e+00 0.000000e+00 -1.000000e+00 -1.0 0.000000e+00 6.490257e-01
-1.000000e+00 -1.000000e+00 0.000000e+00 -1.000000e+00 -1.000000e+00 4.000000e+02 5.298213e-01 -1.000000e+00 0.000000e+00 -1.000000e+00 0.000000e+00 -1.000000e+00 -1.000000e+00 1.886102e-01 1.000000e+03 -1.000000e+00 0.000000e+00 -9.990070e+05 3.000000e+00 -1.000000e+00 -1.000000e+00 3.260711e-01 1.000000e+00 0.000000e+00 -1.000000e+00 5.000000e-01 -1.000000e+00 -9.990070e+05 5.000000e-01 7.665702e-01 9.362241e-01 -1.000000e+00 -1.000000e+00 0.000000e+00 -1.000000e+00 -1.0 0.000000e+00 6.801894e-01
-1.000000e+00 -1.000000e+00 0.000000e+00 -1.000000e+00 -1.000000e+00 5.000000e+02 7.246417e-01 -1.000000e+00 0.000000e+00 -1.000000e+00 0.000000e+00 -1.000000e+00 -1.000000e+00 4.100992e-01 1.000000e+03 -1.000000e+00 0.000000e+00 -9.990070e+05 3.000000e+00 -1.000000e+00 -1.000000e+00 5.555804e-01 1.000000e+00 0.000000e+00 -1.000000e+00 5.000000e-01 -1.000000e+00 -9.990070e+05 5.000000e-01 8.812354e-01 9.724194e-01 -1.000000e+00 -1.000000e+00 0.000000e+00 -1.000000e+00 -1.0 0.000000e+00 7.840934e-01
-1.000000e+00 -1.000000e+00 0.000000e+00 -1.000000e+00 -1.000000e+00 6.000000e+02 7.936700e-01 -1.000000e+00 0.000000e+00 -1.000000e+00 0.000000e+00 -1.000000e+00 -1.000000e+00 5.214333e-01 1.000000e+03 -1.000000e+00 0.000000e+00 -9.990070e+05 3.000000e+00 -1.000000e+00 -1.000000e+00 6.527093e-01 1.000000e+00 0.000000e+00 -1.000000e+00 5.000000e-01 -1.000000e+00 -9.990070e+05 5.000000e-01 9.150591e-01 9.812582e-01 -1.000000e+00 -1.000000e+00 0.000000e+00 -1.000000e+00 -1.0 0.000000e+00 8.289606e-01
-1.000000e+00 -1.000000e+00 0.000000e+00 -1.000000e+00 -1.000000e+00 0.000000e+00 4.848412e-01 -1.000000e+00 0.000000e+00 -1.000000e+00 0.000000e+00 -1.000000e+00 -1.000000e+00 1.530648e-01 1.100000e+03 -1.000000e+00 0.000000e+00 -9.990070e+05 3.000000e+00 -1.000000e+00 -1.000000e+00 2.817631e-01 1.000000e+00 0.000000e+00 -1.000000e+00 5.000000e-01 -1.000000e+00 -9.990070e+05 5.000000e-01 7.350959e-01 9.244820e-01 -1.000000e+00 -1.000000e+00 0.000000e+00 -1.000000e+00 -1.0 0.000000e+00 6.599968e-01
-1.000000e+00 -1.000000e+00 0.000000e+00 -1.000000e+00 -1.000000e+00 1.000000e+02 4.425099e-01 -1.000000e+00 0.000000e+00 -1.000000e+00 0.000000e+00 -1.000000e+00 -1.000000e+00 1.239731e-01 1.100000e+03 -1.000000e+00 0.000000e+00 -9.990070e+05 3.000000e+00 -1.000000e+00 -1.000000e+00 2.428766e-01 1.000000e+00 0.000000e+00 -1.000000e+00 5.000000e-01 -1.000000e+00 -9.990070e+05 5.000000e-01 7.033334e-01 9.117756e-01 -1.000000e+00 -1.000000e+00 0.000000e+00 -1.000000e+00 -1.0 0.000000e+00 6.420587e-01
-1.000000e+00 -1.000000e+00 0.000000e+00 -1.000000e+00 -1.000000e+00 2.000000e+02 4.998231e-01 -1.000000e+00 0.000000e+00 -1.000000e+00 0.000000e+00 -1.000000e+00 -1.000000e+00 1.643528e-01 1.100000e+03 -1.000000e+00 0.000000e+00 -9.990070e+05 3.000000e+00 -1.000000e+00 -1.000000e+00 2.961760e-01 1.000000e+00 0.000000e+00 -1.000000e+00 5.000000e-01 -1.000000e+00 -9.990070e+05 5.000000e-01 7.458265e-01 9.285782e-01 -1.000000e+00 -1.000000e+00 0.000000e+00 -1.000000e+00 -1.0 0.000000e+00 6.665881e-01
-1.000000e+00 -1.000000e+00 0.000000e+00 -1.000000e+00 -1.000000e+00 3.000000e+02 5.470845e-01 -1.000000e+00 0.000000e+00 -1.000000e+00 0.000000e+00 -1.000000e+00 -1.000000e+00 2.036152e-01 1.100000e+03 -1.000000e+00 0.000000e+00 -9.990070e+05 3.000000e+00 -1.000000e+00 -1.000000e+00 3.439087e-01 1.000000e+00 0.000000e+00 -1.000000e+00 5.000000e-01 -1.000000e+00 -9.990070e+05 5.000000e-01 7.780821e-01 9.403156e-01 -1.000000e+00 -1.000000e+00 0.000000e+00 -1.000000e+00 -1.0 0.000000e+00 6.882713e-01
-1.000000e+00 -1.000000e+00 0.000000e+00 -1.000000e+00 -1.000000e+00 4.000000e+02 6.099785e-01 -1.000000e+00 0.000000e+00 -1.000000e+00 0.000000e+00 -1.000000e+00 -1.000000e+00 2.652634e-01 1.100000e+03 -1.000000e+00 0.000000e+00 -9.990070e+05 3.000000e+00 -1.000000e+00 -1.000000e+00 4.128979e-01 1.000000e+00 0.000000e+00 -1.000000e+00 5.000000e-01 -1.000000e+00 -9.990070e+05 5.000000e-01 8.176151e-01 9.535680e-01 -1.000000e+00 -1.000000e+00 0.000000e+00 -1.000000e+00 -1.0 0.000000e+00 7.194133e-01
-1.000000e+00 -1.000000e+00 0.000000e+00 -1.000000e+00 -1.000000e+00 5.000000e+02 7.255927e-01 -1.000000e+00 0.000000e+00 -1.000000e+00 0.000000e+00 -1.000000e+00 -1.000000e+00 4.114992e-01 1.100000e+03 -1.000000e+00 0.000000e+00 -9.990070e+05 3.000000e+00 -1.000000e+00 -1.000000e+00 5.568592e-01 1.000000e+00 0.000000e+00 -1.000000e+00 5.000000e-01 -1.000000e+00 -9.990070e+05 5.000000e-01 8.817226e-01 9.725525e-01 -1.000000e+00 -1.000000e+00 0.000000e+00 -1.000000e+00 -1.0 0.000000e+00 7.846785e-01
-1.000000e+00 -1.000000e+00 0.000000e+00 -1.000000e+00 -1.000000e+00 6.000000e+02 8.056096e-01 -1.000000e+00 0.000000e+00 -1.000000e+00 0.000000e+00 -1.000000e+00 -1.000000e+00 5.428099e-01 1.100000e+03 -1.000000e+00 0.000000e+00 -9.990070e+05 3.000000e+00 -1.000000e+00 -1.000000e+00 6.704156e-01 1.000000e+00 0.000000e+00 -1.000000e+00 5.000000e-01 -1.000000e+00 -9.990070e+05 5.000000e-01 9.206062e-01 9.826317e-01 -1.000000e+00 -1.000000e+00 0.000000e+00 -1.000000e+00 -1.0 0.000000e+00 8.372472e-01
-1.000000e+00 -1.000000e+00 0.000000e+00 -1.000000e+00 -1.000000e+00 0.000000e+00 6.251483e-01 -1.000000e+00 0.000000e+00 -1.000000e+00 0.000000e+00 -1.000000e+00 -1.000000e+00 2.818865e-01 1.200000e+03 -1.000000e+00 0.000000e+00 -9.990070e+05 3.000000e+00 -1.000000e+00 -1.000000e+00 4.304977e-01 1.000000e+00 0.000000e+00 -1.000000e+00 5.000000e-01 -1.000000e+00 -9.990070e+05 5.000000e-01 8.266244e-01 9.564196e-01 -1.000000e+00 -1.000000e+00 0.000000e+00 -1.000000e+00 -1.0 0.000000e+00 7.273512e-01
-1.000000e+00 -1.000000e+00 0.000000e+00 -1.000000e+00 -1.000000e+00 1.000000e+02 6.125419e-01 -1.000000e+00 0.000000e+00 -1.000000e+00 0.000000e+00 -1.000000e+00 -1.000000e+00 2.680223e-01 1.200000e+03 -1.000000e+00 0.000000e+00 -9.990070e+05 3.000000e+00 -1.000000e+00 -1.000000e+00 4.158454e-01 1.000000e+00 0.000000e+00 -1.000000e+00 5.000000e-01 -1.000000e+00 -9.990070e+05 5.000000e-01 8.191512e-01 9.540585e-01 -1.000000e+00 -1.000000e+00 0.000000e+00 -1.000000e+00 -1.0 0.000000e+00 7.207425e-01
-1.000000e+00 -1.000000e+00 0.000000e+00 -1.000000e+00 -1.000000e+00 2.000000e+02 6.548684e-01 -1.000000e+00 0.000000e+00 -1.000000e+00 0.000000e+00 -1.000000e+00 -1.000000e+00 3.165854e-01 1.200000e+03 -1.000000e+00 0.000000e+00 -9.990070e+05 3.000000e+00 -1.000000e+00 -1.000000e+00 4.660872e-01 1.000000e+00 0.000000e+00 -1.000000e+00 5.000000e-01 -1.000000e+00 -9.990070e+05 5.000000e-01 8.437269e-01 9.616654e-01 -1.000000e+00 -1.000000e+00 0.000000e+00 -1.000000e+00 -1.0 0.000000e+00 7.434217e-01
-1.000000e+00 -1.000000e+00 0.000000e+00 -1.000000e+00 -1.000000e+00 3.000000e+02 6.532612e-01 -1.000000e+00 0.000000e+00 -1.000000e+00 0.000000e+00 -1.000000e+00 -1.000000e+00 3.146345e-01 1.200000e+03 -1.000000e+00 0.000000e+00 -9.990070e+05 3.000000e+00 -1.000000e+00 -1.000000e+00 4.641246e-01 1.000000e+00 0.000000e+00 -1.000000e+00 5.000000e-01 -1.000000e+00 -9.990070e+05 5.000000e-01 8.428200e-01 9.613927e-01 -1.000000e+00 -1.000000e+00 0.000000e+00 -1.000000e+00 -1.0 0.000000e+00 7.425345e-01
-1.000000e+00 -1.000000e+00 0.000000e+00 -1.000000e+00 -1.000000e+00 4.000000e+02 6.947724e-01 -1.000000e+00 0.000000e+00 -1.000000e+00 0.000000e+00 -1.000000e+00 -1.000000e+00 3.678921e-01 1.200000e+03 -1.000000e+00 0.000000e+00 -9.990070e+05 3.000000e+00 -1.000000e+00 -1.000000e+00 5.162302e-01 1.000000e+00 0.000000e+00 -1.000000e+00 5.000000e-01 -1.000000e+00 -9.990070e+05 5.000000e-01 8.656118e-01 9.680636e-01 -1.000000e+00 -1.000000e+00 0.000000e+00 -1.000000e+00 -1.0 0.000000e+00 7.661499e-01
-1.000000e+00 -1.000000e+00 0.000000e+00 -1.000000e+00 -1.000000e+00 5.000000e+02 7.623445e-01 -1.000000e+00 0.000000e+00 -1.000000e+00 0.000000e+00 -1.000000e+00 -1.000000e+00 4.684023e-01 1.200000e+03 -1.000000e+00 0.000000e+00 -9.990070e+05 3.000000e+00 -1.000000e+00 -1.000000e+00 6.075390e-01 1.000000e+00 0.000000e+00 -1.000000e+00 5.000000e-01 -1.000000e+00 -9.990070e+05 5.000000e-01 9.000891e-01 9.774450e-01 -1.000000e+00 -1.000000e+00 0.000000e+00 -1.000000e+00 -1.0 0.000000e+00 8.079793e-01
-1.000000e+00 -1.000000e+00 0.000000e+00 -1.000000e+00 -1.000000e+00 6.000000e+02 8.090126e-01 -1.000000e+00 0.000000e+00 -1.000000e+00 0.000000e+00 -1.000000e+00 -1.000000e+00 5.490246e-01 1.200000e+03 -1.000000e+00 0.000000e+00 -9.990070e+05 3.000000e+00 -1.000000e+00 -1.000000e+00 6.755126e-01 1.000000e+00 0.000000e+00 -1.000000e+00 5.000000e-01 -1.000000e+00 -9.990070e+05 5.000000e-01 9.221717e-01 9.830155e-01 -1.000000e+00 -1.000000e+00 0.000000e+00 -1.000000e+00 -1.0 0.000000e+00 8.396394e-01
-1.000000e+00 -1.000000e+00 0.000000e+00 -1.000000e+00 -1.000000e+00 0.000000e+00 7.167211e-01 -1.000000e+00 0.000000e+00 -1.000000e+00 0.000000e+00 -1.000000e+00 -1.000000e+00 3.985753e-01 1.300000e+03 -1.000000e+00 0.000000e+00 -9.990070e+05 3.000000e+00 -1.000000e+00 -1.000000e+00 5.449916e-01 1.000000e+00 0.000000e+00 -1.000000e+00 5.000000e-01 -1.000000e+00 -9.990070e+05 5.000000e-01 8.771532e-01 9.712982e-01 -1.000000e+00 -1.000000e+00 0.000000e+00 -1.000000e+00 -1.0 0.000000e+00 7.792539e-01
-1.000000e+00 -1.000000e+00 0.000000e+00 -1.000000e+00 -1.000000e+00 1.000000e+02 7.151233e-01 -1.000000e+00 0.000000e+00 -1.000000e+00 0.000000e+00 -1.000000e+00 -1.000000e+00 3.962801e-01 1.300000e+03 -1.000000e+00 0.000000e+00 -9.990070e+05 3.000000e+00 -1.000000e+00 -1.000000e+00 5.428691e-01 1.000000e+00 0.000000e+00 -1.000000e+00 5.000000e-01 -1.000000e+00 -9.990070e+05 5.000000e-01 8.763245e-01 9.710691e-01 -1.000000e+00 -1.000000e+00 0.000000e+00 -1.000000e+00 -1.0 0.000000e+00 7.782848e-01
-1.000000e+00 -1.000000e+00 0.000000e+00 -1.000000e+00 -1.000000e+00 2.000000e+02 7.403182e-01 -1.000000e+00 0.000000e+00 -1.000000e+00 0.000000e+00 -1.000000e+00 -1.000000e+00 4.336369e-01 1.300000e+03 -1.000000e+00 0.000000e+00 -9.990070e+05 3.000000e+00 -1.000000e+00 -1.000000e+00 5.768700e-01 1.000000e+00 0.000000e+00 -1.000000e+00 5.000000e-01 -1.000000e+00 -9.990070e+05 5.000000e-01 8.891890e-01 9.745701e-01 -1.000000e+00 -1.000000e+00 0.000000e+00 -1.000000e+00 -1.0 0.000000e+00 7.938513e-01
-1.000000e+00 -1.000000e+00 0.000000e+00 -1.000000e+00 -1.000000e+00 3.000000e+02 7.611601e-01 -1.000000e+00 0.000000e+00 -1.000000e+00 0.000000e+00 -1.000000e+00 -1.000000e+00 4.664811e-01 1.300000e+03 -1.000000e+00 0.000000e+00 -9.990070e+05 3.000000e+00 -1.000000e+00 -1.000000e+00 6.058671e-01 1.000000e+00 0.000000e+00 -1.000000e+00 5.000000e-01 -1.000000e+00 -9.990070e+05 5.000000e-01 8.995109e-01 9.772946e-01 -1.000000e+00 -1.000000e+00 0.000000e+00 -1.000000e+00 -1.0 0.000000e+00 8.072068e-01
-1.000000e+00 -1.000000e+00 0.000000e+00 -1.000000e+00 -1.000000e+00 4.000000e+02 7.734039e-01 -1.000000e+00 0.000000e+00 -1.000000e+00 0.000000e+00 -1.000000e+00 -1.000000e+00 4.866317e-01 1.300000e+03 -1.000000e+00 0.000000e+00 -9.990070e+05 3.000000e+00 -1.000000e+00 -1.000000e+00 6.232758e-01 1.000000e+00 0.000000e+00 -1.000000e+00 5.000000e-01 -1.000000e+00 -9.990070e+05 5.000000e-01 9.054442e-01 9.788270e-01 -1.000000e+00 -1.000000e+00 0.000000e+00 -1.000000e+00 -1.0 0.000000e+00 8.152643e-01
-1.000000e+00 -1.000000e+00 0.000000e+00 -1.000000e+00 -1.000000e+00 5.000000e+02 7.910215e-01 -1.000000e+00 0.000000e+00 -1.000000e+00 0.000000e+00 -1.000000e+00 -1.000000e+00 5.167802e-01 1.300000e+03 -1.000000e+00 0.000000e+00 -9.990070e+05 3.000000e+00 -1.000000e+00 -1.000000e+00 6.488185e-01 1.000000e+00 0.000000e+00 -1.000000e+00 5.000000e-01 -1.000000e+00 -9.990070e+05 5.000000e-01 9.138168e-01 9.809477e-01 -1.000000e+00 -1.000000e+00 0.000000e+00 -1.000000e+00 -1.0 0.000000e+00 8.271445e-01
-1.000000e+00 -1.000000e+00 0.000000e+00 -1.000000e+00 -1.000000e+00 6.000000e+02 8.277203e-01 -1.000000e+00 0.000000e+00 -1.000000e+00 0.000000e+00 -1.000000e+00 -1.000000e+00 5.841796e-01 1.300000e+03 -1.000000e+00 0.000000e+00 -9.990070e+05 3.000000e+00 -1.000000e+00 -1.000000e+00 7.039352e-01 1.000000e+00 0.000000e+00 -1.000000e+00 5.000000e-01 -1.000000e+00 -9.990070e+05 5.000000e-01 9.306560e-01 9.850662e-01 -1.000000e+00 -1.000000e+00 0.000000e+00 -1.000000e+00 -1.0 0.000000e+00 8.530388e-01
-1.000000e+00 -1.000000e+00 0.000000e+00 -1.000000e+00 -1.000000e+00 0.000000e+00 8.307084e-01 -1.000000e+00 0.000000e+00 -1.000000e+00 0.000000e+00 -1.000000e+00 -1.000000e+00 5.899529e-01 1.400000e+03 -1.000000e+00 0.000000e+00 -9.990070e+05 3.000000e+00 -1.000000e+00 -1.000000e+00 7.085386e-01 1.000000e+00 0.000000e+00 -1.000000e+00 5.000000e-01 -1.000000e+00 -9.990070e+05 5.000000e-01 9.319923e-01 9.853847e-01 -1.000000e+00 -1.000000e+00 0.000000e+00 -1.000000e+00 -1.0 0.000000e+00 8.552187e-01
-1.000000e+00 -1.000000e+00 0.000000e+00 -1.000000e+00 -1.000000e+00 1.000000e+02 8.242165e-01 -1.000000e+00 0.000000e+00 -1.000000e+00 0.000000e+00 -1.000000e+00 -1.000000e+00 5.774658e-01 1.400000e+03 -1.000000e+00 0.000000e+00 -9.990070e+05 3.000000e+00 -1.000000e+00 -1.000000e+00 6.985596e-01 1.000000e+00 0.000000e+00 -1.000000e+00 5.000000e-01 -1.000000e+00 -9.990070e+05 5.000000e-01 9.290824e-01 9.846896e-01 -1.000000e+00 -1.000000e+00 0.000000e+00 -1.000000e+00 -1.0 0.000000e+00 8.504967e-01
-1.000000e+00 -1.000000e+00 0.000000e+00 -1.000000e+00 -1.000000e+00 2.000000e+02 8.265183e-01 -1.000000e+00 0.000000e+00 -1.000000e+00 0.000000e+00 -1.000000e+00 -1.000000e+00 5.818695e-01 1.400000e+03 -1.000000e+00 0.000000e+00 -9.990070e+05 3.000000e+00 -1.000000e+00 -1.000000e+00 7.020883e-01 1.000000e+00 0.000000e+00 -1.000000e+00 5.000000e-01 -1.000000e+00 -9.990070e+05 5.000000e-01 9.301169e-01 9.849374e-01 -1.000000e+00 -1.000000e+00 0.000000e+00 -1.000000e+00 -1.0 0.000000e+00 8.521649e-01
-1.000000e+00 -1.000000e+00 0.000000e+00 -1.000000e+00 -1.000000e+00 3.000000e+02 8.453072e-01 -1.000000e+00 0.000000e+00 -1.000000e+00 0.000000e+00 -1.000000e+00 -1.000000e+00 6.188038e-01 1.400000e+03 -1.000000e+00 0.000000e+00 -9.990070e+05 3.000000e+00 -1.000000e+00 -1.000000e+00 7.312844e-01 1.000000e+00 0.000000e+00 -1.000000e+00 5.000000e-01 -1.000000e+00 -9.990070e+05 5.000000e-01 9.384483e-01 9.869063e-01 -1.000000e+00 -1.000000e+00 0.000000e+00 -1.000000e+00 -1.0 0.000000e+00 8.660312e-01
-1.000000e+00 -1.000000e+00 0.000000e+00 -1.000000e+00 -1.000000e+00 4.000000e+02 8.379018e-01 -1.000000e+00 0.000000e+00 -1.000000e+00 0.000000e+00 -1.000000e+00 -1.000000e+00 6.040343e-01 1.400000e+03 -1.000000e+00 0.000000e+00 -9.990070e+05 3.000000e+00 -1.000000e+00 -1.000000e+00 7.196933e-01 1.000000e+00 0.000000e+00 -1.000000e+00 5.000000e-01 -1.000000e+00 -9.990070e+05 5.000000e-01 9.351885e-01 9.861416e-01 -1.000000e+00 -1.000000e+00 0.000000e+00 -1.000000e+00 -1.0 0.000000e+00 8.605125e-01
-1.000000e+00 -1.000000e+00 0.000000e+00 -1.000000e+00 -1.000000e+00 5.000000e+02 8.616990e-01 -1.000000e+00 0.000000e+00 -1.000000e+00 0.000000e+00 -1.000000e+00 -1.000000e+00 6.525068e-01 1.400000e+03 -1.000000e+00 0.000000e+00 -9.990070e+05 3.000000e+00 -1.000000e+00 -1.000000e+00 7.573345e-01 1.000000e+00 0.000000e+00 -1.000000e+00 5.000000e-01 -1.000000e+00 -9.990070e+05 5.000000e-01 9.455552e-01 9.885485e-01 -1.000000e+00 -1.000000e+00 0.000000e+00 -1.000000e+00 -1.0 0.000000e+00 8.785022e-01
-1.000000e+00 -1.000000e+00 0.000000e+00 -1.000000e+00 -1.000000e+00 6.000000e+02 8.821556e-01 -1.000000e+00 0.000000e+00 -1.000000e+00 0.000000e+00 -1.000000e+00 -1.000000e+00 6.965875e-01 1.400000e+03 -1.000000e+00 0.000000e+00 -9.990070e+05 3.000000e+00 -1.000000e+00 -1.000000e+00 7.906157e-01 1.000000e+00 0.000000e+00 -1.000000e+00 5.000000e-01 -1.000000e+00 -9.990070e+05 5.000000e-01 9.542190e-01 9.905042e-01 -1.000000e+00 -1.000000e+00 0.000000e+00 -1.000000e+00 -1.0 0.000000e+00 8.945789e-01
-1.000000e+00 -1.000000e+00 0.000000e+00 -1.000000e+00 -1.000000e+00 0.000000e+00 8.932704e-01 -1.000000e+00 0.000000e+00 -1.000000e+00 0.000000e+00 -1.000000e+00 -1.000000e+00 7.215146e-01 1.500000e+03 -1.000000e+00 0.000000e+00 -9.990070e+05 3.000000e+00 -1.000000e+00 -1.000000e+00 8.090638e-01 1.000000e+00 0.000000e+00 -1.000000e+00 5.000000e-01 -1.000000e+00 -9.990070e+05 5.000000e-01 9.588330e-01 9.915249e-01 -1.000000e+00 -1.000000e+00 0.000000e+00 -1.000000e+00 -1.0 0.000000e+00 9.035631e-01
-1.000000e+00 -1.000000e+00 0.000000e+00 -1.000000e+00 -1.000000e+00 1.000000e+02 8.944423e-01 -1.000000e+00 0.000000e+00 -1.000000e+00 0.000000e+00 -1.000000e+00 -1.000000e+00 7.241839e-01 1.500000e+03 -1.000000e+00 0.000000e+00 -9.990070e+05 3.000000e+00 -1.000000e+00 -1.000000e+00 8.110241e-01 1.000000e+00 0.000000e+00 -1.000000e+00 5.000000e-01 -1.000000e+00 -9.990070e+05 5.000000e-01 9.593157e-01 9.916309e-01 -1.000000e+00 -1.000000e+00 0.000000e+00 -1.000000e+00 -1.0 0.000000e+00 9.045209e-01
-1.000000e+00 -1.000000e+00 0.000000e+00 -1.000000e+00 -1.000000e+00 2.000000e+02 8.939149e-01 -1.000000e+00 0.000000e+00 -1.000000e+00 0.000000e+00 -1.000000e+00 -1.000000e+00 7.229816e-01 1.500000e+03 -1.000000e+00 0.000000e+00 -9.990070e+05 3.000000e+00 -1.000000e+00 -1.000000e+00 8.101415e-01 1.000000e+00 0.000000e+00 -1.000000e+00 5.000000e-01 -1.000000e+00 -9.990070e+05 5.000000e-01 9.590985e-01 9.915833e-01 -1.000000e+00 -1.000000e+00 0.000000e+00 -1.000000e+00 -1.0 0.000000e+00 9.040896e-01
-1.000000e+00 -1.000000e+00 0.000000e+00 -1.000000e+00 -1.000000e+00 3.000000e+02 9.013278e-01 -1.000000e+00 0.000000e+00 -1.000000e+00 0.000000e+00 -1.000000e+00 -1.000000e+00 7.400280e-01 1.500000e+03 -1.000000e+00 0.000000e+00 -9.990070e+05 3.000000e+00 -1.000000e+00 -1.000000e+00 8.226004e-01 1.000000e+00 0.000000e+00 -1.000000e+00 5.000000e-01 -1.000000e+00 -9.990070e+05 5.000000e-01 9.621375e-01 9.922472e-01 -1.000000e+00 -1.000000e+00 0.000000e+00 -1.000000e+00 -1.0 0.000000e+00 9.101896e-01
-1.000000e+00 -1.000000e+00 0.000000e+00 -1.000000e+00 -1.000000e+00 4.000000e+02 9.038834e-01 -1.000000e+00 0.000000e+00 -1.000000e+00 0.000000e+00 -1.000000e+00 -1.000000e+00 7.459791e-01 1.500000e+03 -1.000000e+00 0.000000e+00 -9.990070e+05 3.000000e+00 -1.000000e+00 -1.000000e+00 8.269227e-01 1.000000e+00 0.000000e+00 -1.000000e+00 5.000000e-01 -1.000000e+00 -9.990070e+05 5.000000e-01 9.631785e-01 9.924732e-01 -1.000000e+00 -1.000000e+00 0.000000e+00 -1.000000e+00 -1.0 0.000000e+00 9.123117e-01
-1.000000e+00 -1.000000e+00 0.000000e+00 -1.000000e+00 -1.000000e+00 5.000000e+02 9.111381e-01 -1.000000e+00 0.000000e+00 -1.000000e+00 0.000000e+00 -1.000000e+00 -1.000000e+00 7.630836e-01 1.500000e+03 -1.000000e+00 0.000000e+00 -9.990070e+05 3.000000e+00 -1.000000e+00 -1.000000e+00 8.392689e-01 1.000000e+00 0.000000e+00 -1.000000e+00 5.000000e-01 -1.000000e+00 -9.990070e+05 5.000000e-01 9.661157e-01 9.931070e-01 -1.000000e+00 -1.000000e+00 0.000000e+00 -1.000000e+00 -1.0 0.000000e+00 9.183901e-01
-1.000000e+00 -1.000000e+00 0.000000e+00 -1.000000e+00 -1.000000e+00 6.000000e+02 9.192170e-01 -1.000000e+00 0.000000e+00 -1.000000e+00 0.000000e+00 -1.000000e+00 -1.000000e+00 7.825032e-01 1.500000e+03 -1.000000e+00 0.000000e+00 -9.990070e+05 3.000000e+00 -1.000000e+00 -1.000000e+00 8.531512e-01 1.000000e+00 0.000000e+00 -1.000000e+00 5.000000e-01 -1.000000e+00 -9.990070e+05 5.000000e-01 9.693550e-01 9.937992e-01 -1.000000e+00 -1.000000e+00 0.000000e+00 -1.000000e+00 -1.0 0.000000e+00 9.252551e-01
-1.000000e+00 -1.000000e+00 0.000000e+00 -1.000000e+00 -1.000000e+00 0.000000e+00 9.332592e-01 -1.000000e+00 0.000000e+00 -1.000000e+00 0.000000e+00 -1.000000e+00 -1.000000e+00 8.172121e-01 1.600000e+03 -1.000000e+00 0.000000e+00 -9.990070e+05 3.000000e+00 -1.000000e+00 -1.000000e+00 8.776194e-01 1.000000e+00 0.000000e+00 -1.000000e+00 5.000000e-01 -1.000000e+00 -9.990070e+05 5.000000e-01 9.749076e-01 9.949694e-01 -1.000000e+00 -1.000000e+00 0.000000e+00 -1.000000e+00 -1.0 0.000000e+00 9.374348e-01
-1.000000e+00 -1.000000e+00 0.000000e+00 -1.000000e+00 -1.000000e+00 1.000000e+02 9.339356e-01 -1.000000e+00 0.000000e+00 -1.000000e+00 0.000000e+00 -1.000000e+00 -1.000000e+00 8.189154e-01 1.600000e+03 -1.000000e+00 0.000000e+00 -9.990070e+05 3.000000e+00 -1.000000e+00 -1.000000e+00 8.788091e-01 1.000000e+00 0.000000e+00 -1.000000e+00 5.000000e-01 -1.000000e+00 -9.990070e+05 5.000000e-01 9.751727e-01 9.950247e-01 -1.000000e+00 -1.000000e+00 0.000000e+00 -1.000000e+00 -1.0 0.000000e+00 9.380297e-01
-1.000000e+00 -1.000000e+00 0.000000e+00 -1.000000e+00 -1.000000e+00 2.000000e+02 9.391386e-01 -1.000000e+00 0.000000e+00 -1.000000e+00 0.000000e+00 -1.000000e+00 -1.000000e+00 8.321128e-01 1.600000e+03 -1.000000e+00 0.000000e+00 -9.990070e+05 3.000000e+00 -1.000000e+00 -1.000000e+00 8.879932e-01 1.000000e+00 0.000000e+00 -1.000000e+00 5.000000e-01 -1.000000e+00 -9.990070e+05 5.000000e-01 9.772035e-01 9.954472e-01 -1.000000e+00 -1.000000e+00 0.000000e+00 -1.000000e+00 -1.0 0.000000e+00 9.426302e-01
-1.000000e+00 -1.000000e+00 0.000000e+00 -1.000000e+00 -1.000000e+00 3.000000e+02 9.364145e-01 -1.000000e+00 0.000000e+00 -1.000000e+00 0.000000e+00 -1.000000e+00 -1.000000e+00 8.251814e-01 1.600000e+03 -1.000000e+00 0.000000e+00 -9.990070e+05 3.000000e+00 -1.000000e+00 -1.000000e+00 8.831772e-01 1.000000e+00 0.000000e+00 -1.000000e+00 5.000000e-01 -1.000000e+00 -9.990070e+05 5.000000e-01 9.761419e-01 9.952267e-01 -1.000000e+00 -1.000000e+00 0.000000e+00 -1.000000e+00 -1.0 0.000000e+00 9.402159e-01
-1.000000e+00 -1.000000e+00 0.000000e+00 -1.000000e+00 -1.000000e+00 4.000000e+02 9.385841e-01 -1.000000e+00 0.000000e+00 -1.000000e+00 0.000000e+00 -1.000000e+00 -1.000000e+00 8.306982e-01 1.600000e+03 -1.000000e+00 0.000000e+00 -9.990070e+05 3.000000e+00 -1.000000e+00 -1.000000e+00 8.870117e-01 1.000000e+00 0.000000e+00 -1.000000e+00 5.000000e-01 -1.000000e+00 -9.990070e+05 5.000000e-01 9.769877e-01 9.954024e-01 -1.000000e+00 -1.000000e+00 0.000000e+00 -1.000000e+00 -1.0 0.000000e+00 9.421378e-01
-1.000000e+00 -1.000000e+00 0.000000e+00 -1.000000e+00 -1.000000e+00 5.000000e+02 9.432894e-01 -1.000000e+00 0.000000e+00 -1.000000e+00 0.000000e+00 -1.000000e+00 -1.000000e+00 8.427661e-01 1.600000e+03 -1.000000e+00 0.000000e+00 -9.990070e+05 3.000000e+00 -1.000000e+00 -1.000000e+00 8.953635e-01 1.000000e+00 0.000000e+00 -1.000000e+00 5.000000e-01 -1.000000e+00 -9.990070e+05 5.000000e-01 9.788142e-01 9.957803e-01 -1.000000e+00 -1.000000e+00 0.000000e+00 -1.000000e+00 -1.0 0.000000e+00 9.463329e-01
-1.000000e+00 -1.000000e+00 0.000000e+00 -1.000000e+00 -1.000000e+00 6.000000e+02 9.498678e-01 -1.000000e+00 0.000000e+00 -1.000000e+00 0.000000e+00 -1.000000e+00 -1.000000e+00 8.598788e-01 1.600000e+03 -1.000000e+00 0.000000e+00 -9.990070e+05 3.000000e+00 -1.000000e+00 -1.000000e+00 9.071229e-01 1.000000e+00 0.000000e+00 -1.000000e+00 5.000000e-01 -1.000000e+00 -9.990070e+05 5.000000e-01 9.813497e-01 9.963011e-01 -1.000000e+00 -1.000000e+00 0.000000e+00 -1.000000e+00 -1.0 0.000000e+00 9.522610e-01
-1.000000e+00 -1.000000e+00 0.000000e+00 -1.000000e+00 -1.000000e+00 0.000000e+00 1.938359e-03 -1.000000e+00 0.000000e+00 -1.000000e+00 0.000000e+00 -1.000000e+00 -1.000000e+00 7.483909e-06 4.000000e+02 -1.000000e+00 0.000000e+00 -9.990070e+05 3.000000e+00 -1.000000e+00 -1.000000e+00 1.304753e-04 0.000000e+00 0.000000e+00 -1.000000e+00 6.916725e-03 -1.000000e+00 -9.990070e+05 6.916725e-03 2.125840e-02 1.389319e-01 -1.000000e+00 -1.000000e+00 0.000000e+00 -1.000000e+00 -1.0 0.000000e+00 9.369087e-03
-1.000000e+00 -1.000000e+00 4.000000e+03 -1.000000e+00 -1.000000e+00 3.000000e+02 3.335557e-01 -1.000000e+00 1.000000e+00 -1.000000e+00 0.000000e+00 -1.000000e+00 -1.000000e+00 6.609713e-02 4.000000e+02 -1.000000e+00 1.000000e+00 -9.990070e+05 2.000000e+00 -1.000000e+00 -1.000000e+00 1.550087e-01 0.000000e+00 0.000000e+00 -1.000000e+00 4.144642e-01 -1.000000e+00 -9.990070e+05 4.144642e-01 6.099426e-01 8.689727e-01 -1.000000e+00 -1.000000e+00 0.000000e+00 -1.000000e+00 -1.0 1.000000e+00 5.357300e-01
-1.000000e+00 -1.000000e+00 0.000000e+00 -1.000000e+00 -1.000000e+00 3.500000e+02 4.634330e-01 -1.000000e+00 0.000000e+00 -1.000000e+00 0.000000e+00 -1.000000e+00 -1.000000e+00 1.378479e-01 4.000000e+02 -1.000000e+00 0.000000e+00 -9.990070e+05 3.000000e+00 -1.000000e+00 -1.000000e+00 2.617598e-01 0.000000e+00 0.000000e+00 -1.000000e+00 4.653816e-01 -1.000000e+00 -9.990070e+05 4.653816e-01 7.193083e-01 9.182765e-01 -1.000000e+00 -1.000000e+00 0.000000e+00 -1.000000e+00 -1.0 0.000000e+00 6.280756e-01
-1.000000e+00 -1.000000e+00 0.000000e+00 -1.000000e+00 -1.000000e+00 3.750000e+02 9.886710e-01 -1.000000e+00 0.000000e+00 -1.000000e+00 0.000000e+00 -1.000000e+00 -1.000000e+00 9.667771e-01 4.000000e+02 -1.000000e+00 0.000000e+00 -9.990070e+05 3.000000e+00 -1.000000e+00 -1.000000e+00 9.784979e-01 0.000000e+00 0.000000e+00 -1.000000e+00 4.905220e-01 -1.000000e+00 -9.990070e+05 4.905220e-01 9.958873e-01 9.992043e-01 -1.000000e+00 -1.000000e+00 0.000000e+00 -1.000000e+00 -1.0 0.000000e+00 9.885852e-01
-1.000000e+00 -1.000000e+00 0.000000e+00 -1.000000e+00 -1.000000e+00 3.750000e+02 5.290979e-01 -1.000000e+00 0.000000e+00 -1.000000e+00 0.000000e+00 -1.000000e+00 -1.000000e+00 1.879984e-01 4.250000e+02 -1.000000e+00 0.000000e+00 -9.990070e+05 3.000000e+00 -1.000000e+00 -1.000000e+00 3.253338e-01 1.000000e+00 0.000000e+00 -1.000000e+00 5.000000e-01 -1.000000e+00 -9.990070e+05 5.000000e-01 7.660811e-01 9.360479e-01 -1.000000e+00 -1.000000e+00 0.000000e+00 -1.000000e+00 -1.0 0.000000e+00 6.798549e-01
-1.000000e+00 -1.000000e+00 0.000000e+00 -1.000000e+00 -1.000000e+00 4.000000e+02 5.114346e-01 -1.000000e+00 0.000000e+00 -1.000000e+00 0.000000e+00 -1.000000e+00 -1.000000e+00 1.734754e-01 5.000000e+02 -1.000000e+00 0.000000e+00 -9.990070e+05 3.000000e+00 -1.000000e+00 -1.000000e+00 3.075828e-01 1.000000e+00 0.000000e+00 -1.000000e+00 5.000000e-01 -1.000000e+00 -9.990070e+05 5.000000e-01 7.539705e-01 9.316224e-01 -1.000000e+00 -1.000000e+00 0.000000e+00 -1.000000e+00 -1.0 0.000000e+00 6.717877e-01
-1.000000e+00 -1.000000e+00 0.000000e+00 -1.000000e+00 -1.000000e+00 4.500000e+02 4.328825e-01 -1.000000e+00 0.000000e+00 -1.000000e+00 0.000000e+00 -1.000000e+00 -1.000000e+00 1.179083e-01 5.000000e+02 -1.000000e+00 0.000000e+00 -9.990070e+05 3.000000e+00 -1.000000e+00 -1.000000e+00 2.344077e-01 1.000000e+00 0.000000e+00 -1.000000e+00 5.000000e-01 -1.000000e+00 -9.990070e+05 5.000000e-01 6.957925e-01 9.086278e-01 -1.000000e+00 -1.000000e+00 0.000000e+00 -1.000000e+00 -1.0 0.000000e+00 6.381142e-01
-1.000000e+00 -1.000000e+00 0.000000e+00 -1.000000e+00 -1.000000e+00 0.000000e+00 2.531115e-02 -1.000000e+00 0.000000e+00 -1.000000e+00 0.000000e+00 -1.000000e+00 -1.000000e+00 4.986984e-04 6.000000e+02 -1.000000e+00 0.000000e+00 -9.990070e+05 3.000000e+00 -1.000000e+00 -1.000000e+00 3.811854e-03 0.000000e+00 0.000000e+00 -1.000000e+00 6.989690e-02 -1.000000e+00 -9.990070e+05 6.989690e-02 1.285014e-01 4.159382e-01 -1.000000e+00 -1.000000e+00 0.000000e+00 -1.000000e+00 -1.0 0.000000e+00 9.002796e-02
-1.000000e+00 -1.000000e+00 0.000000e+00 -1.000000e+00 -1.000000e+00 4.000000e+02 4.129584e-01 -1.000000e+00 0.000000e+00 -1.000000e+00 0.000000e+00 -1.000000e+00 -1.000000e+00 1.059747e-01 6.000000e+02 -1.000000e+00 0.000000e+00 -9.990070e+05 3.000000e+00 -1.000000e+00 -1.000000e+00 2.173184e-01 1.000000e+00 0.000000e+00 -1.000000e+00 5.000000e-01 -1.000000e+00 -9.990070e+05 5.000000e-01 6.797861e-01 9.017740e-01 -1.000000e+00 -1.000000e+00 0.000000e+00 -1.000000e+00 -1.0 0.000000e+00 6.301032e-01
-1.000000e+00 -1.000000e+00 0.000000e+00 -1.000000e+00 -1.000000e+00 5.000000e+02 8.416866e-01 -1.000000e+00 0.000000e+00 -1.000000e+00 0.000000e+00 -1.000000e+00 -1.000000e+00 6.115479e-01 6.000000e+02 -1.000000e+00 0.000000e+00 -9.990070e+05 3.000000e+00 -1.000000e+00 -1.000000e+00 7.256037e-01 1.000000e+00 0.000000e+00 -1.000000e+00 5.000000e-01 -1.000000e+00 -9.990070e+05 5.000000e-01 9.368584e-01 9.865343e-01 -1.000000e+00 -1.000000e+00 0.000000e+00 -1.000000e+00 -1.0 0.000000e+00 8.633242e-01
-1.000000e+00 -1.000000e+00 0.000000e+00 -1.000000e+00 -1.000000e+00 5.500000e+02 9.519379e-01 -1.000000e+00 0.000000e+00 -1.000000e+00 0.000000e+00 -1.000000e+00 -1.000000e+00 8.653227e-01 6.000000e+02 -1.000000e+00 0.000000e+00 -9.990070e+05 3.000000e+00 -1.000000e+00 -1.000000e+00 9.108436e-01 1.000000e+00 0.000000e+00 -1.000000e+00 5.000000e-01 -1.000000e+00 -9.990070e+05 5.000000e-01 9.821433e-01 9.964632e-01 -1.000000e+00 -1.000000e+00 0.000000e+00 -1.000000e+00 -1.0 0.000000e+00 9.541419e-01
-1.000000e+00 -1.000000e+00 0.000000e+00 -1.000000e+00 -1.000000e+00 5.750000e+02 7.172594e-01 -1.000000e+00 0.000000e+00 -1.000000e+00 0.000000e+00 -1.000000e+00 -1.000000e+00 3.993508e-01 6.000000e+02 -1.000000e+00 0.000000e+00 -9.990070e+05 3.000000e+00 -1.000000e+00 -1.000000e+00 5.457076e-01 1.000000e+00 0.000000e+00 -1.000000e+00 5.000000e-01 -1.000000e+00 -9.990070e+05 5.000000e-01 8.774320e-01 9.713751e-01 -1.000000e+00 -1.000000e+00 0.000000e+00 -1.000000e+00 -1.0 0.000000e+00 7.795808e-01
-1.000000e+00 -1.000000e+00 0.000000e+00 -1.000000e+00 -1.000000e+00 0.000000e+00 7.830840e-02 -1.000000e+00 0.000000e+00 -1.000000e+00 0.000000e+00 -1.000000e+00 -1.000000e+00 3.725591e-03 8.000000e+02 -1.000000e+00 0.000000e+00 -9.990070e+05 3.000000e+00 -1.000000e+00 -1.000000e+00 1.818334e-02 0.000000e+00 0.000000e+00 -1.000000e+00 1.706483e-01 -1.000000e+00 -9.990070e+05 1.706483e-01 2.655891e-01 6.084498e-01 -1.000000e+00 -1.000000e+00 0.000000e+00 -1.000000e+00 -1.0 0.000000e+00 2.158092e-01
-1.000000e+00 -1.000000e+00 0.000000e+00 -1.000000e+00 -1.000000e+00 1.000000e+02 7.010621e-02 -1.000000e+00 0.000000e+00 -1.000000e+00 0.000000e+00 -1.000000e+00 -1.000000e+00 3.039114e-03 8.000000e+02 -1.000000e+00 0.000000e+00 -9.990070e+05 3.000000e+00 -1.000000e+00 -1.000000e+00 1.555367e-02 0.000000e+00 0.000000e+00 -1.000000e+00 1.572420e-01 -1.000000e+00 -9.990070e+05 1.572420e-01 2.479585e-01 5.882486e-01 -1.000000e+00 -1.000000e+00 0.000000e+00 -1.000000e+00 -1.0 0.000000e+00 1.991172e-01
-1.000000e+00 -1.000000e+00 0.000000e+00 -1.000000e+00 -1.000000e+00 2.000000e+02 1.401018e-01 -1.000000e+00 0.000000e+00 -1.000000e+00 0.000000e+00 -1.000000e+00 -1.000000e+00 1.121025e-02 8.000000e+02 -1.000000e+00 0.000000e+00 -9.990070e+05 3.000000e+00 -1.000000e+00 -1.000000e+00 4.194080e-02 0.000000e+00 0.000000e+00 -1.000000e+00 2.569094e-01 -1.000000e+00 -9.990070e+05 2.569094e-01 3.770710e-01 7.163625e-01 -1.000000e+00 -1.000000e+00 0.000000e+00 -1.000000e+00 -1.0 0.000000e+00 3.233165e-01
-1.000000e+00 -1.000000e+00 0.000000e+00 -1.000000e+00 -1.000000e+00 3.000000e+02 2.390086e-01 -1.000000e+00 0.000000e+00 -1.000000e+00 0.000000e+00 -1.000000e+00 -1.000000e+00 3.265188e-02 8.000000e+02 -1.000000e+00 0.000000e+00 -9.990070e+05 3.000000e+00 -1.000000e+00 -1.000000e+00 9.279756e-02 0.000000e+00 0.000000e+00 -1.000000e+00 3.688073e-01 -1.000000e+00 -9.990070e+05 3.688073e-01 5.105758e-01 8.131112e-01 -1.000000e+00 -1.000000e+00 0.000000e+00 -1.000000e+00 -1.0 0.000000e+00 4.608748e-01
-1.000000e+00 -1.000000e+00 0.000000e+00 -1.000000e+00 -1.000000e+00 4.000000e+02 4.875438e-01 -1.000000e+00 0.000000e+00 -1.000000e+00 0.000000e+00 -1.000000e+00 -1.000000e+00 1.550616e-01 8.000000e+02 -1.000000e+00 0.000000e+00 -9.990070e+05 3.000000e+00 -1.000000e+00 -1.000000e+00 2.843377e-01 1.000000e+00 0.000000e+00 -1.000000e+00 5.000000e-01 -1.000000e+00 -9.990070e+05 5.000000e-01 7.370506e-01 9.252354e-01 -1.000000e+00 -1.000000e+00 0.000000e+00 -1.000000e+00 -1.0 0.000000e+00 6.611762e-01
-1.000000e+00 -1.000000e+00 0.000000e+00 -1.000000e+00 -1.000000e+00 5.000000e+02 6.508249e-01 -1.000000e+00 0.000000e+00 -1.000000e+00 0.000000e+00 -1.000000e+00 -1.000000e+00 3.116936e-01 8.000000e+02 -1.000000e+00 0.000000e+00 -9.990070e+05 3.000000e+00 -1.000000e+00 -1.000000e+00 4.611579e-01 1.000000e+00 0.000000e+00 -1.000000e+00 5.000000e-01 -1.000000e+00 -9.990070e+05 5.000000e-01 8.414414e-01 9.609769e-01 -1.000000e+00 -1.000000e+00 0.000000e+00 -1.000000e+00 -1.0 0.000000e+00 7.411936e-01
-1.000000e+00 -1.000000e+00 0.000000e+00 -1.000000e+00 -1.000000e+00 6.000000e+02 8.247924e-01 -1.000000e+00 0.000000e+00 -1.000000e+00 0.000000e+00 -1.000000e+00 -1.000000e+00 5.785652e-01 8.000000e+02 -1.000000e+00 0.000000e+00 -9.990070e+05 3.000000e+00 -1.000000e+00 -1.000000e+00 6.994415e-01 1.000000e+00 0.000000e+00 -1.000000e+00 5.000000e-01 -1.000000e+00 -9.990070e+05 5.000000e-01 9.293415e-01 9.847517e-01 -1.000000e+00 -1.000000e+00 0.000000e+00 -1.000000e+00 -1.0 0.000000e+00 8.509135e-01
-1.000000e+00 -1.000000e+00 0.000000e+00 -1.000000e+00 -1.000000e+00 0.000000e+00 1.995224e-01 -1.000000e+00 0.000000e+00 -1.000000e+00 0.000000e+00 -1.000000e+00 -1.000000e+00 2.258014e-02 9.000000e+02 -1.000000e+00 0.000000e+00 -9.990070e+05 3.000000e+00 -1.000000e+00 -1.000000e+00 7.070510e-02 0.000000e+00 0.000000e+00 -1.000000e+00 3.275876e-01 -1.000000e+00 -9.990070e+05 3.275876e-01 4.619053e-01 7.811100e-01 -1.000000e+00 -1.000000e+00 0.000000e+00 -1.000000e+00 -1.0 0.000000e+00 4.102459e-01
-1.000000e+00 -1.000000e+00 0.000000e+00 -1.000000e+00 -1.000000e+00 1.000000e+02 1.800984e-01 -1.000000e+00 0.000000e+00 -1.000000e+00 0.000000e+00 -1.000000e+00 -1.000000e+00 1.838277e-02 9.000000e+02 -1.000000e+00 0.000000e+00 -9.990070e+05 3.000000e+00 -1.000000e+00 -1.000000e+00 6.069893e-02 0.000000e+00 0.000000e+00 -1.000000e+00 3.059564e-01 -1.000000e+00 -9.990070e+05 3.059564e-01 4.359189e-01 7.625767e-01 -1.000000e+00 -1.000000e+00 0.000000e+00 -1.000000e+00 -1.0 0.000000e+00 3.835925e-01
-1.000000e+00 -1.000000e+00 0.000000e+00 -1.000000e+00 -1.000000e+00 2.000000e+02 1.859123e-01 -1.000000e+00 0.000000e+00 -1.000000e+00 0.000000e+00 -1.000000e+00 -1.000000e+00 1.958864e-02 9.000000e+02 -1.000000e+00 0.000000e+00 -9.990070e+05 3.000000e+00 -1.000000e+00 -1.000000e+00 6.363353e-02 0.000000e+00 0.000000e+00 -1.000000e+00 3.129226e-01 -1.000000e+00 -9.990070e+05 3.129226e-01 4.438552e-01 7.683505e-01 -1.000000e+00 -1.000000e+00 0.000000e+00 -1.000000e+00 -1.0 0.000000e+00 3.920386e-01
-1.000000e+00 -1.000000e+00 0.000000e+00 -1.000000e+00 -1.000000e+00 3.000000e+02 3.433590e-01 -1.000000e+00 0.000000e+00 -1.000000e+00 0.000000e+00 -1.000000e+00 -1.000000e+00 7.039602e-02 9.000000e+02 -1.000000e+00 0.000000e+00 -9.990070e+05 3.000000e+00 -1.000000e+00 -1.000000e+00 1.622037e-01 0.000000e+00 0.000000e+00 -1.000000e+00 4.636997e-01 -1.000000e+00 -9.990070e+05 4.636997e-01 6.191460e-01 8.735776e-01 -1.000000e+00 -1.000000e+00 0.000000e+00 -1.000000e+00 -1.0 0.000000e+00 5.766545e-01
-1.000000e+00 -1.000000e+00 0.000000e+00 -1.000000e+00 -1.000000e+00 4.000000e+02 5.115421e-01 -1.000000e+00 0.000000e+00 -1.000000e+00 0.000000e+00 -1.000000e+00 -1.000000e+00 1.735613e-01 9.000000e+02 -1.000000e+00 0.000000e+00 -9.990070e+05 3.000000e+00 -1.000000e+00 -1.000000e+00 3.076893e-01 1.000000e+00 0.000000e+00 -1.000000e+00 5.000000e-01 -1.000000e+00 -9.990070e+05 5.000000e-01 7.540452e-01 9.316501e-01 -1.000000e+00 -1.000000e+00 0.000000e+00 -1.000000e+00 -1.0 0.000000e+00 6.718362e-01
-1.000000e+00 -1.000000e+00 0.000000e+00 -1.000000e+00 -1.000000e+00 5.000000e+02 7.211956e-01 -1.000000e+00 0.000000e+00 -1.000000e+00 0.000000e+00 -1.000000e+00 -1.000000e+00 4.050554e-01 9.000000e+02 -1.000000e+00 0.000000e+00 -9.990070e+05 3.000000e+00 -1.000000e+00 -1.000000e+00 5.509596e-01 1.000000e+00 0.000000e+00 -1.000000e+00 5.000000e-01 -1.000000e+00 -9.990070e+05 5.000000e-01 8.794646e-01 9.719345e-01 -1.000000e+00 -1.000000e+00 0.000000e+00 -1.000000e+00 -1.0 0.000000e+00 7.819804e-01
-1.000000e+00 -1.000000e+00 0.000000e+00 -1.000000e+00 -1.000000e+00 6.000000e+02 8.080183e-01 -1.000000e+00 0.000000e+00 -1.000000e+00 0.000000e+00 -1.000000e+00 -1.000000e+00 5.472032e-01 9.000000e+02 -1.000000e+00 0.000000e+00 -9.990070e+05 3.000000e+00 -1.000000e+00 -1.000000e+00 6.740211e-01 1.000000e+00 0.000000e+00 -1.000000e+00 5.000000e-01 -1.000000e+00 -9.990070e+05 5.000000e-01 9.217150e-01 9.829037e-01 -1.000000e+00 -1.000000e+00 0.000000e+00 -1.000000e+00 -1.0 0.000000e+00 8.389391e-01
