-1.000000e+00 -1.000000e+00 0.000000e+00 -1.000000e+00 -1.000000e+00 0.000000e+00 1.026218e-32 -1.000000e+00 0.000000e+00 -1.000000e+00 0.000000e+00 -1.000000e+00 -1.000000e+00 1.178926e-42 6.000000e+02 -1.000000e+00 0.000000e+00 -9.990070e+05 3.000000e+00 -1.000000e+00 -1.000000e+00 1.215546e-37 0.000000e+00 0.000000e+00 -1.000000e+00 2.833950e-35 -1.000000e+00 -9.990070e+05 2.833950e-35 6.009980e-28 1.890918e-23 -1.000000e+00 -1.000000e+00 0.000000e+00 -1.000000e+00 4 0.000000e+00 8.457404e-35
-1.000000e+00 -1.000000e+00 0.000000e+00 -1.000000e+00 -1.000000e+00 3.000000e+02 1.271406e-01 -1.000000e+00 0.000000e+00 -1.000000e+00 0.000000e+00 -1.000000e+00 -1.000000e+00 9.290570e-03 1.100000e+03 -1.000000e+00 0.000000e+00 -9.990070e+05 3.000000e+00 -1.000000e+00 -1.000000e+00 3.641287e-02 0.000000e+00 0.000000e+00 -1.000000e+00 1.274398e-01 -1.000000e+00 -9.990070e+05 1.274398e-01 3.561279e-01 6.983240e-01 -1.000000e+00 -1.000000e+00 0.000000e+00 -1.000000e+00 2 0.000000e+00 1.958852e-01
-1.000000e+00 -1.000000e+00 0.000000e+00 -1.000000e+00 -1.000000e+00 0.000000e+00 8.327262e-06 -1.000000e+00 0.000000e+00 -1.000000e+00 0.000000e+00 -1.000000e+00 -1.000000e+00 2.353539e-09 9.000000e+02 -1.000000e+00 0.000000e+00 -9.990070e+05 3.000000e+00 -1.000000e+00 -1.000000e+00 1.529600e-07 0.000000e+00 0.000000e+00 -1.000000e+00 2.197802e-07 -1.000000e+00 -9.990070e+05 2.197802e-07 3.251052e-04 7.176344e-03 -1.000000e+00 -1.000000e+00 0.000000e+00 -1.000000e+00 4 0.000000e+00 7.959355e-07
-1.000000e+00 -1.000000e+00 0.000000e+00 -1.000000e+00 -1.000000e+00 3.000000e+02 2.278777e-04 -1.000000e+00 0.000000e+00 -1.000000e+00 0.000000e+00 -1.000000e+00 -1.000000e+00 2.859547e-07 9.000000e+02 -1.000000e+00 0.000000e+00 -9.990070e+05 3.000000e+00 -1.000000e+00 -1.000000e+00 8.783347e-06 0.000000e+00 0.000000e+00 -1.000000e+00 8.740176e-06 -1.000000e+00 -9.990070e+05 8.740176e-06 4.298497e-03 4.697425e-02 -1.000000e+00 -1.000000e+00 0.000000e+00 -1.000000e+00 4 0.000000e+00 3.221803e-05
-1.000000e+00 -1.000000e+00 0.000000e+00 -1.000000e+00 -1.000000e+00 0.000000e+00 1.539801e-03 -1.000000e+00 0.000000e+00 -1.000000e+00 0.000000e+00 -1.000000e+00 -1.000000e+00 5.226008e-06 2.000000e+02 -1.000000e+00 0.000000e+00 -9.990070e+05 3.000000e+00 -1.000000e+00 -1.000000e+00 9.723341e-05 0.000000e+00 0.000000e+00 -1.000000e+00 2.897449e-04 -1.000000e+00 -9.990070e+05 2.897449e-04 1.796473e-02 1.244204e-01 -1.000000e+00 -1.000000e+00 0.000000e+00 -1.000000e+00 4 0.000000e+00 7.390371e-04
-1.000000e+00 -1.000000e+00 0.000000e+00 -1.000000e+00 -1.000000e+00 4.000000e+02 6.885164e-01 -1.000000e+00 0.000000e+00 -1.000000e+00 0.000000e+00 -1.000000e+00 -1.000000e+00 3.594745e-01 1.500000e+03 -1.000000e+00 0.000000e+00 -9.990070e+05 3.000000e+00 -1.000000e+00 -1.000000e+00 5.081874e-01 0.000000e+00 0.000000e+00 -1.000000e+00 4.981458e-01 -1.000000e+00 -9.990070e+05 4.981458e-01 8.622591e-01 9.671060e-01 -1.000000e+00 -1.000000e+00 0.000000e+00 -1.000000e+00 2 0.000000e+00 7.616569e-01
-1.000000e+00 -1.000000e+00 0.000000e+00 -1.000000e+00 -1.000000e+00 3.500000e+02 5.988204e-10 -1.000000e+00 0.000000e+00 -1.000000e+00 0.000000e+00 -1.000000e+00 -1.000000e+00 5.705963e-15 4.000000e+02 -1.000000e+00 0.000000e+00 -9.990070e+05 3.000000e+00 -1.000000e+00 -1.000000e+00 2.030838e-12 0.000000e+00 0.000000e+00 -1.000000e+00 2.999920e-10 -1.000000e+00 -9.990070e+05 2.999920e-10 1.244786e-07 1.422589e-05 -1.000000e+00 -1.000000e+00 0.000000e+00 -1.000000e+00 5 0.000000e+00 5.998375e-10
-1.000000e+00 -1.000000e+00 0.000000e+00 -1.000000e+00 -1.000000e+00 2.000000e+02 2.971707e-01 -1.000000e+00 0.000000e+00 -1.000000e+00 0.000000e+00 -1.000000e+00 -1.000000e+00 5.156151e-02 1.300000e+03 -1.000000e+00 0.000000e+00 -9.990070e+05 3.000000e+00 -1.000000e+00 -1.000000e+00 1.295261e-01 0.000000e+00 0.000000e+00 -1.000000e+00 2.580877e-01 -1.000000e+00 -9.990070e+05 2.580877e-01 5.741310e-01 8.501792e-01 -1.000000e+00 -1.000000e+00 0.000000e+00 -1.000000e+00 2 0.000000e+00 3.952707e-01
-1.000000e+00 -1.000000e+00 0.000000e+00 -1.000000e+00 -1.000000e+00 4.000000e+02 1.975846e-03 -1.000000e+00 0.000000e+00 -1.000000e+00 0.000000e+00 -1.000000e+00 -1.000000e+00 7.711703e-06 5.000000e+02 -1.000000e+00 0.000000e+00 -9.990070e+05 3.000000e+00 -1.000000e+00 -1.000000e+00 1.337141e-04 0.000000e+00 0.000000e+00 -1.000000e+00 9.873184e-04 -1.000000e+00 -9.990070e+05 9.873184e-04 2.155734e-02 1.402024e-01 -1.000000e+00 -1.000000e+00 0.000000e+00 -1.000000e+00 5 0.000000e+00 1.974923e-03
-1.000000e+00 -1.000000e+00 0.000000e+00 -1.000000e+00 -1.000000e+00 2.000000e+02 6.561262e-01 -1.000000e+00 0.000000e+00 -1.000000e+00 0.000000e+00 -1.000000e+00 -1.000000e+00 3.181182e-01 1.500000e+03 -1.000000e+00 0.000000e+00 -9.990070e+05 3.000000e+00 -1.000000e+00 -1.000000e+00 4.676261e-01 0.000000e+00 0.000000e+00 -1.000000e+00 4.814331e-01 -1.000000e+00 -9.990070e+05 4.814331e-01 8.444351e-01 9.618779e-01 -1.000000e+00 -1.000000e+00 0.000000e+00 -1.000000e+00 2 0.000000e+00 7.350721e-01
-1.000000e+00 -1.000000e+00 0.000000e+00 -1.000000e+00 -1.000000e+00 3.750000e+02 4.555640e-07 -1.000000e+00 0.000000e+00 -1.000000e+00 0.000000e+00 -1.000000e+00 -1.000000e+00 4.101284e-11 4.250000e+02 -1.000000e+00 0.000000e+00 -9.990070e+05 3.000000e+00 -1.000000e+00 -1.000000e+00 4.733798e-09 0.000000e+00 0.000000e+00 -1.000000e+00 2.324448e-07 -1.000000e+00 -9.990070e+05 2.324448e-07 3.120919e-05 1.193891e-03 -1.000000e+00 -1.000000e+00 0.000000e+00 -1.000000e+00 5 0.000000e+00 4.634562e-07
-1.000000e+00 -1.000000e+00 0.000000e+00 -1.000000e+00 -1.000000e+00 1.000000e+02 3.842968e-02 -1.000000e+00 0.000000e+00 -1.000000e+00 0.000000e+00 -1.000000e+00 -1.000000e+00 1.032177e-03 1.100000e+03 -1.000000e+00 0.000000e+00 -9.990070e+05 3.000000e+00 -1.000000e+00 -1.000000e+00 6.740570e-03 0.000000e+00 0.000000e+00 -1.000000e+00 4.565322e-02 -1.000000e+00 -9.990070e+05 4.565322e-02 1.690807e-01 4.829886e-01 -1.000000e+00 -1.000000e+00 0.000000e+00 -1.000000e+00 2 0.000000e+00 7.038120e-02
-1.000000e+00 -1.000000e+00 0.000000e+00 -1.000000e+00 -1.000000e+00 2.000000e+02 1.511134e-02 -1.000000e+00 0.000000e+00 -1.000000e+00 0.000000e+00 -1.000000e+00 -1.000000e+00 2.073932e-04 1.000000e+03 -1.000000e+00 0.000000e+00 -9.990070e+05 3.000000e+00 -1.000000e+00 -1.000000e+00 1.904286e-03 0.000000e+00 0.000000e+00 -1.000000e+00 7.566070e-03 -1.000000e+00 -9.990070e+05 7.566070e-03 9.080895e-02 3.414757e-01 -1.000000e+00 -1.000000e+00 0.000000e+00 -1.000000e+00 5 0.000000e+00 1.512612e-02
-1.000000e+00 -1.000000e+00 0.000000e+00 -1.000000e+00 -1.000000e+00 3.000000e+02 6.637226e-01 -1.000000e+00 0.000000e+00 -1.000000e+00 0.000000e+00 -1.000000e+00 -1.000000e+00 3.274898e-01 1.500000e+03 -1.000000e+00 0.000000e+00 -9.990070e+05 3.000000e+00 -1.000000e+00 -1.000000e+00 4.769775e-01 0.000000e+00 0.000000e+00 -1.000000e+00 4.855853e-01 -1.000000e+00 -9.990070e+05 4.855853e-01 8.486868e-01 9.631461e-01 -1.000000e+00 -1.000000e+00 0.000000e+00 -1.000000e+00 2 0.000000e+00 7.414417e-01
-1.000000e+00 -1.000000e+00 0.000000e+00 -1.000000e+00 -1.000000e+00 0.000000e+00 6.244499e-25 -1.000000e+00 0.000000e+00 -1.000000e+00 0.000000e+00 -1.000000e+00 -1.000000e+00 1.723960e-33 4.000000e+02 -1.000000e+00 0.000000e+00 -9.990070e+05 3.000000e+00 -1.000000e+00 -1.000000e+00 3.622881e-29 0.000000e+00 0.000000e+00 -1.000000e+00 2.290538e-27 -1.000000e+00 -9.990070e+05 2.290538e-27 7.482468e-21 4.830427e-17 -1.000000e+00 -1.000000e+00 0.000000e+00 -1.000000e+00 4 0.000000e+00 7.113432e-27
-1.000000e+00 -1.000000e+00 0.000000e+00 -1.000000e+00 -1.000000e+00 1.000000e+02 7.755664e-01 -1.000000e+00 0.000000e+00 -1.000000e+00 0.000000e+00 -1.000000e+00 -1.000000e+00 4.902582e-01 1.600000e+03 -1.000000e+00 0.000000e+00 -9.990070e+05 3.000000e+00 -1.000000e+00 -1.000000e+00 6.263796e-01 1.000000e+00 0.000000e+00 -1.000000e+00 5.000000e-01 -1.000000e+00 -9.990070e+05 5.000000e-01 9.064823e-01 9.790926e-01 -1.000000e+00 -1.000000e+00 0.000000e+00 -1.000000e+00 2 0.000000e+00 8.167042e-01
-1.000000e+00 -1.000000e+00 0.000000e+00 -1.000000e+00 -1.000000e+00 4.000000e+02 5.023710e-02 -1.000000e+00 0.000000e+00 -1.000000e+00 0.000000e+00 -1.000000e+00 -1.000000e+00 1.661508e-03 6.000000e+02 -1.000000e+00 0.000000e+00 -9.990070e+05 3.000000e+00 -1.000000e+00 -1.000000e+00 9.760244e-03 0.000000e+00 0.000000e+00 -1.000000e+00 2.529482e-02 -1.000000e+00 -9.990070e+05 2.529482e-02 2.009243e-01 5.288051e-01 -1.000000e+00 -1.000000e+00 0.000000e+00 -1.000000e+00 5 0.000000e+00 5.046902e-02
-1.000000e+00 -1.000000e+00 0.000000e+00 -1.000000e+00 -1.000000e+00 5.000000e+02 1.410955e-01 -1.000000e+00 0.000000e+00 -1.000000e+00 0.000000e+00 -1.000000e+00 -1.000000e+00 1.136538e-02 1.000000e+03 -1.000000e+00 0.000000e+00 -9.990070e+05 3.000000e+00 -1.000000e+00 -1.000000e+00 4.237595e-02 0.000000e+00 0.000000e+00 -1.000000e+00 1.706512e-02 -1.000000e+00 -9.990070e+05 1.706512e-02 3.786343e-01 7.176733e-01 -1.000000e+00 -1.000000e+00 0.000000e+00 -1.000000e+00 4 0.000000e+00 6.591933e-02
-1.000000e+00 -1.000000e+00 0.000000e+00 -1.000000e+00 -1.000000e+00 2.000000e+02 7.831760e-01 -1.000000e+00 0.000000e+00 -1.000000e+00 0.000000e+00 -1.000000e+00 -1.000000e+00 5.031835e-01 1.600000e+03 -1.000000e+00 0.000000e+00 -9.990070e+05 3.000000e+00 -1.000000e+00 -1.000000e+00 6.373714e-01 1.000000e+00 0.000000e+00 -1.000000e+00 5.000000e-01 -1.000000e+00 -9.990070e+05 5.000000e-01 9.101121e-01 9.800153e-01 -1.000000e+00 -1.000000e+00 0.000000e+00 -1.000000e+00 2 0.000000e+00 8.218115e-01
-1.000000e+00 -1.000000e+00 0.000000e+00 -1.000000e+00 -1.000000e+00 3.000000e+02 1.824780e-01 -1.000000e+00 0.000000e+00 -1.000000e+00 0.000000e+00 -1.000000e+00 -1.000000e+00 1.887117e-02 1.200000e+03 -1.000000e+00 0.000000e+00 -9.990070e+05 3.000000e+00 -1.000000e+00 -1.000000e+00 6.189377e-02 0.000000e+00 0.000000e+00 -1.000000e+00 1.727216e-01 -1.000000e+00 -9.990070e+05 1.727216e-01 4.391841e-01 7.649646e-01 -1.000000e+00 -1.000000e+00 0.000000e+00 -1.000000e+00 2 0.000000e+00 2.650647e-01
-1.000000e+00 -1.000000e+00 0.000000e+00 -1.000000e+00 -1.000000e+00 6.000000e+02 6.325870e-01 -1.000000e+00 0.000000e+00 -1.000000e+00 0.000000e+00 -1.000000e+00 -1.000000e+00 2.903022e-01 1.300000e+03 -1.000000e+00 0.000000e+00 -9.990070e+05 3.000000e+00 -1.000000e+00 -1.000000e+00 4.392670e-01 0.000000e+00 0.000000e+00 -1.000000e+00 4.677422e-01 -1.000000e+00 -9.990070e+05 4.677422e-01 8.309720e-01 9.577738e-01 -1.000000e+00 -1.000000e+00 0.000000e+00 -1.000000e+00 2 0.000000e+00 7.147992e-01
-1.000000e+00 -1.000000e+00 0.000000e+00 -1.000000e+00 -1.000000e+00 4.000000e+02 2.744830e-01 -1.000000e+00 0.000000e+00 -1.000000e+00 0.000000e+00 -1.000000e+00 -1.000000e+00 4.357774e-02 1.200000e+03 -1.000000e+00 0.000000e+00 -9.990070e+05 3.000000e+00 -1.000000e+00 -1.000000e+00 1.146111e-01 0.000000e+00 0.000000e+00 -1.000000e+00 2.418422e-01 -1.000000e+00 -9.990070e+05 2.418422e-01 5.503481e-01 8.368897e-01 -1.000000e+00 -1.000000e+00 0.000000e+00 -1.000000e+00 2 0.000000e+00 3.705703e-01
-1.000000e+00 -1.000000e+00 0.000000e+00 -1.000000e+00 -1.000000e+00 3.000000e+02 9.862655e-08 -1.000000e+00 0.000000e+00 -1.000000e+00 0.000000e+00 -1.000000e+00 -1.000000e+00 5.087174e-12 4.000000e+02 -1.000000e+00 0.000000e+00 -9.990070e+05 3.000000e+00 -1.000000e+00 -1.000000e+00 7.764552e-10 0.000000e+00 0.000000e+00 -1.000000e+00 4.918728e-08 -1.000000e+00 -9.990070e+05 4.918728e-08 8.892149e-06 4.455588e-04 -1.000000e+00 -1.000000e+00 0.000000e+00 -1.000000e+00 5 0.000000e+00 9.841104e-08
-1.000000e+00 -1.000000e+00 0.000000e+00 -1.000000e+00 -1.000000e+00 3.000000e+02 3.482211e-01 -1.000000e+00 0.000000e+00 -1.000000e+00 0.000000e+00 -1.000000e+00 -1.000000e+00 7.259050e-02 1.300000e+03 -1.000000e+00 0.000000e+00 -9.990070e+05 3.000000e+00 -1.000000e+00 -1.000000e+00 1.658240e-01 0.000000e+00 0.000000e+00 -1.000000e+00 2.932946e-01 -1.000000e+00 -9.990070e+05 2.932946e-01 6.236451e-01 8.757963e-01 -1.000000e+00 -1.000000e+00 0.000000e+00 -1.000000e+00 2 0.000000e+00 4.489394e-01
-1.000000e+00 -1.000000e+00 0.000000e+00 -1.000000e+00 -1.000000e+00 3.000000e+02 3.010655e-02 -1.000000e+00 0.000000e+00 -1.000000e+00 0.000000e+00 -1.000000e+00 -1.000000e+00 6.733171e-04 1.000000e+03 -1.000000e+00 0.000000e+00 -9.990070e+05 3.000000e+00 -1.000000e+00 -1.000000e+00 4.825868e-03 0.000000e+00 0.000000e+00 -1.000000e+00 2.527968e-03 -1.000000e+00 -9.990070e+05 2.527968e-03 1.441325e-01 4.431026e-01 -1.000000e+00 -1.000000e+00 0.000000e+00 -1.000000e+00 4 0.000000e+00 9.619666e-03
-1.000000e+00 -1.000000e+00 0.000000e+00 -1.000000e+00 -1.000000e+00 5.000000e+02 1.016000e-01 -1.000000e+00 0.000000e+00 -1.000000e+00 0.000000e+00 -1.000000e+00 -1.000000e+00 6.058780e-03 9.000000e+02 -1.000000e+00 0.000000e+00 -9.990070e+05 3.000000e+00 -1.000000e+00 -1.000000e+00 2.634862e-02 0.000000e+00 0.000000e+00 -1.000000e+00 1.126134e-02 -1.000000e+00 -9.990070e+05 1.126134e-02 3.114241e-01 6.565805e-01 -1.000000e+00 -1.000000e+00 0.000000e+00 -1.000000e+00 4 0.000000e+00 4.336393e-02
-1.000000e+00 -1.000000e+00 0.000000e+00 -1.000000e+00 -1.000000e+00 4.000000e+02 3.136862e-03 -1.000000e+00 0.000000e+00 -1.000000e+00 0.000000e+00 -1.000000e+00 -1.000000e+00 1.597881e-05 8.000000e+02 -1.000000e+00 0.000000e+00 -9.990070e+05 3.000000e+00 -1.000000e+00 -1.000000e+00 2.422110e-04 0.000000e+00 0.000000e+00 -1.000000e+00 1.749159e-04 -1.000000e+00 -9.990070e+05 1.749159e-04 3.013121e-02 1.740009e-01 -1.000000e+00 -1.000000e+00 0.000000e+00 -1.000000e+00 4 0.000000e+00 6.546212e-04
-1.000000e+00 -1.000000e+00 0.000000e+00 -1.000000e+00 -1.000000e+00 6.000000e+02 8.225026e-01 -1.000000e+00 0.000000e+00 -1.000000e+00 0.000000e+00 -1.000000e+00 -1.000000e+00 5.742039e-01 1.600000e+03 -1.000000e+00 0.000000e+00 -9.990070e+05 3.000000e+00 -1.000000e+00 -1.000000e+00 6.959391e-01 1.000000e+00 0.000000e+00 -1.000000e+00 5.000000e-01 -1.000000e+00 -9.990070e+05 5.000000e-01 9.283101e-01 9.845042e-01 -1.000000e+00 -1.000000e+00 0.000000e+00 -1.000000e+00 2 0.000000e+00 8.492588e-01
-1.000000e+00 -1.000000e+00 0.000000e+00 -1.000000e+00 -1.000000e+00 5.000000e+02 7.254514e-02 -1.000000e+00 0.000000e+00 -1.000000e+00 0.000000e+00 -1.000000e+00 -1.000000e+00 3.235987e-03 6.000000e+02 -1.000000e+00 0.000000e+00 -9.990070e+05 3.000000e+00 -1.000000e+00 -1.000000e+00 1.632167e-02 0.000000e+00 0.000000e+00 -1.000000e+00 3.630028e-02 -1.000000e+00 -9.990070e+05 3.630028e-02 2.532951e-01 5.944719e-01 -1.000000e+00 -1.000000e+00 0.000000e+00 -1.000000e+00 5 0.000000e+00 7.258039e-02
-1.000000e+00 -1.000000e+00 0.000000e+00 -1.000000e+00 -1.000000e+00 0.000000e+00 2.694712e-01 -1.000000e+00 0.000000e+00 -1.000000e+00 0.000000e+00 -1.000000e+00 -1.000000e+00 4.192108e-02 1.300000e+03 -1.000000e+00 0.000000e+00 -9.990070e+05 3.000000e+00 -1.000000e+00 -1.000000e+00 1.114175e-01 0.000000e+00 0.000000e+00 -1.000000e+00 2.390392e-01 -1.000000e+00 -9.990070e+05 2.390392e-01 5.449290e-01 8.337668e-01 -1.000000e+00 -1.000000e+00 0.000000e+00 -1.000000e+00 2 0.000000e+00 3.657629e-01
-1.000000e+00 -1.000000e+00 0.000000e+00 -1.000000e+00 -1.000000e+00 0.000000e+00 7.777008e-01 -1.000000e+00 0.000000e+00 -1.000000e+00 0.000000e+00 -1.000000e+00 -1.000000e+00 4.938577e-01 1.600000e+03 -1.000000e+00 0.000000e+00 -9.990070e+05 3.000000e+00 -1.000000e+00 -1.000000e+00 6.294516e-01 1.000000e+00 0.000000e+00 -1.000000e+00 5.000000e-01 -1.000000e+00 -9.990070e+05 5.000000e-01 9.075040e-01 9.793532e-01 -1.000000e+00 -1.000000e+00 0.000000e+00 -1.000000e+00 2 0.000000e+00 8.181303e-01
-1.000000e+00 -1.000000e+00 0.000000e+00 -1.000000e+00 -1.000000e+00 2.000000e+02 3.514094e-11 -1.000000e+00 0.000000e+00 -1.000000e+00 0.000000e+00 -1.000000e+00 -1.000000e+00 1.430448e-16 8.000000e+02 -1.000000e+00 0.000000e+00 -9.990070e+05 3.000000e+00 -1.000000e+00 -1.000000e+00 7.796338e-14 0.000000e+00 0.000000e+00 -1.000000e+00 3.614864e-13 -1.000000e+00 -9.990070e+05 3.614864e-13 1.113744e-08 1.932934e-06 -1.000000e+00 -1.000000e+00 0.000000e+00 -1.000000e+00 4 0.000000e+00 1.244145e-12
-1.000000e+00 -1.000000e+00 0.000000e+00 -1.000000e+00 -1.000000e+00 6.000000e+02 6.746313e-01 -1.000000e+00 0.000000e+00 -1.000000e+00 0.000000e+00 -1.000000e+00 -1.000000e+00 3.412954e-01 1.400000e+03 -1.000000e+00 0.000000e+00 -9.990070e+05 3.000000e+00 -1.000000e+00 -1.000000e+00 4.905788e-01 0.000000e+00 0.000000e+00 -1.000000e+00 4.926620e-01 -1.000000e+00 -9.990070e+05 4.926620e-01 8.547150e-01 9.649215e-01 -1.000000e+00 -1.000000e+00 0.000000e+00 -1.000000e+00 2 0.000000e+00 7.510787e-01
-1.000000e+00 -1.000000e+00 0.000000e+00 -1.000000e+00 -1.000000e+00 5.000000e+02 4.958642e-01 -1.000000e+00 0.000000e+00 -1.000000e+00 0.000000e+00 -1.000000e+00 -1.000000e+00 1.613178e-01 1.300000e+03 -1.000000e+00 0.000000e+00 -9.990070e+05 3.000000e+00 -1.000000e+00 -1.000000e+00 2.923341e-01 0.000000e+00 0.000000e+00 -1.000000e+00 3.885353e-01 -1.000000e+00 -9.990070e+05 3.885353e-01 7.430158e-01 9.275146e-01 -1.000000e+00 -1.000000e+00 0.000000e+00 -1.000000e+00 2 0.000000e+00 5.935116e-01
-1.000000e+00 -1.000000e+00 0.000000e+00 -1.000000e+00 -1.000000e+00 3.000000e+02 2.422156e-07 -1.000000e+00 0.000000e+00 -1.000000e+00 0.000000e+00 -1.000000e+00 -1.000000e+00 1.726857e-11 8.000000e+02 -1.000000e+00 0.000000e+00 -9.990070e+05 3.000000e+00 -1.000000e+00 -1.000000e+00 2.240683e-09 0.000000e+00 0.000000e+00 -1.000000e+00 4.618236e-09 -1.000000e+00 -9.990070e+05 4.618236e-09 1.861529e-05 7.972302e-04 -1.000000e+00 -1.000000e+00 0.000000e+00 -1.000000e+00 4 0.000000e+00 1.644860e-08
-1.000000e+00 -1.000000e+00 0.000000e+00 -1.000000e+00 -1.000000e+00 4.000000e+02 5.496091e-01 -1.000000e+00 0.000000e+00 -1.000000e+00 0.000000e+00 -1.000000e+00 -1.000000e+00 2.058759e-01 1.400000e+03 -1.000000e+00 0.000000e+00 -9.990070e+05 3.000000e+00 -1.000000e+00 -1.000000e+00 3.465565e-01 0.000000e+00 0.000000e+00 -1.000000e+00 4.198775e-01 -1.000000e+00 -9.990070e+05 4.198775e-01 7.797406e-01 9.408962e-01 -1.000000e+00 -1.000000e+00 0.000000e+00 -1.000000e+00 2 0.000000e+00 6.420157e-01
-1.000000e+00 -1.000000e+00 0.000000e+00 -1.000000e+00 -1.000000e+00 5.000000e+02 6.016560e-01 -1.000000e+00 0.000000e+00 -1.000000e+00 0.000000e+00 -1.000000e+00 -1.000000e+00 2.564444e-01 1.400000e+03 -1.000000e+00 0.000000e+00 -9.990070e+05 3.000000e+00 -1.000000e+00 -1.000000e+00 4.034027e-01 0.000000e+00 0.000000e+00 -1.000000e+00 4.500133e-01 -1.000000e+00 -9.990070e+05 4.500133e-01 8.125891e-01 9.519504e-01 -1.000000e+00 -1.000000e+00 0.000000e+00 -1.000000e+00 2 0.000000e+00 6.879966e-01
-1.000000e+00 -1.000000e+00 0.000000e+00 -1.000000e+00 -1.000000e+00 4.000000e+02 5.554513e-02 -1.000000e+00 0.000000e+00 -1.000000e+00 0.000000e+00 -1.000000e+00 -1.000000e+00 1.990294e-03 1.000000e+03 -1.000000e+00 0.000000e+00 -9.990070e+05 3.000000e+00 -1.000000e+00 -1.000000e+00 1.122430e-02 0.000000e+00 0.000000e+00 -1.000000e+00 5.332265e-03 -1.000000e+00 -9.990070e+05 5.332265e-03 2.141858e-01 5.464654e-01 -1.000000e+00 -1.000000e+00 0.000000e+00 -1.000000e+00 4 0.000000e+00 2.039584e-02
-1.000000e+00 -1.000000e+00 0.000000e+00 -1.000000e+00 -1.000000e+00 5.750000e+02 1.330945e-01 -1.000000e+00 0.000000e+00 -1.000000e+00 0.000000e+00 -1.000000e+00 -1.000000e+00 1.014856e-02 6.000000e+02 -1.000000e+00 0.000000e+00 -9.990070e+05 3.000000e+00 -1.000000e+00 -1.000000e+00 3.891786e-02 0.000000e+00 0.000000e+00 -1.000000e+00 6.663416e-02 -1.000000e+00 -9.990070e+05 6.663416e-02 3.658789e-01 7.068351e-01 -1.000000e+00 -1.000000e+00 0.000000e+00 -1.000000e+00 5 0.000000e+00 1.331968e-01
-1.000000e+00 -1.000000e+00 0.000000e+00 -1.000000e+00 -1.000000e+00 4.000000e+02 3.842451e-01 -1.000000e+00 0.000000e+00 -1.000000e+00 0.000000e+00 -1.000000e+00 -1.000000e+00 9.018417e-02 1.300000e+03 -1.000000e+00 0.000000e+00 -9.990070e+05 3.000000e+00 -1.000000e+00 -1.000000e+00 1.937211e-01 0.000000e+00 0.000000e+00 -1.000000e+00 3.168252e-01 -1.000000e+00 -9.990070e+05 3.168252e-01 6.557083e-01 8.910112e-01 -1.000000e+00 -1.000000e+00 0.000000e+00 -1.000000e+00 2 0.000000e+00 4.851640e-01
-1.000000e+00 -1.000000e+00 0.000000e+00 -1.000000e+00 -1.000000e+00 4.000000e+02 4.577826e-03 -1.000000e+00 0.000000e+00 -1.000000e+00 0.000000e+00 -1.000000e+00 -1.000000e+00 2.921399e-05 9.000000e+02 -1.000000e+00 0.000000e+00 -9.990070e+05 3.000000e+00 -1.000000e+00 -1.000000e+00 3.951821e-04 0.000000e+00 0.000000e+00 -1.000000e+00 2.725540e-04 -1.000000e+00 -9.990070e+05 2.725540e-04 3.949433e-02 2.064628e-01 -1.000000e+00 -1.000000e+00 0.000000e+00 -1.000000e+00 4 0.000000e+00 1.021190e-03
-1.000000e+00 -1.000000e+00 0.000000e+00 -1.000000e+00 -1.000000e+00 6.000000e+02 3.726361e-01 -1.000000e+00 0.000000e+00 -1.000000e+00 0.000000e+00 -1.000000e+00 -1.000000e+00 8.425245e-02 1.000000e+03 -1.000000e+00 0.000000e+00 -9.990070e+05 3.000000e+00 -1.000000e+00 -1.000000e+00 1.845241e-01 0.000000e+00 0.000000e+00 -1.000000e+00 6.049760e-02 -1.000000e+00 -9.990070e+05 6.049760e-02 6.456117e-01 8.863311e-01 -1.000000e+00 -1.000000e+00 0.000000e+00 -1.000000e+00 4 0.000000e+00 2.373129e-01
-1.000000e+00 -1.000000e+00 0.000000e+00 -1.000000e+00 -1.000000e+00 4.500000e+02 1.172252e-03 -1.000000e+00 0.000000e+00 -1.000000e+00 0.000000e+00 -1.000000e+00 -1.000000e+00 3.424580e-06 5.000000e+02 -1.000000e+00 0.000000e+00 -9.990070e+05 3.000000e+00 -1.000000e+00 -1.000000e+00 6.872157e-05 0.000000e+00 0.000000e+00 -1.000000e+00 5.974284e-04 -1.000000e+00 -9.990070e+05 5.974284e-04 1.469852e-02 1.089439e-01 -1.000000e+00 -1.000000e+00 0.000000e+00 -1.000000e+00 5 0.000000e+00 1.189691e-03
-1.000000e+00 -1.000000e+00 0.000000e+00 -1.000000e+00 -1.000000e+00 6.000000e+02 4.928777e-01 -1.000000e+00 0.000000e+00 -1.000000e+00 0.000000e+00 -1.000000e+00 -1.000000e+00 1.590531e-01 9.000000e+02 -1.000000e+00 0.000000e+00 -9.990070e+05 3.000000e+00 -1.000000e+00 -1.000000e+00 2.894517e-01 0.000000e+00 0.000000e+00 -1.000000e+00 8.783488e-02 -1.000000e+00 -9.990070e+05 8.783488e-02 7.408837e-01 9.267034e-01 -1.000000e+00 -1.000000e+00 0.000000e+00 -1.000000e+00 4 0.000000e+00 3.486661e-01
-1.000000e+00 -1.000000e+00 0.000000e+00 -1.000000e+00 -1.000000e+00 1.000000e+02 1.176021e-01 -1.000000e+00 0.000000e+00 -1.000000e+00 0.000000e+00 -1.000000e+00 -1.000000e+00 7.999287e-03 1.200000e+03 -1.000000e+00 0.000000e+00 -9.990070e+05 3.000000e+00 -1.000000e+00 -1.000000e+00 3.252339e-02 0.000000e+00 0.000000e+00 -1.000000e+00 1.194016e-01 -1.000000e+00 -9.990070e+05 1.194016e-01 3.400089e-01 6.838051e-01 -1.000000e+00 -1.000000e+00 0.000000e+00 -1.000000e+00 2 0.000000e+00 1.835260e-01
-1.000000e+00 -1.000000e+00 0.000000e+00 -1.000000e+00 -1.000000e+00 0.000000e+00 2.866980e-14 -1.000000e+00 0.000000e+00 -1.000000e+00 0.000000e+00 -1.000000e+00 -1.000000e+00 1.687034e-20 8.000000e+02 -1.000000e+00 0.000000e+00 -9.990070e+05 3.000000e+00 -1.000000e+00 -1.000000e+00 2.422197e-17 0.000000e+00 0.000000e+00 -1.000000e+00 2.059114e-16 -1.000000e+00 -9.990070e+05 2.059114e-16 2.375375e-11 1.070522e-08 -1.000000e+00 -1.000000e+00 0.000000e+00 -1.000000e+00 4 0.000000e+00 6.915284e-16
-1.000000e+00 -1.000000e+00 0.000000e+00 -1.000000e+00 -1.000000e+00 2.000000e+02 2.293344e-05 -1.000000e+00 0.000000e+00 -1.000000e+00 0.000000e+00 -1.000000e+00 -1.000000e+00 9.977980e-09 9.000000e+02 -1.000000e+00 0.000000e+00 -9.990070e+05 3.000000e+00 -1.000000e+00 -1.000000e+00 5.221149e-07 0.000000e+00 0.000000e+00 -1.000000e+00 6.738558e-07 -1.000000e+00 -9.990070e+05 6.738558e-07 7.248543e-04 1.303036e-02 -1.000000e+00 -1.000000e+00 0.000000e+00 -1.000000e+00 4 0.000000e+00 2.452151e-06
-1.000000e+00 -1.000000e+00 0.000000e+00 -1.000000e+00 -1.000000e+00 2.000000e+02 1.400231e-01 -1.000000e+00 0.000000e+00 -1.000000e+00 0.000000e+00 -1.000000e+00 -1.000000e+00 1.119802e-02 1.200000e+03 -1.000000e+00 0.000000e+00 -9.990070e+05 3.000000e+00 -1.000000e+00 -1.000000e+00 4.190641e-02 0.000000e+00 0.000000e+00 -1.000000e+00 1.383644e-01 -1.000000e+00 -9.990070e+05 1.383644e-01 3.769469e-01 7.162583e-01 -1.000000e+00 -1.000000e+00 0.000000e+00 -1.000000e+00 2 0.000000e+00 2.125430e-01
-1.000000e+00 -1.000000e+00 0.000000e+00 -1.000000e+00 -1.000000e+00 1.000000e+02 1.052365e-02 -1.000000e+00 0.000000e+00 -1.000000e+00 0.000000e+00 -1.000000e+00 -1.000000e+00 1.134299e-04 1.000000e+03 -1.000000e+00 0.000000e+00 -9.990070e+05 3.000000e+00 -1.000000e+00 -1.000000e+00 1.177091e-03 0.000000e+00 0.000000e+00 -1.000000e+00 5.259125e-03 -1.000000e+00 -9.990070e+05 5.259125e-03 7.084030e-02 2.950909e-01 -1.000000e+00 -1.000000e+00 0.000000e+00 -1.000000e+00 5 0.000000e+00 1.051975e-02
-1.000000e+00 -1.000000e+00 0.000000e+00 -1.000000e+00 -1.000000e+00 1.000000e+02 8.218165e-06 -1.000000e+00 0.000000e+00 -1.000000e+00 0.000000e+00 -1.000000e+00 -1.000000e+00 2.309984e-09 9.000000e+02 -1.000000e+00 0.000000e+00 -9.990070e+05 3.000000e+00 -1.000000e+00 -1.000000e+00 1.505440e-07 0.000000e+00 0.000000e+00 -1.000000e+00 2.174574e-07 -1.000000e+00 -9.990070e+05 2.174574e-07 3.217109e-04 7.120063e-03 -1.000000e+00 -1.000000e+00 0.000000e+00 -1.000000e+00 4 0.000000e+00 7.867623e-07
-1.000000e+00 -1.000000e+00 0.000000e+00 -1.000000e+00 -1.000000e+00 1.000000e+02 4.754321e-01 -1.000000e+00 0.000000e+00 -1.000000e+00 0.000000e+00 -1.000000e+00 -1.000000e+00 1.462468e-01 1.400000e+03 -1.000000e+00 0.000000e+00 -9.990070e+05 3.000000e+00 -1.000000e+00 -1.000000e+00 2.728860e-01 0.000000e+00 0.000000e+00 -1.000000e+00 3.763816e-01 -1.000000e+00 -9.990070e+05 3.763816e-01 7.282244e-01 9.218075e-01 -1.000000e+00 -1.000000e+00 0.000000e+00 -1.000000e+00 2 0.000000e+00 5.746880e-01
-1.000000e+00 -1.000000e+00 0.000000e+00 -1.000000e+00 -1.000000e+00 4.000000e+02 7.901409e-01 -1.000000e+00 0.000000e+00 -1.000000e+00 0.000000e+00 -1.000000e+00 -1.000000e+00 5.152402e-01 1.600000e+03 -1.000000e+00 0.000000e+00 -9.990070e+05 3.000000e+00 -1.000000e+00 -1.000000e+00 6.475278e-01 1.000000e+00 0.000000e+00 -1.000000e+00 5.000000e-01 -1.000000e+00 -9.990070e+05 5.000000e-01 9.134029e-01 9.808440e-01 -1.000000e+00 -1.000000e+00 0.000000e+00 -1.000000e+00 2 0.000000e+00 8.265425e-01
-1.000000e+00 -1.000000e+00 0.000000e+00 -1.000000e+00 -1.000000e+00 2.000000e+02 4.959070e-01 -1.000000e+00 0.000000e+00 -1.000000e+00 0.000000e+00 -1.000000e+00 -1.000000e+00 1.613503e-01 1.400000e+03 -1.000000e+00 0.000000e+00 -9.990070e+05 3.000000e+00 -1.000000e+00 -1.000000e+00 2.923755e-01 0.000000e+00 0.000000e+00 -1.000000e+00 3.883083e-01 -1.000000e+00 -9.990070e+05 3.883083e-01 7.430462e-01 9.275262e-01 -1.000000e+00 -1.000000e+00 0.000000e+00 -1.000000e+00 2 0.000000e+00 5.933853e-01
-1.000000e+00 -1.000000e+00 0.000000e+00 -1.000000e+00 -1.000000e+00 5.000000e+02 3.170309e-01 -1.000000e+00 0.000000e+00 -1.000000e+00 0.000000e+00 -1.000000e+00 -1.000000e+00 5.922335e-02 1.100000e+03 -1.000000e+00 0.000000e+00 -9.990070e+05 3.000000e+00 -1.000000e+00 -1.000000e+00 1.431969e-01 0.000000e+00 0.000000e+00 -1.000000e+00 4.861780e-02 -1.000000e+00 -9.990070e+05 4.861780e-02 5.940127e-01 8.607879e-01 -1.000000e+00 -1.000000e+00 0.000000e+00 -1.000000e+00 4 0.000000e+00 1.904158e-01
-1.000000e+00 -1.000000e+00 0.000000e+00 -1.000000e+00 -1.000000e+00 4.000000e+02 2.356150e-01 -1.000000e+00 0.000000e+00 -1.000000e+00 0.000000e+00 -1.000000e+00 -1.000000e+00 3.170211e-02 1.100000e+03 -1.000000e+00 0.000000e+00 -9.990070e+05 3.000000e+00 -1.000000e+00 -1.000000e+00 9.080777e-02 0.000000e+00 0.000000e+00 -1.000000e+00 3.297960e-02 -1.000000e+00 -9.990070e+05 3.297960e-02 5.065880e-01 8.106138e-01 -1.000000e+00 -1.000000e+00 0.000000e+00 -1.000000e+00 4 0.000000e+00 1.283350e-01
-1.000000e+00 -1.000000e+00 0.000000e+00 -1.000000e+00 -1.000000e+00 6.000000e+02 4.267279e-01 -1.000000e+00 0.000000e+00 -1.000000e+00 0.000000e+00 -1.000000e+00 -1.000000e+00 1.141341e-01 1.100000e+03 -1.000000e+00 0.000000e+00 -9.990070e+05 3.000000e+00 -1.000000e+00 -1.000000e+00 2.290660e-01 0.000000e+00 0.000000e+00 -1.000000e+00 7.223446e-02 -1.000000e+00 -9.990070e+05 7.223446e-02 6.909068e-01 9.065607e-01 -1.000000e+00 -1.000000e+00 0.000000e+00 -1.000000e+00 4 0.000000e+00 2.853196e-01
-1.000000e+00 -1.000000e+00 0.000000e+00 -1.000000e+00 -1.000000e+00 3.000000e+02 5.114071e-01 -1.000000e+00 0.000000e+00 -1.000000e+00 0.000000e+00 -1.000000e+00 -1.000000e+00 1.734534e-01 1.400000e+03 -1.000000e+00 0.000000e+00 -9.990070e+05 3.000000e+00 -1.000000e+00 -1.000000e+00 3.075555e-01 0.000000e+00 0.000000e+00 -1.000000e+00 3.968308e-01 -1.000000e+00 -9.990070e+05 3.968308e-01 7.539514e-01 9.316153e-01 -1.000000e+00 -1.000000e+00 0.000000e+00 -1.000000e+00 2 0.000000e+00 6.071355e-01
-1.000000e+00 -1.000000e+00 0.000000e+00 -1.000000e+00 -1.000000e+00 0.000000e+00 6.591149e-01 -1.000000e+00 0.000000e+00 -1.000000e+00 0.000000e+00 -1.000000e+00 -1.000000e+00 3.217819e-01 1.500000e+03 -1.000000e+00 0.000000e+00 -9.990070e+05 3.000000e+00 -1.000000e+00 -1.000000e+00 4.712936e-01 0.000000e+00 0.000000e+00 -1.000000e+00 4.825785e-01 -1.000000e+00 -9.990070e+05 4.825785e-01 8.461132e-01 9.623801e-01 -1.000000e+00 -1.000000e+00 0.000000e+00 -1.000000e+00 2 0.000000e+00 7.373430e-01
-1.000000e+00 -1.000000e+00 0.000000e+00 -1.000000e+00 -1.000000e+00 4.750000e+02 1.316909e-03 -1.000000e+00 0.000000e+00 -1.000000e+00 0.000000e+00 -1.000000e+00 -1.000000e+00 4.099858e-06 5.000000e+02 -1.000000e+00 0.000000e+00 -9.990070e+05 3.000000e+00 -1.000000e+00 -1.000000e+00 7.967528e-05 0.000000e+00 0.000000e+00 -1.000000e+00 6.629713e-04 -1.000000e+00 -9.990070e+05 6.629713e-04 1.601488e-02 1.153284e-01 -1.000000e+00 -1.000000e+00 0.000000e+00 -1.000000e+00 5 0.000000e+00 1.323868e-03
-1.000000e+00 -1.000000e+00 0.000000e+00 -1.000000e+00 -1.000000e+00 6.000000e+02 7.486795e-01 -1.000000e+00 0.000000e+00 -1.000000e+00 0.000000e+00 -1.000000e+00 -1.000000e+00 4.465968e-01 1.500000e+03 -1.000000e+00 0.000000e+00 -9.990070e+05 3.000000e+00 -1.000000e+00 -1.000000e+00 5.884074e-01 1.000000e+00 0.000000e+00 -1.000000e+00 5.000000e-01 -1.000000e+00 -9.990070e+05 5.000000e-01 8.933640e-01 9.756811e-01 -1.000000e+00 -1.000000e+00 0.000000e+00 -1.000000e+00 2 0.000000e+00 7.991558e-01
-1.000000e+00 -1.000000e+00 0.000000e+00 -1.000000e+00 -1.000000e+00 6.000000e+02 5.671986e-01 -1.000000e+00 0.000000e+00 -1.000000e+00 0.000000e+00 -1.000000e+00 -1.000000e+00 2.221080e-01 8.000000e+02 -1.000000e+00 0.000000e+00 -9.990070e+05 3.000000e+00 -1.000000e+00 -1.000000e+00 3.652836e-01 0.000000e+00 0.000000e+00 -1.000000e+00 2.838407e-01 -1.000000e+00 -9.990070e+05 2.838407e-01 7.911242e-01 9.448227e-01 -1.000000e+00 -1.000000e+00 0.000000e+00 -1.000000e+00 5 0.000000e+00 5.673589e-01
-1.000000e+00 -1.000000e+00 0.000000e+00 -1.000000e+00 -1.000000e+00 1.000000e+02 8.778733e-14 -1.000000e+00 0.000000e+00 -1.000000e+00 0.000000e+00 -1.000000e+00 -1.000000e+00 6.892853e-20 8.000000e+02 -1.000000e+00 0.000000e+00 -9.990070e+05 3.000000e+00 -1.000000e+00 -1.000000e+00 8.565680e-17 0.000000e+00 0.000000e+00 -1.000000e+00 6.710504e-16 -1.000000e+00 -9.990070e+05 6.710504e-16 6.301483e-11 2.462473e-08 -1.000000e+00 -1.000000e+00 0.000000e+00 -1.000000e+00 4 0.000000e+00 2.258196e-15
-1.000000e+00 -1.000000e+00 0.000000e+00 -1.000000e+00 -1.000000e+00 0.000000e+00 4.799097e-01 -1.000000e+00 0.000000e+00 -1.000000e+00 0.000000e+00 -1.000000e+00 -1.000000e+00 1.494657e-01 1.400000e+03 -1.000000e+00 0.000000e+00 -9.990070e+05 3.000000e+00 -1.000000e+00 -1.000000e+00 2.770937e-01 0.000000e+00 0.000000e+00 -1.000000e+00 3.784837e-01 -1.000000e+00 -9.990070e+05 3.784837e-01 7.315075e-01 9.230904e-01 -1.000000e+00 -1.000000e+00 0.000000e+00 -1.000000e+00 2 0.000000e+00 5.784474e-01
-1.000000e+00 -1.000000e+00 0.000000e+00 -1.000000e+00 -1.000000e+00 5.000000e+02 8.042090e-01 -1.000000e+00 0.000000e+00 -1.000000e+00 0.000000e+00 -1.000000e+00 -1.000000e+00 5.402681e-01 1.600000e+03 -1.000000e+00 0.000000e+00 -9.990070e+05 3.000000e+00 -1.000000e+00 -1.000000e+00 6.683245e-01 1.000000e+00 0.000000e+00 -1.000000e+00 5.000000e-01 -1.000000e+00 -9.990070e+05 5.000000e-01 9.199600e-01 9.824728e-01 -1.000000e+00 -1.000000e+00 0.000000e+00 -1.000000e+00 2 0.000000e+00 8.362666e-01
-1.000000e+00 -1.000000e+00 0.000000e+00 -1.000000e+00 -1.000000e+00 5.500000e+02 1.122607e-01 -1.000000e+00 0.000000e+00 -1.000000e+00 0.000000e+00 -1.000000e+00 -1.000000e+00 7.320390e-03 6.000000e+02 -1.000000e+00 0.000000e+00 -9.990070e+05 3.000000e+00 -1.000000e+00 -1.000000e+00 3.041288e-02 0.000000e+00 0.000000e+00 -1.000000e+00 5.614255e-02 -1.000000e+00 -9.990070e+05 5.614255e-02 3.306946e-01 6.751485e-01 -1.000000e+00 -1.000000e+00 0.000000e+00 -1.000000e+00 5 0.000000e+00 1.122754e-01
-1.000000e+00 -1.000000e+00 0.000000e+00 -1.000000e+00 -1.000000e+00 0.000000e+00 7.675332e-03 -1.000000e+00 0.000000e+00 -1.000000e+00 0.000000e+00 -1.000000e+00 -1.000000e+00 6.748928e-05 1.000000e+03 -1.000000e+00 0.000000e+00 -9.990070e+05 3.000000e+00 -1.000000e+00 -1.000000e+00 7.763596e-04 0.000000e+00 0.000000e+00 -1.000000e+00 1.087791e-02 -1.000000e+00 -9.990070e+05 1.087791e-02 5.687791e-02 2.585793e-01 -1.000000e+00 -1.000000e+00 0.000000e+00 -1.000000e+00 2 0.000000e+00 1.686919e-02
-1.000000e+00 -1.000000e+00 0.000000e+00 -1.000000e+00 -1.000000e+00 5.000000e+02 2.102850e-01 -1.000000e+00 0.000000e+00 -1.000000e+00 0.000000e+00 -1.000000e+00 -1.000000e+00 2.511657e-02 8.000000e+02 -1.000000e+00 0.000000e+00 -9.990070e+05 3.000000e+00 -1.000000e+00 -1.000000e+00 7.649569e-02 0.000000e+00 0.000000e+00 -1.000000e+00 2.852903e-02 -1.000000e+00 -9.990070e+05 2.852903e-02 4.756888e-01 7.905183e-01 -1.000000e+00 -1.000000e+00 0.000000e+00 -1.000000e+00 4 0.000000e+00 1.106552e-01
-1.000000e+00 -1.000000e+00 0.000000e+00 -1.000000e+00 -1.000000e+00 5.000000e+02 7.147749e-01 -1.000000e+00 0.000000e+00 -1.000000e+00 0.000000e+00 -1.000000e+00 -1.000000e+00 3.957809e-01 1.500000e+03 -1.000000e+00 0.000000e+00 -9.990070e+05 3.000000e+00 -1.000000e+00 -1.000000e+00 5.424069e-01 1.000000e+00 0.000000e+00 -1.000000e+00 5.000000e-01 -1.000000e+00 -9.990070e+05 5.000000e-01 8.761435e-01 9.710190e-01 -1.000000e+00 -1.000000e+00 0.000000e+00 -1.000000e+00 2 0.000000e+00 7.780738e-01
-1.000000e+00 -1.000000e+00 0.000000e+00 -1.000000e+00 -1.000000e+00 3.750000e+02 4.505180e-10 -1.000000e+00 0.000000e+00 -1.000000e+00 0.000000e+00 -1.000000e+00 -1.000000e+00 3.931912e-15 4.000000e+02 -1.000000e+00 0.000000e+00 -9.990070e+05 3.000000e+00 -1.000000e+00 -1.000000e+00 1.462390e-12 0.000000e+00 0.000000e+00 -1.000000e+00 2.256901e-10 -1.000000e+00 -9.990070e+05 2.256901e-10 9.781648e-08 1.167089e-05 -1.000000e+00 -1.000000e+00 0.000000e+00 -1.000000e+00 5 0.000000e+00 4.512724e-10
-1.000000e+00 -1.000000e+00 0.000000e+00 -1.000000e+00 -1.000000e+00 3.000000e+02 7.835732e-01 -1.000000e+00 0.000000e+00 -1.000000e+00 0.000000e+00 -1.000000e+00 -1.000000e+00 5.038652e-01 1.600000e+03 -1.000000e+00 0.000000e+00 -9.990070e+05 3.000000e+00 -1.000000e+00 -1.000000e+00 6.379481e-01 1.000000e+00 0.000000e+00 -1.000000e+00 5.000000e-01 -1.000000e+00 -9.990070e+05 5.000000e-01 9.103005e-01 9.800630e-01 -1.000000e+00 -1.000000e+00 0.000000e+00 -1.000000e+00 2 0.000000e+00 8.220799e-01
-1.000000e+00 -1.000000e+00 0.000000e+00 -1.000000e+00 -1.000000e+00 1.000000e+02 6.534736e-01 -1.000000e+00 0.000000e+00 -1.000000e+00 0.000000e+00 -1.000000e+00 -1.000000e+00 3.148917e-01 1.500000e+03 -1.000000e+00 0.000000e+00 -9.990070e+05 3.000000e+00 -1.000000e+00 -1.000000e+00 4.643836e-01 0.000000e+00 0.000000e+00 -1.000000e+00 4.799796e-01 -1.000000e+00 -9.990070e+05 4.799796e-01 8.429399e-01 9.614287e-01 -1.000000e+00 -1.000000e+00 0.000000e+00 -1.000000e+00 2 0.000000e+00 7.328419e-01
-1.000000e+00 -1.000000e+00 0.000000e+00 -1.000000e+00 -1.000000e+00 0.000000e+00 1.114937e-01 -1.000000e+00 0.000000e+00 -1.000000e+00 0.000000e+00 -1.000000e+00 -1.000000e+00 7.225483e-03 1.200000e+03 -1.000000e+00 0.000000e+00 -9.990070e+05 3.000000e+00 -1.000000e+00 -1.000000e+00 3.011385e-02 0.000000e+00 0.000000e+00 -1.000000e+00 1.141038e-01 -1.000000e+00 -9.990070e+05 1.141038e-01 3.293391e-01 6.738719e-01 -1.000000e+00 -1.000000e+00 0.000000e+00 -1.000000e+00 2 0.000000e+00 1.754238e-01
-1.000000e+00 -1.000000e+00 0.000000e+00 -1.000000e+00 -1.000000e+00 0.000000e+00 3.257563e-02 -1.000000e+00 0.000000e+00 -1.000000e+00 0.000000e+00 -1.000000e+00 -1.000000e+00 7.724235e-04 1.100000e+03 -1.000000e+00 0.000000e+00 -9.990070e+05 3.000000e+00 -1.000000e+00 -1.000000e+00 5.374107e-03 0.000000e+00 0.000000e+00 -1.000000e+00 3.939277e-02 -1.000000e+00 -9.990070e+05 3.939277e-02 1.517947e-01 4.557757e-01 -1.000000e+00 -1.000000e+00 0.000000e+00 -1.000000e+00 2 0.000000e+00 6.080621e-02
-1.000000e+00 -1.000000e+00 0.000000e+00 -1.000000e+00 -1.000000e+00 5.000000e+02 4.591869e-01 -1.000000e+00 0.000000e+00 -1.000000e+00 0.000000e+00 -1.000000e+00 -1.000000e+00 1.349538e-01 1.200000e+03 -1.000000e+00 0.000000e+00 -9.990070e+05 3.000000e+00 -1.000000e+00 -1.000000e+00 2.578745e-01 0.000000e+00 0.000000e+00 -1.000000e+00 3.658375e-01 -1.000000e+00 -9.990070e+05 3.658375e-01 7.161110e-01 9.169934e-01 -1.000000e+00 -1.000000e+00 0.000000e+00 -1.000000e+00 2 0.000000e+00 5.590234e-01
-1.000000e+00 -1.000000e+00 0.000000e+00 -1.000000e+00 -1.000000e+00 6.000000e+02 5.841649e-01 -1.000000e+00 0.000000e+00 -1.000000e+00 0.000000e+00 -1.000000e+00 -1.000000e+00 2.385844e-01 1.200000e+03 -1.000000e+00 0.000000e+00 -9.990070e+05 3.000000e+00 -1.000000e+00 -1.000000e+00 3.838139e-01 0.000000e+00 0.000000e+00 -1.000000e+00 1.111850e-01 -1.000000e+00 -9.990070e+05 1.111850e-01 8.018277e-01 9.484216e-01 -1.000000e+00 -1.000000e+00 0.000000e+00 -1.000000e+00 4 0.000000e+00 4.438646e-01
-1.000000e+00 -1.000000e+00 0.000000e+00 -1.000000e+00 -1.000000e+00 1.000000e+02 2.722097e-01 -1.000000e+00 0.000000e+00 -1.000000e+00 0.000000e+00 -1.000000e+00 -1.000000e+00 4.282155e-02 1.300000e+03 -1.000000e+00 0.000000e+00 -9.990070e+05 3.000000e+00 -1.000000e+00 -1.000000e+00 1.131579e-01 0.000000e+00 0.000000e+00 -1.000000e+00 2.406384e-01 -1.000000e+00 -9.990070e+05 2.406384e-01 5.478977e-01 8.354820e-01 -1.000000e+00 -1.000000e+00 0.000000e+00 -1.000000e+00 2 0.000000e+00 3.684486e-01
-1.000000e+00 -1.000000e+00 0.000000e+00 -1.000000e+00 -1.000000e+00 2.000000e+02 5.135740e-02 -1.000000e+00 0.000000e+00 -1.000000e+00 0.000000e+00 -1.000000e+00 -1.000000e+00 1.728530e-03 1.100000e+03 -1.000000e+00 0.000000e+00 -9.990070e+05 3.000000e+00 -1.000000e+00 -1.000000e+00 1.006394e-02 0.000000e+00 0.000000e+00 -1.000000e+00 5.860213e-02 -1.000000e+00 -9.990070e+05 5.860213e-02 2.037717e-01 5.326620e-01 -1.000000e+00 -1.000000e+00 0.000000e+00 -1.000000e+00 2 0.000000e+00 9.033515e-02
