-1.000000e+00 -1.000000e+00 0.000000e+00 -1.000000e+00 -1.000000e+00 0.000000e+00 1.331561e-02 -1.000000e+00 0.000000e+00 -1.000000e+00 0.000000e+00 -1.000000e+00 -1.000000e+00 1.677672e-04 1.000000e+03 -1.000000e+00 0.000000e+00 -9.990070e+05 3.000000e+00 -1.000000e+00 -1.000000e+00 1.608659e-03 0.000000e+00 0.000000e+00 -1.000000e+00 9.586195e-04 -1.000000e+00 -9.990070e+05 9.586195e-04 8.329213e-02 3.247040e-01 -1.000000e+00 -1.000000e+00 0.000000e+00 -1.000000e+00 -1.0 0.000000e+00 3.615381e-03
-1.000000e+00 -1.000000e+00 0.000000e+00 -1.000000e+00 -1.000000e+00 1.000000e+02 1.407184e-02 -1.000000e+00 0.000000e+00 -1.000000e+00 0.000000e+00 -1.000000e+00 -1.000000e+00 1.840154e-04 1.000000e+03 -1.000000e+00 0.000000e+00 -9.990070e+05 3.000000e+00 -1.000000e+00 -1.000000e+00 1.731514e-03 0.000000e+00 0.000000e+00 -1.000000e+00 1.015742e-03 -1.000000e+00 -9.990070e+05 1.015742e-03 8.649954e-02 3.319541e-01 -1.000000e+00 -1.000000e+00 0.000000e+00 -1.000000e+00 -1.0 0.000000e+00 3.843243e-03
-1.000000e+00 -1.000000e+00 0.000000e+00 -1.000000e+00 -1.000000e+00 2.000000e+02 1.540167e-02 -1.000000e+00 0.000000e+00 -1.000000e+00 0.000000e+00 -1.000000e+00 -1.000000e+00 2.141366e-04 1.000000e+03 -1.000000e+00 0.000000e+00 -9.990070e+05 3.000000e+00 -1.000000e+00 -1.000000e+00 1.953326e-03 0.000000e+00 0.000000e+00 -1.000000e+00 1.131309e-03 -1.000000e+00 -9.990070e+05 1.131309e-03 9.199317e-02 3.440500e-01 -1.000000e+00 -1.000000e+00 0.000000e+00 -1.000000e+00 -1.0 0.000000e+00 4.282861e-03
-1.000000e+00 -1.000000e+00 0.000000e+00 -1.000000e+00 -1.000000e+00 3.000000e+02 3.010655e-02 -1.000000e+00 0.000000e+00 -1.000000e+00 0.000000e+00 -1.000000e+00 -1.000000e+00 6.733171e-04 1.000000e+03 -1.000000e+00 0.000000e+00 -9.990070e+05 3.000000e+00 -1.000000e+00 -1.000000e+00 4.825868e-03 0.000000e+00 0.000000e+00 -1.000000e+00 2.527968e-03 -1.000000e+00 -9.990070e+05 2.527968e-03 1.441325e-01 4.431026e-01 -1.000000e+00 -1.000000e+00 0.000000e+00 -1.000000e+00 -1.0 0.000000e+00 9.619666e-03
-1.000000e+00 -1.000000e+00 0.000000e+00 -1.000000e+00 -1.000000e+00 4.000000e+02 5.554513e-02 -1.000000e+00 0.000000e+00 -1.000000e+00 0.000000e+00 -1.000000e+00 -1.000000e+00 1.990294e-03 1.000000e+03 -1.000000e+00 0.000000e+00 -9.990070e+05 3.000000e+00 -1.000000e+00 -1.000000e+00 1.122430e-02 0.000000e+00 0.000000e+00 -1.000000e+00 5.332265e-03 -1.000000e+00 -9.990070e+05 5.332265e-03 2.141858e-01 5.464654e-01 -1.000000e+00 -1.000000e+00 0.000000e+00 -1.000000e+00 -1.0 0.000000e+00 2.039584e-02
-1.000000e+00 -1.000000e+00 0.000000e+00 -1.000000e+00 -1.000000e+00 5.000000e+02 1.410955e-01 -1.000000e+00 0.000000e+00 -1.000000e+00 0.000000e+00 -1.000000e+00 -1.000000e+00 1.136538e-02 1.000000e+03 -1.000000e+00 0.000000e+00 -9.990070e+05 3.000000e+00 -1.000000e+00 -1.000000e+00 4.237595e-02 0.000000e+00 0.000000e+00 -1.000000e+00 1.706512e-02 -1.000000e+00 -9.990070e+05 1.706512e-02 3.786343e-01 7.176733e-01 -1.000000e+00 -1.000000e+00 0.000000e+00 -1.000000e+00 -1.0 0.000000e+00 6.591933e-02
-1.000000e+00 -1.000000e+00 0.000000e+00 -1.000000e+00 -1.000000e+00 6.000000e+02 3.726361e-01 -1.000000e+00 0.000000e+00 -1.000000e+00 0.000000e+00 -1.000000e+00 -1.000000e+00 8.425245e-02 1.000000e+03 -1.000000e+00 0.000000e+00 -9.990070e+05 3.000000e+00 -1.000000e+00 -1.000000e+00 1.845241e-01 0.000000e+00 0.000000e+00 -1.000000e+00 6.049760e-02 -1.000000e+00 -9.990070e+05 6.049760e-02 6.456117e-01 8.863311e-01 -1.000000e+00 -1.000000e+00 0.000000e+00 -1.000000e+00 -1.0 0.000000e+00 2.373129e-01
-1.000000e+00 -1.000000e+00 0.000000e+00 -1.000000e+00 -1.000000e+00 0.000000e+00 1.732058e-01 -1.000000e+00 0.000000e+00 -1.000000e+00 0.000000e+00 -1.000000e+00 -1.000000e+00 1.700807e-02 1.100000e+03 -1.000000e+00 0.000000e+00 -9.990070e+05 3.000000e+00 -1.000000e+00 -1.000000e+00 5.728733e-02 0.000000e+00 0.000000e+00 -1.000000e+00 2.213062e-02 -1.000000e+00 -9.990070e+05 2.213062e-02 4.263239e-01 7.554581e-01 -1.000000e+00 -1.000000e+00 0.000000e+00 -1.000000e+00 -1.0 0.000000e+00 8.578940e-02
-1.000000e+00 -1.000000e+00 0.000000e+00 -1.000000e+00 -1.000000e+00 1.000000e+02 1.756983e-01 -1.000000e+00 0.000000e+00 -1.000000e+00 0.000000e+00 -1.000000e+00 -1.000000e+00 1.749836e-02 1.100000e+03 -1.000000e+00 0.000000e+00 -9.990070e+05 3.000000e+00 -1.000000e+00 -1.000000e+00 5.851255e-02 0.000000e+00 0.000000e+00 -1.000000e+00 2.254658e-02 -1.000000e+00 -9.990070e+05 2.254658e-02 4.298175e-01 7.580678e-01 -1.000000e+00 -1.000000e+00 0.000000e+00 -1.000000e+00 -1.0 0.000000e+00 8.740533e-02
-1.000000e+00 -1.000000e+00 0.000000e+00 -1.000000e+00 -1.000000e+00 2.000000e+02 1.823358e-01 -1.000000e+00 0.000000e+00 -1.000000e+00 0.000000e+00 -1.000000e+00 -1.000000e+00 1.884178e-02 1.100000e+03 -1.000000e+00 0.000000e+00 -9.990070e+05 3.000000e+00 -1.000000e+00 -1.000000e+00 6.182211e-02 0.000000e+00 0.000000e+00 -1.000000e+00 2.359952e-02 -1.000000e+00 -9.990070e+05 2.359952e-02 4.389897e-01 7.648229e-01 -1.000000e+00 -1.000000e+00 0.000000e+00 -1.000000e+00 -1.0 0.000000e+00 9.163027e-02
-1.000000e+00 -1.000000e+00 0.000000e+00 -1.000000e+00 -1.000000e+00 3.000000e+02 2.089028e-01 -1.000000e+00 0.000000e+00 -1.000000e+00 0.000000e+00 -1.000000e+00 -1.000000e+00 2.478225e-02 1.100000e+03 -1.000000e+00 0.000000e+00 -9.990070e+05 3.000000e+00 -1.000000e+00 -1.000000e+00 7.574228e-02 0.000000e+00 0.000000e+00 -1.000000e+00 2.818034e-02 -1.000000e+00 -9.990070e+05 2.818034e-02 4.739417e-01 7.893414e-01 -1.000000e+00 -1.000000e+00 0.000000e+00 -1.000000e+00 -1.0 0.000000e+00 1.095173e-01
-1.000000e+00 -1.000000e+00 0.000000e+00 -1.000000e+00 -1.000000e+00 4.000000e+02 2.356150e-01 -1.000000e+00 0.000000e+00 -1.000000e+00 0.000000e+00 -1.000000e+00 -1.000000e+00 3.170211e-02 1.100000e+03 -1.000000e+00 0.000000e+00 -9.990070e+05 3.000000e+00 -1.000000e+00 -1.000000e+00 9.080777e-02 0.000000e+00 0.000000e+00 -1.000000e+00 3.297960e-02 -1.000000e+00 -9.990070e+05 3.297960e-02 5.065880e-01 8.106138e-01 -1.000000e+00 -1.000000e+00 0.000000e+00 -1.000000e+00 -1.0 0.000000e+00 1.283350e-01
-1.000000e+00 -1.000000e+00 0.000000e+00 -1.000000e+00 -1.000000e+00 5.000000e+02 3.170309e-01 -1.000000e+00 0.000000e+00 -1.000000e+00 0.000000e+00 -1.000000e+00 -1.000000e+00 5.922335e-02 1.100000e+03 -1.000000e+00 0.000000e+00 -9.990070e+05 3.000000e+00 -1.000000e+00 -1.000000e+00 1.431969e-01 0.000000e+00 0.000000e+00 -1.000000e+00 4.861780e-02 -1.000000e+00 -9.990070e+05 4.861780e-02 5.940127e-01 8.607879e-01 -1.000000e+00 -1.000000e+00 0.000000e+00 -1.000000e+00 -1.0 0.000000e+00 1.904158e-01
-1.000000e+00 -1.000000e+00 0.000000e+00 -1.000000e+00 -1.000000e+00 6.000000e+02 4.267279e-01 -1.000000e+00 0.000000e+00 -1.000000e+00 0.000000e+00 -1.000000e+00 -1.000000e+00 1.141341e-01 1.100000e+03 -1.000000e+00 0.000000e+00 -9.990070e+05 3.000000e+00 -1.000000e+00 -1.000000e+00 2.290660e-01 0.000000e+00 0.000000e+00 -1.000000e+00 7.223446e-02 -1.000000e+00 -9.990070e+05 7.223446e-02 6.909068e-01 9.065607e-01 -1.000000e+00 -1.000000e+00 0.000000e+00 -1.000000e+00 -1.0 0.000000e+00 2.853196e-01
-1.000000e+00 -1.000000e+00 0.000000e+00 -1.000000e+00 -1.000000e+00 0.000000e+00 4.501359e-01 -1.000000e+00 0.000000e+00 -1.000000e+00 0.000000e+00 -1.000000e+00 -1.000000e+00 1.289186e-01 1.200000e+03 -1.000000e+00 0.000000e+00 -9.990070e+05 3.000000e+00 -1.000000e+00 -1.000000e+00 2.496831e-01 0.000000e+00 0.000000e+00 -1.000000e+00 7.762569e-02 -1.000000e+00 -9.990070e+05 7.762569e-02 7.092203e-01 9.141976e-01 -1.000000e+00 -1.000000e+00 0.000000e+00 -1.000000e+00 -1.0 0.000000e+00 3.071926e-01
-1.000000e+00 -1.000000e+00 0.000000e+00 -1.000000e+00 -1.000000e+00 1.000000e+02 4.528224e-01 -1.000000e+00 0.000000e+00 -1.000000e+00 0.000000e+00 -1.000000e+00 -1.000000e+00 1.306911e-01 1.200000e+03 -1.000000e+00 0.000000e+00 -9.990070e+05 3.000000e+00 -1.000000e+00 -1.000000e+00 2.521016e-01 0.000000e+00 0.000000e+00 -1.000000e+00 7.818165e-02 -1.000000e+00 -9.990070e+05 7.818165e-02 7.112764e-01 9.150362e-01 -1.000000e+00 -1.000000e+00 0.000000e+00 -1.000000e+00 -1.0 0.000000e+00 3.096491e-01
-1.000000e+00 -1.000000e+00 0.000000e+00 -1.000000e+00 -1.000000e+00 2.000000e+02 4.589566e-01 -1.000000e+00 0.000000e+00 -1.000000e+00 0.000000e+00 -1.000000e+00 -1.000000e+00 1.347980e-01 1.200000e+03 -1.000000e+00 0.000000e+00 -9.990070e+05 3.000000e+00 -1.000000e+00 -1.000000e+00 2.576645e-01 0.000000e+00 0.000000e+00 -1.000000e+00 7.968433e-02 -1.000000e+00 -9.990070e+05 7.968433e-02 7.159369e-01 9.169233e-01 -1.000000e+00 -1.000000e+00 0.000000e+00 -1.000000e+00 -1.0 0.000000e+00 3.155770e-01
-1.000000e+00 -1.000000e+00 0.000000e+00 -1.000000e+00 -1.000000e+00 3.000000e+02 4.626466e-01 -1.000000e+00 0.000000e+00 -1.000000e+00 0.000000e+00 -1.000000e+00 -1.000000e+00 1.373088e-01 1.200000e+03 -1.000000e+00 0.000000e+00 -9.990070e+05 3.000000e+00 -1.000000e+00 -1.000000e+00 2.610381e-01 0.000000e+00 0.000000e+00 -1.000000e+00 8.077771e-02 -1.000000e+00 -9.990070e+05 8.077771e-02 7.187178e-01 9.180402e-01 -1.000000e+00 -1.000000e+00 0.000000e+00 -1.000000e+00 -1.0 0.000000e+00 3.193944e-01
-1.000000e+00 -1.000000e+00 0.000000e+00 -1.000000e+00 -1.000000e+00 4.000000e+02 4.922725e-01 -1.000000e+00 0.000000e+00 -1.000000e+00 0.000000e+00 -1.000000e+00 -1.000000e+00 1.585968e-01 1.200000e+03 -1.000000e+00 0.000000e+00 -9.990070e+05 3.000000e+00 -1.000000e+00 -1.000000e+00 2.888693e-01 0.000000e+00 0.000000e+00 -1.000000e+00 8.786403e-02 -1.000000e+00 -9.990070e+05 8.786403e-02 7.404504e-01 9.265381e-01 -1.000000e+00 -1.000000e+00 0.000000e+00 -1.000000e+00 -1.0 0.000000e+00 3.482776e-01
-1.000000e+00 -1.000000e+00 0.000000e+00 -1.000000e+00 -1.000000e+00 5.000000e+02 5.288546e-01 -1.000000e+00 0.000000e+00 -1.000000e+00 0.000000e+00 -1.000000e+00 -1.000000e+00 1.877930e-01 1.200000e+03 -1.000000e+00 0.000000e+00 -9.990070e+05 3.000000e+00 -1.000000e+00 -1.000000e+00 3.250860e-01 0.000000e+00 0.000000e+00 -1.000000e+00 9.668316e-02 -1.000000e+00 -9.990070e+05 9.668316e-02 7.659165e-01 9.359886e-01 -1.000000e+00 -1.000000e+00 0.000000e+00 -1.000000e+00 -1.0 0.000000e+00 3.849883e-01
-1.000000e+00 -1.000000e+00 0.000000e+00 -1.000000e+00 -1.000000e+00 6.000000e+02 5.841649e-01 -1.000000e+00 0.000000e+00 -1.000000e+00 0.000000e+00 -1.000000e+00 -1.000000e+00 2.385844e-01 1.200000e+03 -1.000000e+00 0.000000e+00 -9.990070e+05 3.000000e+00 -1.000000e+00 -1.000000e+00 3.838139e-01 0.000000e+00 0.000000e+00 -1.000000e+00 1.111850e-01 -1.000000e+00 -9.990070e+05 1.111850e-01 8.018277e-01 9.484216e-01 -1.000000e+00 -1.000000e+00 0.000000e+00 -1.000000e+00 -1.0 0.000000e+00 4.438646e-01
-1.000000e+00 -1.000000e+00 0.000000e+00 -1.000000e+00 -1.000000e+00 0.000000e+00 6.658287e-01 -1.000000e+00 0.000000e+00 -1.000000e+00 0.000000e+00 -1.000000e+00 -1.000000e+00 3.301231e-01 1.300000e+03 -1.000000e+00 0.000000e+00 -9.990070e+05 3.000000e+00 -1.000000e+00 -1.000000e+00 4.795877e-01 0.000000e+00 0.000000e+00 -1.000000e+00 1.343391e-01 -1.000000e+00 -9.990070e+05 1.343391e-01 8.498577e-01 9.634930e-01 -1.000000e+00 -1.000000e+00 0.000000e+00 -1.000000e+00 -1.0 0.000000e+00 5.371802e-01
-1.000000e+00 -1.000000e+00 0.000000e+00 -1.000000e+00 -1.000000e+00 1.000000e+02 6.644789e-01 -1.000000e+00 0.000000e+00 -1.000000e+00 0.000000e+00 -1.000000e+00 -1.000000e+00 3.284337e-01 1.300000e+03 -1.000000e+00 0.000000e+00 -9.990070e+05 3.000000e+00 -1.000000e+00 -1.000000e+00 4.779140e-01 0.000000e+00 0.000000e+00 -1.000000e+00 1.344782e-01 -1.000000e+00 -9.990070e+05 1.344782e-01 8.491076e-01 9.632709e-01 -1.000000e+00 -1.000000e+00 0.000000e+00 -1.000000e+00 -1.0 0.000000e+00 5.360316e-01
-1.000000e+00 -1.000000e+00 0.000000e+00 -1.000000e+00 -1.000000e+00 2.000000e+02 6.689093e-01 -1.000000e+00 0.000000e+00 -1.000000e+00 0.000000e+00 -1.000000e+00 -1.000000e+00 3.340023e-01 1.300000e+03 -1.000000e+00 0.000000e+00 -9.990070e+05 3.000000e+00 -1.000000e+00 -1.000000e+00 4.834190e-01 0.000000e+00 0.000000e+00 -1.000000e+00 1.352517e-01 -1.000000e+00 -9.990070e+05 1.352517e-01 8.515642e-01 9.639969e-01 -1.000000e+00 -1.000000e+00 0.000000e+00 -1.000000e+00 -1.0 0.000000e+00 5.408478e-01
-1.000000e+00 -1.000000e+00 0.000000e+00 -1.000000e+00 -1.000000e+00 3.000000e+02 6.816822e-01 -1.000000e+00 0.000000e+00 -1.000000e+00 0.000000e+00 -1.000000e+00 -1.000000e+00 3.504407e-01 1.300000e+03 -1.000000e+00 0.000000e+00 -9.990070e+05 3.000000e+00 -1.000000e+00 -1.000000e+00 4.994788e-01 0.000000e+00 0.000000e+00 -1.000000e+00 1.389992e-01 -1.000000e+00 -9.990070e+05 1.389992e-01 8.585638e-01 9.660411e-01 -1.000000e+00 -1.000000e+00 0.000000e+00 -1.000000e+00 -1.0 0.000000e+00 5.561157e-01
-1.000000e+00 -1.000000e+00 0.000000e+00 -1.000000e+00 -1.000000e+00 4.000000e+02 6.852696e-01 -1.000000e+00 0.000000e+00 -1.000000e+00 0.000000e+00 -1.000000e+00 -1.000000e+00 3.551617e-01 1.300000e+03 -1.000000e+00 0.000000e+00 -9.990070e+05 3.000000e+00 -1.000000e+00 -1.000000e+00 5.040400e-01 0.000000e+00 0.000000e+00 -1.000000e+00 1.400716e-01 -1.000000e+00 -9.990070e+05 1.400716e-01 8.605078e-01 9.666026e-01 -1.000000e+00 -1.000000e+00 0.000000e+00 -1.000000e+00 -1.0 0.000000e+00 5.604467e-01
-1.000000e+00 -1.000000e+00 0.000000e+00 -1.000000e+00 -1.000000e+00 5.000000e+02 7.051319e-01 -1.000000e+00 0.000000e+00 -1.000000e+00 0.000000e+00 -1.000000e+00 -1.000000e+00 3.821484e-01 1.300000e+03 -1.000000e+00 0.000000e+00 -9.990070e+05 3.000000e+00 -1.000000e+00 -1.000000e+00 5.296994e-01 0.000000e+00 0.000000e+00 -1.000000e+00 1.471908e-01 -1.000000e+00 -9.990070e+05 1.471908e-01 8.711017e-01 9.696141e-01 -1.000000e+00 -1.000000e+00 0.000000e+00 -1.000000e+00 -1.0 0.000000e+00 5.855329e-01
-1.000000e+00 -1.000000e+00 0.000000e+00 -1.000000e+00 -1.000000e+00 6.000000e+02 7.277465e-01 -1.000000e+00 0.000000e+00 -1.000000e+00 0.000000e+00 -1.000000e+00 -1.000000e+00 4.146833e-01 1.300000e+03 -1.000000e+00 0.000000e+00 -9.990070e+05 3.000000e+00 -1.000000e+00 -1.000000e+00 5.597617e-01 0.000000e+00 0.000000e+00 -1.000000e+00 1.537564e-01 -1.000000e+00 -9.990070e+05 1.537564e-01 8.828238e-01 9.728525e-01 -1.000000e+00 -1.000000e+00 0.000000e+00 -1.000000e+00 -1.0 0.000000e+00 6.133407e-01
-1.000000e+00 -1.000000e+00 0.000000e+00 -1.000000e+00 -1.000000e+00 0.000000e+00 8.049572e-01 -1.000000e+00 0.000000e+00 -1.000000e+00 0.000000e+00 -1.000000e+00 -1.000000e+00 5.416249e-01 1.400000e+03 -1.000000e+00 0.000000e+00 -9.990070e+05 3.000000e+00 -1.000000e+00 -1.000000e+00 6.694412e-01 0.000000e+00 0.000000e+00 -1.000000e+00 1.792747e-01 -1.000000e+00 -9.990070e+05 1.792747e-01 9.203053e-01 9.825577e-01 -1.000000e+00 -1.000000e+00 0.000000e+00 -1.000000e+00 -1.0 0.000000e+00 7.141057e-01
-1.000000e+00 -1.000000e+00 0.000000e+00 -1.000000e+00 -1.000000e+00 1.000000e+02 8.028727e-01 -1.000000e+00 0.000000e+00 -1.000000e+00 0.000000e+00 -1.000000e+00 -1.000000e+00 5.378513e-01 1.400000e+03 -1.000000e+00 0.000000e+00 -9.990070e+05 3.000000e+00 -1.000000e+00 -1.000000e+00 6.663327e-01 0.000000e+00 0.000000e+00 -1.000000e+00 1.779390e-01 -1.000000e+00 -9.990070e+05 1.779390e-01 9.193422e-01 9.823206e-01 -1.000000e+00 -1.000000e+00 0.000000e+00 -1.000000e+00 -1.0 0.000000e+00 7.109670e-01
-1.000000e+00 -1.000000e+00 0.000000e+00 -1.000000e+00 -1.000000e+00 2.000000e+02 8.037250e-01 -1.000000e+00 0.000000e+00 -1.000000e+00 0.000000e+00 -1.000000e+00 -1.000000e+00 5.393917e-01 1.400000e+03 -1.000000e+00 0.000000e+00 -9.990070e+05 3.000000e+00 -1.000000e+00 -1.000000e+00 6.676026e-01 0.000000e+00 0.000000e+00 -1.000000e+00 1.785660e-01 -1.000000e+00 -9.990070e+05 1.785660e-01 9.197363e-01 9.824177e-01 -1.000000e+00 -1.000000e+00 0.000000e+00 -1.000000e+00 -1.0 0.000000e+00 7.122931e-01
-1.000000e+00 -1.000000e+00 0.000000e+00 -1.000000e+00 -1.000000e+00 3.000000e+02 8.061486e-01 -1.000000e+00 0.000000e+00 -1.000000e+00 0.000000e+00 -1.000000e+00 -1.000000e+00 5.437907e-01 1.400000e+03 -1.000000e+00 0.000000e+00 -9.990070e+05 3.000000e+00 -1.000000e+00 -1.000000e+00 6.712216e-01 0.000000e+00 0.000000e+00 -1.000000e+00 1.793111e-01 -1.000000e+00 -9.990070e+05 1.793111e-01 9.208547e-01 9.826927e-01 -1.000000e+00 -1.000000e+00 0.000000e+00 -1.000000e+00 -1.0 0.000000e+00 7.155210e-01
-1.000000e+00 -1.000000e+00 0.000000e+00 -1.000000e+00 -1.000000e+00 4.000000e+02 8.126344e-01 -1.000000e+00 0.000000e+00 -1.000000e+00 0.000000e+00 -1.000000e+00 -1.000000e+00 5.556990e-01 1.400000e+03 -1.000000e+00 0.000000e+00 -9.990070e+05 3.000000e+00 -1.000000e+00 -1.000000e+00 6.809618e-01 0.000000e+00 0.000000e+00 -1.000000e+00 1.815883e-01 -1.000000e+00 -9.990070e+05 1.815883e-01 9.238302e-01 9.834203e-01 -1.000000e+00 -1.000000e+00 0.000000e+00 -1.000000e+00 -1.0 0.000000e+00 7.243355e-01
-1.000000e+00 -1.000000e+00 0.000000e+00 -1.000000e+00 -1.000000e+00 5.000000e+02 8.212580e-01 -1.000000e+00 0.000000e+00 -1.000000e+00 0.000000e+00 -1.000000e+00 -1.000000e+00 5.718441e-01 1.400000e+03 -1.000000e+00 0.000000e+00 -9.990070e+05 3.000000e+00 -1.000000e+00 -1.000000e+00 6.940396e-01 0.000000e+00 0.000000e+00 -1.000000e+00 1.849774e-01 -1.000000e+00 -9.990070e+05 1.849774e-01 9.277483e-01 9.843690e-01 -1.000000e+00 -1.000000e+00 0.000000e+00 -1.000000e+00 -1.0 0.000000e+00 7.362933e-01
-1.000000e+00 -1.000000e+00 0.000000e+00 -1.000000e+00 -1.000000e+00 6.000000e+02 8.303131e-01 -1.000000e+00 0.000000e+00 -1.000000e+00 0.000000e+00 -1.000000e+00 -1.000000e+00 5.891865e-01 1.400000e+03 -1.000000e+00 0.000000e+00 -9.990070e+05 3.000000e+00 -1.000000e+00 -1.000000e+00 7.079285e-01 0.000000e+00 0.000000e+00 -1.000000e+00 1.881378e-01 -1.000000e+00 -9.990070e+05 1.881378e-01 9.318158e-01 9.853427e-01 -1.000000e+00 -1.000000e+00 0.000000e+00 -1.000000e+00 -1.0 0.000000e+00 7.487293e-01
-1.000000e+00 -1.000000e+00 0.000000e+00 -1.000000e+00 -1.000000e+00 0.000000e+00 8.838674e-01 -1.000000e+00 0.000000e+00 -1.000000e+00 0.000000e+00 -1.000000e+00 -1.000000e+00 7.003810e-01 1.500000e+03 -1.000000e+00 0.000000e+00 -9.990070e+05 3.000000e+00 -1.000000e+00 -1.000000e+00 7.934400e-01 0.000000e+00 0.000000e+00 -1.000000e+00 2.066783e-01 -1.000000e+00 -9.990070e+05 2.066783e-01 9.549338e-01 9.906632e-01 -1.000000e+00 -1.000000e+00 0.000000e+00 -1.000000e+00 -1.0 0.000000e+00 8.240324e-01
-1.000000e+00 -1.000000e+00 0.000000e+00 -1.000000e+00 -1.000000e+00 1.000000e+02 8.839822e-01 -1.000000e+00 0.000000e+00 -1.000000e+00 0.000000e+00 -1.000000e+00 -1.000000e+00 7.006361e-01 1.500000e+03 -1.000000e+00 0.000000e+00 -9.990070e+05 3.000000e+00 -1.000000e+00 -1.000000e+00 7.936297e-01 0.000000e+00 0.000000e+00 -1.000000e+00 2.067472e-01 -1.000000e+00 -9.990070e+05 2.067472e-01 9.549817e-01 9.906739e-01 -1.000000e+00 -1.000000e+00 0.000000e+00 -1.000000e+00 -1.0 0.000000e+00 8.242069e-01
-1.000000e+00 -1.000000e+00 0.000000e+00 -1.000000e+00 -1.000000e+00 2.000000e+02 8.842919e-01 -1.000000e+00 0.000000e+00 -1.000000e+00 0.000000e+00 -1.000000e+00 -1.000000e+00 7.013243e-01 1.500000e+03 -1.000000e+00 0.000000e+00 -9.990070e+05 3.000000e+00 -1.000000e+00 -1.000000e+00 7.941414e-01 0.000000e+00 0.000000e+00 -1.000000e+00 2.067671e-01 -1.000000e+00 -9.990070e+05 2.067671e-01 9.551109e-01 9.907026e-01 -1.000000e+00 -1.000000e+00 0.000000e+00 -1.000000e+00 -1.0 0.000000e+00 8.246238e-01
-1.000000e+00 -1.000000e+00 0.000000e+00 -1.000000e+00 -1.000000e+00 3.000000e+02 8.822245e-01 -1.000000e+00 0.000000e+00 -1.000000e+00 0.000000e+00 -1.000000e+00 -1.000000e+00 6.967399e-01 1.500000e+03 -1.000000e+00 0.000000e+00 -9.990070e+05 3.000000e+00 -1.000000e+00 -1.000000e+00 7.907292e-01 0.000000e+00 0.000000e+00 -1.000000e+00 2.083639e-01 -1.000000e+00 -9.990070e+05 2.083639e-01 9.542478e-01 9.905106e-01 -1.000000e+00 -1.000000e+00 0.000000e+00 -1.000000e+00 -1.0 0.000000e+00 8.224105e-01
-1.000000e+00 -1.000000e+00 0.000000e+00 -1.000000e+00 -1.000000e+00 4.000000e+02 8.869778e-01 -1.000000e+00 0.000000e+00 -1.000000e+00 0.000000e+00 -1.000000e+00 -1.000000e+00 7.073161e-01 1.500000e+03 -1.000000e+00 0.000000e+00 -9.990070e+05 3.000000e+00 -1.000000e+00 -1.000000e+00 7.985876e-01 0.000000e+00 0.000000e+00 -1.000000e+00 2.087502e-01 -1.000000e+00 -9.990070e+05 2.087502e-01 9.562288e-01 9.909506e-01 -1.000000e+00 -1.000000e+00 0.000000e+00 -1.000000e+00 -1.0 0.000000e+00 8.288216e-01
-1.000000e+00 -1.000000e+00 0.000000e+00 -1.000000e+00 -1.000000e+00 5.000000e+02 8.922394e-01 -1.000000e+00 0.000000e+00 -1.000000e+00 0.000000e+00 -1.000000e+00 -1.000000e+00 7.191726e-01 1.500000e+03 -1.000000e+00 0.000000e+00 -9.990070e+05 3.000000e+00 -1.000000e+00 -1.000000e+00 8.073416e-01 0.000000e+00 0.000000e+00 -1.000000e+00 2.107535e-01 -1.000000e+00 -9.990070e+05 2.107535e-01 9.584077e-01 9.914315e-01 -1.000000e+00 -1.000000e+00 0.000000e+00 -1.000000e+00 -1.0 0.000000e+00 8.364601e-01
-1.000000e+00 -1.000000e+00 0.000000e+00 -1.000000e+00 -1.000000e+00 6.000000e+02 8.937811e-01 -1.000000e+00 0.000000e+00 -1.000000e+00 0.000000e+00 -1.000000e+00 -1.000000e+00 7.226768e-01 1.500000e+03 -1.000000e+00 0.000000e+00 -9.990070e+05 3.000000e+00 -1.000000e+00 -1.000000e+00 8.099177e-01 0.000000e+00 0.000000e+00 -1.000000e+00 2.108334e-01 -1.000000e+00 -9.990070e+05 2.108334e-01 9.590434e-01 9.915712e-01 -1.000000e+00 -1.000000e+00 0.000000e+00 -1.000000e+00 -1.0 0.000000e+00 8.385531e-01
-1.000000e+00 -1.000000e+00 0.000000e+00 -1.000000e+00 -1.000000e+00 0.000000e+00 9.298628e-01 -1.000000e+00 0.000000e+00 -1.000000e+00 0.000000e+00 -1.000000e+00 -1.000000e+00 8.087042e-01 1.600000e+03 -1.000000e+00 0.000000e+00 -9.990070e+05 3.000000e+00 -1.000000e+00 -1.000000e+00 8.716616e-01 0.000000e+00 0.000000e+00 -1.000000e+00 2.287465e-01 -1.000000e+00 -9.990070e+05 2.287465e-01 9.735736e-01 9.946901e-01 -1.000000e+00 -1.000000e+00 0.000000e+00 -1.000000e+00 -1.0 0.000000e+00 8.926849e-01
-1.000000e+00 -1.000000e+00 0.000000e+00 -1.000000e+00 -1.000000e+00 1.000000e+02 9.287137e-01 -1.000000e+00 0.000000e+00 -1.000000e+00 0.000000e+00 -1.000000e+00 -1.000000e+00 8.058422e-01 1.600000e+03 -1.000000e+00 0.000000e+00 -9.990070e+05 3.000000e+00 -1.000000e+00 -1.000000e+00 8.696517e-01 0.000000e+00 0.000000e+00 -1.000000e+00 2.283284e-01 -1.000000e+00 -9.990070e+05 2.283284e-01 9.731210e-01 9.945951e-01 -1.000000e+00 -1.000000e+00 0.000000e+00 -1.000000e+00 -1.0 0.000000e+00 8.909816e-01
-1.000000e+00 -1.000000e+00 0.000000e+00 -1.000000e+00 -1.000000e+00 2.000000e+02 9.296651e-01 -1.000000e+00 0.000000e+00 -1.000000e+00 0.000000e+00 -1.000000e+00 -1.000000e+00 8.082112e-01 1.600000e+03 -1.000000e+00 0.000000e+00 -9.990070e+05 3.000000e+00 -1.000000e+00 -1.000000e+00 8.713156e-01 0.000000e+00 0.000000e+00 -1.000000e+00 2.287182e-01 -1.000000e+00 -9.990070e+05 2.287182e-01 9.734958e-01 9.946738e-01 -1.000000e+00 -1.000000e+00 0.000000e+00 -1.000000e+00 -1.0 0.000000e+00 8.924003e-01
-1.000000e+00 -1.000000e+00 0.000000e+00 -1.000000e+00 -1.000000e+00 3.000000e+02 9.305750e-01 -1.000000e+00 0.000000e+00 -1.000000e+00 0.000000e+00 -1.000000e+00 -1.000000e+00 8.104825e-01 1.600000e+03 -1.000000e+00 0.000000e+00 -9.990070e+05 3.000000e+00 -1.000000e+00 -1.000000e+00 8.729089e-01 0.000000e+00 0.000000e+00 -1.000000e+00 2.262709e-01 -1.000000e+00 -9.990070e+05 2.262709e-01 9.738538e-01 9.947489e-01 -1.000000e+00 -1.000000e+00 0.000000e+00 -1.000000e+00 -1.0 0.000000e+00 8.932038e-01
-1.000000e+00 -1.000000e+00 0.000000e+00 -1.000000e+00 -1.000000e+00 4.000000e+02 9.307140e-01 -1.000000e+00 0.000000e+00 -1.000000e+00 0.000000e+00 -1.000000e+00 -1.000000e+00 8.108297e-01 1.600000e+03 -1.000000e+00 0.000000e+00 -9.990070e+05 3.000000e+00 -1.000000e+00 -1.000000e+00 8.731524e-01 0.000000e+00 0.000000e+00 -1.000000e+00 2.288523e-01 -1.000000e+00 -9.990070e+05 2.288523e-01 9.739085e-01 9.947603e-01 -1.000000e+00 -1.000000e+00 0.000000e+00 -1.000000e+00 -1.0 0.000000e+00 8.939078e-01
-1.000000e+00 -1.000000e+00 0.000000e+00 -1.000000e+00 -1.000000e+00 5.000000e+02 9.320483e-01 -1.000000e+00 0.000000e+00 -1.000000e+00 0.000000e+00 -1.000000e+00 -1.000000e+00 8.141705e-01 1.600000e+03 -1.000000e+00 0.000000e+00 -9.990070e+05 3.000000e+00 -1.000000e+00 -1.000000e+00 8.754924e-01 0.000000e+00 0.000000e+00 -1.000000e+00 2.269521e-01 -1.000000e+00 -9.990070e+05 2.269521e-01 9.744327e-01 9.948701e-01 -1.000000e+00 -1.000000e+00 0.000000e+00 -1.000000e+00 -1.0 0.000000e+00 8.954303e-01
-1.000000e+00 -1.000000e+00 0.000000e+00 -1.000000e+00 -1.000000e+00 6.000000e+02 9.341755e-01 -1.000000e+00 0.000000e+00 -1.000000e+00 0.000000e+00 -1.000000e+00 -1.000000e+00 8.195200e-01 1.600000e+03 -1.000000e+00 0.000000e+00 -9.990070e+05 3.000000e+00 -1.000000e+00 -1.000000e+00 8.792312e-01 0.000000e+00 0.000000e+00 -1.000000e+00 2.304664e-01 -1.000000e+00 -9.990070e+05 2.304664e-01 9.752666e-01 9.950443e-01 -1.000000e+00 -1.000000e+00 0.000000e+00 -1.000000e+00 -1.0 0.000000e+00 8.991204e-01
-1.000000e+00 -1.000000e+00 0.000000e+00 -1.000000e+00 -1.000000e+00 0.000000e+00 1.539801e-03 -1.000000e+00 0.000000e+00 -1.000000e+00 0.000000e+00 -1.000000e+00 -1.000000e+00 5.226008e-06 2.000000e+02 -1.000000e+00 0.000000e+00 -9.990070e+05 3.000000e+00 -1.000000e+00 -1.000000e+00 9.723341e-05 0.000000e+00 0.000000e+00 -1.000000e+00 2.897449e-04 -1.000000e+00 -9.990070e+05 2.897449e-04 1.796473e-02 1.244204e-01 -1.000000e+00 -1.000000e+00 0.000000e+00 -1.000000e+00 -1.0 0.000000e+00 7.390371e-04
-1.000000e+00 -1.000000e+00 0.000000e+00 -1.000000e+00 -1.000000e+00 0.000000e+00 6.244499e-25 -1.000000e+00 0.000000e+00 -1.000000e+00 0.000000e+00 -1.000000e+00 -1.000000e+00 1.723960e-33 4.000000e+02 -1.000000e+00 0.000000e+00 -9.990070e+05 3.000000e+00 -1.000000e+00 -1.000000e+00 3.622881e-29 0.000000e+00 0.000000e+00 -1.000000e+00 2.290538e-27 -1.000000e+00 -9.990070e+05 2.290538e-27 7.482468e-21 4.830427e-17 -1.000000e+00 -1.000000e+00 0.000000e+00 -1.000000e+00 -1.0 0.000000e+00 7.113432e-27
-1.000000e+00 -1.000000e+00 0.000000e+00 -1.000000e+00 -1.000000e+00 3.000000e+02 2.353773e-05 -1.000000e+00 0.000000e+00 -1.000000e+00 0.000000e+00 -1.000000e+00 -1.000000e+00 1.035764e-08 4.000000e+02 -1.000000e+00 0.000000e+00 -9.990070e+05 3.000000e+00 -1.000000e+00 -1.000000e+00 5.389025e-07 0.000000e+00 0.000000e+00 -1.000000e+00 7.782047e-07 -1.000000e+00 -9.990070e+05 7.782047e-07 7.398416e-04 1.322846e-02 -1.000000e+00 -1.000000e+00 0.000000e+00 -1.000000e+00 -1.0 0.000000e+00 2.754838e-06
-1.000000e+00 -1.000000e+00 0.000000e+00 -1.000000e+00 -1.000000e+00 3.500000e+02 2.863686e-05 -1.000000e+00 0.000000e+00 -1.000000e+00 0.000000e+00 -1.000000e+00 -1.000000e+00 1.373177e-08 4.000000e+02 -1.000000e+00 0.000000e+00 -9.990070e+05 3.000000e+00 -1.000000e+00 -1.000000e+00 6.842686e-07 0.000000e+00 0.000000e+00 -1.000000e+00 9.586283e-07 -1.000000e+00 -9.990070e+05 9.586283e-07 8.630999e-04 1.481658e-02 -1.000000e+00 -1.000000e+00 0.000000e+00 -1.000000e+00 -1.0 0.000000e+00 3.403472e-06
-1.000000e+00 -1.000000e+00 0.000000e+00 -1.000000e+00 -1.000000e+00 3.750000e+02 3.231427e-06 -1.000000e+00 0.000000e+00 -1.000000e+00 0.000000e+00 -1.000000e+00 -1.000000e+00 6.203789e-10 4.000000e+02 -1.000000e+00 0.000000e+00 -9.990070e+05 3.000000e+00 -1.000000e+00 -1.000000e+00 4.896239e-08 0.000000e+00 0.000000e+00 -1.000000e+00 8.671025e-08 -1.000000e+00 -9.990070e+05 8.671025e-08 1.525222e-04 4.051320e-03 -1.000000e+00 -1.000000e+00 0.000000e+00 -1.000000e+00 -1.0 0.000000e+00 3.050443e-07
-1.000000e+00 -1.000000e+00 0.000000e+00 -1.000000e+00 -1.000000e+00 3.750000e+02 3.406224e-03 -1.000000e+00 0.000000e+00 -1.000000e+00 0.000000e+00 -1.000000e+00 -1.000000e+00 1.821337e-05 4.250000e+02 -1.000000e+00 0.000000e+00 -9.990070e+05 3.000000e+00 -1.000000e+00 -1.000000e+00 2.694018e-04 0.000000e+00 0.000000e+00 -1.000000e+00 2.050287e-04 -1.000000e+00 -9.990070e+05 2.050287e-04 3.196983e-02 1.806897e-01 -1.000000e+00 -1.000000e+00 0.000000e+00 -1.000000e+00 -1.0 0.000000e+00 7.521920e-04
-1.000000e+00 -1.000000e+00 0.000000e+00 -1.000000e+00 -1.000000e+00 4.000000e+02 6.400706e-02 -1.000000e+00 0.000000e+00 -1.000000e+00 0.000000e+00 -1.000000e+00 -1.000000e+00 2.573490e-03 5.000000e+02 -1.000000e+00 0.000000e+00 -9.990070e+05 3.000000e+00 -1.000000e+00 -1.000000e+00 1.368604e-02 0.000000e+00 0.000000e+00 -1.000000e+00 6.423848e-03 -1.000000e+00 -9.990070e+05 6.423848e-03 2.342331e-01 5.717852e-01 -1.000000e+00 -1.000000e+00 0.000000e+00 -1.000000e+00 -1.0 0.000000e+00 2.447714e-02
-1.000000e+00 -1.000000e+00 0.000000e+00 -1.000000e+00 -1.000000e+00 4.500000e+02 3.668162e-02 -1.000000e+00 0.000000e+00 -1.000000e+00 0.000000e+00 -1.000000e+00 -1.000000e+00 9.509736e-04 5.000000e+02 -1.000000e+00 0.000000e+00 -9.990070e+05 3.000000e+00 -1.000000e+00 -1.000000e+00 6.323001e-03 0.000000e+00 0.000000e+00 -1.000000e+00 3.257800e-03 -1.000000e+00 -9.990070e+05 3.257800e-03 1.640386e-01 4.752374e-01 -1.000000e+00 -1.000000e+00 0.000000e+00 -1.000000e+00 -1.0 0.000000e+00 1.234453e-02
-1.000000e+00 -1.000000e+00 0.000000e+00 -1.000000e+00 -1.000000e+00 4.750000e+02 2.729444e-02 -1.000000e+00 0.000000e+00 -1.000000e+00 0.000000e+00 -1.000000e+00 -1.000000e+00 5.680446e-04 5.000000e+02 -1.000000e+00 0.000000e+00 -9.990070e+05 3.000000e+00 -1.000000e+00 -1.000000e+00 4.222870e-03 0.000000e+00 0.000000e+00 -1.000000e+00 2.321144e-03 -1.000000e+00 -9.990070e+05 2.321144e-03 1.350956e-01 4.276237e-01 -1.000000e+00 -1.000000e+00 0.000000e+00 -1.000000e+00 -1.0 0.000000e+00 8.711313e-03
-1.000000e+00 -1.000000e+00 0.000000e+00 -1.000000e+00 -1.000000e+00 0.000000e+00 1.026218e-32 -1.000000e+00 0.000000e+00 -1.000000e+00 0.000000e+00 -1.000000e+00 -1.000000e+00 1.178926e-42 6.000000e+02 -1.000000e+00 0.000000e+00 -9.990070e+05 3.000000e+00 -1.000000e+00 -1.000000e+00 1.215546e-37 0.000000e+00 0.000000e+00 -1.000000e+00 2.833950e-35 -1.000000e+00 -9.990070e+05 2.833950e-35 6.009980e-28 1.890918e-23 -1.000000e+00 -1.000000e+00 0.000000e+00 -1.000000e+00 -1.0 0.000000e+00 8.457404e-35
-1.000000e+00 -1.000000e+00 0.000000e+00 -1.000000e+00 -1.000000e+00 4.000000e+02 6.648027e-02 -1.000000e+00 0.000000e+00 -1.000000e+00 0.000000e+00 -1.000000e+00 -1.000000e+00 2.757713e-03 6.000000e+02 -1.000000e+00 0.000000e+00 -9.990070e+05 3.000000e+00 -1.000000e+00 -1.000000e+00 1.443415e-02 0.000000e+00 0.000000e+00 -1.000000e+00 6.689182e-03 -1.000000e+00 -9.990070e+05 6.689182e-03 2.398667e-01 5.786243e-01 -1.000000e+00 -1.000000e+00 0.000000e+00 -1.000000e+00 -1.0 0.000000e+00 2.556846e-02
-1.000000e+00 -1.000000e+00 0.000000e+00 -1.000000e+00 -1.000000e+00 5.000000e+02 3.357855e-01 -1.000000e+00 0.000000e+00 -1.000000e+00 0.000000e+00 -1.000000e+00 -1.000000e+00 6.706030e-02 6.000000e+02 -1.000000e+00 0.000000e+00 -9.990070e+05 3.000000e+00 -1.000000e+00 -1.000000e+00 1.566330e-01 0.000000e+00 0.000000e+00 -1.000000e+00 5.237092e-02 -1.000000e+00 -9.990070e+05 5.237092e-02 6.120517e-01 8.700360e-01 -1.000000e+00 -1.000000e+00 0.000000e+00 -1.000000e+00 -1.0 0.000000e+00 2.056153e-01
-1.000000e+00 -1.000000e+00 0.000000e+00 -1.000000e+00 -1.000000e+00 5.500000e+02 4.021757e-01 -1.000000e+00 0.000000e+00 -1.000000e+00 0.000000e+00 -1.000000e+00 -1.000000e+00 9.985417e-02 6.000000e+02 -1.000000e+00 0.000000e+00 -9.990070e+05 3.000000e+00 -1.000000e+00 -1.000000e+00 2.083147e-01 0.000000e+00 0.000000e+00 -1.000000e+00 6.674543e-02 -1.000000e+00 -9.990070e+05 6.674543e-02 6.708887e-01 8.978611e-01 -1.000000e+00 -1.000000e+00 0.000000e+00 -1.000000e+00 -1.0 0.000000e+00 2.630361e-01
-1.000000e+00 -1.000000e+00 0.000000e+00 -1.000000e+00 -1.000000e+00 5.750000e+02 2.310502e-01 -1.000000e+00 0.000000e+00 -1.000000e+00 0.000000e+00 -1.000000e+00 -1.000000e+00 3.045006e-02 6.000000e+02 -1.000000e+00 0.000000e+00 -9.990070e+05 3.000000e+00 -1.000000e+00 -1.000000e+00 8.815812e-02 0.000000e+00 0.000000e+00 -1.000000e+00 3.202593e-02 -1.000000e+00 -9.990070e+05 3.202593e-02 5.011696e-01 8.071861e-01 -1.000000e+00 -1.000000e+00 0.000000e+00 -1.000000e+00 -1.0 0.000000e+00 1.248554e-01
-1.000000e+00 -1.000000e+00 0.000000e+00 -1.000000e+00 -1.000000e+00 0.000000e+00 2.866980e-14 -1.000000e+00 0.000000e+00 -1.000000e+00 0.000000e+00 -1.000000e+00 -1.000000e+00 1.687034e-20 8.000000e+02 -1.000000e+00 0.000000e+00 -9.990070e+05 3.000000e+00 -1.000000e+00 -1.000000e+00 2.422197e-17 0.000000e+00 0.000000e+00 -1.000000e+00 2.059114e-16 -1.000000e+00 -9.990070e+05 2.059114e-16 2.375375e-11 1.070522e-08 -1.000000e+00 -1.000000e+00 0.000000e+00 -1.000000e+00 -1.0 0.000000e+00 6.915284e-16
-1.000000e+00 -1.000000e+00 0.000000e+00 -1.000000e+00 -1.000000e+00 1.000000e+02 8.778733e-14 -1.000000e+00 0.000000e+00 -1.000000e+00 0.000000e+00 -1.000000e+00 -1.000000e+00 6.892853e-20 8.000000e+02 -1.000000e+00 0.000000e+00 -9.990070e+05 3.000000e+00 -1.000000e+00 -1.000000e+00 8.565680e-17 0.000000e+00 0.000000e+00 -1.000000e+00 6.710504e-16 -1.000000e+00 -9.990070e+05 6.710504e-16 6.301483e-11 2.462473e-08 -1.000000e+00 -1.000000e+00 0.000000e+00 -1.000000e+00 -1.0 0.000000e+00 2.258196e-15
-1.000000e+00 -1.000000e+00 0.000000e+00 -1.000000e+00 -1.000000e+00 2.000000e+02 3.514094e-11 -1.000000e+00 0.000000e+00 -1.000000e+00 0.000000e+00 -1.000000e+00 -1.000000e+00 1.430448e-16 8.000000e+02 -1.000000e+00 0.000000e+00 -9.990070e+05 3.000000e+00 -1.000000e+00 -1.000000e+00 7.796338e-14 0.000000e+00 0.000000e+00 -1.000000e+00 3.614864e-13 -1.000000e+00 -9.990070e+05 3.614864e-13 1.113744e-08 1.932934e-06 -1.000000e+00 -1.000000e+00 0.000000e+00 -1.000000e+00 -1.0 0.000000e+00 1.244145e-12
-1.000000e+00 -1.000000e+00 0.000000e+00 -1.000000e+00 -1.000000e+00 3.000000e+02 2.422156e-07 -1.000000e+00 0.000000e+00 -1.000000e+00 0.000000e+00 -1.000000e+00 -1.000000e+00 1.726857e-11 8.000000e+02 -1.000000e+00 0.000000e+00 -9.990070e+05 3.000000e+00 -1.000000e+00 -1.000000e+00 2.240683e-09 0.000000e+00 0.000000e+00 -1.000000e+00 4.618236e-09 -1.000000e+00 -9.990070e+05 4.618236e-09 1.861529e-05 7.972302e-04 -1.000000e+00 -1.000000e+00 0.000000e+00 -1.000000e+00 -1.0 0.000000e+00 1.644860e-08
-1.000000e+00 -1.000000e+00 0.000000e+00 -1.000000e+00 -1.000000e+00 4.000000e+02 3.136862e-03 -1.000000e+00 0.000000e+00 -1.000000e+00 0.000000e+00 -1.000000e+00 -1.000000e+00 1.597881e-05 8.000000e+02 -1.000000e+00 0.000000e+00 -9.990070e+05 3.000000e+00 -1.000000e+00 -1.000000e+00 2.422110e-04 0.000000e+00 0.000000e+00 -1.000000e+00 1.749159e-04 -1.000000e+00 -9.990070e+05 1.749159e-04 3.013121e-02 1.740009e-01 -1.000000e+00 -1.000000e+00 0.000000e+00 -1.000000e+00 -1.0 0.000000e+00 6.546212e-04
-1.000000e+00 -1.000000e+00 0.000000e+00 -1.000000e+00 -1.000000e+00 5.000000e+02 2.102850e-01 -1.000000e+00 0.000000e+00 -1.000000e+00 0.000000e+00 -1.000000e+00 -1.000000e+00 2.511657e-02 8.000000e+02 -1.000000e+00 0.000000e+00 -9.990070e+05 3.000000e+00 -1.000000e+00 -1.000000e+00 7.649569e-02 0.000000e+00 0.000000e+00 -1.000000e+00 2.852903e-02 -1.000000e+00 -9.990070e+05 2.852903e-02 4.756888e-01 7.905183e-01 -1.000000e+00 -1.000000e+00 0.000000e+00 -1.000000e+00 -1.0 0.000000e+00 1.106552e-01
-1.000000e+00 -1.000000e+00 0.000000e+00 -1.000000e+00 -1.000000e+00 6.000000e+02 6.060191e-01 -1.000000e+00 0.000000e+00 -1.000000e+00 0.000000e+00 -1.000000e+00 -1.000000e+00 2.610416e-01 8.000000e+02 -1.000000e+00 0.000000e+00 -9.990070e+05 3.000000e+00 -1.000000e+00 -1.000000e+00 4.083665e-01 0.000000e+00 0.000000e+00 -1.000000e+00 1.175097e-01 -1.000000e+00 -9.990070e+05 1.175097e-01 8.152315e-01 9.528032e-01 -1.000000e+00 -1.000000e+00 0.000000e+00 -1.000000e+00 -1.0 0.000000e+00 4.684142e-01
-1.000000e+00 -1.000000e+00 0.000000e+00 -1.000000e+00 -1.000000e+00 0.000000e+00 8.327262e-06 -1.000000e+00 0.000000e+00 -1.000000e+00 0.000000e+00 -1.000000e+00 -1.000000e+00 2.353539e-09 9.000000e+02 -1.000000e+00 0.000000e+00 -9.990070e+05 3.000000e+00 -1.000000e+00 -1.000000e+00 1.529600e-07 0.000000e+00 0.000000e+00 -1.000000e+00 2.197802e-07 -1.000000e+00 -9.990070e+05 2.197802e-07 3.251052e-04 7.176344e-03 -1.000000e+00 -1.000000e+00 0.000000e+00 -1.000000e+00 -1.0 0.000000e+00 7.959355e-07
-1.000000e+00 -1.000000e+00 0.000000e+00 -1.000000e+00 -1.000000e+00 1.000000e+02 8.218165e-06 -1.000000e+00 0.000000e+00 -1.000000e+00 0.000000e+00 -1.000000e+00 -1.000000e+00 2.309984e-09 9.000000e+02 -1.000000e+00 0.000000e+00 -9.990070e+05 3.000000e+00 -1.000000e+00 -1.000000e+00 1.505440e-07 0.000000e+00 0.000000e+00 -1.000000e+00 2.174574e-07 -1.000000e+00 -9.990070e+05 2.174574e-07 3.217109e-04 7.120063e-03 -1.000000e+00 -1.000000e+00 0.000000e+00 -1.000000e+00 -1.0 0.000000e+00 7.867623e-07
-1.000000e+00 -1.000000e+00 0.000000e+00 -1.000000e+00 -1.000000e+00 2.000000e+02 2.293344e-05 -1.000000e+00 0.000000e+00 -1.000000e+00 0.000000e+00 -1.000000e+00 -1.000000e+00 9.977980e-09 9.000000e+02 -1.000000e+00 0.000000e+00 -9.990070e+05 3.000000e+00 -1.000000e+00 -1.000000e+00 5.221149e-07 0.000000e+00 0.000000e+00 -1.000000e+00 6.738558e-07 -1.000000e+00 -9.990070e+05 6.738558e-07 7.248543e-04 1.303036e-02 -1.000000e+00 -1.000000e+00 0.000000e+00 -1.000000e+00 -1.0 0.000000e+00 2.452151e-06
-1.000000e+00 -1.000000e+00 0.000000e+00 -1.000000e+00 -1.000000e+00 3.000000e+02 2.278777e-04 -1.000000e+00 0.000000e+00 -1.000000e+00 0.000000e+00 -1.000000e+00 -1.000000e+00 2.859547e-07 9.000000e+02 -1.000000e+00 0.000000e+00 -9.990070e+05 3.000000e+00 -1.000000e+00 -1.000000e+00 8.783347e-06 0.000000e+00 0.000000e+00 -1.000000e+00 8.740176e-06 -1.000000e+00 -9.990070e+05 8.740176e-06 4.298497e-03 4.697425e-02 -1.000000e+00 -1.000000e+00 0.000000e+00 -1.000000e+00 -1.0 0.000000e+00 3.221803e-05
-1.000000e+00 -1.000000e+00 0.000000e+00 -1.000000e+00 -1.000000e+00 4.000000e+02 4.577826e-03 -1.000000e+00 0.000000e+00 -1.000000e+00 0.000000e+00 -1.000000e+00 -1.000000e+00 2.921399e-05 9.000000e+02 -1.000000e+00 0.000000e+00 -9.990070e+05 3.000000e+00 -1.000000e+00 -1.000000e+00 3.951821e-04 0.000000e+00 0.000000e+00 -1.000000e+00 2.725540e-04 -1.000000e+00 -9.990070e+05 2.725540e-04 3.949433e-02 2.064628e-01 -1.000000e+00 -1.000000e+00 0.000000e+00 -1.000000e+00 -1.0 0.000000e+00 1.021190e-03
-1.000000e+00 -1.000000e+00 0.000000e+00 -1.000000e+00 -1.000000e+00 5.000000e+02 1.016000e-01 -1.000000e+00 0.000000e+00 -1.000000e+00 0.000000e+00 -1.000000e+00 -1.000000e+00 6.058780e-03 9.000000e+02 -1.000000e+00 0.000000e+00 -9.990070e+05 3.000000e+00 -1.000000e+00 -1.000000e+00 2.634862e-02 0.000000e+00 0.000000e+00 -1.000000e+00 1.126134e-02 -1.000000e+00 -9.990070e+05 1.126134e-02 3.114241e-01 6.565805e-01 -1.000000e+00 -1.000000e+00 0.000000e+00 -1.000000e+00 -1.0 0.000000e+00 4.336393e-02
-1.000000e+00 -1.000000e+00 0.000000e+00 -1.000000e+00 -1.000000e+00 6.000000e+02 4.928777e-01 -1.000000e+00 0.000000e+00 -1.000000e+00 0.000000e+00 -1.000000e+00 -1.000000e+00 1.590531e-01 9.000000e+02 -1.000000e+00 0.000000e+00 -9.990070e+05 3.000000e+00 -1.000000e+00 -1.000000e+00 2.894517e-01 0.000000e+00 0.000000e+00 -1.000000e+00 8.783488e-02 -1.000000e+00 -9.990070e+05 8.783488e-02 7.408837e-01 9.267034e-01 -1.000000e+00 -1.000000e+00 0.000000e+00 -1.000000e+00 -1.0 0.000000e+00 3.486661e-01
