-1.000000e+00 -1.000000e+00 0.000000e+00 -1.000000e+00 -1.000000e+00 0.000000e+00 4.840236e-02 -1.000000e+00 0.000000e+00 -1.000000e+00 0.000000e+00 -1.000000e+00 -1.000000e+00 1.554483e-03 1.000000e+03 -1.000000e+00 0.000000e+00 -9.990070e+05 3.000000e+00 -1.000000e+00 -1.000000e+00 9.269115e-03 0.000000e+00 0.000000e+00 -1.000000e+00 5.568909e-02 -1.000000e+00 -9.990070e+05 5.568909e-02 1.962017e-01 5.223266e-01 -1.000000e+00 -1.000000e+00 0.000000e+00 -1.000000e+00 -1.0 0.000000e+00 8.584836e-02
-1.000000e+00 -1.000000e+00 0.000000e+00 -1.000000e+00 -1.000000e+00 1.000000e+02 6.634683e-02 -1.000000e+00 0.000000e+00 -1.000000e+00 0.000000e+00 -1.000000e+00 -1.000000e+00 2.747614e-03 1.000000e+03 -1.000000e+00 0.000000e+00 -9.990070e+05 3.000000e+00 -1.000000e+00 -1.000000e+00 1.439347e-02 0.000000e+00 0.000000e+00 -1.000000e+00 7.329082e-02 -1.000000e+00 -9.990070e+05 7.329082e-02 2.395651e-01 5.782611e-01 -1.000000e+00 -1.000000e+00 0.000000e+00 -1.000000e+00 -1.0 0.000000e+00 1.128168e-01
-1.000000e+00 -1.000000e+00 0.000000e+00 -1.000000e+00 -1.000000e+00 2.000000e+02 1.095171e-01 -1.000000e+00 0.000000e+00 -1.000000e+00 0.000000e+00 -1.000000e+00 -1.000000e+00 6.983867e-03 1.000000e+03 -1.000000e+00 0.000000e+00 -9.990070e+05 3.000000e+00 -1.000000e+00 -1.000000e+00 2.934790e-02 0.000000e+00 0.000000e+00 -1.000000e+00 1.124489e-01 -1.000000e+00 -9.990070e+05 1.124489e-01 3.258244e-01 6.705413e-01 -1.000000e+00 -1.000000e+00 0.000000e+00 -1.000000e+00 -1.0 0.000000e+00 1.728565e-01
-1.000000e+00 -1.000000e+00 0.000000e+00 -1.000000e+00 -1.000000e+00 3.000000e+02 2.608431e-01 -1.000000e+00 0.000000e+00 -1.000000e+00 0.000000e+00 -1.000000e+00 -1.000000e+00 3.915751e-02 1.000000e+03 -1.000000e+00 0.000000e+00 -9.990070e+05 3.000000e+00 -1.000000e+00 -1.000000e+00 1.060055e-01 0.000000e+00 0.000000e+00 -1.000000e+00 2.318643e-01 -1.000000e+00 -9.990070e+05 2.318643e-01 5.354512e-01 8.282181e-01 -1.000000e+00 -1.000000e+00 0.000000e+00 -1.000000e+00 -1.0 0.000000e+00 3.554280e-01
-1.000000e+00 -1.000000e+00 0.000000e+00 -1.000000e+00 -1.000000e+00 4.000000e+02 4.438412e-01 -1.000000e+00 0.000000e+00 -1.000000e+00 0.000000e+00 -1.000000e+00 -1.000000e+00 1.248274e-01 1.000000e+03 -1.000000e+00 0.000000e+00 -9.990070e+05 3.000000e+00 -1.000000e+00 -1.000000e+00 2.440586e-01 0.000000e+00 0.000000e+00 -1.000000e+00 3.555171e-01 -1.000000e+00 -9.990070e+05 3.555171e-01 7.043665e-01 9.122029e-01 -1.000000e+00 -1.000000e+00 0.000000e+00 -1.000000e+00 -1.0 0.000000e+00 5.438762e-01
-1.000000e+00 -1.000000e+00 0.000000e+00 -1.000000e+00 -1.000000e+00 5.000000e+02 6.952177e-01 -1.000000e+00 0.000000e+00 -1.000000e+00 0.000000e+00 -1.000000e+00 -1.000000e+00 3.684968e-01 1.000000e+03 -1.000000e+00 0.000000e+00 -9.990070e+05 3.000000e+00 -1.000000e+00 -1.000000e+00 5.168054e-01 1.000000e+00 0.000000e+00 -1.000000e+00 5.000000e-01 -1.000000e+00 -9.990070e+05 5.000000e-01 8.658494e-01 9.681312e-01 -1.000000e+00 -1.000000e+00 0.000000e+00 -1.000000e+00 -1.0 0.000000e+00 7.664114e-01
-1.000000e+00 -1.000000e+00 0.000000e+00 -1.000000e+00 -1.000000e+00 6.000000e+02 8.284035e-01 -1.000000e+00 0.000000e+00 -1.000000e+00 0.000000e+00 -1.000000e+00 -1.000000e+00 5.854957e-01 1.000000e+03 -1.000000e+00 0.000000e+00 -9.990070e+05 3.000000e+00 -1.000000e+00 -1.000000e+00 7.049861e-01 1.000000e+00 0.000000e+00 -1.000000e+00 5.000000e-01 -1.000000e+00 -9.990070e+05 5.000000e-01 9.309620e-01 9.851393e-01 -1.000000e+00 -1.000000e+00 0.000000e+00 -1.000000e+00 -1.0 0.000000e+00 8.535362e-01
-1.000000e+00 -1.000000e+00 0.000000e+00 -1.000000e+00 -1.000000e+00 0.000000e+00 1.234637e-01 -1.000000e+00 0.000000e+00 -1.000000e+00 0.000000e+00 -1.000000e+00 -1.000000e+00 8.780736e-03 1.100000e+03 -1.000000e+00 0.000000e+00 -9.990070e+05 3.000000e+00 -1.000000e+00 -1.000000e+00 3.489539e-02 0.000000e+00 0.000000e+00 -1.000000e+00 1.244172e-01 -1.000000e+00 -9.990070e+05 1.244172e-01 3.499893e-01 6.928622e-01 -1.000000e+00 -1.000000e+00 0.000000e+00 -1.000000e+00 -1.0 0.000000e+00 1.912051e-01
-1.000000e+00 -1.000000e+00 0.000000e+00 -1.000000e+00 -1.000000e+00 1.000000e+02 1.355064e-01 -1.000000e+00 0.000000e+00 -1.000000e+00 0.000000e+00 -1.000000e+00 -1.000000e+00 1.050763e-02 1.100000e+03 -1.000000e+00 0.000000e+00 -9.990070e+05 3.000000e+00 -1.000000e+00 -1.000000e+00 3.994927e-02 0.000000e+00 0.000000e+00 -1.000000e+00 1.350415e-01 -1.000000e+00 -9.990070e+05 1.350415e-01 3.697649e-01 7.101719e-01 -1.000000e+00 -1.000000e+00 0.000000e+00 -1.000000e+00 -1.0 0.000000e+00 2.072201e-01
-1.000000e+00 -1.000000e+00 0.000000e+00 -1.000000e+00 -1.000000e+00 2.000000e+02 1.611057e-01 -1.000000e+00 0.000000e+00 -1.000000e+00 0.000000e+00 -1.000000e+00 -1.000000e+00 1.473636e-02 1.100000e+03 -1.000000e+00 0.000000e+00 -9.990070e+05 3.000000e+00 -1.000000e+00 -1.000000e+00 5.147685e-02 0.000000e+00 0.000000e+00 -1.000000e+00 1.555707e-01 -1.000000e+00 -9.990070e+05 1.555707e-01 4.089603e-01 7.421773e-01 -1.000000e+00 -1.000000e+00 0.000000e+00 -1.000000e+00 -1.0 0.000000e+00 2.389025e-01
-1.000000e+00 -1.000000e+00 0.000000e+00 -1.000000e+00 -1.000000e+00 3.000000e+02 2.747139e-01 -1.000000e+00 0.000000e+00 -1.000000e+00 0.000000e+00 -1.000000e+00 -1.000000e+00 4.365498e-02 1.100000e+03 -1.000000e+00 0.000000e+00 -9.990070e+05 3.000000e+00 -1.000000e+00 -1.000000e+00 1.147591e-01 0.000000e+00 0.000000e+00 -1.000000e+00 2.420358e-01 -1.000000e+00 -9.990070e+05 2.420358e-01 5.505963e-01 8.370318e-01 -1.000000e+00 -1.000000e+00 0.000000e+00 -1.000000e+00 -1.0 0.000000e+00 3.708472e-01
-1.000000e+00 -1.000000e+00 0.000000e+00 -1.000000e+00 -1.000000e+00 4.000000e+02 4.213482e-01 -1.000000e+00 0.000000e+00 -1.000000e+00 0.000000e+00 -1.000000e+00 -1.000000e+00 1.108998e-01 1.100000e+03 -1.000000e+00 0.000000e+00 -9.990070e+05 3.000000e+00 -1.000000e+00 -1.000000e+00 2.244428e-01 0.000000e+00 0.000000e+00 -1.000000e+00 3.415620e-01 -1.000000e+00 -9.990070e+05 3.415620e-01 6.865935e-01 9.047177e-01 -1.000000e+00 -1.000000e+00 0.000000e+00 -1.000000e+00 -1.0 0.000000e+00 5.223432e-01
-1.000000e+00 -1.000000e+00 0.000000e+00 -1.000000e+00 -1.000000e+00 5.000000e+02 6.370315e-01 -1.000000e+00 0.000000e+00 -1.000000e+00 0.000000e+00 -1.000000e+00 -1.000000e+00 2.954152e-01 1.100000e+03 -1.000000e+00 0.000000e+00 -9.990070e+05 3.000000e+00 -1.000000e+00 -1.000000e+00 4.445504e-01 0.000000e+00 0.000000e+00 -1.000000e+00 4.699544e-01 -1.000000e+00 -9.990070e+05 4.699544e-01 8.335480e-01 9.585695e-01 -1.000000e+00 -1.000000e+00 0.000000e+00 -1.000000e+00 -1.0 0.000000e+00 7.184524e-01
-1.000000e+00 -1.000000e+00 0.000000e+00 -1.000000e+00 -1.000000e+00 6.000000e+02 8.010478e-01 -1.000000e+00 0.000000e+00 -1.000000e+00 0.000000e+00 -1.000000e+00 -1.000000e+00 5.345645e-01 1.100000e+03 -1.000000e+00 0.000000e+00 -9.990070e+05 3.000000e+00 -1.000000e+00 -1.000000e+00 6.636183e-01 1.000000e+00 0.000000e+00 -1.000000e+00 5.000000e-01 -1.000000e+00 -9.990070e+05 5.000000e-01 9.184969e-01 9.821119e-01 -1.000000e+00 -1.000000e+00 0.000000e+00 -1.000000e+00 -1.0 0.000000e+00 8.340616e-01
-1.000000e+00 -1.000000e+00 0.000000e+00 -1.000000e+00 -1.000000e+00 0.000000e+00 2.655258e-01 -1.000000e+00 0.000000e+00 -1.000000e+00 0.000000e+00 -1.000000e+00 -1.000000e+00 4.064358e-02 1.200000e+03 -1.000000e+00 0.000000e+00 -9.990070e+05 3.000000e+00 -1.000000e+00 -1.000000e+00 1.089292e-01 0.000000e+00 0.000000e+00 -1.000000e+00 2.354201e-01 -1.000000e+00 -9.990070e+05 2.354201e-01 5.406187e-01 8.312573e-01 -1.000000e+00 -1.000000e+00 0.000000e+00 -1.000000e+00 -1.0 0.000000e+00 3.607493e-01
-1.000000e+00 -1.000000e+00 0.000000e+00 -1.000000e+00 -1.000000e+00 1.000000e+02 2.736625e-01 -1.000000e+00 0.000000e+00 -1.000000e+00 0.000000e+00 -1.000000e+00 -1.000000e+00 4.330392e-02 1.200000e+03 -1.000000e+00 0.000000e+00 -9.990070e+05 3.000000e+00 -1.000000e+00 -1.000000e+00 1.140857e-01 0.000000e+00 0.000000e+00 -1.000000e+00 2.413255e-01 -1.000000e+00 -9.990070e+05 2.413255e-01 5.494652e-01 8.363833e-01 -1.000000e+00 -1.000000e+00 0.000000e+00 -1.000000e+00 -1.0 0.000000e+00 3.697339e-01
-1.000000e+00 -1.000000e+00 0.000000e+00 -1.000000e+00 -1.000000e+00 2.000000e+02 3.015728e-01 -1.000000e+00 0.000000e+00 -1.000000e+00 0.000000e+00 -1.000000e+00 -1.000000e+00 5.320459e-02 1.200000e+03 -1.000000e+00 0.000000e+00 -9.990070e+05 3.000000e+00 -1.000000e+00 -1.000000e+00 1.325068e-01 0.000000e+00 0.000000e+00 -1.000000e+00 2.619416e-01 -1.000000e+00 -9.990070e+05 2.619416e-01 5.786104e-01 8.526083e-01 -1.000000e+00 -1.000000e+00 0.000000e+00 -1.000000e+00 -1.0 0.000000e+00 4.006233e-01
-1.000000e+00 -1.000000e+00 0.000000e+00 -1.000000e+00 -1.000000e+00 3.000000e+02 3.522512e-01 -1.000000e+00 0.000000e+00 -1.000000e+00 0.000000e+00 -1.000000e+00 -1.000000e+00 7.444121e-02 1.200000e+03 -1.000000e+00 0.000000e+00 -9.990070e+05 3.000000e+00 -1.000000e+00 -1.000000e+00 1.688508e-01 0.000000e+00 0.000000e+00 -1.000000e+00 2.960289e-01 -1.000000e+00 -9.990070e+05 2.960289e-01 6.273421e-01 8.776038e-01 -1.000000e+00 -1.000000e+00 0.000000e+00 -1.000000e+00 -1.0 0.000000e+00 4.530953e-01
-1.000000e+00 -1.000000e+00 0.000000e+00 -1.000000e+00 -1.000000e+00 4.000000e+02 4.454358e-01 -1.000000e+00 0.000000e+00 -1.000000e+00 0.000000e+00 -1.000000e+00 -1.000000e+00 1.258556e-01 1.200000e+03 -1.000000e+00 0.000000e+00 -9.990070e+05 3.000000e+00 -1.000000e+00 -1.000000e+00 2.454778e-01 0.000000e+00 0.000000e+00 -1.000000e+00 3.572780e-01 -1.000000e+00 -9.990070e+05 3.572780e-01 7.056010e-01 9.127122e-01 -1.000000e+00 -1.000000e+00 0.000000e+00 -1.000000e+00 -1.0 0.000000e+00 5.459397e-01
-1.000000e+00 -1.000000e+00 0.000000e+00 -1.000000e+00 -1.000000e+00 5.000000e+02 6.086481e-01 -1.000000e+00 0.000000e+00 -1.000000e+00 0.000000e+00 -1.000000e+00 -1.000000e+00 2.638395e-01 1.200000e+03 -1.000000e+00 0.000000e+00 -9.990070e+05 3.000000e+00 -1.000000e+00 -1.000000e+00 4.113725e-01 0.000000e+00 0.000000e+00 -1.000000e+00 4.541536e-01 -1.000000e+00 -9.990070e+05 4.541536e-01 8.168157e-01 9.533120e-01 -1.000000e+00 -1.000000e+00 0.000000e+00 -1.000000e+00 -1.0 0.000000e+00 6.941553e-01
-1.000000e+00 -1.000000e+00 0.000000e+00 -1.000000e+00 -1.000000e+00 6.000000e+02 7.638710e-01 -1.000000e+00 0.000000e+00 -1.000000e+00 0.000000e+00 -1.000000e+00 -1.000000e+00 4.708872e-01 1.200000e+03 -1.000000e+00 0.000000e+00 -9.990070e+05 3.000000e+00 -1.000000e+00 -1.000000e+00 6.096975e-01 1.000000e+00 0.000000e+00 -1.000000e+00 5.000000e-01 -1.000000e+00 -9.990070e+05 5.000000e-01 9.008329e-01 9.776382e-01 -1.000000e+00 -1.000000e+00 0.000000e+00 -1.000000e+00 -1.0 0.000000e+00 8.089771e-01
-1.000000e+00 -1.000000e+00 0.000000e+00 -1.000000e+00 -1.000000e+00 0.000000e+00 4.569011e-01 -1.000000e+00 0.000000e+00 -1.000000e+00 0.000000e+00 -1.000000e+00 -1.000000e+00 1.334126e-01 1.300000e+03 -1.000000e+00 0.000000e+00 -9.990070e+05 3.000000e+00 -1.000000e+00 -1.000000e+00 2.557942e-01 0.000000e+00 0.000000e+00 -1.000000e+00 3.646533e-01 -1.000000e+00 -9.990070e+05 3.646533e-01 7.143805e-01 9.162952e-01 -1.000000e+00 -1.000000e+00 0.000000e+00 -1.000000e+00 -1.0 0.000000e+00 5.570184e-01
-1.000000e+00 -1.000000e+00 0.000000e+00 -1.000000e+00 -1.000000e+00 1.000000e+02 4.595746e-01 -1.000000e+00 0.000000e+00 -1.000000e+00 0.000000e+00 -1.000000e+00 -1.000000e+00 1.352164e-01 1.300000e+03 -1.000000e+00 0.000000e+00 -9.990070e+05 3.000000e+00 -1.000000e+00 -1.000000e+00 2.582282e-01 0.000000e+00 0.000000e+00 -1.000000e+00 3.660195e-01 -1.000000e+00 -9.990070e+05 3.660195e-01 7.164039e-01 9.171113e-01 -1.000000e+00 -1.000000e+00 0.000000e+00 -1.000000e+00 -1.0 0.000000e+00 5.593504e-01
-1.000000e+00 -1.000000e+00 0.000000e+00 -1.000000e+00 -1.000000e+00 2.000000e+02 4.833226e-01 -1.000000e+00 0.000000e+00 -1.000000e+00 0.000000e+00 -1.000000e+00 -1.000000e+00 1.519505e-01 1.300000e+03 -1.000000e+00 0.000000e+00 -9.990070e+05 3.000000e+00 -1.000000e+00 -1.000000e+00 2.803213e-01 0.000000e+00 0.000000e+00 -1.000000e+00 3.806302e-01 -1.000000e+00 -9.990070e+05 3.806302e-01 7.339940e-01 9.240558e-01 -1.000000e+00 -1.000000e+00 0.000000e+00 -1.000000e+00 -1.0 0.000000e+00 5.816754e-01
-1.000000e+00 -1.000000e+00 0.000000e+00 -1.000000e+00 -1.000000e+00 3.000000e+02 5.283566e-01 -1.000000e+00 0.000000e+00 -1.000000e+00 0.000000e+00 -1.000000e+00 -1.000000e+00 1.873730e-01 1.300000e+03 -1.000000e+00 0.000000e+00 -9.990070e+05 3.000000e+00 -1.000000e+00 -1.000000e+00 3.245791e-01 0.000000e+00 0.000000e+00 -1.000000e+00 4.072195e-01 -1.000000e+00 -9.990070e+05 4.072195e-01 7.655795e-01 9.358670e-01 -1.000000e+00 -1.000000e+00 0.000000e+00 -1.000000e+00 -1.0 0.000000e+00 6.227754e-01
-1.000000e+00 -1.000000e+00 0.000000e+00 -1.000000e+00 -1.000000e+00 4.000000e+02 5.591132e-01 -1.000000e+00 0.000000e+00 -1.000000e+00 0.000000e+00 -1.000000e+00 -1.000000e+00 2.145410e-01 1.300000e+03 -1.000000e+00 0.000000e+00 -9.990070e+05 3.000000e+00 -1.000000e+00 -1.000000e+00 3.566144e-01 0.000000e+00 0.000000e+00 -1.000000e+00 4.255593e-01 -1.000000e+00 -9.990070e+05 4.255593e-01 7.859284e-01 9.430433e-01 -1.000000e+00 -1.000000e+00 0.000000e+00 -1.000000e+00 -1.0 0.000000e+00 6.505829e-01
-1.000000e+00 -1.000000e+00 0.000000e+00 -1.000000e+00 -1.000000e+00 5.000000e+02 6.482837e-01 -1.000000e+00 0.000000e+00 -1.000000e+00 0.000000e+00 -1.000000e+00 -1.000000e+00 3.086474e-01 1.300000e+03 -1.000000e+00 0.000000e+00 -9.990070e+05 3.000000e+00 -1.000000e+00 -1.000000e+00 4.580742e-01 0.000000e+00 0.000000e+00 -1.000000e+00 4.768045e-01 -1.000000e+00 -9.990070e+05 4.768045e-01 8.399986e-01 9.605403e-01 -1.000000e+00 -1.000000e+00 0.000000e+00 -1.000000e+00 -1.0 0.000000e+00 7.283074e-01
-1.000000e+00 -1.000000e+00 0.000000e+00 -1.000000e+00 -1.000000e+00 6.000000e+02 7.491264e-01 -1.000000e+00 0.000000e+00 -1.000000e+00 0.000000e+00 -1.000000e+00 -1.000000e+00 4.472976e-01 1.300000e+03 -1.000000e+00 0.000000e+00 -9.990070e+05 3.000000e+00 -1.000000e+00 -1.000000e+00 5.890275e-01 1.000000e+00 0.000000e+00 -1.000000e+00 5.000000e-01 -1.000000e+00 -9.990070e+05 5.000000e-01 8.935859e-01 9.757398e-01 -1.000000e+00 -1.000000e+00 0.000000e+00 -1.000000e+00 -1.0 0.000000e+00 7.994413e-01
-1.000000e+00 -1.000000e+00 0.000000e+00 -1.000000e+00 -1.000000e+00 0.000000e+00 6.514028e-01 -1.000000e+00 0.000000e+00 -1.000000e+00 0.000000e+00 -1.000000e+00 -1.000000e+00 3.123894e-01 1.400000e+03 -1.000000e+00 0.000000e+00 -9.990070e+05 3.000000e+00 -1.000000e+00 -1.000000e+00 4.618607e-01 0.000000e+00 0.000000e+00 -1.000000e+00 4.783506e-01 -1.000000e+00 -9.990070e+05 4.783506e-01 8.417689e-01 9.610758e-01 -1.000000e+00 -1.000000e+00 0.000000e+00 -1.000000e+00 -1.0 0.000000e+00 7.308550e-01
-1.000000e+00 -1.000000e+00 0.000000e+00 -1.000000e+00 -1.000000e+00 1.000000e+02 6.480288e-01 -1.000000e+00 0.000000e+00 -1.000000e+00 0.000000e+00 -1.000000e+00 -1.000000e+00 3.083430e-01 1.400000e+03 -1.000000e+00 0.000000e+00 -9.990070e+05 3.000000e+00 -1.000000e+00 -1.000000e+00 4.577655e-01 0.000000e+00 0.000000e+00 -1.000000e+00 4.769630e-01 -1.000000e+00 -9.990070e+05 4.769630e-01 8.398536e-01 9.604964e-01 -1.000000e+00 -1.000000e+00 0.000000e+00 -1.000000e+00 -1.0 0.000000e+00 7.282411e-01
-1.000000e+00 -1.000000e+00 0.000000e+00 -1.000000e+00 -1.000000e+00 2.000000e+02 6.633289e-01 -1.000000e+00 0.000000e+00 -1.000000e+00 0.000000e+00 -1.000000e+00 -1.000000e+00 3.269992e-01 1.400000e+03 -1.000000e+00 0.000000e+00 -9.990070e+05 3.000000e+00 -1.000000e+00 -1.000000e+00 4.764904e-01 0.000000e+00 0.000000e+00 -1.000000e+00 4.852791e-01 -1.000000e+00 -9.990070e+05 4.852791e-01 8.484675e-01 9.630810e-01 -1.000000e+00 -1.000000e+00 0.000000e+00 -1.000000e+00 -1.0 0.000000e+00 7.410682e-01
-1.000000e+00 -1.000000e+00 0.000000e+00 -1.000000e+00 -1.000000e+00 3.000000e+02 6.741366e-01 -1.000000e+00 0.000000e+00 -1.000000e+00 0.000000e+00 -1.000000e+00 -1.000000e+00 3.406603e-01 1.400000e+03 -1.000000e+00 0.000000e+00 -9.990070e+05 3.000000e+00 -1.000000e+00 -1.000000e+00 4.899576e-01 0.000000e+00 0.000000e+00 -1.000000e+00 4.910532e-01 -1.000000e+00 -9.990070e+05 4.910532e-01 8.544436e-01 9.648421e-01 -1.000000e+00 -1.000000e+00 0.000000e+00 -1.000000e+00 -1.0 0.000000e+00 7.500395e-01
-1.000000e+00 -1.000000e+00 0.000000e+00 -1.000000e+00 -1.000000e+00 4.000000e+02 7.016941e-01 -1.000000e+00 0.000000e+00 -1.000000e+00 0.000000e+00 -1.000000e+00 -1.000000e+00 3.773732e-01 1.400000e+03 -1.000000e+00 0.000000e+00 -9.990070e+05 3.000000e+00 -1.000000e+00 -1.000000e+00 5.252088e-01 1.000000e+00 0.000000e+00 -1.000000e+00 5.000000e-01 -1.000000e+00 -9.990070e+05 5.000000e-01 8.692884e-01 9.691044e-01 -1.000000e+00 -1.000000e+00 0.000000e+00 -1.000000e+00 -1.0 0.000000e+00 7.702345e-01
-1.000000e+00 -1.000000e+00 0.000000e+00 -1.000000e+00 -1.000000e+00 5.000000e+02 7.382769e-01 -1.000000e+00 0.000000e+00 -1.000000e+00 0.000000e+00 -1.000000e+00 -1.000000e+00 4.305162e-01 1.400000e+03 -1.000000e+00 0.000000e+00 -9.990070e+05 3.000000e+00 -1.000000e+00 -1.000000e+00 5.740726e-01 1.000000e+00 0.000000e+00 -1.000000e+00 5.000000e-01 -1.000000e+00 -9.990070e+05 5.000000e-01 8.881626e-01 9.742951e-01 -1.000000e+00 -1.000000e+00 0.000000e+00 -1.000000e+00 -1.0 0.000000e+00 7.925669e-01
-1.000000e+00 -1.000000e+00 0.000000e+00 -1.000000e+00 -1.000000e+00 6.000000e+02 7.867340e-01 -1.000000e+00 0.000000e+00 -1.000000e+00 0.000000e+00 -1.000000e+00 -1.000000e+00 5.093154e-01 1.400000e+03 -1.000000e+00 0.000000e+00 -9.990070e+05 3.000000e+00 -1.000000e+00 -1.000000e+00 6.425483e-01 1.000000e+00 0.000000e+00 -1.000000e+00 5.000000e-01 -1.000000e+00 -9.990070e+05 5.000000e-01 9.117969e-01 9.804405e-01 -1.000000e+00 -1.000000e+00 0.000000e+00 -1.000000e+00 -1.0 0.000000e+00 8.242216e-01
-1.000000e+00 -1.000000e+00 0.000000e+00 -1.000000e+00 -1.000000e+00 0.000000e+00 7.871851e-01 -1.000000e+00 0.000000e+00 -1.000000e+00 0.000000e+00 -1.000000e+00 -1.000000e+00 5.100969e-01 1.500000e+03 -1.000000e+00 0.000000e+00 -9.990070e+05 3.000000e+00 -1.000000e+00 -1.000000e+00 6.432063e-01 1.000000e+00 0.000000e+00 -1.000000e+00 5.000000e-01 -1.000000e+00 -9.990070e+05 5.000000e-01 9.120099e-01 9.804941e-01 -1.000000e+00 -1.000000e+00 0.000000e+00 -1.000000e+00 -1.0 0.000000e+00 8.245281e-01
-1.000000e+00 -1.000000e+00 0.000000e+00 -1.000000e+00 -1.000000e+00 1.000000e+02 7.839365e-01 -1.000000e+00 0.000000e+00 -1.000000e+00 0.000000e+00 -1.000000e+00 -1.000000e+00 5.044894e-01 1.500000e+03 -1.000000e+00 0.000000e+00 -9.990070e+05 3.000000e+00 -1.000000e+00 -1.000000e+00 6.384760e-01 1.000000e+00 0.000000e+00 -1.000000e+00 5.000000e-01 -1.000000e+00 -9.990070e+05 5.000000e-01 9.104728e-01 9.801065e-01 -1.000000e+00 -1.000000e+00 0.000000e+00 -1.000000e+00 -1.0 0.000000e+00 8.223255e-01
-1.000000e+00 -1.000000e+00 0.000000e+00 -1.000000e+00 -1.000000e+00 2.000000e+02 7.856643e-01 -1.000000e+00 0.000000e+00 -1.000000e+00 0.000000e+00 -1.000000e+00 -1.000000e+00 5.074659e-01 1.500000e+03 -1.000000e+00 0.000000e+00 -9.990070e+05 3.000000e+00 -1.000000e+00 -1.000000e+00 6.409893e-01 1.000000e+00 0.000000e+00 -1.000000e+00 5.000000e-01 -1.000000e+00 -9.990070e+05 5.000000e-01 9.112912e-01 9.803131e-01 -1.000000e+00 -1.000000e+00 0.000000e+00 -1.000000e+00 -1.0 0.000000e+00 8.234955e-01
-1.000000e+00 -1.000000e+00 0.000000e+00 -1.000000e+00 -1.000000e+00 3.000000e+02 7.904358e-01 -1.000000e+00 0.000000e+00 -1.000000e+00 0.000000e+00 -1.000000e+00 -1.000000e+00 5.157555e-01 1.500000e+03 -1.000000e+00 0.000000e+00 -9.990070e+05 3.000000e+00 -1.000000e+00 -1.000000e+00 6.479598e-01 1.000000e+00 0.000000e+00 -1.000000e+00 5.000000e-01 -1.000000e+00 -9.990070e+05 5.000000e-01 9.135416e-01 9.808787e-01 -1.000000e+00 -1.000000e+00 0.000000e+00 -1.000000e+00 -1.0 0.000000e+00 8.267440e-01
-1.000000e+00 -1.000000e+00 0.000000e+00 -1.000000e+00 -1.000000e+00 4.000000e+02 8.062245e-01 -1.000000e+00 0.000000e+00 -1.000000e+00 0.000000e+00 -1.000000e+00 -1.000000e+00 5.439289e-01 1.500000e+03 -1.000000e+00 0.000000e+00 -9.990070e+05 3.000000e+00 -1.000000e+00 -1.000000e+00 6.713350e-01 1.000000e+00 0.000000e+00 -1.000000e+00 5.000000e-01 -1.000000e+00 -9.990070e+05 5.000000e-01 9.208896e-01 9.827013e-01 -1.000000e+00 -1.000000e+00 0.000000e+00 -1.000000e+00 -1.0 0.000000e+00 8.376784e-01
-1.000000e+00 -1.000000e+00 0.000000e+00 -1.000000e+00 -1.000000e+00 5.000000e+02 8.232412e-01 -1.000000e+00 0.000000e+00 -1.000000e+00 0.000000e+00 -1.000000e+00 -1.000000e+00 5.756079e-01 1.500000e+03 -1.000000e+00 0.000000e+00 -9.990070e+05 3.000000e+00 -1.000000e+00 -1.000000e+00 6.970677e-01 1.000000e+00 0.000000e+00 -1.000000e+00 5.000000e-01 -1.000000e+00 -9.990070e+05 5.000000e-01 9.286432e-01 9.845842e-01 -1.000000e+00 -1.000000e+00 0.000000e+00 -1.000000e+00 -1.0 0.000000e+00 8.497918e-01
-1.000000e+00 -1.000000e+00 0.000000e+00 -1.000000e+00 -1.000000e+00 6.000000e+02 8.442051e-01 -1.000000e+00 0.000000e+00 -1.000000e+00 0.000000e+00 -1.000000e+00 -1.000000e+00 6.165880e-01 1.500000e+03 -1.000000e+00 0.000000e+00 -9.990070e+05 3.000000e+00 -1.000000e+00 -1.000000e+00 7.295524e-01 1.000000e+00 0.000000e+00 -1.000000e+00 5.000000e-01 -1.000000e+00 -9.990070e+05 5.000000e-01 9.379651e-01 9.867934e-01 -1.000000e+00 -1.000000e+00 0.000000e+00 -1.000000e+00 -1.0 0.000000e+00 8.652054e-01
-1.000000e+00 -1.000000e+00 0.000000e+00 -1.000000e+00 -1.000000e+00 0.000000e+00 8.696438e-01 -1.000000e+00 0.000000e+00 -1.000000e+00 0.000000e+00 -1.000000e+00 -1.000000e+00 6.693552e-01 1.600000e+03 -1.000000e+00 0.000000e+00 -9.990070e+05 3.000000e+00 -1.000000e+00 -1.000000e+00 7.701575e-01 1.000000e+00 0.000000e+00 -1.000000e+00 5.000000e-01 -1.000000e+00 -9.990070e+05 5.000000e-01 9.489467e-01 9.893201e-01 -1.000000e+00 -1.000000e+00 0.000000e+00 -1.000000e+00 -1.0 0.000000e+00 8.846769e-01
-1.000000e+00 -1.000000e+00 0.000000e+00 -1.000000e+00 -1.000000e+00 1.000000e+02 8.685739e-01 -1.000000e+00 0.000000e+00 -1.000000e+00 0.000000e+00 -1.000000e+00 -1.000000e+00 6.670663e-01 1.600000e+03 -1.000000e+00 0.000000e+00 -9.990070e+05 3.000000e+00 -1.000000e+00 -1.000000e+00 7.684230e-01 1.000000e+00 0.000000e+00 -1.000000e+00 5.000000e-01 -1.000000e+00 -9.990070e+05 5.000000e-01 9.484920e-01 9.892171e-01 -1.000000e+00 -1.000000e+00 0.000000e+00 -1.000000e+00 -1.0 0.000000e+00 8.838403e-01
-1.000000e+00 -1.000000e+00 0.000000e+00 -1.000000e+00 -1.000000e+00 2.000000e+02 8.728468e-01 -1.000000e+00 0.000000e+00 -1.000000e+00 0.000000e+00 -1.000000e+00 -1.000000e+00 6.762446e-01 1.600000e+03 -1.000000e+00 0.000000e+00 -9.990070e+05 3.000000e+00 -1.000000e+00 -1.000000e+00 7.753639e-01 1.000000e+00 0.000000e+00 -1.000000e+00 5.000000e-01 -1.000000e+00 -9.990070e+05 5.000000e-01 9.503044e-01 9.896268e-01 -1.000000e+00 -1.000000e+00 0.000000e+00 -1.000000e+00 -1.0 0.000000e+00 8.871909e-01
-1.000000e+00 -1.000000e+00 0.000000e+00 -1.000000e+00 -1.000000e+00 3.000000e+02 8.730665e-01 -1.000000e+00 0.000000e+00 -1.000000e+00 0.000000e+00 -1.000000e+00 -1.000000e+00 6.767191e-01 1.600000e+03 -1.000000e+00 0.000000e+00 -9.990070e+05 3.000000e+00 -1.000000e+00 -1.000000e+00 7.757217e-01 1.000000e+00 0.000000e+00 -1.000000e+00 5.000000e-01 -1.000000e+00 -9.990070e+05 5.000000e-01 9.503973e-01 9.896478e-01 -1.000000e+00 -1.000000e+00 0.000000e+00 -1.000000e+00 -1.0 0.000000e+00 8.873638e-01
-1.000000e+00 -1.000000e+00 0.000000e+00 -1.000000e+00 -1.000000e+00 4.000000e+02 8.777133e-01 -1.000000e+00 0.000000e+00 -1.000000e+00 0.000000e+00 -1.000000e+00 -1.000000e+00 6.868196e-01 1.600000e+03 -1.000000e+00 0.000000e+00 -9.990070e+05 3.000000e+00 -1.000000e+00 -1.000000e+00 7.833148e-01 1.000000e+00 0.000000e+00 -1.000000e+00 5.000000e-01 -1.000000e+00 -9.990070e+05 5.000000e-01 9.523566e-01 9.900881e-01 -1.000000e+00 -1.000000e+00 0.000000e+00 -1.000000e+00 -1.0 0.000000e+00 8.910379e-01
-1.000000e+00 -1.000000e+00 0.000000e+00 -1.000000e+00 -1.000000e+00 5.000000e+02 8.856163e-01 -1.000000e+00 0.000000e+00 -1.000000e+00 0.000000e+00 -1.000000e+00 -1.000000e+00 7.042738e-01 1.600000e+03 -1.000000e+00 0.000000e+00 -9.990070e+05 3.000000e+00 -1.000000e+00 -1.000000e+00 7.963319e-01 1.000000e+00 0.000000e+00 -1.000000e+00 5.000000e-01 -1.000000e+00 -9.990070e+05 5.000000e-01 9.556626e-01 9.908251e-01 -1.000000e+00 -1.000000e+00 0.000000e+00 -1.000000e+00 -1.0 0.000000e+00 8.973570e-01
-1.000000e+00 -1.000000e+00 0.000000e+00 -1.000000e+00 -1.000000e+00 6.000000e+02 8.965174e-01 -1.000000e+00 0.000000e+00 -1.000000e+00 0.000000e+00 -1.000000e+00 -1.000000e+00 7.289299e-01 1.600000e+03 -1.000000e+00 0.000000e+00 -9.990070e+05 3.000000e+00 -1.000000e+00 -1.000000e+00 8.145023e-01 1.000000e+00 0.000000e+00 -1.000000e+00 5.000000e-01 -1.000000e+00 -9.990070e+05 5.000000e-01 9.601687e-01 9.918178e-01 -1.000000e+00 -1.000000e+00 0.000000e+00 -1.000000e+00 -1.0 0.000000e+00 9.062218e-01
-1.000000e+00 -1.000000e+00 0.000000e+00 -1.000000e+00 -1.000000e+00 0.000000e+00 2.281614e-01 -1.000000e+00 0.000000e+00 -1.000000e+00 0.000000e+00 -1.000000e+00 -1.000000e+00 2.967269e-02 2.000000e+02 -1.000000e+00 0.000000e+00 -9.990070e+05 3.000000e+00 -1.000000e+00 -1.000000e+00 8.649721e-02 0.000000e+00 0.000000e+00 -1.000000e+00 1.377687e-01 -1.000000e+00 -9.990070e+05 1.377687e-01 4.977076e-01 8.049749e-01 -1.000000e+00 -1.000000e+00 0.000000e+00 -1.000000e+00 -1.0 0.000000e+00 2.524798e-01
-1.000000e+00 -1.000000e+00 0.000000e+00 -1.000000e+00 -1.000000e+00 0.000000e+00 3.381714e-02 -1.000000e+00 0.000000e+00 -1.000000e+00 0.000000e+00 -1.000000e+00 -1.000000e+00 8.246045e-04 4.000000e+02 -1.000000e+00 0.000000e+00 -9.990070e+05 3.000000e+00 -1.000000e+00 -1.000000e+00 5.656204e-03 0.000000e+00 0.000000e+00 -1.000000e+00 3.676391e-02 -1.000000e+00 -9.990070e+05 3.676391e-02 1.555594e-01 4.618597e-01 -1.000000e+00 -1.000000e+00 0.000000e+00 -1.000000e+00 -1.0 0.000000e+00 5.832565e-02
-1.000000e+00 -1.000000e+00 0.000000e+00 -1.000000e+00 -1.000000e+00 3.000000e+02 3.387072e-01 -1.000000e+00 0.000000e+00 -1.000000e+00 0.000000e+00 -1.000000e+00 -1.000000e+00 6.833533e-02 4.000000e+02 -1.000000e+00 0.000000e+00 -9.990070e+05 3.000000e+00 -1.000000e+00 -1.000000e+00 1.587722e-01 0.000000e+00 0.000000e+00 -1.000000e+00 2.733493e-01 -1.000000e+00 -9.990070e+05 2.733493e-01 6.148012e-01 8.714149e-01 -1.000000e+00 -1.000000e+00 0.000000e+00 -1.000000e+00 -1.0 0.000000e+00 4.282232e-01
-1.000000e+00 -1.000000e+00 0.000000e+00 -1.000000e+00 -1.000000e+00 3.500000e+02 1.023565e-01 -1.000000e+00 0.000000e+00 -1.000000e+00 0.000000e+00 -1.000000e+00 -1.000000e+00 6.144240e-03 4.000000e+02 -1.000000e+00 0.000000e+00 -9.990070e+05 3.000000e+00 -1.000000e+00 -1.000000e+00 2.663043e-02 0.000000e+00 0.000000e+00 -1.000000e+00 9.487543e-02 -1.000000e+00 -9.990070e+05 9.487543e-02 3.128232e-01 6.579596e-01 -1.000000e+00 -1.000000e+00 0.000000e+00 -1.000000e+00 -1.0 0.000000e+00 1.514720e-01
-1.000000e+00 -1.000000e+00 0.000000e+00 -1.000000e+00 -1.000000e+00 3.750000e+02 5.051354e-02 -1.000000e+00 0.000000e+00 -1.000000e+00 0.000000e+00 -1.000000e+00 -1.000000e+00 1.677928e-03 4.000000e+02 -1.000000e+00 0.000000e+00 -9.990070e+05 3.000000e+00 -1.000000e+00 -1.000000e+00 9.834916e-03 0.000000e+00 0.000000e+00 -1.000000e+00 5.311916e-02 -1.000000e+00 -9.990070e+05 5.311916e-02 2.016294e-01 5.297636e-01 -1.000000e+00 -1.000000e+00 0.000000e+00 -1.000000e+00 -1.0 0.000000e+00 8.389429e-02
-1.000000e+00 -1.000000e+00 0.000000e+00 -1.000000e+00 -1.000000e+00 3.750000e+02 2.420291e-01 -1.000000e+00 0.000000e+00 -1.000000e+00 0.000000e+00 -1.000000e+00 -1.000000e+00 3.351092e-02 4.250000e+02 -1.000000e+00 0.000000e+00 -9.990070e+05 3.000000e+00 -1.000000e+00 -1.000000e+00 9.458285e-02 0.000000e+00 0.000000e+00 -1.000000e+00 2.106267e-01 -1.000000e+00 -9.990070e+05 2.106267e-01 5.140966e-01 8.152985e-01 -1.000000e+00 -1.000000e+00 0.000000e+00 -1.000000e+00 -1.0 0.000000e+00 3.277223e-01
-1.000000e+00 -1.000000e+00 0.000000e+00 -1.000000e+00 -1.000000e+00 4.000000e+02 5.116058e-01 -1.000000e+00 0.000000e+00 -1.000000e+00 0.000000e+00 -1.000000e+00 -1.000000e+00 1.736124e-01 5.000000e+02 -1.000000e+00 0.000000e+00 -9.990070e+05 3.000000e+00 -1.000000e+00 -1.000000e+00 3.077525e-01 0.000000e+00 0.000000e+00 -1.000000e+00 3.946137e-01 -1.000000e+00 -9.990070e+05 3.946137e-01 7.540895e-01 9.316665e-01 -1.000000e+00 -1.000000e+00 0.000000e+00 -1.000000e+00 -1.0 0.000000e+00 6.058199e-01
-1.000000e+00 -1.000000e+00 0.000000e+00 -1.000000e+00 -1.000000e+00 4.500000e+02 1.683971e-01 -1.000000e+00 0.000000e+00 -1.000000e+00 0.000000e+00 -1.000000e+00 -1.000000e+00 1.608384e-02 5.000000e+02 -1.000000e+00 0.000000e+00 -9.990070e+05 3.000000e+00 -1.000000e+00 -1.000000e+00 5.495083e-02 0.000000e+00 0.000000e+00 -1.000000e+00 1.565351e-01 -1.000000e+00 -9.990070e+05 1.565351e-01 4.195051e-01 7.503049e-01 -1.000000e+00 -1.000000e+00 0.000000e+00 -1.000000e+00 -1.0 0.000000e+00 2.431513e-01
-1.000000e+00 -1.000000e+00 0.000000e+00 -1.000000e+00 -1.000000e+00 4.750000e+02 1.999485e-01 -1.000000e+00 0.000000e+00 -1.000000e+00 0.000000e+00 -1.000000e+00 -1.000000e+00 2.267765e-02 5.000000e+02 -1.000000e+00 0.000000e+00 -9.990070e+05 3.000000e+00 -1.000000e+00 -1.000000e+00 7.093100e-02 0.000000e+00 0.000000e+00 -1.000000e+00 1.820838e-01 -1.000000e+00 -9.990070e+05 1.820838e-01 4.624589e-01 7.814934e-01 -1.000000e+00 -1.000000e+00 0.000000e+00 -1.000000e+00 -1.0 0.000000e+00 2.819118e-01
-1.000000e+00 -1.000000e+00 0.000000e+00 -1.000000e+00 -1.000000e+00 0.000000e+00 1.570204e-02 -1.000000e+00 0.000000e+00 -1.000000e+00 0.000000e+00 -1.000000e+00 -1.000000e+00 2.212113e-04 6.000000e+02 -1.000000e+00 0.000000e+00 -9.990070e+05 3.000000e+00 -1.000000e+00 -1.000000e+00 2.004418e-03 0.000000e+00 0.000000e+00 -1.000000e+00 2.042057e-02 -1.000000e+00 -9.990070e+05 2.042057e-02 9.320988e-02 3.466766e-01 -1.000000e+00 -1.000000e+00 0.000000e+00 -1.000000e+00 -1.0 0.000000e+00 3.168223e-02
-1.000000e+00 -1.000000e+00 0.000000e+00 -1.000000e+00 -1.000000e+00 4.000000e+02 5.483462e-01 -1.000000e+00 0.000000e+00 -1.000000e+00 0.000000e+00 -1.000000e+00 -1.000000e+00 2.047429e-01 6.000000e+02 -1.000000e+00 0.000000e+00 -9.990070e+05 3.000000e+00 -1.000000e+00 -1.000000e+00 3.452307e-01 0.000000e+00 0.000000e+00 -1.000000e+00 4.180808e-01 -1.000000e+00 -9.990070e+05 4.180808e-01 7.789118e-01 9.406063e-01 -1.000000e+00 -1.000000e+00 0.000000e+00 -1.000000e+00 -1.0 0.000000e+00 6.402456e-01
-1.000000e+00 -1.000000e+00 0.000000e+00 -1.000000e+00 -1.000000e+00 5.000000e+02 5.542007e-01 -1.000000e+00 0.000000e+00 -1.000000e+00 0.000000e+00 -1.000000e+00 -1.000000e+00 2.100314e-01 6.000000e+02 -1.000000e+00 0.000000e+00 -9.990070e+05 3.000000e+00 -1.000000e+00 -1.000000e+00 3.513978e-01 0.000000e+00 0.000000e+00 -1.000000e+00 4.212190e-01 -1.000000e+00 -9.990070e+05 4.212190e-01 7.827410e-01 9.419411e-01 -1.000000e+00 -1.000000e+00 0.000000e+00 -1.000000e+00 -1.0 0.000000e+00 6.453190e-01
-1.000000e+00 -1.000000e+00 0.000000e+00 -1.000000e+00 -1.000000e+00 5.500000e+02 6.309457e-01 -1.000000e+00 0.000000e+00 -1.000000e+00 0.000000e+00 -1.000000e+00 -1.000000e+00 2.884301e-01 6.000000e+02 -1.000000e+00 0.000000e+00 -9.990070e+05 3.000000e+00 -1.000000e+00 -1.000000e+00 4.373241e-01 0.000000e+00 0.000000e+00 -1.000000e+00 4.657826e-01 -1.000000e+00 -9.990070e+05 4.657826e-01 8.300166e-01 9.574774e-01 -1.000000e+00 -1.000000e+00 0.000000e+00 -1.000000e+00 -1.0 0.000000e+00 7.128581e-01
-1.000000e+00 -1.000000e+00 0.000000e+00 -1.000000e+00 -1.000000e+00 5.750000e+02 4.897827e-01 -1.000000e+00 0.000000e+00 -1.000000e+00 0.000000e+00 -1.000000e+00 -1.000000e+00 1.567288e-01 6.000000e+02 -1.000000e+00 0.000000e+00 -9.990070e+05 3.000000e+00 -1.000000e+00 -1.000000e+00 2.864790e-01 0.000000e+00 0.000000e+00 -1.000000e+00 3.822597e-01 -1.000000e+00 -9.990070e+05 3.822597e-01 7.386635e-01 9.258546e-01 -1.000000e+00 -1.000000e+00 0.000000e+00 -1.000000e+00 -1.0 0.000000e+00 5.861625e-01
-1.000000e+00 -1.000000e+00 0.000000e+00 -1.000000e+00 -1.000000e+00 0.000000e+00 2.352158e-02 -1.000000e+00 0.000000e+00 -1.000000e+00 0.000000e+00 -1.000000e+00 -1.000000e+00 4.396285e-04 8.000000e+02 -1.000000e+00 0.000000e+00 -9.990070e+05 3.000000e+00 -1.000000e+00 -1.000000e+00 3.451513e-03 0.000000e+00 0.000000e+00 -1.000000e+00 2.940721e-02 -1.000000e+00 -9.990070e+05 2.940721e-02 1.223775e-01 4.047692e-01 -1.000000e+00 -1.000000e+00 0.000000e+00 -1.000000e+00 -1.0 0.000000e+00 4.550278e-02
-1.000000e+00 -1.000000e+00 0.000000e+00 -1.000000e+00 -1.000000e+00 1.000000e+02 3.884857e-02 -1.000000e+00 0.000000e+00 -1.000000e+00 0.000000e+00 -1.000000e+00 -1.000000e+00 1.052095e-03 8.000000e+02 -1.000000e+00 0.000000e+00 -9.990070e+05 3.000000e+00 -1.000000e+00 -1.000000e+00 6.841806e-03 0.000000e+00 0.000000e+00 -1.000000e+00 4.592164e-02 -1.000000e+00 -9.990070e+05 4.592164e-02 1.702749e-01 4.848029e-01 -1.000000e+00 -1.000000e+00 0.000000e+00 -1.000000e+00 -1.0 0.000000e+00 7.086237e-02
-1.000000e+00 -1.000000e+00 0.000000e+00 -1.000000e+00 -1.000000e+00 2.000000e+02 1.131680e-01 -1.000000e+00 0.000000e+00 -1.000000e+00 0.000000e+00 -1.000000e+00 -1.000000e+00 7.433489e-03 8.000000e+02 -1.000000e+00 0.000000e+00 -9.990070e+05 3.000000e+00 -1.000000e+00 -1.000000e+00 3.076791e-02 0.000000e+00 0.000000e+00 -1.000000e+00 1.152493e-01 -1.000000e+00 -9.990070e+05 1.152493e-01 3.322920e-01 6.766475e-01 -1.000000e+00 -1.000000e+00 0.000000e+00 -1.000000e+00 -1.0 0.000000e+00 1.773352e-01
-1.000000e+00 -1.000000e+00 0.000000e+00 -1.000000e+00 -1.000000e+00 3.000000e+02 2.681336e-01 -1.000000e+00 0.000000e+00 -1.000000e+00 0.000000e+00 -1.000000e+00 -1.000000e+00 4.148534e-02 8.000000e+02 -1.000000e+00 0.000000e+00 -9.990070e+05 3.000000e+00 -1.000000e+00 -1.000000e+00 1.105713e-01 0.000000e+00 0.000000e+00 -1.000000e+00 2.374943e-01 -1.000000e+00 -9.990070e+05 2.374943e-01 5.434721e-01 8.329211e-01 -1.000000e+00 -1.000000e+00 0.000000e+00 -1.000000e+00 -1.0 0.000000e+00 3.637893e-01
-1.000000e+00 -1.000000e+00 0.000000e+00 -1.000000e+00 -1.000000e+00 4.000000e+02 5.454155e-01 -1.000000e+00 0.000000e+00 -1.000000e+00 0.000000e+00 -1.000000e+00 -1.000000e+00 2.021302e-01 8.000000e+02 -1.000000e+00 0.000000e+00 -9.990070e+05 3.000000e+00 -1.000000e+00 -1.000000e+00 3.421638e-01 0.000000e+00 0.000000e+00 -1.000000e+00 4.169901e-01 -1.000000e+00 -9.990070e+05 4.169901e-01 7.769822e-01 9.399293e-01 -1.000000e+00 -1.000000e+00 0.000000e+00 -1.000000e+00 -1.0 0.000000e+00 6.379947e-01
-1.000000e+00 -1.000000e+00 0.000000e+00 -1.000000e+00 -1.000000e+00 5.000000e+02 6.957116e-01 -1.000000e+00 0.000000e+00 -1.000000e+00 0.000000e+00 -1.000000e+00 -1.000000e+00 3.691682e-01 8.000000e+02 -1.000000e+00 0.000000e+00 -9.990070e+05 3.000000e+00 -1.000000e+00 -1.000000e+00 5.174436e-01 1.000000e+00 0.000000e+00 -1.000000e+00 5.000000e-01 -1.000000e+00 -9.990070e+05 5.000000e-01 8.661127e-01 9.682060e-01 -1.000000e+00 -1.000000e+00 0.000000e+00 -1.000000e+00 -1.0 0.000000e+00 7.667016e-01
-1.000000e+00 -1.000000e+00 0.000000e+00 -1.000000e+00 -1.000000e+00 6.000000e+02 8.279285e-01 -1.000000e+00 0.000000e+00 -1.000000e+00 0.000000e+00 -1.000000e+00 -1.000000e+00 5.845804e-01 8.000000e+02 -1.000000e+00 0.000000e+00 -9.990070e+05 3.000000e+00 -1.000000e+00 -1.000000e+00 7.042554e-01 1.000000e+00 0.000000e+00 -1.000000e+00 5.000000e-01 -1.000000e+00 -9.990070e+05 5.000000e-01 9.307493e-01 9.850885e-01 -1.000000e+00 -1.000000e+00 0.000000e+00 -1.000000e+00 -1.0 0.000000e+00 8.531903e-01
-1.000000e+00 -1.000000e+00 0.000000e+00 -1.000000e+00 -1.000000e+00 0.000000e+00 3.152171e-02 -1.000000e+00 0.000000e+00 -1.000000e+00 0.000000e+00 -1.000000e+00 -1.000000e+00 7.293591e-04 9.000000e+02 -1.000000e+00 0.000000e+00 -9.990070e+05 3.000000e+00 -1.000000e+00 -1.000000e+00 5.137989e-03 0.000000e+00 0.000000e+00 -1.000000e+00 3.814297e-02 -1.000000e+00 -9.990070e+05 3.814297e-02 1.485535e-01 4.504632e-01 -1.000000e+00 -1.000000e+00 0.000000e+00 -1.000000e+00 -1.0 0.000000e+00 5.893547e-02
-1.000000e+00 -1.000000e+00 0.000000e+00 -1.000000e+00 -1.000000e+00 1.000000e+02 3.826731e-02 -1.000000e+00 0.000000e+00 -1.000000e+00 0.000000e+00 -1.000000e+00 -1.000000e+00 1.024504e-03 9.000000e+02 -1.000000e+00 0.000000e+00 -9.990070e+05 3.000000e+00 -1.000000e+00 -1.000000e+00 6.701448e-03 0.000000e+00 0.000000e+00 -1.000000e+00 4.539365e-02 -1.000000e+00 -9.990070e+05 4.539365e-02 1.686164e-01 4.822809e-01 -1.000000e+00 -1.000000e+00 0.000000e+00 -1.000000e+00 -1.0 0.000000e+00 7.002008e-02
-1.000000e+00 -1.000000e+00 0.000000e+00 -1.000000e+00 -1.000000e+00 2.000000e+02 1.021128e-01 -1.000000e+00 0.000000e+00 -1.000000e+00 0.000000e+00 -1.000000e+00 -1.000000e+00 6.116643e-03 9.000000e+02 -1.000000e+00 0.000000e+00 -9.990070e+05 3.000000e+00 -1.000000e+00 -1.000000e+00 2.653953e-02 0.000000e+00 0.000000e+00 -1.000000e+00 1.058195e-01 -1.000000e+00 -9.990070e+05 1.058195e-01 3.123731e-01 6.575164e-01 -1.000000e+00 -1.000000e+00 0.000000e+00 -1.000000e+00 -1.0 0.000000e+00 1.627710e-01
-1.000000e+00 -1.000000e+00 0.000000e+00 -1.000000e+00 -1.000000e+00 3.000000e+02 2.305950e-01 -1.000000e+00 0.000000e+00 -1.000000e+00 0.000000e+00 -1.000000e+00 -1.000000e+00 3.032679e-02 9.000000e+02 -1.000000e+00 0.000000e+00 -9.990070e+05 3.000000e+00 -1.000000e+00 -1.000000e+00 8.789558e-02 0.000000e+00 0.000000e+00 -1.000000e+00 2.101419e-01 -1.000000e+00 -9.990070e+05 2.101419e-01 5.006258e-01 8.068398e-01 -1.000000e+00 -1.000000e+00 0.000000e+00 -1.000000e+00 -1.0 0.000000e+00 3.219072e-01
-1.000000e+00 -1.000000e+00 0.000000e+00 -1.000000e+00 -1.000000e+00 4.000000e+02 4.912799e-01 -1.000000e+00 0.000000e+00 -1.000000e+00 0.000000e+00 -1.000000e+00 -1.000000e+00 1.578504e-01 9.000000e+02 -1.000000e+00 0.000000e+00 -9.990070e+05 3.000000e+00 -1.000000e+00 -1.000000e+00 2.879153e-01 0.000000e+00 0.000000e+00 -1.000000e+00 3.856439e-01 -1.000000e+00 -9.990070e+05 3.856439e-01 7.397389e-01 9.262663e-01 -1.000000e+00 -1.000000e+00 0.000000e+00 -1.000000e+00 -1.0 0.000000e+00 5.891908e-01
-1.000000e+00 -1.000000e+00 0.000000e+00 -1.000000e+00 -1.000000e+00 5.000000e+02 7.038993e-01 -1.000000e+00 0.000000e+00 -1.000000e+00 0.000000e+00 -1.000000e+00 -1.000000e+00 3.804313e-01 9.000000e+02 -1.000000e+00 0.000000e+00 -9.990070e+05 3.000000e+00 -1.000000e+00 -1.000000e+00 5.280869e-01 1.000000e+00 0.000000e+00 -1.000000e+00 5.000000e-01 -1.000000e+00 -9.990070e+05 5.000000e-01 8.704525e-01 9.694319e-01 -1.000000e+00 -1.000000e+00 0.000000e+00 -1.000000e+00 -1.0 0.000000e+00 7.715450e-01
-1.000000e+00 -1.000000e+00 0.000000e+00 -1.000000e+00 -1.000000e+00 6.000000e+02 8.396986e-01 -1.000000e+00 0.000000e+00 -1.000000e+00 0.000000e+00 -1.000000e+00 -1.000000e+00 6.075923e-01 9.000000e+02 -1.000000e+00 0.000000e+00 -9.990070e+05 3.000000e+00 -1.000000e+00 -1.000000e+00 7.224956e-01 1.000000e+00 0.000000e+00 -1.000000e+00 5.000000e-01 -1.000000e+00 -9.990070e+05 5.000000e-01 9.359823e-01 9.863285e-01 -1.000000e+00 -1.000000e+00 0.000000e+00 -1.000000e+00 -1.0 0.000000e+00 8.618451e-01
