-1.000000e+00 -1.000000e+00 0.000000e+00 -1.000000e+00 -1.000000e+00 0.000000e+00 8.023231e-02 -1.000000e+00 0.000000e+00 2.500000e+01 -1.000000e+00 0.000000e+00 5.250000e+02 -1.000000e+00 -1.000000e+00 3.896697e-03 -1.000000e+00 0.000000e+00 -9.990070e+05 3.000000e+00 -1.000000e+00 -1.000000e+00 2.750000e+02 1.881925e-02 0.000000e+00 0.000000e+00 -1.000000e+00 1.025599e-03 -1.000000e+00 -9.990070e+05 1.025599e-03 2.695996e-01 6.129053e-01 -1.000000e+00 -1.000000e+00 -1.000000e+00 6 0.000000e+00 1.124512e-02
-1.000000e+00 -1.000000e+00 0.000000e+00 -1.000000e+00 -1.000000e+00 0.000000e+00 8.629317e-01 -1.000000e+00 0.000000e+00 6.250000e+02 -1.000000e+00 0.000000e+00 7.250000e+02 -1.000000e+00 -1.000000e+00 6.550986e-01 -1.000000e+00 0.000000e+00 -9.990070e+05 3.000000e+00 -1.000000e+00 -1.000000e+00 6.750000e+02 7.593156e-01 0.000000e+00 0.000000e+00 -1.000000e+00 4.324162e-01 -1.000000e+00 -9.990070e+05 4.324162e-01 9.460836e-01 9.886693e-01 -1.000000e+00 -1.000000e+00 -1.000000e+00 5 0.000000e+00 8.631675e-01
-1.000000e+00 -1.000000e+00 0.000000e+00 -1.000000e+00 -1.000000e+00 0.000000e+00 6.385871e-01 -1.000000e+00 0.000000e+00 4.250000e+02 -1.000000e+00 0.000000e+00 9.250000e+02 -1.000000e+00 -1.000000e+00 2.972198e-01 -1.000000e+00 0.000000e+00 -9.990070e+05 3.000000e+00 -1.000000e+00 -1.000000e+00 6.750000e+02 4.464074e-01 0.000000e+00 0.000000e+00 -1.000000e+00 2.635139e-02 -1.000000e+00 -9.990070e+05 2.635139e-02 8.344458e-01 9.588457e-01 -1.000000e+00 -1.000000e+00 -1.000000e+00 6 0.000000e+00 3.706425e-01
-1.000000e+00 -1.000000e+00 0.000000e+00 -1.000000e+00 -1.000000e+00 0.000000e+00 3.738406e-01 -1.000000e+00 0.000000e+00 1.250000e+02 -1.000000e+00 0.000000e+00 1.025000e+03 -1.000000e+00 -1.000000e+00 8.485612e-02 -1.000000e+00 0.000000e+00 -9.990070e+05 3.000000e+00 -1.000000e+00 -1.000000e+00 5.750000e+02 1.854692e-01 0.000000e+00 0.000000e+00 -1.000000e+00 1.013949e-02 -1.000000e+00 -9.990070e+05 1.013949e-02 6.466694e-01 8.868261e-01 -1.000000e+00 -1.000000e+00 -1.000000e+00 6 0.000000e+00 1.332490e-01
-1.000000e+00 -1.000000e+00 0.000000e+00 -1.000000e+00 -1.000000e+00 0.000000e+00 2.289437e-01 -1.000000e+00 0.000000e+00 1.250000e+02 -1.000000e+00 0.000000e+00 9.250000e+02 -1.000000e+00 -1.000000e+00 2.988207e-02 -1.000000e+00 0.000000e+00 -9.990070e+05 3.000000e+00 -1.000000e+00 -1.000000e+00 5.250000e+02 8.694579e-02 0.000000e+00 0.000000e+00 -1.000000e+00 4.567831e-03 -1.000000e+00 -9.990070e+05 4.567831e-03 4.986477e-01 8.055770e-01 -1.000000e+00 -1.000000e+00 -1.000000e+00 6 0.000000e+00 5.696857e-02
-1.000000e+00 -1.000000e+00 0.000000e+00 -1.000000e+00 -1.000000e+00 0.000000e+00 3.360503e-01 -1.000000e+00 0.000000e+00 2.250000e+02 -1.000000e+00 0.000000e+00 5.250000e+02 -1.000000e+00 -1.000000e+00 6.717524e-02 -1.000000e+00 0.000000e+00 -9.990070e+05 3.000000e+00 -1.000000e+00 -1.000000e+00 3.750000e+02 1.568263e-01 0.000000e+00 0.000000e+00 -1.000000e+00 2.969646e-02 -1.000000e+00 -9.990070e+05 2.969646e-02 6.123015e-01 8.701616e-01 -1.000000e+00 -1.000000e+00 -1.000000e+00 1 0.000000e+00 1.668978e-01
-1.000000e+00 -1.000000e+00 0.000000e+00 -1.000000e+00 -1.000000e+00 0.000000e+00 7.819897e-01 -1.000000e+00 0.000000e+00 5.250000e+02 -1.000000e+00 0.000000e+00 1.025000e+03 -1.000000e+00 -1.000000e+00 5.011515e-01 -1.000000e+00 0.000000e+00 -9.990070e+05 3.000000e+00 -1.000000e+00 -1.000000e+00 7.750000e+02 6.356506e-01 0.000000e+00 0.000000e+00 -1.000000e+00 3.931157e-02 -1.000000e+00 -9.990070e+05 3.931157e-02 9.095485e-01 9.798726e-01 -1.000000e+00 -1.000000e+00 -1.000000e+00 6 0.000000e+00 5.683362e-01
-1.000000e+00 -1.000000e+00 0.000000e+00 -1.000000e+00 -1.000000e+00 0.000000e+00 6.443026e-01 -1.000000e+00 0.000000e+00 4.250000e+02 -1.000000e+00 0.000000e+00 1.025000e+03 -1.000000e+00 -1.000000e+00 3.039182e-01 -1.000000e+00 0.000000e+00 -9.990070e+05 3.000000e+00 -1.000000e+00 -1.000000e+00 7.250000e+02 4.532651e-01 0.000000e+00 0.000000e+00 -1.000000e+00 2.665343e-02 -1.000000e+00 -9.990070e+05 2.665343e-02 8.377279e-01 9.598501e-01 -1.000000e+00 -1.000000e+00 -1.000000e+00 6 0.000000e+00 3.770928e-01
-1.000000e+00 -1.000000e+00 0.000000e+00 -1.000000e+00 -1.000000e+00 0.000000e+00 1.127792e-01 -1.000000e+00 0.000000e+00 2.250000e+02 -1.000000e+00 0.000000e+00 3.250000e+02 -1.000000e+00 -1.000000e+00 7.384911e-03 -1.000000e+00 0.000000e+00 -9.990070e+05 3.000000e+00 -1.000000e+00 -1.000000e+00 2.750000e+02 3.061559e-02 0.000000e+00 0.000000e+00 -1.000000e+00 5.592895e-02 -1.000000e+00 -9.990070e+05 5.592895e-02 3.316083e-01 6.760066e-01 -1.000000e+00 -1.000000e+00 -1.000000e+00 5 0.000000e+00 1.122226e-01
-1.000000e+00 -1.000000e+00 0.000000e+00 -1.000000e+00 -1.000000e+00 0.000000e+00 3.041886e-01 -1.000000e+00 0.000000e+00 2.250000e+02 -1.000000e+00 0.000000e+00 7.250000e+02 -1.000000e+00 -1.000000e+00 5.419569e-02 -1.000000e+00 0.000000e+00 -9.990070e+05 3.000000e+00 -1.000000e+00 -1.000000e+00 4.750000e+02 1.342914e-01 0.000000e+00 0.000000e+00 -1.000000e+00 7.340113e-03 -1.000000e+00 -9.990070e+05 7.340113e-03 5.812522e-01 8.540302e-01 -1.000000e+00 -1.000000e+00 -1.000000e+00 6 0.000000e+00 9.306027e-02
-1.000000e+00 -1.000000e+00 0.000000e+00 -1.000000e+00 -1.000000e+00 0.000000e+00 1.562011e-01 -1.000000e+00 0.000000e+00 2.500000e+01 -1.000000e+00 0.000000e+00 8.250000e+02 -1.000000e+00 -1.000000e+00 1.386614e-02 -1.000000e+00 0.000000e+00 -9.990070e+05 3.000000e+00 -1.000000e+00 -1.000000e+00 4.250000e+02 4.918713e-02 0.000000e+00 0.000000e+00 -1.000000e+00 2.564011e-03 -1.000000e+00 -9.990070e+05 2.564011e-03 4.017218e-01 7.364837e-01 -1.000000e+00 -1.000000e+00 -1.000000e+00 6 0.000000e+00 3.065073e-02
-1.000000e+00 -1.000000e+00 0.000000e+00 -1.000000e+00 -1.000000e+00 0.000000e+00 5.362257e-01 -1.000000e+00 0.000000e+00 7.500000e+01 -1.000000e+00 0.000000e+00 2.250000e+02 -1.000000e+00 -1.000000e+00 1.940854e-01 -1.000000e+00 0.000000e+00 -9.990070e+05 3.000000e+00 -1.000000e+00 -1.000000e+00 1.500000e+02 3.326341e-01 0.000000e+00 0.000000e+00 -1.000000e+00 8.361245e-02 -1.000000e+00 -9.990070e+05 8.361245e-02 7.708761e-01 9.377670e-01 -1.000000e+00 -1.000000e+00 -1.000000e+00 6 0.000000e+00 3.752172e-01
-1.000000e+00 -1.000000e+00 0.000000e+00 -1.000000e+00 -1.000000e+00 0.000000e+00 3.153420e-01 -1.000000e+00 0.000000e+00 1.250000e+02 -1.000000e+00 0.000000e+00 2.250000e+02 -1.000000e+00 -1.000000e+00 5.854666e-02 -1.000000e+00 0.000000e+00 -9.990070e+05 3.000000e+00 -1.000000e+00 -1.000000e+00 1.750000e+02 1.420121e-01 0.000000e+00 0.000000e+00 -1.000000e+00 1.577486e-01 -1.000000e+00 -9.990070e+05 1.577486e-01 5.923540e-01 8.599198e-01 -1.000000e+00 -1.000000e+00 -1.000000e+00 5 0.000000e+00 3.154162e-01
-1.000000e+00 -1.000000e+00 0.000000e+00 -1.000000e+00 -1.000000e+00 0.000000e+00 6.332865e-01 -1.000000e+00 0.000000e+00 3.250000e+02 -1.000000e+00 0.000000e+00 7.250000e+02 -1.000000e+00 -1.000000e+00 2.911026e-01 -1.000000e+00 0.000000e+00 -9.990070e+05 3.000000e+00 -1.000000e+00 -1.000000e+00 5.250000e+02 4.400962e-01 0.000000e+00 0.000000e+00 -1.000000e+00 2.618133e-02 -1.000000e+00 -9.990070e+05 2.618133e-02 8.313785e-01 9.578997e-01 -1.000000e+00 -1.000000e+00 -1.000000e+00 6 0.000000e+00 3.650032e-01
-1.000000e+00 -1.000000e+00 0.000000e+00 -1.000000e+00 -1.000000e+00 0.000000e+00 6.532277e-01 -1.000000e+00 0.000000e+00 3.250000e+02 -1.000000e+00 0.000000e+00 6.250000e+02 -1.000000e+00 -1.000000e+00 3.145939e-01 -1.000000e+00 0.000000e+00 -9.990070e+05 3.000000e+00 -1.000000e+00 -1.000000e+00 4.750000e+02 4.640837e-01 0.000000e+00 0.000000e+00 -1.000000e+00 2.761408e-02 -1.000000e+00 -9.990070e+05 2.761408e-02 8.428011e-01 9.613870e-01 -1.000000e+00 -1.000000e+00 -1.000000e+00 6 0.000000e+00 3.884926e-01
-1.000000e+00 -1.000000e+00 0.000000e+00 -1.000000e+00 -1.000000e+00 0.000000e+00 7.310505e-01 -1.000000e+00 0.000000e+00 5.250000e+02 -1.000000e+00 0.000000e+00 6.250000e+02 -1.000000e+00 -1.000000e+00 4.196034e-01 -1.000000e+00 0.000000e+00 -9.990070e+05 3.000000e+00 -1.000000e+00 -1.000000e+00 5.750000e+02 5.642303e-01 0.000000e+00 0.000000e+00 -1.000000e+00 3.655110e-01 -1.000000e+00 -9.990070e+05 3.655110e-01 8.845070e-01 9.733095e-01 -1.000000e+00 -1.000000e+00 -1.000000e+00 5 0.000000e+00 7.310441e-01
-1.000000e+00 -1.000000e+00 0.000000e+00 -1.000000e+00 -1.000000e+00 0.000000e+00 6.439067e-01 -1.000000e+00 0.000000e+00 1.250000e+02 -1.000000e+00 0.000000e+00 3.250000e+02 -1.000000e+00 -1.000000e+00 3.034507e-01 -1.000000e+00 0.000000e+00 -9.990070e+05 3.000000e+00 -1.000000e+00 -1.000000e+00 2.250000e+02 4.527883e-01 0.000000e+00 0.000000e+00 -1.000000e+00 2.341010e-01 -1.000000e+00 -9.990070e+05 2.341010e-01 8.375014e-01 9.597811e-01 -1.000000e+00 -1.000000e+00 -1.000000e+00 7 0.000000e+00 5.908478e-01
-1.000000e+00 -1.000000e+00 0.000000e+00 -1.000000e+00 -1.000000e+00 0.000000e+00 9.093533e-01 -1.000000e+00 0.000000e+00 6.250000e+02 -1.000000e+00 0.000000e+00 9.250000e+02 -1.000000e+00 -1.000000e+00 7.588464e-01 -1.000000e+00 0.000000e+00 -9.990070e+05 3.000000e+00 -1.000000e+00 -1.000000e+00 7.750000e+02 8.362209e-01 0.000000e+00 0.000000e+00 -1.000000e+00 1.371240e-01 -1.000000e+00 -9.990070e+05 1.371240e-01 9.653956e-01 9.929521e-01 -1.000000e+00 -1.000000e+00 -1.000000e+00 1 0.000000e+00 8.377977e-01
-1.000000e+00 -1.000000e+00 0.000000e+00 -1.000000e+00 -1.000000e+00 0.000000e+00 3.583083e-02 -1.000000e+00 0.000000e+00 1.750000e+02 -1.000000e+00 0.000000e+00 2.250000e+02 -1.000000e+00 -1.000000e+00 9.125713e-04 -1.000000e+00 0.000000e+00 -9.990070e+05 3.000000e+00 -1.000000e+00 -1.000000e+00 2.000000e+02 6.122665e-03 0.000000e+00 0.000000e+00 -1.000000e+00 1.793156e-02 -1.000000e+00 -9.990070e+05 1.793156e-02 1.615491e-01 4.713552e-01 -1.000000e+00 -1.000000e+00 -1.000000e+00 5 0.000000e+00 3.585264e-02
-1.000000e+00 -1.000000e+00 0.000000e+00 -1.000000e+00 -1.000000e+00 0.000000e+00 3.195395e-01 -1.000000e+00 0.000000e+00 5.050000e+02 -1.000000e+00 0.000000e+00 5.250000e+02 -1.000000e+00 -1.000000e+00 6.023724e-02 -1.000000e+00 0.000000e+00 -9.990070e+05 3.000000e+00 -1.000000e+00 -1.000000e+00 5.150000e+02 1.449645e-01 0.000000e+00 0.000000e+00 -1.000000e+00 1.599102e-01 -1.000000e+00 -9.990070e+05 1.599102e-01 5.964657e-01 8.620663e-01 -1.000000e+00 -1.000000e+00 -1.000000e+00 5 0.000000e+00 3.196731e-01
-1.000000e+00 -1.000000e+00 0.000000e+00 -1.000000e+00 -1.000000e+00 0.000000e+00 7.425471e-01 -1.000000e+00 0.000000e+00 2.500000e+01 -1.000000e+00 0.000000e+00 3.250000e+02 -1.000000e+00 -1.000000e+00 4.370637e-01 -1.000000e+00 0.000000e+00 -9.990070e+05 3.000000e+00 -1.000000e+00 -1.000000e+00 1.750000e+02 5.799331e-01 0.000000e+00 0.000000e+00 -1.000000e+00 4.913087e-02 -1.000000e+00 -9.990070e+05 4.913087e-02 8.903064e-01 9.748687e-01 -1.000000e+00 -1.000000e+00 -1.000000e+00 6 0.000000e+00 5.305182e-01
-1.000000e+00 -1.000000e+00 0.000000e+00 -1.000000e+00 -1.000000e+00 0.000000e+00 7.934841e-01 -1.000000e+00 0.000000e+00 4.250000e+02 -1.000000e+00 0.000000e+00 6.250000e+02 -1.000000e+00 -1.000000e+00 5.211055e-01 -1.000000e+00 0.000000e+00 -9.990070e+05 3.000000e+00 -1.000000e+00 -1.000000e+00 5.250000e+02 6.524357e-01 0.000000e+00 0.000000e+00 -1.000000e+00 4.145163e-02 -1.000000e+00 -9.990070e+05 4.145163e-02 9.149720e-01 9.812364e-01 -1.000000e+00 -1.000000e+00 -1.000000e+00 6 0.000000e+00 5.882110e-01
-1.000000e+00 -1.000000e+00 0.000000e+00 -1.000000e+00 -1.000000e+00 0.000000e+00 1.527698e-01 -1.000000e+00 0.000000e+00 1.250000e+02 -1.000000e+00 0.000000e+00 8.250000e+02 -1.000000e+00 -1.000000e+00 1.327443e-02 -1.000000e+00 0.000000e+00 -9.990070e+05 3.000000e+00 -1.000000e+00 -1.000000e+00 4.750000e+02 4.760789e-02 0.000000e+00 0.000000e+00 -1.000000e+00 2.481388e-03 -1.000000e+00 -9.990070e+05 2.481388e-03 3.965850e-01 7.323853e-01 -1.000000e+00 -1.000000e+00 -1.000000e+00 6 0.000000e+00 2.959274e-02
-1.000000e+00 -1.000000e+00 0.000000e+00 -1.000000e+00 -1.000000e+00 0.000000e+00 2.657370e-10 -1.000000e+00 0.000000e+00 2.050000e+02 -1.000000e+00 0.000000e+00 2.250000e+02 -1.000000e+00 -1.000000e+00 1.973567e-15 -1.000000e+00 0.000000e+00 -9.990070e+05 3.000000e+00 -1.000000e+00 -1.000000e+00 2.150000e+02 7.958549e-13 0.000000e+00 0.000000e+00 -1.000000e+00 7.936358e-12 -1.000000e+00 -9.990070e+05 7.936358e-12 6.250230e-08 8.072061e-06 -1.000000e+00 -1.000000e+00 -1.000000e+00 4 0.000000e+00 2.358759e-11
-1.000000e+00 -1.000000e+00 0.000000e+00 -1.000000e+00 -1.000000e+00 0.000000e+00 7.235478e-01 -1.000000e+00 0.000000e+00 4.250000e+02 -1.000000e+00 0.000000e+00 8.250000e+02 -1.000000e+00 -1.000000e+00 4.084931e-01 -1.000000e+00 0.000000e+00 -9.990070e+05 3.000000e+00 -1.000000e+00 -1.000000e+00 6.250000e+02 5.541113e-01 0.000000e+00 0.000000e+00 -1.000000e+00 9.170822e-02 -1.000000e+00 -9.990070e+05 9.170822e-02 8.806742e-01 9.722660e-01 -1.000000e+00 -1.000000e+00 -1.000000e+00 1 0.000000e+00 5.578814e-01
-1.000000e+00 -1.000000e+00 0.000000e+00 -1.000000e+00 -1.000000e+00 0.000000e+00 2.507952e-01 -1.000000e+00 0.000000e+00 3.250000e+02 -1.000000e+00 0.000000e+00 4.250000e+02 -1.000000e+00 -1.000000e+00 3.607794e-02 -1.000000e+00 0.000000e+00 -9.990070e+05 3.000000e+00 -1.000000e+00 -1.000000e+00 3.750000e+02 9.984037e-02 0.000000e+00 0.000000e+00 -1.000000e+00 1.255416e-01 -1.000000e+00 -9.990070e+05 1.255416e-01 5.241676e-01 8.214648e-01 -1.000000e+00 -1.000000e+00 -1.000000e+00 5 0.000000e+00 2.509435e-01
-1.000000e+00 -1.000000e+00 0.000000e+00 -1.000000e+00 -1.000000e+00 0.000000e+00 1.764725e-01 -1.000000e+00 0.000000e+00 1.250000e+02 -1.000000e+00 0.000000e+00 7.250000e+02 -1.000000e+00 -1.000000e+00 1.765223e-02 -1.000000e+00 0.000000e+00 -9.990070e+05 3.000000e+00 -1.000000e+00 -1.000000e+00 4.250000e+02 5.889509e-02 0.000000e+00 0.000000e+00 -1.000000e+00 3.202019e-03 -1.000000e+00 -9.990070e+05 3.202019e-03 4.308972e-01 7.588702e-01 -1.000000e+00 -1.000000e+00 -1.000000e+00 6 0.000000e+00 3.783977e-02
-1.000000e+00 -1.000000e+00 0.000000e+00 -1.000000e+00 -1.000000e+00 0.000000e+00 8.386653e-01 -1.000000e+00 0.000000e+00 5.250000e+02 -1.000000e+00 0.000000e+00 9.250000e+02 -1.000000e+00 -1.000000e+00 6.055440e-01 -1.000000e+00 0.000000e+00 -9.990070e+05 3.000000e+00 -1.000000e+00 -1.000000e+00 7.250000e+02 7.208832e-01 0.000000e+00 0.000000e+00 -1.000000e+00 1.184628e-01 -1.000000e+00 -9.990070e+05 1.184628e-01 9.355260e-01 9.862211e-01 -1.000000e+00 -1.000000e+00 -1.000000e+00 1 0.000000e+00 7.233750e-01
-1.000000e+00 -1.000000e+00 0.000000e+00 -1.000000e+00 -1.000000e+00 0.000000e+00 2.871766e-01 -1.000000e+00 0.000000e+00 1.250000e+02 -1.000000e+00 0.000000e+00 4.250000e+02 -1.000000e+00 -1.000000e+00 4.794561e-02 -1.000000e+00 0.000000e+00 -9.990070e+05 3.000000e+00 -1.000000e+00 -1.000000e+00 2.750000e+02 1.228635e-01 0.000000e+00 0.000000e+00 -1.000000e+00 8.313138e-03 -1.000000e+00 -9.990070e+05 8.313138e-03 5.638014e-01 8.444892e-01 -1.000000e+00 -1.000000e+00 -1.000000e+00 6 0.000000e+00 9.068425e-02
-1.000000e+00 -1.000000e+00 0.000000e+00 -1.000000e+00 -1.000000e+00 0.000000e+00 4.101072e-01 -1.000000e+00 0.000000e+00 2.250000e+02 -1.000000e+00 0.000000e+00 6.250000e+02 -1.000000e+00 -1.000000e+00 1.043336e-01 -1.000000e+00 0.000000e+00 -9.990070e+05 3.000000e+00 -1.000000e+00 -1.000000e+00 4.250000e+02 2.149209e-01 0.000000e+00 0.000000e+00 -1.000000e+00 1.197220e-02 -1.000000e+00 -9.990070e+05 1.197220e-02 6.774499e-01 9.007537e-01 -1.000000e+00 -1.000000e+00 -1.000000e+00 6 0.000000e+00 1.580672e-01
-1.000000e+00 -1.000000e+00 0.000000e+00 -1.000000e+00 -1.000000e+00 0.000000e+00 3.455600e-02 -1.000000e+00 0.000000e+00 4.050000e+02 -1.000000e+00 0.000000e+00 4.250000e+02 -1.000000e+00 -1.000000e+00 8.564030e-04 -1.000000e+00 0.000000e+00 -9.990070e+05 3.000000e+00 -1.000000e+00 -1.000000e+00 4.150000e+02 5.826088e-03 0.000000e+00 0.000000e+00 -1.000000e+00 1.739957e-02 -1.000000e+00 -9.990070e+05 1.739957e-02 1.577735e-01 4.653956e-01 -1.000000e+00 -1.000000e+00 -1.000000e+00 5 0.000000e+00 3.472060e-02
-1.000000e+00 -1.000000e+00 0.000000e+00 -1.000000e+00 -1.000000e+00 0.000000e+00 4.775206e-01 -1.000000e+00 0.000000e+00 2.500000e+01 -1.000000e+00 0.000000e+00 2.250000e+02 -1.000000e+00 -1.000000e+00 1.477424e-01 -1.000000e+00 0.000000e+00 -9.990070e+05 3.000000e+00 -1.000000e+00 -1.000000e+00 1.250000e+02 2.748448e-01 0.000000e+00 0.000000e+00 -1.000000e+00 2.386345e-01 -1.000000e+00 -9.990070e+05 2.386345e-01 7.297587e-01 9.224082e-01 -1.000000e+00 -1.000000e+00 -1.000000e+00 5 0.000000e+00 4.774236e-01
-1.000000e+00 -1.000000e+00 0.000000e+00 -1.000000e+00 -1.000000e+00 0.000000e+00 4.572710e-01 -1.000000e+00 0.000000e+00 4.750000e+02 -1.000000e+00 0.000000e+00 5.250000e+02 -1.000000e+00 -1.000000e+00 1.336612e-01 -1.000000e+00 0.000000e+00 -9.990070e+05 3.000000e+00 -1.000000e+00 -1.000000e+00 5.000000e+02 2.561303e-01 0.000000e+00 0.000000e+00 -1.000000e+00 2.286574e-01 -1.000000e+00 -9.990070e+05 2.286574e-01 7.146610e-01 9.164086e-01 -1.000000e+00 -1.000000e+00 -1.000000e+00 5 0.000000e+00 4.572884e-01
-1.000000e+00 -1.000000e+00 0.000000e+00 -1.000000e+00 -1.000000e+00 0.000000e+00 2.823528e-01 -1.000000e+00 0.000000e+00 2.500000e+01 -1.000000e+00 0.000000e+00 4.250000e+02 -1.000000e+00 -1.000000e+00 4.625644e-02 -1.000000e+00 0.000000e+00 -9.990070e+05 3.000000e+00 -1.000000e+00 -1.000000e+00 2.250000e+02 1.196998e-01 0.000000e+00 0.000000e+00 -1.000000e+00 2.552432e-02 -1.000000e+00 -9.990070e+05 2.552432e-02 5.587340e-01 8.416520e-01 -1.000000e+00 -1.000000e+00 -1.000000e+00 1 0.000000e+00 1.339795e-01
-1.000000e+00 -1.000000e+00 0.000000e+00 -1.000000e+00 -1.000000e+00 0.000000e+00 8.604589e-01 -1.000000e+00 0.000000e+00 5.250000e+02 -1.000000e+00 0.000000e+00 7.250000e+02 -1.000000e+00 -1.000000e+00 6.499074e-01 -1.000000e+00 0.000000e+00 -9.990070e+05 3.000000e+00 -1.000000e+00 -1.000000e+00 6.250000e+02 7.553446e-01 0.000000e+00 0.000000e+00 -1.000000e+00 4.314352e-01 -1.000000e+00 -9.990070e+05 4.314352e-01 9.450227e-01 9.884267e-01 -1.000000e+00 -1.000000e+00 -1.000000e+00 5 0.000000e+00 8.607629e-01
-1.000000e+00 -1.000000e+00 0.000000e+00 -1.000000e+00 -1.000000e+00 0.000000e+00 2.901063e-01 -1.000000e+00 0.000000e+00 1.250000e+02 -1.000000e+00 0.000000e+00 5.250000e+02 -1.000000e+00 -1.000000e+00 4.898929e-02 -1.000000e+00 0.000000e+00 -9.990070e+05 3.000000e+00 -1.000000e+00 -1.000000e+00 3.250000e+02 1.248016e-01 0.000000e+00 0.000000e+00 -1.000000e+00 7.248098e-03 -1.000000e+00 -9.990070e+05 7.248098e-03 5.668529e-01 8.461830e-01 -1.000000e+00 -1.000000e+00 -1.000000e+00 6 0.000000e+00 8.759502e-02
-1.000000e+00 -1.000000e+00 0.000000e+00 -1.000000e+00 -1.000000e+00 0.000000e+00 1.223207e-01 -1.000000e+00 0.000000e+00 3.750000e+02 -1.000000e+00 0.000000e+00 4.250000e+02 -1.000000e+00 -1.000000e+00 8.625355e-03 -1.000000e+00 0.000000e+00 -9.990070e+05 3.000000e+00 -1.000000e+00 -1.000000e+00 4.000000e+02 3.442833e-02 0.000000e+00 0.000000e+00 -1.000000e+00 6.118619e-02 -1.000000e+00 -9.990070e+05 6.118619e-02 3.480624e-01 6.911307e-01 -1.000000e+00 -1.000000e+00 -1.000000e+00 5 0.000000e+00 1.223515e-01
-1.000000e+00 -1.000000e+00 0.000000e+00 -1.000000e+00 -1.000000e+00 0.000000e+00 2.813036e-01 -1.000000e+00 0.000000e+00 2.250000e+02 -1.000000e+00 0.000000e+00 9.250000e+02 -1.000000e+00 -1.000000e+00 4.589380e-02 -1.000000e+00 0.000000e+00 -9.990070e+05 3.000000e+00 -1.000000e+00 -1.000000e+00 5.750000e+02 1.190161e-01 0.000000e+00 0.000000e+00 -1.000000e+00 6.406892e-03 -1.000000e+00 -9.990070e+05 6.406892e-03 5.576245e-01 8.410268e-01 -1.000000e+00 -1.000000e+00 -1.000000e+00 6 0.000000e+00 8.105118e-02
-1.000000e+00 -1.000000e+00 0.000000e+00 -1.000000e+00 -1.000000e+00 0.000000e+00 3.150650e-01 -1.000000e+00 0.000000e+00 2.250000e+02 -1.000000e+00 0.000000e+00 8.250000e+02 -1.000000e+00 -1.000000e+00 5.843612e-02 -1.000000e+00 0.000000e+00 -9.990070e+05 3.000000e+00 -1.000000e+00 -1.000000e+00 5.250000e+02 1.418181e-01 0.000000e+00 0.000000e+00 -1.000000e+00 7.698884e-03 -1.000000e+00 -9.990070e+05 7.698884e-03 5.920814e-01 8.597768e-01 -1.000000e+00 -1.000000e+00 -1.000000e+00 6 0.000000e+00 9.862639e-02
-1.000000e+00 -1.000000e+00 0.000000e+00 -1.000000e+00 -1.000000e+00 0.000000e+00 4.021456e-01 -1.000000e+00 0.000000e+00 2.250000e+02 -1.000000e+00 0.000000e+00 1.025000e+03 -1.000000e+00 -1.000000e+00 9.983741e-02 -1.000000e+00 0.000000e+00 -9.990070e+05 3.000000e+00 -1.000000e+00 -1.000000e+00 6.250000e+02 2.082898e-01 0.000000e+00 0.000000e+00 -1.000000e+00 1.148640e-02 -1.000000e+00 -9.990070e+05 1.148640e-02 6.708637e-01 8.978500e-01 -1.000000e+00 -1.000000e+00 -1.000000e+00 6 0.000000e+00 1.521616e-01
-1.000000e+00 -1.000000e+00 0.000000e+00 -1.000000e+00 -1.000000e+00 0.000000e+00 6.095740e-01 -1.000000e+00 0.000000e+00 6.050000e+02 -1.000000e+00 0.000000e+00 6.250000e+02 -1.000000e+00 -1.000000e+00 2.648300e-01 -1.000000e+00 0.000000e+00 -9.990070e+05 3.000000e+00 -1.000000e+00 -1.000000e+00 6.150000e+02 4.124338e-01 0.000000e+00 0.000000e+00 -1.000000e+00 3.044618e-01 -1.000000e+00 -9.990070e+05 3.044618e-01 8.173723e-01 9.534903e-01 -1.000000e+00 -1.000000e+00 -1.000000e+00 5 0.000000e+00 6.093753e-01
-1.000000e+00 -1.000000e+00 0.000000e+00 -1.000000e+00 -1.000000e+00 0.000000e+00 6.878883e-01 -1.000000e+00 0.000000e+00 5.750000e+02 -1.000000e+00 0.000000e+00 6.250000e+02 -1.000000e+00 -1.000000e+00 3.586371e-01 -1.000000e+00 0.000000e+00 -9.990070e+05 3.000000e+00 -1.000000e+00 -1.000000e+00 6.000000e+02 5.073836e-01 0.000000e+00 0.000000e+00 -1.000000e+00 3.439360e-01 -1.000000e+00 -9.990070e+05 3.439360e-01 8.619209e-01 9.670090e-01 -1.000000e+00 -1.000000e+00 -1.000000e+00 5 0.000000e+00 6.878842e-01
-1.000000e+00 -1.000000e+00 0.000000e+00 -1.000000e+00 -1.000000e+00 0.000000e+00 3.505527e-01 -1.000000e+00 0.000000e+00 2.250000e+02 -1.000000e+00 0.000000e+00 4.250000e+02 -1.000000e+00 -1.000000e+00 7.365771e-02 -1.000000e+00 0.000000e+00 -9.990070e+05 3.000000e+00 -1.000000e+00 -1.000000e+00 3.250000e+02 1.675723e-01 0.000000e+00 0.000000e+00 -1.000000e+00 8.377564e-02 -1.000000e+00 -9.990070e+05 8.377564e-02 6.257875e-01 8.768455e-01 -1.000000e+00 -1.000000e+00 -1.000000e+00 7 0.000000e+00 2.557387e-01
-1.000000e+00 -1.000000e+00 0.000000e+00 -1.000000e+00 -1.000000e+00 0.000000e+00 4.944175e-01 -1.000000e+00 0.000000e+00 3.250000e+02 -1.000000e+00 0.000000e+00 1.025000e+03 -1.000000e+00 -1.000000e+00 1.602180e-01 -1.000000e+00 0.000000e+00 -9.990070e+05 3.000000e+00 -1.000000e+00 -1.000000e+00 6.750000e+02 2.909361e-01 0.000000e+00 0.000000e+00 -1.000000e+00 1.642877e-02 -1.000000e+00 -9.990070e+05 1.642877e-02 7.419842e-01 9.271226e-01 -1.000000e+00 -1.000000e+00 -1.000000e+00 6 0.000000e+00 2.236522e-01
-1.000000e+00 -1.000000e+00 0.000000e+00 -1.000000e+00 -1.000000e+00 0.000000e+00 5.053279e-01 -1.000000e+00 0.000000e+00 3.250000e+02 -1.000000e+00 0.000000e+00 5.250000e+02 -1.000000e+00 -1.000000e+00 1.686363e-01 -1.000000e+00 0.000000e+00 -9.990070e+05 3.000000e+00 -1.000000e+00 -1.000000e+00 4.250000e+02 3.015579e-01 0.000000e+00 0.000000e+00 -1.000000e+00 5.314243e-02 -1.000000e+00 -9.990070e+05 5.314243e-02 7.497059e-01 9.300352e-01 -1.000000e+00 -1.000000e+00 -1.000000e+00 1 0.000000e+00 3.102065e-01
-1.000000e+00 -1.000000e+00 0.000000e+00 -1.000000e+00 -1.000000e+00 0.000000e+00 5.349997e-06 -1.000000e+00 0.000000e+00 3.050000e+02 -1.000000e+00 0.000000e+00 3.250000e+02 -1.000000e+00 -1.000000e+00 1.259699e-09 -1.000000e+00 0.000000e+00 -9.990070e+05 3.000000e+00 -1.000000e+00 -1.000000e+00 3.150000e+02 8.973370e-08 0.000000e+00 0.000000e+00 -1.000000e+00 2.677044e-06 -1.000000e+00 -9.990070e+05 2.677044e-06 2.284398e-04 5.502479e-03 -1.000000e+00 -1.000000e+00 -1.000000e+00 5 0.000000e+00 5.353402e-06
-1.000000e+00 -1.000000e+00 0.000000e+00 -1.000000e+00 -1.000000e+00 0.000000e+00 1.371421e-01 -1.000000e+00 0.000000e+00 1.250000e+02 -1.000000e+00 0.000000e+00 6.250000e+02 -1.000000e+00 -1.000000e+00 1.075493e-02 -1.000000e+00 0.000000e+00 -9.990070e+05 3.000000e+00 -1.000000e+00 -1.000000e+00 3.750000e+02 4.065418e-02 0.000000e+00 0.000000e+00 -1.000000e+00 2.135465e-03 -1.000000e+00 -9.990070e+05 2.135465e-03 3.723800e-01 7.124000e-01 -1.000000e+00 -1.000000e+00 -1.000000e+00 6 0.000000e+00 2.506357e-02
-1.000000e+00 -1.000000e+00 0.000000e+00 -1.000000e+00 -1.000000e+00 0.000000e+00 1.974118e-01 -1.000000e+00 0.000000e+00 2.500000e+01 -1.000000e+00 0.000000e+00 6.250000e+02 -1.000000e+00 -1.000000e+00 2.210055e-02 -1.000000e+00 0.000000e+00 -9.990070e+05 3.000000e+00 -1.000000e+00 -1.000000e+00 3.250000e+02 6.959001e-02 0.000000e+00 0.000000e+00 -1.000000e+00 3.852205e-03 -1.000000e+00 -9.990070e+05 3.852205e-03 4.591528e-01 7.791969e-01 -1.000000e+00 -1.000000e+00 -1.000000e+00 6 0.000000e+00 4.561930e-02
-1.000000e+00 -1.000000e+00 0.000000e+00 -1.000000e+00 -1.000000e+00 0.000000e+00 1.738196e-02 -1.000000e+00 0.000000e+00 2.750000e+02 -1.000000e+00 0.000000e+00 3.250000e+02 -1.000000e+00 -1.000000e+00 2.626010e-04 -1.000000e+00 0.000000e+00 -9.990070e+05 3.000000e+00 -1.000000e+00 -1.000000e+00 3.000000e+02 2.296655e-03 0.000000e+00 0.000000e+00 -1.000000e+00 8.640887e-03 -1.000000e+00 -9.990070e+05 8.640887e-03 9.986432e-02 3.607261e-01 -1.000000e+00 -1.000000e+00 -1.000000e+00 5 0.000000e+00 1.731120e-02
-1.000000e+00 -1.000000e+00 0.000000e+00 -1.000000e+00 -1.000000e+00 0.000000e+00 8.909420e-01 -1.000000e+00 0.000000e+00 6.250000e+02 -1.000000e+00 0.000000e+00 1.025000e+03 -1.000000e+00 -1.000000e+00 7.162345e-01 -1.000000e+00 0.000000e+00 -9.990070e+05 3.000000e+00 -1.000000e+00 -1.000000e+00 8.250000e+02 8.051777e-01 0.000000e+00 0.000000e+00 -1.000000e+00 1.314378e-01 -1.000000e+00 -9.990070e+05 1.314378e-01 9.578718e-01 9.913135e-01 -1.000000e+00 -1.000000e+00 -1.000000e+00 1 0.000000e+00 8.067390e-01
-1.000000e+00 -1.000000e+00 0.000000e+00 -1.000000e+00 -1.000000e+00 0.000000e+00 8.531073e-01 -1.000000e+00 0.000000e+00 6.750000e+02 -1.000000e+00 0.000000e+00 7.250000e+02 -1.000000e+00 -1.000000e+00 6.346660e-01 -1.000000e+00 0.000000e+00 -9.990070e+05 3.000000e+00 -1.000000e+00 -1.000000e+00 7.000000e+02 7.436126e-01 0.000000e+00 0.000000e+00 -1.000000e+00 4.280619e-01 -1.000000e+00 -9.990070e+05 4.280619e-01 9.418487e-01 9.876963e-01 -1.000000e+00 -1.000000e+00 -1.000000e+00 5 0.000000e+00 8.535057e-01
-1.000000e+00 -1.000000e+00 0.000000e+00 -1.000000e+00 -1.000000e+00 0.000000e+00 6.110439e-01 -1.000000e+00 0.000000e+00 4.250000e+02 -1.000000e+00 0.000000e+00 5.250000e+02 -1.000000e+00 -1.000000e+00 2.664076e-01 -1.000000e+00 0.000000e+00 -9.990070e+05 3.000000e+00 -1.000000e+00 -1.000000e+00 4.750000e+02 4.141216e-01 0.000000e+00 0.000000e+00 -1.000000e+00 3.058877e-01 -1.000000e+00 -9.990070e+05 3.058877e-01 8.182542e-01 9.537723e-01 -1.000000e+00 -1.000000e+00 -1.000000e+00 5 0.000000e+00 6.112666e-01
-1.000000e+00 -1.000000e+00 0.000000e+00 -1.000000e+00 -1.000000e+00 0.000000e+00 2.487204e-01 -1.000000e+00 0.000000e+00 2.500000e+01 -1.000000e+00 0.000000e+00 9.250000e+02 -1.000000e+00 -1.000000e+00 3.546038e-02 -1.000000e+00 0.000000e+00 -9.990070e+05 3.000000e+00 -1.000000e+00 -1.000000e+00 4.750000e+02 9.858579e-02 0.000000e+00 0.000000e+00 -1.000000e+00 5.236876e-03 -1.000000e+00 -9.990070e+05 5.236876e-03 5.218034e-01 8.200291e-01 -1.000000e+00 -1.000000e+00 -1.000000e+00 6 0.000000e+00 6.561304e-02
-1.000000e+00 -1.000000e+00 0.000000e+00 -1.000000e+00 -1.000000e+00 0.000000e+00 5.127441e-01 -1.000000e+00 0.000000e+00 3.250000e+02 -1.000000e+00 0.000000e+00 8.250000e+02 -1.000000e+00 -1.000000e+00 1.745251e-01 -1.000000e+00 0.000000e+00 -9.990070e+05 3.000000e+00 -1.000000e+00 -1.000000e+00 5.750000e+02 3.088823e-01 0.000000e+00 0.000000e+00 -1.000000e+00 1.758807e-02 -1.000000e+00 -9.990070e+05 1.758807e-02 7.548798e-01 9.319589e-01 -1.000000e+00 -1.000000e+00 -1.000000e+00 6 0.000000e+00 2.399955e-01
-1.000000e+00 -1.000000e+00 0.000000e+00 -1.000000e+00 -1.000000e+00 0.000000e+00 9.317982e-01 -1.000000e+00 0.000000e+00 6.250000e+02 -1.000000e+00 0.000000e+00 8.250000e+02 -1.000000e+00 -1.000000e+00 8.135436e-01 -1.000000e+00 0.000000e+00 -9.990070e+05 3.000000e+00 -1.000000e+00 -1.000000e+00 7.250000e+02 8.750536e-01 0.000000e+00 0.000000e+00 -1.000000e+00 4.658401e-01 -1.000000e+00 -9.990070e+05 4.658401e-01 9.743345e-01 9.948495e-01 -1.000000e+00 -1.000000e+00 -1.000000e+00 5 0.000000e+00 9.317906e-01
-1.000000e+00 -1.000000e+00 0.000000e+00 -1.000000e+00 -1.000000e+00 0.000000e+00 8.566174e-01 -1.000000e+00 0.000000e+00 5.250000e+02 -1.000000e+00 0.000000e+00 8.250000e+02 -1.000000e+00 -1.000000e+00 6.419077e-01 -1.000000e+00 0.000000e+00 -9.990070e+05 3.000000e+00 -1.000000e+00 -1.000000e+00 6.750000e+02 7.492005e-01 0.000000e+00 0.000000e+00 -1.000000e+00 4.841692e-02 -1.000000e+00 -9.990070e+05 4.841692e-02 9.433679e-01 9.880468e-01 -1.000000e+00 -1.000000e+00 -1.000000e+00 6 0.000000e+00 6.969060e-01
-1.000000e+00 -1.000000e+00 0.000000e+00 -1.000000e+00 -1.000000e+00 0.000000e+00 7.201049e-01 -1.000000e+00 0.000000e+00 4.250000e+02 -1.000000e+00 0.000000e+00 7.250000e+02 -1.000000e+00 -1.000000e+00 4.034686e-01 -1.000000e+00 0.000000e+00 -9.990070e+05 3.000000e+00 -1.000000e+00 -1.000000e+00 5.750000e+02 5.495015e-01 0.000000e+00 0.000000e+00 -1.000000e+00 9.170615e-02 -1.000000e+00 -9.990070e+05 9.170615e-02 8.789024e-01 9.717801e-01 -1.000000e+00 -1.000000e+00 -1.000000e+00 1 0.000000e+00 5.540336e-01
-1.000000e+00 -1.000000e+00 0.000000e+00 -1.000000e+00 -1.000000e+00 0.000000e+00 1.132046e-01 -1.000000e+00 0.000000e+00 2.500000e+01 -1.000000e+00 0.000000e+00 7.250000e+02 -1.000000e+00 -1.000000e+00 7.438073e-03 -1.000000e+00 0.000000e+00 -9.990070e+05 3.000000e+00 -1.000000e+00 -1.000000e+00 3.750000e+02 3.078227e-02 0.000000e+00 0.000000e+00 -1.000000e+00 1.596027e-03 -1.000000e+00 -9.990070e+05 1.596027e-03 3.323564e-01 6.767077e-01 -1.000000e+00 -1.000000e+00 -1.000000e+00 6 0.000000e+00 1.851967e-02
-1.000000e+00 -1.000000e+00 0.000000e+00 -1.000000e+00 -1.000000e+00 0.000000e+00 4.556832e-01 -1.000000e+00 0.000000e+00 3.250000e+02 -1.000000e+00 0.000000e+00 9.250000e+02 -1.000000e+00 -1.000000e+00 1.325961e-01 -1.000000e+00 0.000000e+00 -9.990070e+05 3.000000e+00 -1.000000e+00 -1.000000e+00 6.250000e+02 2.546890e-01 0.000000e+00 0.000000e+00 -1.000000e+00 1.429246e-02 -1.000000e+00 -9.990070e+05 1.429246e-02 7.134559e-01 9.159211e-01 -1.000000e+00 -1.000000e+00 -1.000000e+00 6 0.000000e+00 1.918878e-01
