-1.000000e+00 -1.000000e+00 0.000000e+00 -1.000000e+00 -1.000000e+00 0.000000e+00 4.520665e-01 -1.000000e+00 0.000000e+00 1.250000e+02 -1.000000e+00 0.000000e+00 1.025000e+03 -1.000000e+00 -1.000000e+00 1.301908e-01 -1.000000e+00 0.000000e+00 -9.990070e+05 3.000000e+00 -1.000000e+00 -1.000000e+00 5.750000e+02 2.514201e-01 0.000000e+00 0.000000e+00 -1.000000e+00 1.092370e-01 -1.000000e+00 -9.990070e+05 1.092370e-01 7.106988e-01 9.148010e-01 -1.000000e+00 -1.000000e+00 -1.000000e+00 -1.0 0.000000e+00 3.455731e-01
-1.000000e+00 -1.000000e+00 0.000000e+00 -1.000000e+00 -1.000000e+00 0.000000e+00 5.031582e-01 -1.000000e+00 0.000000e+00 2.250000e+02 -1.000000e+00 0.000000e+00 1.025000e+03 -1.000000e+00 -1.000000e+00 1.669392e-01 -1.000000e+00 0.000000e+00 -9.990070e+05 3.000000e+00 -1.000000e+00 -1.000000e+00 6.250000e+02 2.994311e-01 0.000000e+00 0.000000e+00 -1.000000e+00 1.248480e-01 -1.000000e+00 -9.990070e+05 1.248480e-01 7.481809e-01 9.294639e-01 -1.000000e+00 -1.000000e+00 -1.000000e+00 -1.0 0.000000e+00 3.962680e-01
-1.000000e+00 -1.000000e+00 0.000000e+00 -1.000000e+00 -1.000000e+00 0.000000e+00 6.629789e-01 -1.000000e+00 0.000000e+00 3.250000e+02 -1.000000e+00 0.000000e+00 1.025000e+03 -1.000000e+00 -1.000000e+00 3.265636e-01 -1.000000e+00 0.000000e+00 -9.990070e+05 3.000000e+00 -1.000000e+00 -1.000000e+00 6.750000e+02 4.760577e-01 0.000000e+00 0.000000e+00 -1.000000e+00 1.771434e-01 -1.000000e+00 -9.990070e+05 1.771434e-01 8.482725e-01 9.630231e-01 -1.000000e+00 -1.000000e+00 -1.000000e+00 -1.0 0.000000e+00 5.679689e-01
-1.000000e+00 -1.000000e+00 0.000000e+00 -1.000000e+00 -1.000000e+00 0.000000e+00 7.679926e-01 -1.000000e+00 0.000000e+00 4.250000e+02 -1.000000e+00 0.000000e+00 1.025000e+03 -1.000000e+00 -1.000000e+00 4.776462e-01 -1.000000e+00 0.000000e+00 -9.990070e+05 3.000000e+00 -1.000000e+00 -1.000000e+00 7.250000e+02 6.155474e-01 0.000000e+00 0.000000e+00 -1.000000e+00 2.153393e-01 -1.000000e+00 -9.990070e+05 2.153393e-01 9.028337e-01 9.781558e-01 -1.000000e+00 -1.000000e+00 -1.000000e+00 -1.0 0.000000e+00 6.924184e-01
-1.000000e+00 -1.000000e+00 0.000000e+00 -1.000000e+00 -1.000000e+00 0.000000e+00 8.470816e-01 -1.000000e+00 0.000000e+00 5.250000e+02 -1.000000e+00 0.000000e+00 1.025000e+03 -1.000000e+00 -1.000000e+00 6.223846e-01 -1.000000e+00 0.000000e+00 -9.990070e+05 3.000000e+00 -1.000000e+00 -1.000000e+00 7.750000e+02 7.340781e-01 0.000000e+00 0.000000e+00 -1.000000e+00 2.452791e-01 -1.000000e+00 -9.990070e+05 2.452791e-01 9.392248e-01 9.870874e-01 -1.000000e+00 -1.000000e+00 -1.000000e+00 -1.0 0.000000e+00 7.918784e-01
-1.000000e+00 -1.000000e+00 0.000000e+00 -1.000000e+00 -1.000000e+00 0.000000e+00 9.198702e-01 -1.000000e+00 0.000000e+00 6.250000e+02 -1.000000e+00 0.000000e+00 1.025000e+03 -1.000000e+00 -1.000000e+00 7.840908e-01 -1.000000e+00 0.000000e+00 -9.990070e+05 3.000000e+00 -1.000000e+00 -1.000000e+00 8.250000e+02 8.542799e-01 0.000000e+00 0.000000e+00 -1.000000e+00 2.751040e-01 -1.000000e+00 -9.990070e+05 2.751040e-01 9.696155e-01 9.938546e-01 -1.000000e+00 -1.000000e+00 -1.000000e+00 -1.0 0.000000e+00 8.884440e-01
-1.000000e+00 -1.000000e+00 0.000000e+00 -1.000000e+00 -1.000000e+00 0.000000e+00 5.337794e-01 -1.000000e+00 0.000000e+00 2.500000e+01 -1.000000e+00 0.000000e+00 2.250000e+02 -1.000000e+00 -1.000000e+00 1.919815e-01 -1.000000e+00 0.000000e+00 -9.990070e+05 3.000000e+00 -1.000000e+00 -1.000000e+00 1.250000e+02 3.301198e-01 0.000000e+00 0.000000e+00 -1.000000e+00 2.600374e-01 -1.000000e+00 -9.990070e+05 2.600374e-01 7.692363e-01 9.371812e-01 -1.000000e+00 -1.000000e+00 -1.000000e+00 -1.0 0.000000e+00 5.289295e-01
-1.000000e+00 -1.000000e+00 0.000000e+00 -1.000000e+00 -1.000000e+00 0.000000e+00 5.684974e-01 -1.000000e+00 0.000000e+00 1.250000e+02 -1.000000e+00 0.000000e+00 2.250000e+02 -1.000000e+00 -1.000000e+00 2.233405e-01 -1.000000e+00 0.000000e+00 -9.990070e+05 3.000000e+00 -1.000000e+00 -1.000000e+00 1.750000e+02 3.666859e-01 0.000000e+00 0.000000e+00 -1.000000e+00 3.560191e-01 -1.000000e+00 -9.990070e+05 3.560191e-01 7.919530e-01 9.451046e-01 -1.000000e+00 -1.000000e+00 -1.000000e+00 -1.0 0.000000e+00 6.141355e-01
-1.000000e+00 -1.000000e+00 0.000000e+00 -1.000000e+00 -1.000000e+00 0.000000e+00 4.204267e-01 -1.000000e+00 0.000000e+00 1.750000e+02 -1.000000e+00 0.000000e+00 2.250000e+02 -1.000000e+00 -1.000000e+00 1.103517e-01 -1.000000e+00 0.000000e+00 -9.990070e+05 3.000000e+00 -1.000000e+00 -1.000000e+00 2.000000e+02 2.236552e-01 0.000000e+00 0.000000e+00 -1.000000e+00 1.444291e-01 -1.000000e+00 -9.990070e+05 1.444291e-01 6.858507e-01 9.043985e-01 -1.000000e+00 -1.000000e+00 -1.000000e+00 -1.0 0.000000e+00 3.616320e-01
-1.000000e+00 -1.000000e+00 0.000000e+00 -1.000000e+00 -1.000000e+00 0.000000e+00 4.123397e-01 -1.000000e+00 0.000000e+00 2.050000e+02 -1.000000e+00 0.000000e+00 2.250000e+02 -1.000000e+00 -1.000000e+00 1.056172e-01 -1.000000e+00 0.000000e+00 -9.990070e+05 3.000000e+00 -1.000000e+00 -1.000000e+00 2.150000e+02 2.167972e-01 0.000000e+00 0.000000e+00 -1.000000e+00 1.245026e-01 -1.000000e+00 -9.990070e+05 1.245026e-01 6.792802e-01 9.015535e-01 -1.000000e+00 -1.000000e+00 -1.000000e+00 -1.0 0.000000e+00 3.368828e-01
-1.000000e+00 -1.000000e+00 0.000000e+00 -1.000000e+00 -1.000000e+00 0.000000e+00 8.876735e-01 -1.000000e+00 0.000000e+00 2.500000e+01 -1.000000e+00 0.000000e+00 3.250000e+02 -1.000000e+00 -1.000000e+00 7.088748e-01 -1.000000e+00 0.000000e+00 -9.990070e+05 3.000000e+00 -1.000000e+00 -1.000000e+00 1.750000e+02 7.997417e-01 1.000000e+00 0.000000e+00 -1.000000e+00 5.000000e-01 -1.000000e+00 -9.990070e+05 5.000000e-01 9.565177e-01 9.910145e-01 -1.000000e+00 -1.000000e+00 -1.000000e+00 -1.0 0.000000e+00 8.990166e-01
-1.000000e+00 -1.000000e+00 0.000000e+00 -1.000000e+00 -1.000000e+00 0.000000e+00 6.201094e-01 -1.000000e+00 0.000000e+00 1.250000e+02 -1.000000e+00 0.000000e+00 3.250000e+02 -1.000000e+00 -1.000000e+00 2.762853e-01 -1.000000e+00 0.000000e+00 -9.990070e+05 3.000000e+00 -1.000000e+00 -1.000000e+00 2.250000e+02 4.246096e-01 0.000000e+00 0.000000e+00 -1.000000e+00 2.286528e-01 -1.000000e+00 -9.990070e+05 2.286528e-01 8.236533e-01 9.554860e-01 -1.000000e+00 -1.000000e+00 -1.000000e+00 -1.0 0.000000e+00 5.684718e-01
-1.000000e+00 -1.000000e+00 0.000000e+00 -1.000000e+00 -1.000000e+00 0.000000e+00 7.545485e-01 -1.000000e+00 0.000000e+00 3.050000e+02 -1.000000e+00 0.000000e+00 3.250000e+02 -1.000000e+00 -1.000000e+00 4.558661e-01 -1.000000e+00 0.000000e+00 -9.990070e+05 3.000000e+00 -1.000000e+00 -1.000000e+00 3.150000e+02 5.965821e-01 0.000000e+00 0.000000e+00 -1.000000e+00 2.768831e-01 -1.000000e+00 -9.990070e+05 2.768831e-01 8.962672e-01 9.764465e-01 -1.000000e+00 -1.000000e+00 -1.000000e+00 -1.0 0.000000e+00 7.100681e-01
-1.000000e+00 -1.000000e+00 0.000000e+00 -1.000000e+00 -1.000000e+00 0.000000e+00 7.608968e-01 -1.000000e+00 0.000000e+00 2.500000e+01 -1.000000e+00 0.000000e+00 4.250000e+02 -1.000000e+00 -1.000000e+00 4.660549e-01 -1.000000e+00 0.000000e+00 -9.990070e+05 3.000000e+00 -1.000000e+00 -1.000000e+00 2.250000e+02 6.054958e-01 0.000000e+00 0.000000e+00 -1.000000e+00 2.251627e-01 -1.000000e+00 -9.990070e+05 2.251627e-01 8.993823e-01 9.772611e-01 -1.000000e+00 -1.000000e+00 -1.000000e+00 -1.0 0.000000e+00 6.903655e-01
-1.000000e+00 -1.000000e+00 0.000000e+00 -1.000000e+00 -1.000000e+00 0.000000e+00 3.775148e-01 -1.000000e+00 0.000000e+00 1.250000e+02 -1.000000e+00 0.000000e+00 4.250000e+02 -1.000000e+00 -1.000000e+00 8.671433e-02 -1.000000e+00 0.000000e+00 -9.990070e+05 3.000000e+00 -1.000000e+00 -1.000000e+00 2.750000e+02 1.883652e-01 0.000000e+00 0.000000e+00 -1.000000e+00 9.090942e-02 -1.000000e+00 -9.990070e+05 9.090942e-02 6.498813e-01 8.883225e-01 -1.000000e+00 -1.000000e+00 -1.000000e+00 -1.0 0.000000e+00 2.793898e-01
-1.000000e+00 -1.000000e+00 0.000000e+00 -1.000000e+00 -1.000000e+00 0.000000e+00 2.988554e-01 -1.000000e+00 0.000000e+00 2.250000e+02 -1.000000e+00 0.000000e+00 4.250000e+02 -1.000000e+00 -1.000000e+00 5.218667e-02 -1.000000e+00 0.000000e+00 -9.990070e+05 3.000000e+00 -1.000000e+00 -1.000000e+00 3.250000e+02 1.306635e-01 0.000000e+00 0.000000e+00 -1.000000e+00 6.932139e-02 -1.000000e+00 -9.990070e+05 6.932139e-02 5.758503e-01 8.511143e-01 -1.000000e+00 -1.000000e+00 -1.000000e+00 -1.0 0.000000e+00 2.105406e-01
-1.000000e+00 -1.000000e+00 0.000000e+00 -1.000000e+00 -1.000000e+00 0.000000e+00 7.859511e-01 -1.000000e+00 0.000000e+00 3.250000e+02 -1.000000e+00 0.000000e+00 4.250000e+02 -1.000000e+00 -1.000000e+00 5.079612e-01 -1.000000e+00 0.000000e+00 -9.990070e+05 3.000000e+00 -1.000000e+00 -1.000000e+00 3.750000e+02 6.414071e-01 0.000000e+00 0.000000e+00 -1.000000e+00 2.248307e-01 -1.000000e+00 -9.990070e+05 2.248307e-01 9.114268e-01 9.803473e-01 -1.000000e+00 -1.000000e+00 -1.000000e+00 -1.0 0.000000e+00 7.159112e-01
-1.000000e+00 -1.000000e+00 0.000000e+00 -1.000000e+00 -1.000000e+00 0.000000e+00 7.968465e-01 -1.000000e+00 0.000000e+00 4.050000e+02 -1.000000e+00 0.000000e+00 4.250000e+02 -1.000000e+00 -1.000000e+00 5.270560e-01 -1.000000e+00 0.000000e+00 -9.990070e+05 3.000000e+00 -1.000000e+00 -1.000000e+00 4.150000e+02 6.573933e-01 0.000000e+00 0.000000e+00 -1.000000e+00 2.290310e-01 -1.000000e+00 -9.990070e+05 2.290310e-01 9.165432e-01 9.816277e-01 -1.000000e+00 -1.000000e+00 -1.000000e+00 -1.0 0.000000e+00 7.294538e-01
-1.000000e+00 -1.000000e+00 0.000000e+00 -1.000000e+00 -1.000000e+00 0.000000e+00 4.287716e-01 -1.000000e+00 0.000000e+00 2.500000e+01 -1.000000e+00 0.000000e+00 5.250000e+02 -1.000000e+00 -1.000000e+00 1.153785e-01 -1.000000e+00 0.000000e+00 -9.990070e+05 3.000000e+00 -1.000000e+00 -1.000000e+00 2.750000e+02 2.308335e-01 0.000000e+00 0.000000e+00 -1.000000e+00 1.063786e-01 -1.000000e+00 -9.990070e+05 1.063786e-01 6.925349e-01 9.072519e-01 -1.000000e+00 -1.000000e+00 -1.000000e+00 -1.0 0.000000e+00 3.276678e-01
-1.000000e+00 -1.000000e+00 0.000000e+00 -1.000000e+00 -1.000000e+00 0.000000e+00 6.496072e-01 -1.000000e+00 0.000000e+00 1.250000e+02 -1.000000e+00 0.000000e+00 5.250000e+02 -1.000000e+00 -1.000000e+00 3.102312e-01 -1.000000e+00 0.000000e+00 -9.990070e+05 3.000000e+00 -1.000000e+00 -1.000000e+00 3.250000e+02 4.596789e-01 0.000000e+00 0.000000e+00 -1.000000e+00 1.768700e-01 -1.000000e+00 -9.990070e+05 1.768700e-01 8.407507e-01 9.607681e-01 -1.000000e+00 -1.000000e+00 -1.000000e+00 -1.0 0.000000e+00 5.560406e-01
-1.000000e+00 -1.000000e+00 0.000000e+00 -1.000000e+00 -1.000000e+00 0.000000e+00 6.953117e-01 -1.000000e+00 0.000000e+00 2.250000e+02 -1.000000e+00 0.000000e+00 5.250000e+02 -1.000000e+00 -1.000000e+00 3.686244e-01 -1.000000e+00 0.000000e+00 -9.990070e+05 3.000000e+00 -1.000000e+00 -1.000000e+00 3.750000e+02 5.169268e-01 0.000000e+00 0.000000e+00 -1.000000e+00 2.200140e-01 -1.000000e+00 -9.990070e+05 2.200140e-01 8.658995e-01 9.681454e-01 -1.000000e+00 -1.000000e+00 -1.000000e+00 -1.0 0.000000e+00 6.254107e-01
-1.000000e+00 -1.000000e+00 0.000000e+00 -1.000000e+00 -1.000000e+00 0.000000e+00 5.351370e-01 -1.000000e+00 0.000000e+00 3.250000e+02 -1.000000e+00 0.000000e+00 5.250000e+02 -1.000000e+00 -1.000000e+00 1.931471e-01 -1.000000e+00 0.000000e+00 -9.990070e+05 3.000000e+00 -1.000000e+00 -1.000000e+00 4.250000e+02 3.315139e-01 0.000000e+00 0.000000e+00 -1.000000e+00 1.366380e-01 -1.000000e+00 -9.990070e+05 1.366380e-01 7.701470e-01 9.375068e-01 -1.000000e+00 -1.000000e+00 -1.000000e+00 -1.0 0.000000e+00 4.306772e-01
-1.000000e+00 -1.000000e+00 0.000000e+00 -1.000000e+00 -1.000000e+00 0.000000e+00 7.966471e-01 -1.000000e+00 0.000000e+00 4.250000e+02 -1.000000e+00 0.000000e+00 5.250000e+02 -1.000000e+00 -1.000000e+00 5.267018e-01 -1.000000e+00 0.000000e+00 -9.990070e+05 3.000000e+00 -1.000000e+00 -1.000000e+00 4.750000e+02 6.570988e-01 0.000000e+00 0.000000e+00 -1.000000e+00 2.275042e-01 -1.000000e+00 -9.990070e+05 2.275042e-01 9.164503e-01 9.816046e-01 -1.000000e+00 -1.000000e+00 -1.000000e+00 -1.0 0.000000e+00 7.285302e-01
-1.000000e+00 -1.000000e+00 0.000000e+00 -1.000000e+00 -1.000000e+00 0.000000e+00 9.666038e-01 -1.000000e+00 0.000000e+00 5.050000e+02 -1.000000e+00 0.000000e+00 5.250000e+02 -1.000000e+00 -1.000000e+00 9.047113e-01 -1.000000e+00 0.000000e+00 -9.990070e+05 3.000000e+00 -1.000000e+00 -1.000000e+00 5.150000e+02 9.374817e-01 0.000000e+00 0.000000e+00 -1.000000e+00 2.956280e-01 -1.000000e+00 -9.990070e+05 2.956280e-01 9.877067e-01 9.975880e-01 -1.000000e+00 -1.000000e+00 -1.000000e+00 -1.0 0.000000e+00 9.528776e-01
-1.000000e+00 -1.000000e+00 0.000000e+00 -1.000000e+00 -1.000000e+00 0.000000e+00 5.295085e-01 -1.000000e+00 0.000000e+00 2.500000e+01 -1.000000e+00 0.000000e+00 6.250000e+02 -1.000000e+00 -1.000000e+00 1.883455e-01 -1.000000e+00 0.000000e+00 -9.990070e+05 3.000000e+00 -1.000000e+00 -1.000000e+00 3.250000e+02 3.257521e-01 0.000000e+00 0.000000e+00 -1.000000e+00 1.339707e-01 -1.000000e+00 -9.990070e+05 1.339707e-01 7.663588e-01 9.361480e-01 -1.000000e+00 -1.000000e+00 -1.000000e+00 -1.0 0.000000e+00 4.240274e-01
-1.000000e+00 -1.000000e+00 0.000000e+00 -1.000000e+00 -1.000000e+00 0.000000e+00 2.577698e-01 -1.000000e+00 0.000000e+00 1.250000e+02 -1.000000e+00 0.000000e+00 6.250000e+02 -1.000000e+00 -1.000000e+00 3.819986e-02 -1.000000e+00 0.000000e+00 -9.990070e+05 3.000000e+00 -1.000000e+00 -1.000000e+00 3.750000e+02 1.041041e-01 0.000000e+00 0.000000e+00 -1.000000e+00 5.597812e-02 -1.000000e+00 -9.990070e+05 5.597812e-02 5.320286e-01 8.261868e-01 -1.000000e+00 -1.000000e+00 -1.000000e+00 -1.0 0.000000e+00 1.730101e-01
-1.000000e+00 -1.000000e+00 0.000000e+00 -1.000000e+00 -1.000000e+00 0.000000e+00 5.101264e-01 -1.000000e+00 0.000000e+00 2.250000e+02 -1.000000e+00 0.000000e+00 6.250000e+02 -1.000000e+00 -1.000000e+00 1.724309e-01 -1.000000e+00 0.000000e+00 -9.990070e+05 3.000000e+00 -1.000000e+00 -1.000000e+00 4.250000e+02 3.062873e-01 0.000000e+00 0.000000e+00 -1.000000e+00 1.273839e-01 -1.000000e+00 -9.990070e+05 1.273839e-01 7.530603e-01 9.312849e-01 -1.000000e+00 -1.000000e+00 -1.000000e+00 -1.0 0.000000e+00 4.036998e-01
-1.000000e+00 -1.000000e+00 0.000000e+00 -1.000000e+00 -1.000000e+00 0.000000e+00 7.207712e-01 -1.000000e+00 0.000000e+00 3.250000e+02 -1.000000e+00 0.000000e+00 6.250000e+02 -1.000000e+00 -1.000000e+00 4.044374e-01 -1.000000e+00 0.000000e+00 -9.990070e+05 3.000000e+00 -1.000000e+00 -1.000000e+00 4.750000e+02 5.503920e-01 0.000000e+00 0.000000e+00 -1.000000e+00 1.983908e-01 -1.000000e+00 -9.990070e+05 1.983908e-01 8.792460e-01 9.718745e-01 -1.000000e+00 -1.000000e+00 -1.000000e+00 -1.0 0.000000e+00 6.356990e-01
-1.000000e+00 -1.000000e+00 0.000000e+00 -1.000000e+00 -1.000000e+00 0.000000e+00 8.546627e-01 -1.000000e+00 0.000000e+00 4.250000e+02 -1.000000e+00 0.000000e+00 6.250000e+02 -1.000000e+00 -1.000000e+00 6.378670e-01 -1.000000e+00 0.000000e+00 -9.990070e+05 3.000000e+00 -1.000000e+00 -1.000000e+00 5.250000e+02 7.460857e-01 0.000000e+00 0.000000e+00 -1.000000e+00 2.552861e-01 -1.000000e+00 -9.990070e+05 2.552861e-01 9.425227e-01 9.878520e-01 -1.000000e+00 -1.000000e+00 -1.000000e+00 -1.0 0.000000e+00 8.041170e-01
-1.000000e+00 -1.000000e+00 0.000000e+00 -1.000000e+00 -1.000000e+00 0.000000e+00 9.484512e-01 -1.000000e+00 0.000000e+00 5.250000e+02 -1.000000e+00 0.000000e+00 6.250000e+02 -1.000000e+00 -1.000000e+00 8.561699e-01 -1.000000e+00 0.000000e+00 -9.990070e+05 3.000000e+00 -1.000000e+00 -1.000000e+00 5.750000e+02 9.045824e-01 0.000000e+00 0.000000e+00 -1.000000e+00 2.863854e-01 -1.000000e+00 -9.990070e+05 2.863854e-01 9.808055e-01 9.961897e-01 -1.000000e+00 -1.000000e+00 -1.000000e+00 -1.0 0.000000e+00 9.274869e-01
-1.000000e+00 -1.000000e+00 0.000000e+00 -1.000000e+00 -1.000000e+00 0.000000e+00 9.593601e-01 -1.000000e+00 0.000000e+00 6.050000e+02 -1.000000e+00 0.000000e+00 6.250000e+02 -1.000000e+00 -1.000000e+00 8.850755e-01 -1.000000e+00 0.000000e+00 -9.990070e+05 3.000000e+00 -1.000000e+00 -1.000000e+00 6.150000e+02 9.242634e-01 0.000000e+00 0.000000e+00 -1.000000e+00 2.909972e-01 -1.000000e+00 -9.990070e+05 2.909972e-01 9.849716e-01 9.970376e-01 -1.000000e+00 -1.000000e+00 -1.000000e+00 -1.0 0.000000e+00 9.426307e-01
-1.000000e+00 -1.000000e+00 0.000000e+00 -1.000000e+00 -1.000000e+00 0.000000e+00 3.108028e-01 -1.000000e+00 0.000000e+00 2.500000e+01 -1.000000e+00 0.000000e+00 7.250000e+02 -1.000000e+00 -1.000000e+00 5.675129e-02 -1.000000e+00 0.000000e+00 -9.990070e+05 3.000000e+00 -1.000000e+00 -1.000000e+00 3.750000e+02 1.388481e-01 0.000000e+00 0.000000e+00 -1.000000e+00 6.974437e-02 -1.000000e+00 -9.990070e+05 6.974437e-02 5.878671e-01 8.575560e-01 -1.000000e+00 -1.000000e+00 -1.000000e+00 -1.0 0.000000e+00 2.170916e-01
-1.000000e+00 -1.000000e+00 0.000000e+00 -1.000000e+00 -1.000000e+00 0.000000e+00 4.865199e-01 -1.000000e+00 0.000000e+00 1.250000e+02 -1.000000e+00 0.000000e+00 7.250000e+02 -1.000000e+00 -1.000000e+00 1.543031e-01 -1.000000e+00 0.000000e+00 -9.990070e+05 3.000000e+00 -1.000000e+00 -1.000000e+00 4.250000e+02 2.833610e-01 0.000000e+00 0.000000e+00 -1.000000e+00 1.198546e-01 -1.000000e+00 -9.990070e+05 1.198546e-01 7.363111e-01 9.249508e-01 -1.000000e+00 -1.000000e+00 -1.000000e+00 -1.0 0.000000e+00 3.796908e-01
-1.000000e+00 -1.000000e+00 0.000000e+00 -1.000000e+00 -1.000000e+00 0.000000e+00 5.344583e-01 -1.000000e+00 0.000000e+00 2.250000e+02 -1.000000e+00 0.000000e+00 7.250000e+02 -1.000000e+00 -1.000000e+00 1.925638e-01 -1.000000e+00 0.000000e+00 -9.990070e+05 3.000000e+00 -1.000000e+00 -1.000000e+00 4.750000e+02 3.308166e-01 0.000000e+00 0.000000e+00 -1.000000e+00 1.350577e-01 -1.000000e+00 -9.990070e+05 1.350577e-01 7.696920e-01 9.373442e-01 -1.000000e+00 -1.000000e+00 -1.000000e+00 -1.0 0.000000e+00 4.286846e-01
-1.000000e+00 -1.000000e+00 0.000000e+00 -1.000000e+00 -1.000000e+00 0.000000e+00 7.029285e-01 -1.000000e+00 0.000000e+00 3.250000e+02 -1.000000e+00 0.000000e+00 7.250000e+02 -1.000000e+00 -1.000000e+00 3.790827e-01 -1.000000e+00 0.000000e+00 -9.990070e+05 3.000000e+00 -1.000000e+00 -1.000000e+00 5.250000e+02 5.268187e-01 0.000000e+00 0.000000e+00 -1.000000e+00 1.914906e-01 -1.000000e+00 -9.990070e+05 1.914906e-01 8.699404e-01 9.692879e-01 -1.000000e+00 -1.000000e+00 -1.000000e+00 -1.0 0.000000e+00 6.143487e-01
-1.000000e+00 -1.000000e+00 0.000000e+00 -1.000000e+00 -1.000000e+00 0.000000e+00 7.236176e-01 -1.000000e+00 0.000000e+00 4.250000e+02 -1.000000e+00 0.000000e+00 7.250000e+02 -1.000000e+00 -1.000000e+00 4.085954e-01 -1.000000e+00 0.000000e+00 -9.990070e+05 3.000000e+00 -1.000000e+00 -1.000000e+00 5.750000e+02 5.542049e-01 0.000000e+00 0.000000e+00 -1.000000e+00 1.987514e-01 -1.000000e+00 -9.990070e+05 1.987514e-01 8.807100e-01 9.722758e-01 -1.000000e+00 -1.000000e+00 -1.000000e+00 -1.0 0.000000e+00 6.386683e-01
-1.000000e+00 -1.000000e+00 0.000000e+00 -1.000000e+00 -1.000000e+00 0.000000e+00 9.492575e-01 -1.000000e+00 0.000000e+00 5.250000e+02 -1.000000e+00 0.000000e+00 7.250000e+02 -1.000000e+00 -1.000000e+00 8.582794e-01 -1.000000e+00 0.000000e+00 -9.990070e+05 3.000000e+00 -1.000000e+00 -1.000000e+00 6.250000e+02 9.060280e-01 0.000000e+00 0.000000e+00 -1.000000e+00 2.886494e-01 -1.000000e+00 -9.990070e+05 2.886494e-01 9.811154e-01 9.962531e-01 -1.000000e+00 -1.000000e+00 -1.000000e+00 -1.0 0.000000e+00 9.288481e-01
-1.000000e+00 -1.000000e+00 0.000000e+00 -1.000000e+00 -1.000000e+00 0.000000e+00 9.982342e-01 -1.000000e+00 0.000000e+00 6.250000e+02 -1.000000e+00 0.000000e+00 7.250000e+02 -1.000000e+00 -1.000000e+00 9.947595e-01 -1.000000e+00 0.000000e+00 -9.990070e+05 3.000000e+00 -1.000000e+00 -1.000000e+00 6.750000e+02 9.966285e-01 1.000000e+00 0.000000e+00 -1.000000e+00 5.000000e-01 -1.000000e+00 -9.990070e+05 5.000000e-01 9.993628e-01 9.998775e-01 -1.000000e+00 -1.000000e+00 -1.000000e+00 -1.0 0.000000e+00 9.982373e-01
-1.000000e+00 -1.000000e+00 0.000000e+00 -1.000000e+00 -1.000000e+00 0.000000e+00 9.904496e-01 -1.000000e+00 0.000000e+00 6.750000e+02 -1.000000e+00 0.000000e+00 7.250000e+02 -1.000000e+00 -1.000000e+00 9.719308e-01 -1.000000e+00 0.000000e+00 -9.990070e+05 3.000000e+00 -1.000000e+00 -1.000000e+00 7.000000e+02 9.818535e-01 0.000000e+00 0.000000e+00 -1.000000e+00 3.045398e-01 -1.000000e+00 -9.990070e+05 3.045398e-01 9.965369e-01 9.993307e-01 -1.000000e+00 -1.000000e+00 -1.000000e+00 -1.0 0.000000e+00 9.863875e-01
-1.000000e+00 -1.000000e+00 0.000000e+00 -1.000000e+00 -1.000000e+00 0.000000e+00 3.663700e-01 -1.000000e+00 0.000000e+00 2.500000e+01 -1.000000e+00 0.000000e+00 8.250000e+02 -1.000000e+00 -1.000000e+00 8.115559e-02 -1.000000e+00 0.000000e+00 -9.990070e+05 3.000000e+00 -1.000000e+00 -1.000000e+00 4.250000e+02 1.796418e-01 0.000000e+00 0.000000e+00 -1.000000e+00 8.500715e-02 -1.000000e+00 -9.990070e+05 8.500715e-02 6.400707e-01 8.837198e-01 -1.000000e+00 -1.000000e+00 -1.000000e+00 -1.0 0.000000e+00 2.659936e-01
-1.000000e+00 -1.000000e+00 0.000000e+00 -1.000000e+00 -1.000000e+00 0.000000e+00 3.870212e-01 -1.000000e+00 0.000000e+00 1.250000e+02 -1.000000e+00 0.000000e+00 8.250000e+02 -1.000000e+00 -1.000000e+00 9.164060e-02 -1.000000e+00 0.000000e+00 -9.990070e+05 3.000000e+00 -1.000000e+00 -1.000000e+00 4.750000e+02 1.959498e-01 0.000000e+00 0.000000e+00 -1.000000e+00 9.051690e-02 -1.000000e+00 -9.990070e+05 9.051690e-02 6.580910e-01 8.921011e-01 -1.000000e+00 -1.000000e+00 -1.000000e+00 -1.0 0.000000e+00 2.844044e-01
-1.000000e+00 -1.000000e+00 0.000000e+00 -1.000000e+00 -1.000000e+00 0.000000e+00 5.292905e-01 -1.000000e+00 0.000000e+00 2.250000e+02 -1.000000e+00 0.000000e+00 8.250000e+02 -1.000000e+00 -1.000000e+00 1.881612e-01 -1.000000e+00 0.000000e+00 -9.990070e+05 3.000000e+00 -1.000000e+00 -1.000000e+00 5.250000e+02 3.255300e-01 0.000000e+00 0.000000e+00 -1.000000e+00 1.333276e-01 -1.000000e+00 -9.990070e+05 1.333276e-01 7.662114e-01 9.360949e-01 -1.000000e+00 -1.000000e+00 -1.000000e+00 -1.0 0.000000e+00 4.232536e-01
-1.000000e+00 -1.000000e+00 0.000000e+00 -1.000000e+00 -1.000000e+00 0.000000e+00 6.748905e-01 -1.000000e+00 0.000000e+00 3.250000e+02 -1.000000e+00 0.000000e+00 8.250000e+02 -1.000000e+00 -1.000000e+00 3.416285e-01 -1.000000e+00 0.000000e+00 -9.990070e+05 3.000000e+00 -1.000000e+00 -1.000000e+00 5.750000e+02 4.909045e-01 0.000000e+00 0.000000e+00 -1.000000e+00 1.818864e-01 -1.000000e+00 -9.990070e+05 1.818864e-01 8.548572e-01 9.649631e-01 -1.000000e+00 -1.000000e+00 -1.000000e+00 -1.0 0.000000e+00 5.820217e-01
-1.000000e+00 -1.000000e+00 0.000000e+00 -1.000000e+00 -1.000000e+00 0.000000e+00 7.958695e-01 -1.000000e+00 0.000000e+00 4.250000e+02 -1.000000e+00 0.000000e+00 8.250000e+02 -1.000000e+00 -1.000000e+00 5.253218e-01 -1.000000e+00 0.000000e+00 -9.990070e+05 3.000000e+00 -1.000000e+00 -1.000000e+00 6.250000e+02 6.559506e-01 0.000000e+00 0.000000e+00 -1.000000e+00 2.257546e-01 -1.000000e+00 -9.990070e+05 2.257546e-01 9.160874e-01 9.815144e-01 -1.000000e+00 -1.000000e+00 -1.000000e+00 -1.0 0.000000e+00 7.268790e-01
-1.000000e+00 -1.000000e+00 0.000000e+00 -1.000000e+00 -1.000000e+00 0.000000e+00 9.112845e-01 -1.000000e+00 0.000000e+00 5.250000e+02 -1.000000e+00 0.000000e+00 8.250000e+02 -1.000000e+00 -1.000000e+00 7.634320e-01 -1.000000e+00 0.000000e+00 -9.990070e+05 3.000000e+00 -1.000000e+00 -1.000000e+00 6.750000e+02 8.395192e-01 0.000000e+00 0.000000e+00 -1.000000e+00 2.716692e-01 -1.000000e+00 -9.990070e+05 2.716692e-01 9.661747e-01 9.931196e-01 -1.000000e+00 -1.000000e+00 -1.000000e+00 -1.0 0.000000e+00 8.768548e-01
-1.000000e+00 -1.000000e+00 0.000000e+00 -1.000000e+00 -1.000000e+00 0.000000e+00 9.500142e-01 -1.000000e+00 0.000000e+00 6.250000e+02 -1.000000e+00 0.000000e+00 8.250000e+02 -1.000000e+00 -1.000000e+00 8.602630e-01 -1.000000e+00 0.000000e+00 -9.990070e+05 3.000000e+00 -1.000000e+00 -1.000000e+00 7.250000e+02 9.073858e-01 0.000000e+00 0.000000e+00 -1.000000e+00 2.869370e-01 -1.000000e+00 -9.990070e+05 2.869370e-01 9.814059e-01 9.963126e-01 -1.000000e+00 -1.000000e+00 -1.000000e+00 -1.0 0.000000e+00 9.296366e-01
-1.000000e+00 -1.000000e+00 0.000000e+00 -1.000000e+00 -1.000000e+00 0.000000e+00 3.513622e-01 -1.000000e+00 0.000000e+00 2.500000e+01 -1.000000e+00 0.000000e+00 9.250000e+02 -1.000000e+00 -1.000000e+00 7.403049e-02 -1.000000e+00 0.000000e+00 -9.990070e+05 3.000000e+00 -1.000000e+00 -1.000000e+00 4.750000e+02 1.681811e-01 0.000000e+00 0.000000e+00 -1.000000e+00 8.026727e-02 -1.000000e+00 -9.990070e+05 8.026727e-02 6.265291e-01 8.772075e-01 -1.000000e+00 -1.000000e+00 -1.000000e+00 -1.0 0.000000e+00 2.518552e-01
-1.000000e+00 -1.000000e+00 0.000000e+00 -1.000000e+00 -1.000000e+00 0.000000e+00 4.170975e-01 -1.000000e+00 0.000000e+00 1.250000e+02 -1.000000e+00 0.000000e+00 9.250000e+02 -1.000000e+00 -1.000000e+00 1.083865e-01 -1.000000e+00 0.000000e+00 -9.990070e+05 3.000000e+00 -1.000000e+00 -1.000000e+00 5.250000e+02 2.208202e-01 0.000000e+00 0.000000e+00 -1.000000e+00 9.894315e-02 -1.000000e+00 -9.990070e+05 9.894315e-02 6.831570e-01 9.032370e-01 -1.000000e+00 -1.000000e+00 -1.000000e+00 -1.0 0.000000e+00 3.121324e-01
-1.000000e+00 -1.000000e+00 0.000000e+00 -1.000000e+00 -1.000000e+00 0.000000e+00 5.016733e-01 -1.000000e+00 0.000000e+00 2.250000e+02 -1.000000e+00 0.000000e+00 9.250000e+02 -1.000000e+00 -1.000000e+00 1.657842e-01 -1.000000e+00 0.000000e+00 -9.990070e+05 3.000000e+00 -1.000000e+00 -1.000000e+00 5.750000e+02 2.979796e-01 0.000000e+00 0.000000e+00 -1.000000e+00 1.244648e-01 -1.000000e+00 -9.990070e+05 1.244648e-01 7.471341e-01 9.290707e-01 -1.000000e+00 -1.000000e+00 -1.000000e+00 -1.0 0.000000e+00 3.948445e-01
-1.000000e+00 -1.000000e+00 0.000000e+00 -1.000000e+00 -1.000000e+00 0.000000e+00 6.150801e-01 -1.000000e+00 0.000000e+00 3.250000e+02 -1.000000e+00 0.000000e+00 9.250000e+02 -1.000000e+00 -1.000000e+00 2.707740e-01 -1.000000e+00 0.000000e+00 -9.990070e+05 3.000000e+00 -1.000000e+00 -1.000000e+00 6.250000e+02 4.187744e-01 0.000000e+00 0.000000e+00 -1.000000e+00 1.612278e-01 -1.000000e+00 -9.990070e+05 1.612278e-01 8.206666e-01 9.545407e-01 -1.000000e+00 -1.000000e+00 -1.000000e+00 -1.0 0.000000e+00 5.146529e-01
-1.000000e+00 -1.000000e+00 0.000000e+00 -1.000000e+00 -1.000000e+00 0.000000e+00 7.553168e-01 -1.000000e+00 0.000000e+00 4.250000e+02 -1.000000e+00 0.000000e+00 9.250000e+02 -1.000000e+00 -1.000000e+00 4.570902e-01 -1.000000e+00 0.000000e+00 -9.990070e+05 3.000000e+00 -1.000000e+00 -1.000000e+00 6.750000e+02 5.976569e-01 0.000000e+00 0.000000e+00 -1.000000e+00 2.107002e-01 -1.000000e+00 -9.990070e+05 2.107002e-01 8.966456e-01 9.765458e-01 -1.000000e+00 -1.000000e+00 -1.000000e+00 -1.0 0.000000e+00 6.769848e-01
-1.000000e+00 -1.000000e+00 0.000000e+00 -1.000000e+00 -1.000000e+00 0.000000e+00 8.975095e-01 -1.000000e+00 0.000000e+00 5.250000e+02 -1.000000e+00 0.000000e+00 9.250000e+02 -1.000000e+00 -1.000000e+00 7.312077e-01 -1.000000e+00 0.000000e+00 -9.990070e+05 3.000000e+00 -1.000000e+00 -1.000000e+00 7.250000e+02 8.161684e-01 0.000000e+00 0.000000e+00 -1.000000e+00 2.651876e-01 -1.000000e+00 -9.990070e+05 2.651876e-01 9.605757e-01 9.919068e-01 -1.000000e+00 -1.000000e+00 -1.000000e+00 -1.0 0.000000e+00 8.581521e-01
-1.000000e+00 -1.000000e+00 0.000000e+00 -1.000000e+00 -1.000000e+00 0.000000e+00 9.201994e-01 -1.000000e+00 0.000000e+00 6.250000e+02 -1.000000e+00 0.000000e+00 9.250000e+02 -1.000000e+00 -1.000000e+00 7.848918e-01 -1.000000e+00 0.000000e+00 -9.990070e+05 3.000000e+00 -1.000000e+00 -1.000000e+00 7.750000e+02 8.548491e-01 0.000000e+00 0.000000e+00 -1.000000e+00 2.743943e-01 -1.000000e+00 -9.990070e+05 2.743943e-01 9.697467e-01 9.938824e-01 -1.000000e+00 -1.000000e+00 -1.000000e+00 -1.0 0.000000e+00 8.887236e-01
