-1.000000e+00 -1.000000e+00 0.000000e+00 -1.000000e+00 -1.000000e+00 0.000000e+00 8.631709e-01 -1.000000e+00 0.000000e+00 1.250000e+02 -1.000000e+00 0.000000e+00 1.025000e+03 -1.000000e+00 -1.000000e+00 6.556025e-01 -1.000000e+00 0.000000e+00 -9.990070e+05 3.000000e+00 -1.000000e+00 -1.000000e+00 5.750000e+02 7.597003e-01 0.000000e+00 0.000000e+00 -1.000000e+00 1.992808e-01 -1.000000e+00 -9.990070e+05 1.992808e-01 9.461861e-01 9.886926e-01 -1.000000e+00 -1.000000e+00 -1.000000e+00 -1.0 0.000000e+00 7.944589e-01
-1.000000e+00 -1.000000e+00 0.000000e+00 -1.000000e+00 -1.000000e+00 0.000000e+00 8.685417e-01 -1.000000e+00 0.000000e+00 2.250000e+02 -1.000000e+00 0.000000e+00 1.025000e+03 -1.000000e+00 -1.000000e+00 6.669975e-01 -1.000000e+00 0.000000e+00 -9.990070e+05 3.000000e+00 -1.000000e+00 -1.000000e+00 6.250000e+02 7.683708e-01 0.000000e+00 0.000000e+00 -1.000000e+00 2.018920e-01 -1.000000e+00 -9.990070e+05 2.018920e-01 9.484783e-01 9.892140e-01 -1.000000e+00 -1.000000e+00 -1.000000e+00 -1.0 0.000000e+00 8.023387e-01
-1.000000e+00 -1.000000e+00 0.000000e+00 -1.000000e+00 -1.000000e+00 0.000000e+00 8.846488e-01 -1.000000e+00 0.000000e+00 3.250000e+02 -1.000000e+00 0.000000e+00 1.025000e+03 -1.000000e+00 -1.000000e+00 7.021182e-01 -1.000000e+00 0.000000e+00 -9.990070e+05 3.000000e+00 -1.000000e+00 -1.000000e+00 6.750000e+02 7.947314e-01 0.000000e+00 0.000000e+00 -1.000000e+00 2.082184e-01 -1.000000e+00 -9.990070e+05 2.082184e-01 9.552596e-01 9.907356e-01 -1.000000e+00 -1.000000e+00 -1.000000e+00 -1.0 0.000000e+00 8.255636e-01
-1.000000e+00 -1.000000e+00 0.000000e+00 -1.000000e+00 -1.000000e+00 0.000000e+00 9.104648e-01 -1.000000e+00 0.000000e+00 4.250000e+02 -1.000000e+00 0.000000e+00 1.025000e+03 -1.000000e+00 -1.000000e+00 7.614829e-01 -1.000000e+00 0.000000e+00 -9.990070e+05 3.000000e+00 -1.000000e+00 -1.000000e+00 7.250000e+02 8.381182e-01 0.000000e+00 0.000000e+00 -1.000000e+00 2.200665e-01 -1.000000e+00 -9.990070e+05 2.200665e-01 9.658442e-01 9.930486e-01 -1.000000e+00 -1.000000e+00 -1.000000e+00 -1.0 0.000000e+00 8.637439e-01
-1.000000e+00 -1.000000e+00 0.000000e+00 -1.000000e+00 -1.000000e+00 0.000000e+00 9.411662e-01 -1.000000e+00 0.000000e+00 5.250000e+02 -1.000000e+00 0.000000e+00 1.025000e+03 -1.000000e+00 -1.000000e+00 8.373027e-01 -1.000000e+00 0.000000e+00 -9.990070e+05 3.000000e+00 -1.000000e+00 -1.000000e+00 7.750000e+02 8.915886e-01 0.000000e+00 0.000000e+00 -1.000000e+00 2.335379e-01 -1.000000e+00 -9.990070e+05 2.335379e-01 9.779913e-01 9.956103e-01 -1.000000e+00 -1.000000e+00 -1.000000e+00 -1.0 0.000000e+00 9.096421e-01
-1.000000e+00 -1.000000e+00 0.000000e+00 -1.000000e+00 -1.000000e+00 0.000000e+00 9.719886e-01 -1.000000e+00 0.000000e+00 6.250000e+02 -1.000000e+00 0.000000e+00 1.025000e+03 -1.000000e+00 -1.000000e+00 9.195412e-01 -1.000000e+00 0.000000e+00 -9.990070e+05 3.000000e+00 -1.000000e+00 -1.000000e+00 8.250000e+02 9.473859e-01 0.000000e+00 0.000000e+00 -1.000000e+00 2.472097e-01 -1.000000e+00 -9.990070e+05 2.472097e-01 9.897238e-01 9.979907e-01 -1.000000e+00 -1.000000e+00 -1.000000e+00 -1.0 0.000000e+00 9.565698e-01
-1.000000e+00 -1.000000e+00 0.000000e+00 -1.000000e+00 -1.000000e+00 0.000000e+00 9.692505e-01 -1.000000e+00 0.000000e+00 2.500000e+01 -1.000000e+00 0.000000e+00 2.250000e+02 -1.000000e+00 -1.000000e+00 9.119754e-01 -1.000000e+00 0.000000e+00 -9.990070e+05 3.000000e+00 -1.000000e+00 -1.000000e+00 1.250000e+02 9.423414e-01 0.000000e+00 0.000000e+00 -1.000000e+00 2.845587e-01 -1.000000e+00 -9.990070e+05 2.845587e-01 9.886999e-01 9.977866e-01 -1.000000e+00 -1.000000e+00 -1.000000e+00 -1.0 0.000000e+00 9.556085e-01
-1.000000e+00 -1.000000e+00 4.000000e+03 -1.000000e+00 -1.000000e+00 0.000000e+00 9.813538e-01 -1.000000e+00 1.000000e+00 7.500000e+01 -1.000000e+00 0.000000e+00 2.250000e+02 -1.000000e+00 -1.000000e+00 9.458152e-01 -1.000000e+00 1.000000e+00 -9.990070e+05 3.000000e+00 -1.000000e+00 -1.000000e+00 1.500000e+02 9.647715e-01 0.000000e+00 0.000000e+00 -1.000000e+00 3.801596e-01 -1.000000e+00 -9.990070e+05 3.801596e-01 9.931998e-01 9.986782e-01 -1.000000e+00 -1.000000e+00 -1.000000e+00 -1.0 0.000000e+00 9.770464e-01
-1.000000e+00 -1.000000e+00 0.000000e+00 -1.000000e+00 -1.000000e+00 0.000000e+00 7.302720e-01 -1.000000e+00 0.000000e+00 1.250000e+02 -1.000000e+00 0.000000e+00 2.250000e+02 -1.000000e+00 -1.000000e+00 4.184402e-01 -1.000000e+00 0.000000e+00 -9.990070e+05 3.000000e+00 -1.000000e+00 -1.000000e+00 1.750000e+02 5.631756e-01 0.000000e+00 0.000000e+00 -1.000000e+00 1.701209e-01 -1.000000e+00 -9.990070e+05 1.701209e-01 8.841110e-01 9.732022e-01 -1.000000e+00 -1.000000e+00 -1.000000e+00 -1.0 0.000000e+00 6.270872e-01
-1.000000e+00 -1.000000e+00 0.000000e+00 -1.000000e+00 -1.000000e+00 0.000000e+00 6.288265e-02 -1.000000e+00 0.000000e+00 1.750000e+02 -1.000000e+00 0.000000e+00 2.250000e+02 -1.000000e+00 -1.000000e+00 2.491801e-03 -1.000000e+00 0.000000e+00 -9.990070e+05 3.000000e+00 -1.000000e+00 -1.000000e+00 2.000000e+02 1.335014e-02 0.000000e+00 0.000000e+00 -1.000000e+00 1.033750e-02 -1.000000e+00 -9.990070e+05 1.033750e-02 2.316398e-01 5.685976e-01 -1.000000e+00 -1.000000e+00 -1.000000e+00 -1.0 0.000000e+00 3.181067e-02
-1.000000e+00 -1.000000e+00 0.000000e+00 -1.000000e+00 -1.000000e+00 0.000000e+00 5.422068e-09 -1.000000e+00 0.000000e+00 2.050000e+02 -1.000000e+00 0.000000e+00 2.250000e+02 -1.000000e+00 -1.000000e+00 1.041366e-13 -1.000000e+00 0.000000e+00 -9.990070e+05 3.000000e+00 -1.000000e+00 -1.000000e+00 2.150000e+02 2.608429e-11 0.000000e+00 0.000000e+00 -1.000000e+00 1.911149e-10 -1.000000e+00 -9.990070e+05 1.911149e-10 7.965665e-07 6.459171e-05 -1.000000e+00 -1.000000e+00 -1.000000e+00 -1.0 0.000000e+00 5.712979e-10
-1.000000e+00 -1.000000e+00 0.000000e+00 -1.000000e+00 -1.000000e+00 0.000000e+00 7.907005e-01 -1.000000e+00 0.000000e+00 2.500000e+01 -1.000000e+00 0.000000e+00 3.250000e+02 -1.000000e+00 -1.000000e+00 5.162186e-01 -1.000000e+00 0.000000e+00 -9.990070e+05 3.000000e+00 -1.000000e+00 -1.000000e+00 1.750000e+02 6.483479e-01 1.000000e+00 0.000000e+00 -1.000000e+00 5.000000e-01 -1.000000e+00 -9.990070e+05 5.000000e-01 9.136660e-01 9.809099e-01 -1.000000e+00 -1.000000e+00 -1.000000e+00 -1.0 0.000000e+00 8.269250e-01
-1.000000e+00 -1.000000e+00 0.000000e+00 -1.000000e+00 -1.000000e+00 0.000000e+00 9.071027e-01 -1.000000e+00 0.000000e+00 1.250000e+02 -1.000000e+00 0.000000e+00 3.250000e+02 -1.000000e+00 -1.000000e+00 7.535305e-01 -1.000000e+00 0.000000e+00 -9.990070e+05 3.000000e+00 -1.000000e+00 -1.000000e+00 2.250000e+02 8.323873e-01 0.000000e+00 0.000000e+00 -1.000000e+00 2.242569e-01 -1.000000e+00 -9.990070e+05 2.242569e-01 9.644852e-01 9.927559e-01 -1.000000e+00 -1.000000e+00 -1.000000e+00 -1.0 0.000000e+00 8.602238e-01
-1.000000e+00 -1.000000e+00 0.000000e+00 -1.000000e+00 -1.000000e+00 0.000000e+00 3.688577e-01 -1.000000e+00 0.000000e+00 2.250000e+02 -1.000000e+00 0.000000e+00 3.250000e+02 -1.000000e+00 -1.000000e+00 8.237640e-02 -1.000000e+00 0.000000e+00 -9.990070e+05 3.000000e+00 -1.000000e+00 -1.000000e+00 2.750000e+02 1.815733e-01 0.000000e+00 0.000000e+00 -1.000000e+00 6.187770e-02 -1.000000e+00 -9.990070e+05 6.187770e-02 6.422784e-01 8.847639e-01 -1.000000e+00 -1.000000e+00 -1.000000e+00 -1.0 0.000000e+00 2.371737e-01
-1.000000e+00 -1.000000e+00 0.000000e+00 -1.000000e+00 -1.000000e+00 0.000000e+00 5.378551e-02 -1.000000e+00 0.000000e+00 2.750000e+02 -1.000000e+00 0.000000e+00 3.250000e+02 -1.000000e+00 -1.000000e+00 1.878144e-03 -1.000000e+00 0.000000e+00 -9.990070e+05 3.000000e+00 -1.000000e+00 -1.000000e+00 3.000000e+02 1.073195e-02 0.000000e+00 0.000000e+00 -1.000000e+00 5.606597e-03 -1.000000e+00 -9.990070e+05 5.606597e-03 2.098528e-01 5.407790e-01 -1.000000e+00 -1.000000e+00 -1.000000e+00 -1.0 0.000000e+00 2.062881e-02
-1.000000e+00 -1.000000e+00 0.000000e+00 -1.000000e+00 -1.000000e+00 0.000000e+00 7.996135e-04 -1.000000e+00 0.000000e+00 3.050000e+02 -1.000000e+00 0.000000e+00 3.250000e+02 -1.000000e+00 -1.000000e+00 1.902012e-06 -1.000000e+00 0.000000e+00 -9.990070e+05 3.000000e+00 -1.000000e+00 -1.000000e+00 3.150000e+02 4.233422e-05 0.000000e+00 0.000000e+00 -1.000000e+00 3.880322e-05 -1.000000e+00 -9.990070e+05 3.880322e-05 1.106931e-02 9.008876e-02 -1.000000e+00 -1.000000e+00 -1.000000e+00 -1.0 0.000000e+00 1.412715e-04
-1.000000e+00 -1.000000e+00 0.000000e+00 -1.000000e+00 -1.000000e+00 0.000000e+00 7.831368e-01 -1.000000e+00 0.000000e+00 2.500000e+01 -1.000000e+00 0.000000e+00 4.250000e+02 -1.000000e+00 -1.000000e+00 5.031163e-01 -1.000000e+00 0.000000e+00 -9.990070e+05 3.000000e+00 -1.000000e+00 -1.000000e+00 2.250000e+02 6.373145e-01 0.000000e+00 0.000000e+00 -1.000000e+00 1.728321e-01 -1.000000e+00 -9.990070e+05 1.728321e-01 9.100934e-01 9.800106e-01 -1.000000e+00 -1.000000e+00 -1.000000e+00 -1.0 0.000000e+00 6.854856e-01
-1.000000e+00 -1.000000e+00 0.000000e+00 -1.000000e+00 -1.000000e+00 0.000000e+00 7.589441e-01 -1.000000e+00 0.000000e+00 1.250000e+02 -1.000000e+00 0.000000e+00 4.250000e+02 -1.000000e+00 -1.000000e+00 4.629027e-01 -1.000000e+00 0.000000e+00 -9.990070e+05 3.000000e+00 -1.000000e+00 -1.000000e+00 2.750000e+02 6.027460e-01 0.000000e+00 0.000000e+00 -1.000000e+00 1.641111e-01 -1.000000e+00 -9.990070e+05 1.641111e-01 8.984269e-01 9.770120e-01 -1.000000e+00 -1.000000e+00 -1.000000e+00 -1.0 0.000000e+00 6.534039e-01
-1.000000e+00 -1.000000e+00 0.000000e+00 -1.000000e+00 -1.000000e+00 0.000000e+00 8.665160e-01 -1.000000e+00 0.000000e+00 2.250000e+02 -1.000000e+00 0.000000e+00 4.250000e+02 -1.000000e+00 -1.000000e+00 6.626814e-01 -1.000000e+00 0.000000e+00 -9.990070e+05 3.000000e+00 -1.000000e+00 -1.000000e+00 3.250000e+02 7.650936e-01 0.000000e+00 0.000000e+00 -1.000000e+00 2.036576e-01 -1.000000e+00 -9.990070e+05 2.036576e-01 9.476156e-01 9.890182e-01 -1.000000e+00 -1.000000e+00 -1.000000e+00 -1.0 0.000000e+00 8.003740e-01
-1.000000e+00 -1.000000e+00 0.000000e+00 -1.000000e+00 -1.000000e+00 0.000000e+00 6.431751e-01 -1.000000e+00 0.000000e+00 3.250000e+02 -1.000000e+00 0.000000e+00 4.250000e+02 -1.000000e+00 -1.000000e+00 3.025882e-01 -1.000000e+00 0.000000e+00 -9.990070e+05 3.000000e+00 -1.000000e+00 -1.000000e+00 3.750000e+02 4.519079e-01 0.000000e+00 0.000000e+00 -1.000000e+00 1.285005e-01 -1.000000e+00 -9.990070e+05 1.285005e-01 8.370825e-01 9.596532e-01 -1.000000e+00 -1.000000e+00 -1.000000e+00 -1.0 0.000000e+00 5.112389e-01
-1.000000e+00 -1.000000e+00 0.000000e+00 -1.000000e+00 -1.000000e+00 0.000000e+00 3.919445e-01 -1.000000e+00 0.000000e+00 3.750000e+02 -1.000000e+00 0.000000e+00 4.250000e+02 -1.000000e+00 -1.000000e+00 9.425990e-02 -1.000000e+00 0.000000e+00 -9.990070e+05 3.000000e+00 -1.000000e+00 -1.000000e+00 4.000000e+02 1.999298e-01 0.000000e+00 0.000000e+00 -1.000000e+00 6.485078e-02 -1.000000e+00 -9.990070e+05 6.485078e-02 6.622871e-01 8.940070e-01 -1.000000e+00 -1.000000e+00 -1.000000e+00 -1.0 0.000000e+00 2.544276e-01
-1.000000e+00 -1.000000e+00 0.000000e+00 -1.000000e+00 -1.000000e+00 0.000000e+00 1.503919e-01 -1.000000e+00 0.000000e+00 4.050000e+02 -1.000000e+00 0.000000e+00 4.250000e+02 -1.000000e+00 -1.000000e+00 1.287260e-02 -1.000000e+00 0.000000e+00 -9.990070e+05 3.000000e+00 -1.000000e+00 -1.000000e+00 4.150000e+02 4.652449e-02 0.000000e+00 0.000000e+00 -1.000000e+00 1.862377e-02 -1.000000e+00 -9.990070e+05 1.862377e-02 3.929891e-01 7.294874e-01 -1.000000e+00 -1.000000e+00 -1.000000e+00 -1.0 0.000000e+00 7.176828e-02
-1.000000e+00 -1.000000e+00 0.000000e+00 -1.000000e+00 -1.000000e+00 0.000000e+00 6.909497e-01 -1.000000e+00 0.000000e+00 2.500000e+01 -1.000000e+00 0.000000e+00 5.250000e+02 -1.000000e+00 -1.000000e+00 3.627315e-01 -1.000000e+00 0.000000e+00 -9.990070e+05 3.000000e+00 -1.000000e+00 -1.000000e+00 2.750000e+02 5.113075e-01 0.000000e+00 0.000000e+00 -1.000000e+00 1.420536e-01 -1.000000e+00 -9.990070e+05 1.420536e-01 8.635665e-01 9.674804e-01 -1.000000e+00 -1.000000e+00 -1.000000e+00 -1.0 0.000000e+00 5.675520e-01
-1.000000e+00 -1.000000e+00 0.000000e+00 -1.000000e+00 -1.000000e+00 0.000000e+00 7.089205e-01 -1.000000e+00 0.000000e+00 1.250000e+02 -1.000000e+00 0.000000e+00 5.250000e+02 -1.000000e+00 -1.000000e+00 3.874623e-01 -1.000000e+00 0.000000e+00 -9.990070e+05 3.000000e+00 -1.000000e+00 -1.000000e+00 3.250000e+02 5.346723e-01 0.000000e+00 0.000000e+00 -1.000000e+00 1.473592e-01 -1.000000e+00 -9.990070e+05 1.473592e-01 8.730904e-01 9.701704e-01 -1.000000e+00 -1.000000e+00 -1.000000e+00 -1.0 0.000000e+00 5.894599e-01
-1.000000e+00 -1.000000e+00 0.000000e+00 -1.000000e+00 -1.000000e+00 0.000000e+00 7.837192e-01 -1.000000e+00 0.000000e+00 2.250000e+02 -1.000000e+00 0.000000e+00 5.250000e+02 -1.000000e+00 -1.000000e+00 5.041160e-01 -1.000000e+00 0.000000e+00 -9.990070e+05 3.000000e+00 -1.000000e+00 -1.000000e+00 3.750000e+02 6.381602e-01 0.000000e+00 0.000000e+00 -1.000000e+00 1.722061e-01 -1.000000e+00 -9.990070e+05 1.722061e-01 9.103698e-01 9.800805e-01 -1.000000e+00 -1.000000e+00 -1.000000e+00 -1.0 0.000000e+00 6.857856e-01
-1.000000e+00 -1.000000e+00 0.000000e+00 -1.000000e+00 -1.000000e+00 0.000000e+00 8.830436e-01 -1.000000e+00 0.000000e+00 3.250000e+02 -1.000000e+00 0.000000e+00 5.250000e+02 -1.000000e+00 -1.000000e+00 6.985534e-01 -1.000000e+00 0.000000e+00 -9.990070e+05 3.000000e+00 -1.000000e+00 -1.000000e+00 4.250000e+02 7.920801e-01 0.000000e+00 0.000000e+00 -1.000000e+00 2.094366e-01 -1.000000e+00 -9.990070e+05 2.094366e-01 9.545900e-01 9.905868e-01 -1.000000e+00 -1.000000e+00 -1.000000e+00 -1.0 0.000000e+00 8.238368e-01
-1.000000e+00 -1.000000e+00 0.000000e+00 -1.000000e+00 -1.000000e+00 0.000000e+00 7.853023e-01 -1.000000e+00 0.000000e+00 4.250000e+02 -1.000000e+00 0.000000e+00 5.250000e+02 -1.000000e+00 -1.000000e+00 5.068412e-01 -1.000000e+00 0.000000e+00 -9.990070e+05 3.000000e+00 -1.000000e+00 -1.000000e+00 4.750000e+02 6.404623e-01 0.000000e+00 0.000000e+00 -1.000000e+00 1.721879e-01 -1.000000e+00 -9.990070e+05 1.721879e-01 9.111199e-01 9.802699e-01 -1.000000e+00 -1.000000e+00 -1.000000e+00 -1.0 0.000000e+00 6.875704e-01
-1.000000e+00 -1.000000e+00 0.000000e+00 -1.000000e+00 -1.000000e+00 0.000000e+00 6.067372e-01 -1.000000e+00 0.000000e+00 4.750000e+02 -1.000000e+00 0.000000e+00 5.250000e+02 -1.000000e+00 -1.000000e+00 2.618037e-01 -1.000000e+00 0.000000e+00 -9.990070e+05 3.000000e+00 -1.000000e+00 -1.000000e+00 5.000000e+02 4.091864e-01 0.000000e+00 0.000000e+00 -1.000000e+00 1.179182e-01 -1.000000e+00 -9.990070e+05 1.179182e-01 8.156648e-01 9.529426e-01 -1.000000e+00 -1.000000e+00 -1.000000e+00 -1.0 0.000000e+00 4.694216e-01
-1.000000e+00 -1.000000e+00 0.000000e+00 -1.000000e+00 -1.000000e+00 0.000000e+00 4.636432e-01 -1.000000e+00 0.000000e+00 5.050000e+02 -1.000000e+00 0.000000e+00 5.250000e+02 -1.000000e+00 -1.000000e+00 1.379922e-01 -1.000000e+00 0.000000e+00 -9.990070e+05 3.000000e+00 -1.000000e+00 -1.000000e+00 5.150000e+02 2.619528e-01 0.000000e+00 0.000000e+00 -1.000000e+00 8.083272e-02 -1.000000e+00 -9.990070e+05 8.083272e-02 7.194660e-01 9.183395e-01 -1.000000e+00 -1.000000e+00 -1.000000e+00 -1.0 0.000000e+00 3.201247e-01
-1.000000e+00 -1.000000e+00 0.000000e+00 -1.000000e+00 -1.000000e+00 0.000000e+00 6.253000e-01 -1.000000e+00 0.000000e+00 2.500000e+01 -1.000000e+00 0.000000e+00 6.250000e+02 -1.000000e+00 -1.000000e+00 2.820563e-01 -1.000000e+00 0.000000e+00 -9.990070e+05 3.000000e+00 -1.000000e+00 -1.000000e+00 3.250000e+02 4.306756e-01 0.000000e+00 0.000000e+00 -1.000000e+00 1.227203e-01 -1.000000e+00 -9.990070e+05 1.227203e-01 8.267135e-01 9.564475e-01 -1.000000e+00 -1.000000e+00 -1.000000e+00 -1.0 0.000000e+00 4.900416e-01
-1.000000e+00 -1.000000e+00 0.000000e+00 -1.000000e+00 -1.000000e+00 0.000000e+00 6.905561e-01 -1.000000e+00 0.000000e+00 1.250000e+02 -1.000000e+00 0.000000e+00 6.250000e+02 -1.000000e+00 -1.000000e+00 3.622033e-01 -1.000000e+00 0.000000e+00 -9.990070e+05 3.000000e+00 -1.000000e+00 -1.000000e+00 3.750000e+02 5.108022e-01 0.000000e+00 0.000000e+00 -1.000000e+00 1.416479e-01 -1.000000e+00 -9.990070e+05 1.416479e-01 8.633554e-01 9.674200e-01 -1.000000e+00 -1.000000e+00 -1.000000e+00 -1.0 0.000000e+00 5.668472e-01
-1.000000e+00 -1.000000e+00 0.000000e+00 -1.000000e+00 -1.000000e+00 0.000000e+00 8.209238e-01 -1.000000e+00 0.000000e+00 2.250000e+02 -1.000000e+00 0.000000e+00 6.250000e+02 -1.000000e+00 -1.000000e+00 5.712116e-01 -1.000000e+00 0.000000e+00 -9.990070e+05 3.000000e+00 -1.000000e+00 -1.000000e+00 4.250000e+02 6.935300e-01 0.000000e+00 0.000000e+00 -1.000000e+00 1.833004e-01 -1.000000e+00 -9.990070e+05 1.833004e-01 9.275972e-01 9.843326e-01 -1.000000e+00 -1.000000e+00 -1.000000e+00 -1.0 0.000000e+00 7.350804e-01
-1.000000e+00 -1.000000e+00 0.000000e+00 -1.000000e+00 -1.000000e+00 0.000000e+00 9.225948e-01 -1.000000e+00 0.000000e+00 3.250000e+02 -1.000000e+00 0.000000e+00 6.250000e+02 -1.000000e+00 -1.000000e+00 7.907405e-01 -1.000000e+00 0.000000e+00 -9.990070e+05 3.000000e+00 -1.000000e+00 -1.000000e+00 4.750000e+02 8.589975e-01 0.000000e+00 0.000000e+00 -1.000000e+00 2.243420e-01 -1.000000e+00 -9.990070e+05 2.243420e-01 9.706997e-01 9.940845e-01 -1.000000e+00 -1.000000e+00 -1.000000e+00 -1.0 0.000000e+00 8.815559e-01
-1.000000e+00 -1.000000e+00 0.000000e+00 -1.000000e+00 -1.000000e+00 0.000000e+00 9.274966e-01 -1.000000e+00 0.000000e+00 4.250000e+02 -1.000000e+00 0.000000e+00 6.250000e+02 -1.000000e+00 -1.000000e+00 8.028199e-01 -1.000000e+00 0.000000e+00 -9.990070e+05 3.000000e+00 -1.000000e+00 -1.000000e+00 5.250000e+02 8.675260e-01 0.000000e+00 0.000000e+00 -1.000000e+00 2.313313e-01 -1.000000e+00 -9.990070e+05 2.313313e-01 9.726408e-01 9.944942e-01 -1.000000e+00 -1.000000e+00 -1.000000e+00 -1.0 0.000000e+00 8.898792e-01
-1.000000e+00 -1.000000e+00 0.000000e+00 -1.000000e+00 -1.000000e+00 0.000000e+00 8.591614e-01 -1.000000e+00 0.000000e+00 5.250000e+02 -1.000000e+00 0.000000e+00 6.250000e+02 -1.000000e+00 -1.000000e+00 6.471968e-01 -1.000000e+00 0.000000e+00 -9.990070e+05 3.000000e+00 -1.000000e+00 -1.000000e+00 5.750000e+02 7.532661e-01 0.000000e+00 0.000000e+00 -1.000000e+00 1.979388e-01 -1.000000e+00 -9.990070e+05 1.979388e-01 9.444647e-01 9.882988e-01 -1.000000e+00 -1.000000e+00 -1.000000e+00 -1.0 0.000000e+00 7.888196e-01
-1.000000e+00 -1.000000e+00 0.000000e+00 -1.000000e+00 -1.000000e+00 0.000000e+00 8.062434e-01 -1.000000e+00 0.000000e+00 5.750000e+02 -1.000000e+00 0.000000e+00 6.250000e+02 -1.000000e+00 -1.000000e+00 5.439634e-01 -1.000000e+00 0.000000e+00 -9.990070e+05 3.000000e+00 -1.000000e+00 -1.000000e+00 6.000000e+02 6.713633e-01 0.000000e+00 0.000000e+00 -1.000000e+00 1.787095e-01 -1.000000e+00 -9.990070e+05 1.787095e-01 9.208983e-01 9.827034e-01 -1.000000e+00 -1.000000e+00 -1.000000e+00 -1.0 0.000000e+00 7.153193e-01
-1.000000e+00 -1.000000e+00 0.000000e+00 -1.000000e+00 -1.000000e+00 0.000000e+00 7.192629e-01 -1.000000e+00 0.000000e+00 6.050000e+02 -1.000000e+00 0.000000e+00 6.250000e+02 -1.000000e+00 -1.000000e+00 4.022469e-01 -1.000000e+00 0.000000e+00 -9.990070e+05 3.000000e+00 -1.000000e+00 -1.000000e+00 6.150000e+02 5.483774e-01 0.000000e+00 0.000000e+00 -1.000000e+00 1.513081e-01 -1.000000e+00 -9.990070e+05 1.513081e-01 8.784679e-01 9.716606e-01 -1.000000e+00 -1.000000e+00 -1.000000e+00 -1.0 0.000000e+00 6.028586e-01
-1.000000e+00 -1.000000e+00 0.000000e+00 -1.000000e+00 -1.000000e+00 0.000000e+00 6.406098e-01 -1.000000e+00 0.000000e+00 2.500000e+01 -1.000000e+00 0.000000e+00 7.250000e+02 -1.000000e+00 -1.000000e+00 2.995781e-01 -1.000000e+00 0.000000e+00 -9.990070e+05 3.000000e+00 -1.000000e+00 -1.000000e+00 3.750000e+02 4.488281e-01 0.000000e+00 0.000000e+00 -1.000000e+00 1.268893e-01 -1.000000e+00 -9.990070e+05 1.268893e-01 8.356104e-01 9.592030e-01 -1.000000e+00 -1.000000e+00 -1.000000e+00 -1.0 0.000000e+00 5.074820e-01
-1.000000e+00 -1.000000e+00 0.000000e+00 -1.000000e+00 -1.000000e+00 0.000000e+00 6.676941e-01 -1.000000e+00 0.000000e+00 1.250000e+02 -1.000000e+00 0.000000e+00 7.250000e+02 -1.000000e+00 -1.000000e+00 3.324682e-01 -1.000000e+00 0.000000e+00 -9.990070e+05 3.000000e+00 -1.000000e+00 -1.000000e+00 4.250000e+02 4.819058e-01 0.000000e+00 0.000000e+00 -1.000000e+00 1.351366e-01 -1.000000e+00 -9.990070e+05 1.351366e-01 8.508919e-01 9.637986e-01 -1.000000e+00 -1.000000e+00 -1.000000e+00 -1.0 0.000000e+00 5.396056e-01
-1.000000e+00 -1.000000e+00 0.000000e+00 -1.000000e+00 -1.000000e+00 0.000000e+00 7.779439e-01 -1.000000e+00 0.000000e+00 2.250000e+02 -1.000000e+00 0.000000e+00 7.250000e+02 -1.000000e+00 -1.000000e+00 4.942690e-01 -1.000000e+00 0.000000e+00 -9.990070e+05 3.000000e+00 -1.000000e+00 -1.000000e+00 4.750000e+02 6.298021e-01 0.000000e+00 0.000000e+00 -1.000000e+00 1.709057e-01 -1.000000e+00 -9.990070e+05 1.709057e-01 9.076202e-01 9.793828e-01 -1.000000e+00 -1.000000e+00 -1.000000e+00 -1.0 0.000000e+00 6.785267e-01
-1.000000e+00 -1.000000e+00 0.000000e+00 -1.000000e+00 -1.000000e+00 0.000000e+00 8.654631e-01 -1.000000e+00 0.000000e+00 3.250000e+02 -1.000000e+00 0.000000e+00 7.250000e+02 -1.000000e+00 -1.000000e+00 6.604469e-01 -1.000000e+00 0.000000e+00 -9.990070e+05 3.000000e+00 -1.000000e+00 -1.000000e+00 5.250000e+02 7.633937e-01 0.000000e+00 0.000000e+00 -1.000000e+00 2.013546e-01 -1.000000e+00 -9.990070e+05 2.013546e-01 9.471663e-01 9.889160e-01 -1.000000e+00 -1.000000e+00 -1.000000e+00 -1.0 0.000000e+00 7.981761e-01
-1.000000e+00 -1.000000e+00 0.000000e+00 -1.000000e+00 -1.000000e+00 0.000000e+00 9.311795e-01 -1.000000e+00 0.000000e+00 4.250000e+02 -1.000000e+00 0.000000e+00 7.250000e+02 -1.000000e+00 -1.000000e+00 8.119940e-01 -1.000000e+00 0.000000e+00 -9.990070e+05 3.000000e+00 -1.000000e+00 -1.000000e+00 5.750000e+02 8.739683e-01 0.000000e+00 0.000000e+00 -1.000000e+00 2.338754e-01 -1.000000e+00 -9.990070e+05 2.338754e-01 9.740915e-01 9.947987e-01 -1.000000e+00 -1.000000e+00 -1.000000e+00 -1.0 0.000000e+00 8.955357e-01
-1.000000e+00 -1.000000e+00 0.000000e+00 -1.000000e+00 -1.000000e+00 0.000000e+00 9.358123e-01 -1.000000e+00 0.000000e+00 5.250000e+02 -1.000000e+00 0.000000e+00 7.250000e+02 -1.000000e+00 -1.000000e+00 8.236556e-01 -1.000000e+00 0.000000e+00 -9.990070e+05 3.000000e+00 -1.000000e+00 -1.000000e+00 6.250000e+02 8.821148e-01 0.000000e+00 0.000000e+00 -1.000000e+00 2.327136e-01 -1.000000e+00 -9.990070e+05 2.327136e-01 9.759067e-01 9.951777e-01 -1.000000e+00 -1.000000e+00 -1.000000e+00 -1.0 0.000000e+00 9.018568e-01
-1.000000e+00 -1.000000e+00 0.000000e+00 -1.000000e+00 -1.000000e+00 0.000000e+00 9.297320e-01 -1.000000e+00 0.000000e+00 6.250000e+02 -1.000000e+00 0.000000e+00 7.250000e+02 -1.000000e+00 -1.000000e+00 8.083782e-01 -1.000000e+00 0.000000e+00 -9.990070e+05 3.000000e+00 -1.000000e+00 -1.000000e+00 6.750000e+02 8.714328e-01 0.000000e+00 0.000000e+00 -1.000000e+00 2.273339e-01 -1.000000e+00 -9.990070e+05 2.273339e-01 9.735221e-01 9.946793e-01 -1.000000e+00 -1.000000e+00 -1.000000e+00 -1.0 0.000000e+00 8.922200e-01
-1.000000e+00 -1.000000e+00 0.000000e+00 -1.000000e+00 -1.000000e+00 0.000000e+00 8.991898e-01 -1.000000e+00 0.000000e+00 6.750000e+02 -1.000000e+00 0.000000e+00 7.250000e+02 -1.000000e+00 -1.000000e+00 7.350786e-01 -1.000000e+00 0.000000e+00 -9.990070e+05 3.000000e+00 -1.000000e+00 -1.000000e+00 7.000000e+02 8.189950e-01 0.000000e+00 0.000000e+00 -1.000000e+00 2.142189e-01 -1.000000e+00 -9.990070e+05 2.142189e-01 9.612639e-01 9.920570e-01 -1.000000e+00 -1.000000e+00 -1.000000e+00 -1.0 0.000000e+00 8.468262e-01
-1.000000e+00 -1.000000e+00 0.000000e+00 -1.000000e+00 -1.000000e+00 0.000000e+00 7.069246e-01 -1.000000e+00 0.000000e+00 2.500000e+01 -1.000000e+00 0.000000e+00 8.250000e+02 -1.000000e+00 -1.000000e+00 3.846561e-01 -1.000000e+00 0.000000e+00 -9.990070e+05 3.000000e+00 -1.000000e+00 -1.000000e+00 4.250000e+02 5.320493e-01 0.000000e+00 0.000000e+00 -1.000000e+00 1.473441e-01 -1.000000e+00 -9.990070e+05 1.473441e-01 8.720440e-01 9.698781e-01 -1.000000e+00 -1.000000e+00 -1.000000e+00 -1.0 0.000000e+00 5.874429e-01
-1.000000e+00 -1.000000e+00 0.000000e+00 -1.000000e+00 -1.000000e+00 0.000000e+00 7.096093e-01 -1.000000e+00 0.000000e+00 1.250000e+02 -1.000000e+00 0.000000e+00 8.250000e+02 -1.000000e+00 -1.000000e+00 3.884343e-01 -1.000000e+00 0.000000e+00 -9.990070e+05 3.000000e+00 -1.000000e+00 -1.000000e+00 4.750000e+02 5.355792e-01 0.000000e+00 0.000000e+00 -1.000000e+00 1.481082e-01 -1.000000e+00 -9.990070e+05 1.481082e-01 8.734508e-01 9.702710e-01 -1.000000e+00 -1.000000e+00 -1.000000e+00 -1.0 0.000000e+00 5.907128e-01
-1.000000e+00 -1.000000e+00 0.000000e+00 -1.000000e+00 -1.000000e+00 0.000000e+00 7.722749e-01 -1.000000e+00 0.000000e+00 2.250000e+02 -1.000000e+00 0.000000e+00 8.250000e+02 -1.000000e+00 -1.000000e+00 4.847464e-01 -1.000000e+00 0.000000e+00 -9.990070e+05 3.000000e+00 -1.000000e+00 -1.000000e+00 5.250000e+02 6.216588e-01 0.000000e+00 0.000000e+00 -1.000000e+00 1.685906e-01 -1.000000e+00 -9.990070e+05 1.685906e-01 9.049011e-01 9.786877e-01 -1.000000e+00 -1.000000e+00 -1.000000e+00 -1.0 0.000000e+00 6.708268e-01
-1.000000e+00 -1.000000e+00 0.000000e+00 -1.000000e+00 -1.000000e+00 0.000000e+00 8.384058e-01 -1.000000e+00 0.000000e+00 3.250000e+02 -1.000000e+00 0.000000e+00 8.250000e+02 -1.000000e+00 -1.000000e+00 6.050307e-01 -1.000000e+00 0.000000e+00 -9.990070e+05 3.000000e+00 -1.000000e+00 -1.000000e+00 5.750000e+02 7.204787e-01 0.000000e+00 0.000000e+00 -1.000000e+00 1.911026e-01 -1.000000e+00 -9.990070e+05 1.911026e-01 9.354114e-01 9.861941e-01 -1.000000e+00 -1.000000e+00 -1.000000e+00 -1.0 0.000000e+00 7.599769e-01
-1.000000e+00 -1.000000e+00 0.000000e+00 -1.000000e+00 -1.000000e+00 0.000000e+00 9.223615e-01 -1.000000e+00 0.000000e+00 4.250000e+02 -1.000000e+00 0.000000e+00 8.250000e+02 -1.000000e+00 -1.000000e+00 7.901696e-01 -1.000000e+00 0.000000e+00 -9.990070e+05 3.000000e+00 -1.000000e+00 -1.000000e+00 6.250000e+02 8.585931e-01 0.000000e+00 0.000000e+00 -1.000000e+00 2.312152e-01 -1.000000e+00 -9.990070e+05 2.312152e-01 9.706070e-01 9.940648e-01 -1.000000e+00 -1.000000e+00 -1.000000e+00 -1.0 0.000000e+00 8.827198e-01
-1.000000e+00 -1.000000e+00 0.000000e+00 -1.000000e+00 -1.000000e+00 0.000000e+00 9.520733e-01 -1.000000e+00 0.000000e+00 5.250000e+02 -1.000000e+00 0.000000e+00 8.250000e+02 -1.000000e+00 -1.000000e+00 8.656799e-01 -1.000000e+00 0.000000e+00 -9.990070e+05 3.000000e+00 -1.000000e+00 -1.000000e+00 6.750000e+02 9.110874e-01 0.000000e+00 0.000000e+00 -1.000000e+00 2.406819e-01 -1.000000e+00 -9.990070e+05 2.406819e-01 9.821951e-01 9.964738e-01 -1.000000e+00 -1.000000e+00 -1.000000e+00 -1.0 0.000000e+00 9.264646e-01
-1.000000e+00 -1.000000e+00 0.000000e+00 -1.000000e+00 -1.000000e+00 0.000000e+00 9.754433e-01 -1.000000e+00 0.000000e+00 6.250000e+02 -1.000000e+00 0.000000e+00 8.250000e+02 -1.000000e+00 -1.000000e+00 9.291618e-01 -1.000000e+00 0.000000e+00 -9.990070e+05 3.000000e+00 -1.000000e+00 -1.000000e+00 7.250000e+02 9.537756e-01 0.000000e+00 0.000000e+00 -1.000000e+00 2.487441e-01 -1.000000e+00 -9.990070e+05 2.487441e-01 9.910108e-01 9.982462e-01 -1.000000e+00 -1.000000e+00 -1.000000e+00 -1.0 0.000000e+00 9.618845e-01
-1.000000e+00 -1.000000e+00 0.000000e+00 -1.000000e+00 -1.000000e+00 0.000000e+00 7.942250e-01 -1.000000e+00 0.000000e+00 2.500000e+01 -1.000000e+00 0.000000e+00 9.250000e+02 -1.000000e+00 -1.000000e+00 5.224123e-01 -1.000000e+00 0.000000e+00 -9.990070e+05 3.000000e+00 -1.000000e+00 -1.000000e+00 4.750000e+02 6.535263e-01 0.000000e+00 0.000000e+00 -1.000000e+00 1.744583e-01 -1.000000e+00 -9.990070e+05 1.744583e-01 9.153188e-01 9.813230e-01 -1.000000e+00 -1.000000e+00 -1.000000e+00 -1.0 0.000000e+00 6.990543e-01
-1.000000e+00 -1.000000e+00 0.000000e+00 -1.000000e+00 -1.000000e+00 0.000000e+00 7.878087e-01 -1.000000e+00 0.000000e+00 1.250000e+02 -1.000000e+00 0.000000e+00 9.250000e+02 -1.000000e+00 -1.000000e+00 5.111787e-01 -1.000000e+00 0.000000e+00 -9.990070e+05 3.000000e+00 -1.000000e+00 -1.000000e+00 5.250000e+02 6.441167e-01 0.000000e+00 0.000000e+00 -1.000000e+00 1.723624e-01 -1.000000e+00 -9.990070e+05 1.723624e-01 9.123043e-01 9.805681e-01 -1.000000e+00 -1.000000e+00 -1.000000e+00 -1.0 0.000000e+00 6.905234e-01
-1.000000e+00 -1.000000e+00 0.000000e+00 -1.000000e+00 -1.000000e+00 0.000000e+00 7.998882e-01 -1.000000e+00 0.000000e+00 2.250000e+02 -1.000000e+00 0.000000e+00 9.250000e+02 -1.000000e+00 -1.000000e+00 5.324840e-01 -1.000000e+00 0.000000e+00 -9.990070e+05 3.000000e+00 -1.000000e+00 -1.000000e+00 5.750000e+02 6.618968e-01 0.000000e+00 0.000000e+00 -1.000000e+00 1.771419e-01 -1.000000e+00 -9.990070e+05 1.771419e-01 9.179588e-01 9.819788e-01 -1.000000e+00 -1.000000e+00 -1.000000e+00 -1.0 0.000000e+00 7.070664e-01
-1.000000e+00 -1.000000e+00 0.000000e+00 -1.000000e+00 -1.000000e+00 0.000000e+00 8.480255e-01 -1.000000e+00 0.000000e+00 3.250000e+02 -1.000000e+00 0.000000e+00 9.250000e+02 -1.000000e+00 -1.000000e+00 6.242959e-01 -1.000000e+00 0.000000e+00 -9.990070e+05 3.000000e+00 -1.000000e+00 -1.000000e+00 6.250000e+02 7.355668e-01 0.000000e+00 0.000000e+00 -1.000000e+00 1.959742e-01 -1.000000e+00 -9.990070e+05 1.959742e-01 9.396371e-01 9.871834e-01 -1.000000e+00 -1.000000e+00 -1.000000e+00 -1.0 0.000000e+00 7.739870e-01
-1.000000e+00 -1.000000e+00 0.000000e+00 -1.000000e+00 -1.000000e+00 0.000000e+00 9.020010e-01 -1.000000e+00 0.000000e+00 4.250000e+02 -1.000000e+00 0.000000e+00 9.250000e+02 -1.000000e+00 -1.000000e+00 7.415920e-01 -1.000000e+00 0.000000e+00 -9.990070e+05 3.000000e+00 -1.000000e+00 -1.000000e+00 6.750000e+02 8.237377e-01 0.000000e+00 0.000000e+00 -1.000000e+00 2.163318e-01 -1.000000e+00 -9.990070e+05 2.163318e-01 9.624120e-01 9.923069e-01 -1.000000e+00 -1.000000e+00 -1.000000e+00 -1.0 0.000000e+00 8.512197e-01
-1.000000e+00 -1.000000e+00 0.000000e+00 -1.000000e+00 -1.000000e+00 0.000000e+00 9.533798e-01 -1.000000e+00 0.000000e+00 5.250000e+02 -1.000000e+00 0.000000e+00 9.250000e+02 -1.000000e+00 -1.000000e+00 8.691313e-01 -1.000000e+00 0.000000e+00 -9.990070e+05 3.000000e+00 -1.000000e+00 -1.000000e+00 7.250000e+02 9.134408e-01 0.000000e+00 0.000000e+00 -1.000000e+00 2.410665e-01 -1.000000e+00 -9.990070e+05 2.410665e-01 9.826948e-01 9.965756e-01 -1.000000e+00 -1.000000e+00 -1.000000e+00 -1.0 0.000000e+00 9.284149e-01
-1.000000e+00 -1.000000e+00 0.000000e+00 -1.000000e+00 -1.000000e+00 0.000000e+00 9.777666e-01 -1.000000e+00 0.000000e+00 6.250000e+02 -1.000000e+00 0.000000e+00 9.250000e+02 -1.000000e+00 -1.000000e+00 9.356785e-01 -1.000000e+00 0.000000e+00 -9.990070e+05 3.000000e+00 -1.000000e+00 -1.000000e+00 7.750000e+02 9.580882e-01 0.000000e+00 0.000000e+00 -1.000000e+00 2.536256e-01 -1.000000e+00 -9.990070e+05 2.536256e-01 9.918732e-01 9.984168e-01 -1.000000e+00 -1.000000e+00 -1.000000e+00 -1.0 0.000000e+00 9.657105e-01
