-1.000000e+00 -1.000000e+00 0.000000e+00 -1.000000e+00 -1.000000e+00 0.000000e+00 3.738406e-01 -1.000000e+00 0.000000e+00 1.250000e+02 -1.000000e+00 0.000000e+00 1.025000e+03 -1.000000e+00 -1.000000e+00 8.485612e-02 -1.000000e+00 0.000000e+00 -9.990070e+05 3.000000e+00 -1.000000e+00 -1.000000e+00 5.750000e+02 1.854692e-01 0.000000e+00 0.000000e+00 -1.000000e+00 1.013949e-02 -1.000000e+00 -9.990070e+05 1.013949e-02 6.466694e-01 8.868261e-01 -1.000000e+00 -1.000000e+00 -1.000000e+00 -1.0 0.000000e+00 1.332490e-01
-1.000000e+00 -1.000000e+00 0.000000e+00 -1.000000e+00 -1.000000e+00 0.000000e+00 4.021456e-01 -1.000000e+00 0.000000e+00 2.250000e+02 -1.000000e+00 0.000000e+00 1.025000e+03 -1.000000e+00 -1.000000e+00 9.983741e-02 -1.000000e+00 0.000000e+00 -9.990070e+05 3.000000e+00 -1.000000e+00 -1.000000e+00 6.250000e+02 2.082898e-01 0.000000e+00 0.000000e+00 -1.000000e+00 1.148640e-02 -1.000000e+00 -9.990070e+05 1.148640e-02 6.708637e-01 8.978500e-01 -1.000000e+00 -1.000000e+00 -1.000000e+00 -1.0 0.000000e+00 1.521616e-01
-1.000000e+00 -1.000000e+00 0.000000e+00 -1.000000e+00 -1.000000e+00 0.000000e+00 4.944175e-01 -1.000000e+00 0.000000e+00 3.250000e+02 -1.000000e+00 0.000000e+00 1.025000e+03 -1.000000e+00 -1.000000e+00 1.602180e-01 -1.000000e+00 0.000000e+00 -9.990070e+05 3.000000e+00 -1.000000e+00 -1.000000e+00 6.750000e+02 2.909361e-01 0.000000e+00 0.000000e+00 -1.000000e+00 1.642877e-02 -1.000000e+00 -9.990070e+05 1.642877e-02 7.419842e-01 9.271226e-01 -1.000000e+00 -1.000000e+00 -1.000000e+00 -1.0 0.000000e+00 2.236522e-01
-1.000000e+00 -1.000000e+00 0.000000e+00 -1.000000e+00 -1.000000e+00 0.000000e+00 6.443026e-01 -1.000000e+00 0.000000e+00 4.250000e+02 -1.000000e+00 0.000000e+00 1.025000e+03 -1.000000e+00 -1.000000e+00 3.039182e-01 -1.000000e+00 0.000000e+00 -9.990070e+05 3.000000e+00 -1.000000e+00 -1.000000e+00 7.250000e+02 4.532651e-01 0.000000e+00 0.000000e+00 -1.000000e+00 2.665343e-02 -1.000000e+00 -9.990070e+05 2.665343e-02 8.377279e-01 9.598501e-01 -1.000000e+00 -1.000000e+00 -1.000000e+00 -1.0 0.000000e+00 3.770928e-01
-1.000000e+00 -1.000000e+00 0.000000e+00 -1.000000e+00 -1.000000e+00 0.000000e+00 7.819897e-01 -1.000000e+00 0.000000e+00 5.250000e+02 -1.000000e+00 0.000000e+00 1.025000e+03 -1.000000e+00 -1.000000e+00 5.011515e-01 -1.000000e+00 0.000000e+00 -9.990070e+05 3.000000e+00 -1.000000e+00 -1.000000e+00 7.750000e+02 6.356506e-01 0.000000e+00 0.000000e+00 -1.000000e+00 3.931157e-02 -1.000000e+00 -9.990070e+05 3.931157e-02 9.095485e-01 9.798726e-01 -1.000000e+00 -1.000000e+00 -1.000000e+00 -1.0 0.000000e+00 5.683362e-01
-1.000000e+00 -1.000000e+00 0.000000e+00 -1.000000e+00 -1.000000e+00 0.000000e+00 8.949958e-01 -1.000000e+00 0.000000e+00 6.250000e+02 -1.000000e+00 0.000000e+00 1.025000e+03 -1.000000e+00 -1.000000e+00 7.254473e-01 -1.000000e+00 0.000000e+00 -9.990070e+05 3.000000e+00 -1.000000e+00 -1.000000e+00 8.250000e+02 8.119509e-01 0.000000e+00 0.000000e+00 -1.000000e+00 5.209370e-02 -1.000000e+00 -9.990070e+05 5.209370e-02 9.595434e-01 9.916809e-01 -1.000000e+00 -1.000000e+00 -1.000000e+00 -1.0 0.000000e+00 7.691157e-01
-1.000000e+00 -1.000000e+00 0.000000e+00 -1.000000e+00 -1.000000e+00 0.000000e+00 6.033129e-01 -1.000000e+00 0.000000e+00 2.500000e+01 -1.000000e+00 0.000000e+00 2.250000e+02 -1.000000e+00 -1.000000e+00 2.581834e-01 -1.000000e+00 0.000000e+00 -9.990070e+05 3.000000e+00 -1.000000e+00 -1.000000e+00 1.250000e+02 4.052840e-01 1.000000e+00 0.000000e+00 -1.000000e+00 5.000000e-01 -1.000000e+00 -9.990070e+05 5.000000e-01 8.135945e-01 9.522755e-01 -1.000000e+00 -1.000000e+00 -1.000000e+00 -1.0 0.000000e+00 7.159800e-01
-1.000000e+00 -1.000000e+00 0.000000e+00 -1.000000e+00 -1.000000e+00 0.000000e+00 5.362257e-01 -1.000000e+00 0.000000e+00 7.500000e+01 -1.000000e+00 0.000000e+00 2.250000e+02 -1.000000e+00 -1.000000e+00 1.940854e-01 -1.000000e+00 0.000000e+00 -9.990070e+05 3.000000e+00 -1.000000e+00 -1.000000e+00 1.500000e+02 3.326341e-01 0.000000e+00 0.000000e+00 -1.000000e+00 8.361245e-02 -1.000000e+00 -9.990070e+05 8.361245e-02 7.708761e-01 9.377670e-01 -1.000000e+00 -1.000000e+00 -1.000000e+00 -1.0 0.000000e+00 3.752172e-01
-1.000000e+00 -1.000000e+00 0.000000e+00 -1.000000e+00 -1.000000e+00 0.000000e+00 5.714736e-01 -1.000000e+00 0.000000e+00 1.250000e+02 -1.000000e+00 0.000000e+00 2.250000e+02 -1.000000e+00 -1.000000e+00 2.261825e-01 -1.000000e+00 0.000000e+00 -9.990070e+05 3.000000e+00 -1.000000e+00 -1.000000e+00 1.750000e+02 3.699093e-01 0.000000e+00 0.000000e+00 -1.000000e+00 1.977765e-01 -1.000000e+00 -9.990070e+05 1.977765e-01 7.938463e-01 9.457465e-01 -1.000000e+00 -1.000000e+00 -1.000000e+00 -1.0 0.000000e+00 5.093167e-01
-1.000000e+00 -1.000000e+00 0.000000e+00 -1.000000e+00 -1.000000e+00 0.000000e+00 3.854561e-01 -1.000000e+00 0.000000e+00 1.750000e+02 -1.000000e+00 0.000000e+00 2.250000e+02 -1.000000e+00 -1.000000e+00 9.081770e-02 -1.000000e+00 0.000000e+00 -9.990070e+05 3.000000e+00 -1.000000e+00 -1.000000e+00 2.000000e+02 1.946920e-01 0.000000e+00 0.000000e+00 -1.000000e+00 5.547113e-02 -1.000000e+00 -9.990070e+05 5.547113e-02 6.567492e-01 8.914880e-01 -1.000000e+00 -1.000000e+00 -1.000000e+00 -1.0 0.000000e+00 2.371642e-01
-1.000000e+00 -1.000000e+00 0.000000e+00 -1.000000e+00 -1.000000e+00 0.000000e+00 7.425471e-01 -1.000000e+00 0.000000e+00 2.500000e+01 -1.000000e+00 0.000000e+00 3.250000e+02 -1.000000e+00 -1.000000e+00 4.370637e-01 -1.000000e+00 0.000000e+00 -9.990070e+05 3.000000e+00 -1.000000e+00 -1.000000e+00 1.750000e+02 5.799331e-01 0.000000e+00 0.000000e+00 -1.000000e+00 4.913087e-02 -1.000000e+00 -9.990070e+05 4.913087e-02 8.903064e-01 9.748687e-01 -1.000000e+00 -1.000000e+00 -1.000000e+00 -1.0 0.000000e+00 5.305182e-01
-1.000000e+00 -1.000000e+00 0.000000e+00 -1.000000e+00 -1.000000e+00 0.000000e+00 8.744162e-01 -1.000000e+00 0.000000e+00 1.250000e+02 -1.000000e+00 0.000000e+00 3.250000e+02 -1.000000e+00 -1.000000e+00 6.796405e-01 -1.000000e+00 0.000000e+00 -9.990070e+05 3.000000e+00 -1.000000e+00 -1.000000e+00 2.250000e+02 7.779225e-01 1.000000e+00 0.000000e+00 -1.000000e+00 5.000000e-01 -1.000000e+00 -9.990070e+05 5.000000e-01 9.509676e-01 9.897762e-01 -1.000000e+00 -1.000000e+00 -1.000000e+00 -1.0 0.000000e+00 8.884278e-01
-1.000000e+00 -1.000000e+00 0.000000e+00 -1.000000e+00 -1.000000e+00 0.000000e+00 3.012721e-01 -1.000000e+00 0.000000e+00 2.250000e+02 -1.000000e+00 0.000000e+00 3.250000e+02 -1.000000e+00 -1.000000e+00 5.309136e-02 -1.000000e+00 0.000000e+00 -9.990070e+05 3.000000e+00 -1.000000e+00 -1.000000e+00 2.750000e+02 1.323023e-01 0.000000e+00 0.000000e+00 -1.000000e+00 1.504518e-02 -1.000000e+00 -9.990070e+05 1.504518e-02 5.783057e-01 8.524438e-01 -1.000000e+00 -1.000000e+00 -1.000000e+00 -1.0 0.000000e+00 1.174048e-01
-1.000000e+00 -1.000000e+00 0.000000e+00 -1.000000e+00 -1.000000e+00 0.000000e+00 9.850347e-01 -1.000000e+00 0.000000e+00 2.750000e+02 -1.000000e+00 0.000000e+00 3.250000e+02 -1.000000e+00 -1.000000e+00 9.563121e-01 -1.000000e+00 0.000000e+00 -9.990070e+05 3.000000e+00 -1.000000e+00 -1.000000e+00 3.000000e+02 9.716609e-01 0.000000e+00 0.000000e+00 -1.000000e+00 4.866815e-01 -1.000000e+00 -9.990070e+05 4.866815e-01 9.945548e-01 9.989441e-01 -1.000000e+00 -1.000000e+00 -1.000000e+00 -1.0 0.000000e+00 9.848616e-01
-1.000000e+00 -1.000000e+00 0.000000e+00 -1.000000e+00 -1.000000e+00 0.000000e+00 2.400802e-01 -1.000000e+00 0.000000e+00 3.050000e+02 -1.000000e+00 0.000000e+00 3.250000e+02 -1.000000e+00 -1.000000e+00 3.295515e-02 -1.000000e+00 0.000000e+00 -9.990070e+05 3.000000e+00 -1.000000e+00 -1.000000e+00 3.150000e+02 9.342938e-02 0.000000e+00 0.000000e+00 -1.000000e+00 5.959435e-03 -1.000000e+00 -9.990070e+05 5.959435e-03 5.118279e-01 8.138909e-01 -1.000000e+00 -1.000000e+00 -1.000000e+00 -1.0 0.000000e+00 6.609610e-02
-1.000000e+00 -1.000000e+00 0.000000e+00 -1.000000e+00 -1.000000e+00 0.000000e+00 2.851865e-01 -1.000000e+00 0.000000e+00 2.500000e+01 -1.000000e+00 0.000000e+00 4.250000e+02 -1.000000e+00 -1.000000e+00 4.724437e-02 -1.000000e+00 0.000000e+00 -9.990070e+05 3.000000e+00 -1.000000e+00 -1.000000e+00 2.250000e+02 1.215542e-01 0.000000e+00 0.000000e+00 -1.000000e+00 8.014453e-03 -1.000000e+00 -9.990070e+05 8.014453e-03 5.617175e-01 8.433261e-01 -1.000000e+00 -1.000000e+00 -1.000000e+00 -1.0 0.000000e+00 8.885068e-02
-1.000000e+00 -1.000000e+00 0.000000e+00 -1.000000e+00 -1.000000e+00 0.000000e+00 2.871766e-01 -1.000000e+00 0.000000e+00 1.250000e+02 -1.000000e+00 0.000000e+00 4.250000e+02 -1.000000e+00 -1.000000e+00 4.794561e-02 -1.000000e+00 0.000000e+00 -9.990070e+05 3.000000e+00 -1.000000e+00 -1.000000e+00 2.750000e+02 1.228635e-01 0.000000e+00 0.000000e+00 -1.000000e+00 8.313138e-03 -1.000000e+00 -9.990070e+05 8.313138e-03 5.638014e-01 8.444892e-01 -1.000000e+00 -1.000000e+00 -1.000000e+00 -1.0 0.000000e+00 9.068425e-02
-1.000000e+00 -1.000000e+00 0.000000e+00 -1.000000e+00 -1.000000e+00 0.000000e+00 4.803586e-01 -1.000000e+00 0.000000e+00 2.250000e+02 -1.000000e+00 0.000000e+00 4.250000e+02 -1.000000e+00 -1.000000e+00 1.497909e-01 -1.000000e+00 0.000000e+00 -9.990070e+05 3.000000e+00 -1.000000e+00 -1.000000e+00 3.250000e+02 2.775172e-01 0.000000e+00 0.000000e+00 -1.000000e+00 1.674957e-02 -1.000000e+00 -9.990070e+05 1.674957e-02 7.318353e-01 9.232179e-01 -1.000000e+00 -1.000000e+00 -1.000000e+00 -1.0 0.000000e+00 2.154098e-01
-1.000000e+00 -1.000000e+00 0.000000e+00 -1.000000e+00 -1.000000e+00 0.000000e+00 5.975518e-01 -1.000000e+00 0.000000e+00 3.250000e+02 -1.000000e+00 0.000000e+00 4.250000e+02 -1.000000e+00 -1.000000e+00 2.521723e-01 -1.000000e+00 0.000000e+00 -9.990070e+05 3.000000e+00 -1.000000e+00 -1.000000e+00 3.750000e+02 3.987618e-01 0.000000e+00 0.000000e+00 -1.000000e+00 2.737131e-02 -1.000000e+00 -9.990070e+05 2.737131e-02 8.100884e-01 9.511383e-01 -1.000000e+00 -1.000000e+00 -1.000000e+00 -1.0 0.000000e+00 3.345654e-01
-1.000000e+00 -1.000000e+00 0.000000e+00 -1.000000e+00 -1.000000e+00 0.000000e+00 7.578000e-01 -1.000000e+00 0.000000e+00 4.050000e+02 -1.000000e+00 0.000000e+00 4.250000e+02 -1.000000e+00 -1.000000e+00 4.610635e-01 -1.000000e+00 0.000000e+00 -9.990070e+05 3.000000e+00 -1.000000e+00 -1.000000e+00 4.150000e+02 6.011383e-01 0.000000e+00 0.000000e+00 -1.000000e+00 4.159658e-02 -1.000000e+00 -9.990070e+05 4.159658e-02 8.978660e-01 9.768655e-01 -1.000000e+00 -1.000000e+00 -1.000000e+00 -1.0 0.000000e+00 5.387352e-01
-1.000000e+00 -1.000000e+00 0.000000e+00 -1.000000e+00 -1.000000e+00 0.000000e+00 8.023231e-02 -1.000000e+00 0.000000e+00 2.500000e+01 -1.000000e+00 0.000000e+00 5.250000e+02 -1.000000e+00 -1.000000e+00 3.896697e-03 -1.000000e+00 0.000000e+00 -9.990070e+05 3.000000e+00 -1.000000e+00 -1.000000e+00 2.750000e+02 1.881925e-02 0.000000e+00 0.000000e+00 -1.000000e+00 1.025599e-03 -1.000000e+00 -9.990070e+05 1.025599e-03 2.695996e-01 6.129053e-01 -1.000000e+00 -1.000000e+00 -1.000000e+00 -1.0 0.000000e+00 1.124512e-02
-1.000000e+00 -1.000000e+00 0.000000e+00 -1.000000e+00 -1.000000e+00 0.000000e+00 2.901063e-01 -1.000000e+00 0.000000e+00 1.250000e+02 -1.000000e+00 0.000000e+00 5.250000e+02 -1.000000e+00 -1.000000e+00 4.898929e-02 -1.000000e+00 0.000000e+00 -9.990070e+05 3.000000e+00 -1.000000e+00 -1.000000e+00 3.250000e+02 1.248016e-01 0.000000e+00 0.000000e+00 -1.000000e+00 7.248098e-03 -1.000000e+00 -9.990070e+05 7.248098e-03 5.668529e-01 8.461830e-01 -1.000000e+00 -1.000000e+00 -1.000000e+00 -1.0 0.000000e+00 8.759502e-02
-1.000000e+00 -1.000000e+00 0.000000e+00 -1.000000e+00 -1.000000e+00 0.000000e+00 4.057816e-01 -1.000000e+00 0.000000e+00 2.250000e+02 -1.000000e+00 0.000000e+00 5.250000e+02 -1.000000e+00 -1.000000e+00 1.018751e-01 -1.000000e+00 0.000000e+00 -9.990070e+05 3.000000e+00 -1.000000e+00 -1.000000e+00 3.750000e+02 2.113066e-01 0.000000e+00 0.000000e+00 -1.000000e+00 1.213859e-02 -1.000000e+00 -9.990070e+05 1.213859e-02 6.738831e-01 8.991863e-01 -1.000000e+00 -1.000000e+00 -1.000000e+00 -1.0 0.000000e+00 1.564170e-01
-1.000000e+00 -1.000000e+00 0.000000e+00 -1.000000e+00 -1.000000e+00 0.000000e+00 5.669679e-01 -1.000000e+00 0.000000e+00 3.250000e+02 -1.000000e+00 0.000000e+00 5.250000e+02 -1.000000e+00 -1.000000e+00 2.218895e-01 -1.000000e+00 0.000000e+00 -9.990070e+05 3.000000e+00 -1.000000e+00 -1.000000e+00 4.250000e+02 3.650348e-01 0.000000e+00 0.000000e+00 -1.000000e+00 2.150230e-02 -1.000000e+00 -9.990070e+05 2.150230e-02 7.909767e-01 9.447725e-01 -1.000000e+00 -1.000000e+00 -1.000000e+00 -1.0 0.000000e+00 2.930663e-01
-1.000000e+00 -1.000000e+00 0.000000e+00 -1.000000e+00 -1.000000e+00 0.000000e+00 7.328353e-01 -1.000000e+00 0.000000e+00 4.250000e+02 -1.000000e+00 0.000000e+00 5.250000e+02 -1.000000e+00 -1.000000e+00 4.222792e-01 -1.000000e+00 0.000000e+00 -9.990070e+05 3.000000e+00 -1.000000e+00 -1.000000e+00 4.750000e+02 5.666524e-01 0.000000e+00 0.000000e+00 -1.000000e+00 3.505658e-02 -1.000000e+00 -9.990070e+05 3.505658e-02 8.854131e-01 9.735547e-01 -1.000000e+00 -1.000000e+00 -1.000000e+00 -1.0 0.000000e+00 4.951151e-01
-1.000000e+00 -1.000000e+00 0.000000e+00 -1.000000e+00 -1.000000e+00 0.000000e+00 8.644393e-01 -1.000000e+00 0.000000e+00 4.750000e+02 -1.000000e+00 0.000000e+00 5.250000e+02 -1.000000e+00 -1.000000e+00 6.582796e-01 -1.000000e+00 0.000000e+00 -9.990070e+05 3.000000e+00 -1.000000e+00 -1.000000e+00 5.000000e+02 7.617427e-01 0.000000e+00 0.000000e+00 -1.000000e+00 4.846848e-02 -1.000000e+00 -9.990070e+05 4.846848e-02 9.467288e-01 9.888164e-01 -1.000000e+00 -1.000000e+00 -1.000000e+00 -1.0 0.000000e+00 7.104489e-01
-1.000000e+00 -1.000000e+00 0.000000e+00 -1.000000e+00 -1.000000e+00 0.000000e+00 9.182416e-01 -1.000000e+00 0.000000e+00 5.050000e+02 -1.000000e+00 0.000000e+00 5.250000e+02 -1.000000e+00 -1.000000e+00 7.801376e-01 -1.000000e+00 0.000000e+00 -9.990070e+05 3.000000e+00 -1.000000e+00 -1.000000e+00 5.150000e+02 8.514676e-01 0.000000e+00 0.000000e+00 -1.000000e+00 5.622033e-02 -1.000000e+00 -9.990070e+05 5.622033e-02 9.689657e-01 9.937164e-01 -1.000000e+00 -1.000000e+00 -1.000000e+00 -1.0 0.000000e+00 8.169687e-01
-1.000000e+00 -1.000000e+00 0.000000e+00 -1.000000e+00 -1.000000e+00 0.000000e+00 1.974118e-01 -1.000000e+00 0.000000e+00 2.500000e+01 -1.000000e+00 0.000000e+00 6.250000e+02 -1.000000e+00 -1.000000e+00 2.210055e-02 -1.000000e+00 0.000000e+00 -9.990070e+05 3.000000e+00 -1.000000e+00 -1.000000e+00 3.250000e+02 6.959001e-02 0.000000e+00 0.000000e+00 -1.000000e+00 3.852205e-03 -1.000000e+00 -9.990070e+05 3.852205e-03 4.591528e-01 7.791969e-01 -1.000000e+00 -1.000000e+00 -1.000000e+00 -1.0 0.000000e+00 4.561930e-02
-1.000000e+00 -1.000000e+00 0.000000e+00 -1.000000e+00 -1.000000e+00 0.000000e+00 1.371421e-01 -1.000000e+00 0.000000e+00 1.250000e+02 -1.000000e+00 0.000000e+00 6.250000e+02 -1.000000e+00 -1.000000e+00 1.075493e-02 -1.000000e+00 0.000000e+00 -9.990070e+05 3.000000e+00 -1.000000e+00 -1.000000e+00 3.750000e+02 4.065418e-02 0.000000e+00 0.000000e+00 -1.000000e+00 2.135465e-03 -1.000000e+00 -9.990070e+05 2.135465e-03 3.723800e-01 7.124000e-01 -1.000000e+00 -1.000000e+00 -1.000000e+00 -1.0 0.000000e+00 2.506357e-02
-1.000000e+00 -1.000000e+00 0.000000e+00 -1.000000e+00 -1.000000e+00 0.000000e+00 4.101072e-01 -1.000000e+00 0.000000e+00 2.250000e+02 -1.000000e+00 0.000000e+00 6.250000e+02 -1.000000e+00 -1.000000e+00 1.043336e-01 -1.000000e+00 0.000000e+00 -9.990070e+05 3.000000e+00 -1.000000e+00 -1.000000e+00 4.250000e+02 2.149209e-01 0.000000e+00 0.000000e+00 -1.000000e+00 1.197220e-02 -1.000000e+00 -9.990070e+05 1.197220e-02 6.774499e-01 9.007537e-01 -1.000000e+00 -1.000000e+00 -1.000000e+00 -1.0 0.000000e+00 1.580672e-01
-1.000000e+00 -1.000000e+00 0.000000e+00 -1.000000e+00 -1.000000e+00 0.000000e+00 6.532277e-01 -1.000000e+00 0.000000e+00 3.250000e+02 -1.000000e+00 0.000000e+00 6.250000e+02 -1.000000e+00 -1.000000e+00 3.145939e-01 -1.000000e+00 0.000000e+00 -9.990070e+05 3.000000e+00 -1.000000e+00 -1.000000e+00 4.750000e+02 4.640837e-01 0.000000e+00 0.000000e+00 -1.000000e+00 2.761408e-02 -1.000000e+00 -9.990070e+05 2.761408e-02 8.428011e-01 9.613870e-01 -1.000000e+00 -1.000000e+00 -1.000000e+00 -1.0 0.000000e+00 3.884926e-01
-1.000000e+00 -1.000000e+00 0.000000e+00 -1.000000e+00 -1.000000e+00 0.000000e+00 7.934841e-01 -1.000000e+00 0.000000e+00 4.250000e+02 -1.000000e+00 0.000000e+00 6.250000e+02 -1.000000e+00 -1.000000e+00 5.211055e-01 -1.000000e+00 0.000000e+00 -9.990070e+05 3.000000e+00 -1.000000e+00 -1.000000e+00 5.250000e+02 6.524357e-01 0.000000e+00 0.000000e+00 -1.000000e+00 4.145163e-02 -1.000000e+00 -9.990070e+05 4.145163e-02 9.149720e-01 9.812364e-01 -1.000000e+00 -1.000000e+00 -1.000000e+00 -1.0 0.000000e+00 5.882110e-01
-1.000000e+00 -1.000000e+00 0.000000e+00 -1.000000e+00 -1.000000e+00 0.000000e+00 8.427662e-01 -1.000000e+00 0.000000e+00 5.250000e+02 -1.000000e+00 0.000000e+00 6.250000e+02 -1.000000e+00 -1.000000e+00 6.137046e-01 -1.000000e+00 0.000000e+00 -9.990070e+05 3.000000e+00 -1.000000e+00 -1.000000e+00 5.750000e+02 7.272949e-01 0.000000e+00 0.000000e+00 -1.000000e+00 4.594042e-02 -1.000000e+00 -9.990070e+05 4.594042e-02 9.373333e-01 9.866456e-01 -1.000000e+00 -1.000000e+00 -1.000000e+00 -1.0 0.000000e+00 6.708521e-01
-1.000000e+00 -1.000000e+00 0.000000e+00 -1.000000e+00 -1.000000e+00 0.000000e+00 9.631661e-01 -1.000000e+00 0.000000e+00 5.750000e+02 -1.000000e+00 0.000000e+00 6.250000e+02 -1.000000e+00 -1.000000e+00 8.953483e-01 -1.000000e+00 0.000000e+00 -9.990070e+05 3.000000e+00 -1.000000e+00 -1.000000e+00 6.000000e+02 9.311938e-01 0.000000e+00 0.000000e+00 -1.000000e+00 6.771027e-02 -1.000000e+00 -9.990070e+05 6.771027e-02 9.864118e-01 9.973280e-01 -1.000000e+00 -1.000000e+00 -1.000000e+00 -1.0 0.000000e+00 9.154382e-01
-1.000000e+00 -1.000000e+00 0.000000e+00 -1.000000e+00 -1.000000e+00 0.000000e+00 9.422429e-01 -1.000000e+00 0.000000e+00 6.050000e+02 -1.000000e+00 0.000000e+00 6.250000e+02 -1.000000e+00 -1.000000e+00 8.400696e-01 -1.000000e+00 0.000000e+00 -9.990070e+05 3.000000e+00 -1.000000e+00 -1.000000e+00 6.150000e+02 8.935016e-01 0.000000e+00 0.000000e+00 -1.000000e+00 6.216746e-02 -1.000000e+00 -9.990070e+05 6.216746e-02 9.784089e-01 9.956966e-01 -1.000000e+00 -1.000000e+00 -1.000000e+00 -1.0 0.000000e+00 8.689254e-01
-1.000000e+00 -1.000000e+00 0.000000e+00 -1.000000e+00 -1.000000e+00 0.000000e+00 1.132046e-01 -1.000000e+00 0.000000e+00 2.500000e+01 -1.000000e+00 0.000000e+00 7.250000e+02 -1.000000e+00 -1.000000e+00 7.438073e-03 -1.000000e+00 0.000000e+00 -9.990070e+05 3.000000e+00 -1.000000e+00 -1.000000e+00 3.750000e+02 3.078227e-02 0.000000e+00 0.000000e+00 -1.000000e+00 1.596027e-03 -1.000000e+00 -9.990070e+05 1.596027e-03 3.323564e-01 6.767077e-01 -1.000000e+00 -1.000000e+00 -1.000000e+00 -1.0 0.000000e+00 1.851967e-02
-1.000000e+00 -1.000000e+00 0.000000e+00 -1.000000e+00 -1.000000e+00 0.000000e+00 1.764725e-01 -1.000000e+00 0.000000e+00 1.250000e+02 -1.000000e+00 0.000000e+00 7.250000e+02 -1.000000e+00 -1.000000e+00 1.765223e-02 -1.000000e+00 0.000000e+00 -9.990070e+05 3.000000e+00 -1.000000e+00 -1.000000e+00 4.250000e+02 5.889509e-02 0.000000e+00 0.000000e+00 -1.000000e+00 3.202019e-03 -1.000000e+00 -9.990070e+05 3.202019e-03 4.308972e-01 7.588702e-01 -1.000000e+00 -1.000000e+00 -1.000000e+00 -1.0 0.000000e+00 3.783977e-02
-1.000000e+00 -1.000000e+00 0.000000e+00 -1.000000e+00 -1.000000e+00 0.000000e+00 3.041886e-01 -1.000000e+00 0.000000e+00 2.250000e+02 -1.000000e+00 0.000000e+00 7.250000e+02 -1.000000e+00 -1.000000e+00 5.419569e-02 -1.000000e+00 0.000000e+00 -9.990070e+05 3.000000e+00 -1.000000e+00 -1.000000e+00 4.750000e+02 1.342914e-01 0.000000e+00 0.000000e+00 -1.000000e+00 7.340113e-03 -1.000000e+00 -9.990070e+05 7.340113e-03 5.812522e-01 8.540302e-01 -1.000000e+00 -1.000000e+00 -1.000000e+00 -1.0 0.000000e+00 9.306027e-02
-1.000000e+00 -1.000000e+00 0.000000e+00 -1.000000e+00 -1.000000e+00 0.000000e+00 6.332865e-01 -1.000000e+00 0.000000e+00 3.250000e+02 -1.000000e+00 0.000000e+00 7.250000e+02 -1.000000e+00 -1.000000e+00 2.911026e-01 -1.000000e+00 0.000000e+00 -9.990070e+05 3.000000e+00 -1.000000e+00 -1.000000e+00 5.250000e+02 4.400962e-01 0.000000e+00 0.000000e+00 -1.000000e+00 2.618133e-02 -1.000000e+00 -9.990070e+05 2.618133e-02 8.313785e-01 9.578997e-01 -1.000000e+00 -1.000000e+00 -1.000000e+00 -1.0 0.000000e+00 3.650032e-01
-1.000000e+00 -1.000000e+00 0.000000e+00 -1.000000e+00 -1.000000e+00 0.000000e+00 7.501206e-01 -1.000000e+00 0.000000e+00 4.250000e+02 -1.000000e+00 0.000000e+00 7.250000e+02 -1.000000e+00 -1.000000e+00 4.488596e-01 -1.000000e+00 0.000000e+00 -9.990070e+05 3.000000e+00 -1.000000e+00 -1.000000e+00 5.750000e+02 5.904088e-01 0.000000e+00 0.000000e+00 -1.000000e+00 3.633452e-02 -1.000000e+00 -9.990070e+05 3.633452e-02 8.940790e-01 9.758702e-01 -1.000000e+00 -1.000000e+00 -1.000000e+00 -1.0 0.000000e+00 5.196946e-01
-1.000000e+00 -1.000000e+00 0.000000e+00 -1.000000e+00 -1.000000e+00 0.000000e+00 9.364617e-01 -1.000000e+00 0.000000e+00 5.250000e+02 -1.000000e+00 0.000000e+00 7.250000e+02 -1.000000e+00 -1.000000e+00 8.253011e-01 -1.000000e+00 0.000000e+00 -9.990070e+05 3.000000e+00 -1.000000e+00 -1.000000e+00 6.250000e+02 8.832605e-01 0.000000e+00 0.000000e+00 -1.000000e+00 6.280657e-02 -1.000000e+00 -9.990070e+05 6.280657e-02 9.761603e-01 9.952305e-01 -1.000000e+00 -1.000000e+00 -1.000000e+00 -1.0 0.000000e+00 8.572794e-01
-1.000000e+00 -1.000000e+00 0.000000e+00 -1.000000e+00 -1.000000e+00 0.000000e+00 9.815162e-01 -1.000000e+00 0.000000e+00 6.250000e+02 -1.000000e+00 0.000000e+00 7.250000e+02 -1.000000e+00 -1.000000e+00 9.462764e-01 -1.000000e+00 0.000000e+00 -9.990070e+05 3.000000e+00 -1.000000e+00 -1.000000e+00 6.750000e+02 9.650749e-01 0.000000e+00 0.000000e+00 -1.000000e+00 6.631447e-02 -1.000000e+00 -9.990070e+05 6.631447e-02 9.932597e-01 9.986900e-01 -1.000000e+00 -1.000000e+00 -1.000000e+00 -1.0 0.000000e+00 9.562246e-01
-1.000000e+00 -1.000000e+00 0.000000e+00 -1.000000e+00 -1.000000e+00 0.000000e+00 9.893681e-01 -1.000000e+00 0.000000e+00 6.750000e+02 -1.000000e+00 0.000000e+00 7.250000e+02 -1.000000e+00 -1.000000e+00 9.687942e-01 -1.000000e+00 0.000000e+00 -9.990070e+05 3.000000e+00 -1.000000e+00 -1.000000e+00 7.000000e+02 9.798121e-01 0.000000e+00 0.000000e+00 -1.000000e+00 9.128024e-02 -1.000000e+00 -9.990070e+05 9.128024e-02 9.961420e-01 9.992539e-01 -1.000000e+00 -1.000000e+00 -1.000000e+00 -1.0 0.000000e+00 9.764006e-01
-1.000000e+00 -1.000000e+00 0.000000e+00 -1.000000e+00 -1.000000e+00 0.000000e+00 1.562011e-01 -1.000000e+00 0.000000e+00 2.500000e+01 -1.000000e+00 0.000000e+00 8.250000e+02 -1.000000e+00 -1.000000e+00 1.386614e-02 -1.000000e+00 0.000000e+00 -9.990070e+05 3.000000e+00 -1.000000e+00 -1.000000e+00 4.250000e+02 4.918713e-02 0.000000e+00 0.000000e+00 -1.000000e+00 2.564011e-03 -1.000000e+00 -9.990070e+05 2.564011e-03 4.017218e-01 7.364837e-01 -1.000000e+00 -1.000000e+00 -1.000000e+00 -1.0 0.000000e+00 3.065073e-02
-1.000000e+00 -1.000000e+00 0.000000e+00 -1.000000e+00 -1.000000e+00 0.000000e+00 1.527698e-01 -1.000000e+00 0.000000e+00 1.250000e+02 -1.000000e+00 0.000000e+00 8.250000e+02 -1.000000e+00 -1.000000e+00 1.327443e-02 -1.000000e+00 0.000000e+00 -9.990070e+05 3.000000e+00 -1.000000e+00 -1.000000e+00 4.750000e+02 4.760789e-02 0.000000e+00 0.000000e+00 -1.000000e+00 2.481388e-03 -1.000000e+00 -9.990070e+05 2.481388e-03 3.965850e-01 7.323853e-01 -1.000000e+00 -1.000000e+00 -1.000000e+00 -1.0 0.000000e+00 2.959274e-02
-1.000000e+00 -1.000000e+00 0.000000e+00 -1.000000e+00 -1.000000e+00 0.000000e+00 3.150650e-01 -1.000000e+00 0.000000e+00 2.250000e+02 -1.000000e+00 0.000000e+00 8.250000e+02 -1.000000e+00 -1.000000e+00 5.843612e-02 -1.000000e+00 0.000000e+00 -9.990070e+05 3.000000e+00 -1.000000e+00 -1.000000e+00 5.250000e+02 1.418181e-01 0.000000e+00 0.000000e+00 -1.000000e+00 7.698884e-03 -1.000000e+00 -9.990070e+05 7.698884e-03 5.920814e-01 8.597768e-01 -1.000000e+00 -1.000000e+00 -1.000000e+00 -1.0 0.000000e+00 9.862639e-02
-1.000000e+00 -1.000000e+00 0.000000e+00 -1.000000e+00 -1.000000e+00 0.000000e+00 5.127441e-01 -1.000000e+00 0.000000e+00 3.250000e+02 -1.000000e+00 0.000000e+00 8.250000e+02 -1.000000e+00 -1.000000e+00 1.745251e-01 -1.000000e+00 0.000000e+00 -9.990070e+05 3.000000e+00 -1.000000e+00 -1.000000e+00 5.750000e+02 3.088823e-01 0.000000e+00 0.000000e+00 -1.000000e+00 1.758807e-02 -1.000000e+00 -9.990070e+05 1.758807e-02 7.548798e-01 9.319589e-01 -1.000000e+00 -1.000000e+00 -1.000000e+00 -1.0 0.000000e+00 2.399955e-01
-1.000000e+00 -1.000000e+00 0.000000e+00 -1.000000e+00 -1.000000e+00 0.000000e+00 7.451357e-01 -1.000000e+00 0.000000e+00 4.250000e+02 -1.000000e+00 0.000000e+00 8.250000e+02 -1.000000e+00 -1.000000e+00 4.410690e-01 -1.000000e+00 0.000000e+00 -9.990070e+05 3.000000e+00 -1.000000e+00 -1.000000e+00 6.250000e+02 5.835019e-01 0.000000e+00 0.000000e+00 -1.000000e+00 3.566685e-02 -1.000000e+00 -9.990070e+05 3.566685e-02 8.916001e-01 9.752132e-01 -1.000000e+00 -1.000000e+00 -1.000000e+00 -1.0 0.000000e+00 5.119733e-01
-1.000000e+00 -1.000000e+00 0.000000e+00 -1.000000e+00 -1.000000e+00 0.000000e+00 8.566174e-01 -1.000000e+00 0.000000e+00 5.250000e+02 -1.000000e+00 0.000000e+00 8.250000e+02 -1.000000e+00 -1.000000e+00 6.419077e-01 -1.000000e+00 0.000000e+00 -9.990070e+05 3.000000e+00 -1.000000e+00 -1.000000e+00 6.750000e+02 7.492005e-01 0.000000e+00 0.000000e+00 -1.000000e+00 4.841692e-02 -1.000000e+00 -9.990070e+05 4.841692e-02 9.433679e-01 9.880468e-01 -1.000000e+00 -1.000000e+00 -1.000000e+00 -1.0 0.000000e+00 6.969060e-01
-1.000000e+00 -1.000000e+00 0.000000e+00 -1.000000e+00 -1.000000e+00 0.000000e+00 9.579073e-01 -1.000000e+00 0.000000e+00 6.250000e+02 -1.000000e+00 0.000000e+00 8.250000e+02 -1.000000e+00 -1.000000e+00 8.811802e-01 -1.000000e+00 0.000000e+00 -9.990070e+05 3.000000e+00 -1.000000e+00 -1.000000e+00 7.250000e+02 9.216269e-01 0.000000e+00 0.000000e+00 -1.000000e+00 7.023021e-02 -1.000000e+00 -9.990070e+05 7.023021e-02 9.844201e-01 9.969260e-01 -1.000000e+00 -1.000000e+00 -1.000000e+00 -1.0 0.000000e+00 9.048540e-01
-1.000000e+00 -1.000000e+00 0.000000e+00 -1.000000e+00 -1.000000e+00 0.000000e+00 2.487204e-01 -1.000000e+00 0.000000e+00 2.500000e+01 -1.000000e+00 0.000000e+00 9.250000e+02 -1.000000e+00 -1.000000e+00 3.546038e-02 -1.000000e+00 0.000000e+00 -9.990070e+05 3.000000e+00 -1.000000e+00 -1.000000e+00 4.750000e+02 9.858579e-02 0.000000e+00 0.000000e+00 -1.000000e+00 5.236876e-03 -1.000000e+00 -9.990070e+05 5.236876e-03 5.218034e-01 8.200291e-01 -1.000000e+00 -1.000000e+00 -1.000000e+00 -1.0 0.000000e+00 6.561304e-02
-1.000000e+00 -1.000000e+00 0.000000e+00 -1.000000e+00 -1.000000e+00 0.000000e+00 2.289437e-01 -1.000000e+00 0.000000e+00 1.250000e+02 -1.000000e+00 0.000000e+00 9.250000e+02 -1.000000e+00 -1.000000e+00 2.988207e-02 -1.000000e+00 0.000000e+00 -9.990070e+05 3.000000e+00 -1.000000e+00 -1.000000e+00 5.250000e+02 8.694579e-02 0.000000e+00 0.000000e+00 -1.000000e+00 4.567831e-03 -1.000000e+00 -9.990070e+05 4.567831e-03 4.986477e-01 8.055770e-01 -1.000000e+00 -1.000000e+00 -1.000000e+00 -1.0 0.000000e+00 5.696857e-02
-1.000000e+00 -1.000000e+00 0.000000e+00 -1.000000e+00 -1.000000e+00 0.000000e+00 2.813036e-01 -1.000000e+00 0.000000e+00 2.250000e+02 -1.000000e+00 0.000000e+00 9.250000e+02 -1.000000e+00 -1.000000e+00 4.589380e-02 -1.000000e+00 0.000000e+00 -9.990070e+05 3.000000e+00 -1.000000e+00 -1.000000e+00 5.750000e+02 1.190161e-01 0.000000e+00 0.000000e+00 -1.000000e+00 6.406892e-03 -1.000000e+00 -9.990070e+05 6.406892e-03 5.576245e-01 8.410268e-01 -1.000000e+00 -1.000000e+00 -1.000000e+00 -1.0 0.000000e+00 8.105118e-02
-1.000000e+00 -1.000000e+00 0.000000e+00 -1.000000e+00 -1.000000e+00 0.000000e+00 4.556832e-01 -1.000000e+00 0.000000e+00 3.250000e+02 -1.000000e+00 0.000000e+00 9.250000e+02 -1.000000e+00 -1.000000e+00 1.325961e-01 -1.000000e+00 0.000000e+00 -9.990070e+05 3.000000e+00 -1.000000e+00 -1.000000e+00 6.250000e+02 2.546890e-01 0.000000e+00 0.000000e+00 -1.000000e+00 1.429246e-02 -1.000000e+00 -9.990070e+05 1.429246e-02 7.134559e-01 9.159211e-01 -1.000000e+00 -1.000000e+00 -1.000000e+00 -1.0 0.000000e+00 1.918878e-01
-1.000000e+00 -1.000000e+00 0.000000e+00 -1.000000e+00 -1.000000e+00 0.000000e+00 6.385871e-01 -1.000000e+00 0.000000e+00 4.250000e+02 -1.000000e+00 0.000000e+00 9.250000e+02 -1.000000e+00 -1.000000e+00 2.972198e-01 -1.000000e+00 0.000000e+00 -9.990070e+05 3.000000e+00 -1.000000e+00 -1.000000e+00 6.750000e+02 4.464074e-01 0.000000e+00 0.000000e+00 -1.000000e+00 2.635139e-02 -1.000000e+00 -9.990070e+05 2.635139e-02 8.344458e-01 9.588457e-01 -1.000000e+00 -1.000000e+00 -1.000000e+00 -1.0 0.000000e+00 3.706425e-01
-1.000000e+00 -1.000000e+00 0.000000e+00 -1.000000e+00 -1.000000e+00 0.000000e+00 8.475245e-01 -1.000000e+00 0.000000e+00 5.250000e+02 -1.000000e+00 0.000000e+00 9.250000e+02 -1.000000e+00 -1.000000e+00 6.232809e-01 -1.000000e+00 0.000000e+00 -9.990070e+05 3.000000e+00 -1.000000e+00 -1.000000e+00 7.250000e+02 7.347765e-01 0.000000e+00 0.000000e+00 -1.000000e+00 4.654698e-02 -1.000000e+00 -9.990070e+05 4.654698e-02 9.394184e-01 9.871325e-01 -1.000000e+00 -1.000000e+00 -1.000000e+00 -1.0 0.000000e+00 6.794710e-01
-1.000000e+00 -1.000000e+00 0.000000e+00 -1.000000e+00 -1.000000e+00 0.000000e+00 9.190554e-01 -1.000000e+00 0.000000e+00 6.250000e+02 -1.000000e+00 0.000000e+00 9.250000e+02 -1.000000e+00 -1.000000e+00 7.821109e-01 -1.000000e+00 0.000000e+00 -9.990070e+05 3.000000e+00 -1.000000e+00 -1.000000e+00 7.750000e+02 8.528722e-01 0.000000e+00 0.000000e+00 -1.000000e+00 5.844389e-02 -1.000000e+00 -9.990070e+05 5.844389e-02 9.692906e-01 9.937855e-01 -1.000000e+00 -1.000000e+00 -1.000000e+00 -1.0 0.000000e+00 8.199569e-01
