-1.000000e+00 -1.000000e+00 0.000000e+00 -1.000000e+00 -1.000000e+00 0.000000e+00 5.090213e-02 -1.000000e+00 0.000000e+00 2.500000e+01 -1.000000e+00 0.000000e+00 5.250000e+02 -1.000000e+00 -1.000000e+00 1.701141e-03 -1.000000e+00 0.000000e+00 -9.990070e+05 3.000000e+00 -1.000000e+00 -1.000000e+00 2.750000e+02 9.940179e-03 0.000000e+00 0.000000e+00 -1.000000e+00 5.473817e-04 -1.000000e+00 -9.990070e+05 5.473817e-04 2.026178e-01 5.311034e-01 -1.000000e+00 -1.000000e+00 -1.000000e+00 6 0.000000e+00 5.783339e-03
-1.000000e+00 -1.000000e+00 0.000000e+00 -1.000000e+00 -1.000000e+00 0.000000e+00 8.451961e-01 -1.000000e+00 0.000000e+00 6.250000e+02 -1.000000e+00 0.000000e+00 7.250000e+02 -1.000000e+00 -1.000000e+00 6.185803e-01 -1.000000e+00 0.000000e+00 -9.990070e+05 3.000000e+00 -1.000000e+00 -1.000000e+00 6.750000e+02 7.311097e-01 0.000000e+00 0.000000e+00 -1.000000e+00 4.229164e-01 -1.000000e+00 -9.990070e+05 4.229164e-01 9.383996e-01 9.868950e-01 -1.000000e+00 -1.000000e+00 -1.000000e+00 5 0.000000e+00 8.452843e-01
-1.000000e+00 -1.000000e+00 0.000000e+00 -1.000000e+00 -1.000000e+00 0.000000e+00 5.898484e-01 -1.000000e+00 0.000000e+00 4.250000e+02 -1.000000e+00 0.000000e+00 9.250000e+02 -1.000000e+00 -1.000000e+00 2.442889e-01 -1.000000e+00 0.000000e+00 -9.990070e+05 3.000000e+00 -1.000000e+00 -1.000000e+00 6.750000e+02 3.901248e-01 0.000000e+00 0.000000e+00 -1.000000e+00 2.263927e-02 -1.000000e+00 -9.990070e+05 2.263927e-02 8.053544e-01 9.495879e-01 -1.000000e+00 -1.000000e+00 -1.000000e+00 6 0.000000e+00 3.156027e-01
-1.000000e+00 -1.000000e+00 0.000000e+00 -1.000000e+00 -1.000000e+00 0.000000e+00 3.040289e-01 -1.000000e+00 0.000000e+00 1.250000e+02 -1.000000e+00 0.000000e+00 1.025000e+03 -1.000000e+00 -1.000000e+00 5.413486e-02 -1.000000e+00 0.000000e+00 -9.990070e+05 3.000000e+00 -1.000000e+00 -1.000000e+00 5.750000e+02 1.341821e-01 0.000000e+00 0.000000e+00 -1.000000e+00 7.175430e-03 -1.000000e+00 -9.990070e+05 7.175430e-03 5.810913e-01 8.539439e-01 -1.000000e+00 -1.000000e+00 -1.000000e+00 6 0.000000e+00 9.231562e-02
-1.000000e+00 -1.000000e+00 0.000000e+00 -1.000000e+00 -1.000000e+00 0.000000e+00 1.693873e-01 -1.000000e+00 0.000000e+00 1.250000e+02 -1.000000e+00 0.000000e+00 9.250000e+02 -1.000000e+00 -1.000000e+00 1.627183e-02 -1.000000e+00 0.000000e+00 -9.990070e+05 3.000000e+00 -1.000000e+00 -1.000000e+00 5.250000e+02 5.542900e-02 0.000000e+00 0.000000e+00 -1.000000e+00 2.877708e-03 -1.000000e+00 -9.990070e+05 2.877708e-03 4.209178e-01 7.513791e-01 -1.000000e+00 -1.000000e+00 -1.000000e+00 6 0.000000e+00 3.480258e-02
-1.000000e+00 -1.000000e+00 0.000000e+00 -1.000000e+00 -1.000000e+00 0.000000e+00 2.818408e-01 -1.000000e+00 0.000000e+00 2.250000e+02 -1.000000e+00 0.000000e+00 5.250000e+02 -1.000000e+00 -1.000000e+00 4.607927e-02 -1.000000e+00 0.000000e+00 -9.990070e+05 3.000000e+00 -1.000000e+00 -1.000000e+00 3.750000e+02 1.193660e-01 0.000000e+00 0.000000e+00 -1.000000e+00 2.332374e-02 -1.000000e+00 -9.990070e+05 2.332374e-02 5.581929e-01 8.413473e-01 -1.000000e+00 -1.000000e+00 -1.000000e+00 1 0.000000e+00 1.291859e-01
-1.000000e+00 -1.000000e+00 0.000000e+00 -1.000000e+00 -1.000000e+00 0.000000e+00 7.477694e-01 -1.000000e+00 0.000000e+00 5.250000e+02 -1.000000e+00 0.000000e+00 1.025000e+03 -1.000000e+00 -1.000000e+00 4.451723e-01 -1.000000e+00 0.000000e+00 -9.990070e+05 3.000000e+00 -1.000000e+00 -1.000000e+00 7.750000e+02 5.871454e-01 0.000000e+00 0.000000e+00 -1.000000e+00 3.593438e-02 -1.000000e+00 -9.990070e+05 3.593438e-02 8.929118e-01 9.755614e-01 -1.000000e+00 -1.000000e+00 -1.000000e+00 6 0.000000e+00 5.158921e-01
-1.000000e+00 -1.000000e+00 0.000000e+00 -1.000000e+00 -1.000000e+00 0.000000e+00 5.917278e-01 -1.000000e+00 0.000000e+00 4.250000e+02 -1.000000e+00 0.000000e+00 1.025000e+03 -1.000000e+00 -1.000000e+00 2.461961e-01 -1.000000e+00 0.000000e+00 -9.990070e+05 3.000000e+00 -1.000000e+00 -1.000000e+00 7.250000e+02 3.922231e-01 0.000000e+00 0.000000e+00 -1.000000e+00 2.272902e-02 -1.000000e+00 -9.990070e+05 2.272902e-02 8.065142e-01 9.499693e-01 -1.000000e+00 -1.000000e+00 -1.000000e+00 6 0.000000e+00 3.174925e-01
-1.000000e+00 -1.000000e+00 0.000000e+00 -1.000000e+00 -1.000000e+00 0.000000e+00 7.100521e-02 -1.000000e+00 0.000000e+00 2.250000e+02 -1.000000e+00 0.000000e+00 3.250000e+02 -1.000000e+00 -1.000000e+00 3.110971e-03 -1.000000e+00 0.000000e+00 -9.990070e+05 3.000000e+00 -1.000000e+00 -1.000000e+00 2.750000e+02 1.583537e-02 0.000000e+00 0.000000e+00 -1.000000e+00 3.553041e-02 -1.000000e+00 -9.990070e+05 3.553041e-02 2.499353e-01 5.905651e-01 -1.000000e+00 -1.000000e+00 -1.000000e+00 5 0.000000e+00 7.104067e-02
-1.000000e+00 -1.000000e+00 0.000000e+00 -1.000000e+00 -1.000000e+00 0.000000e+00 2.470552e-01 -1.000000e+00 0.000000e+00 2.250000e+02 -1.000000e+00 0.000000e+00 7.250000e+02 -1.000000e+00 -1.000000e+00 3.496924e-02 -1.000000e+00 0.000000e+00 -9.990070e+05 3.000000e+00 -1.000000e+00 -1.000000e+00 4.750000e+02 9.758348e-02 0.000000e+00 0.000000e+00 -1.000000e+00 5.308619e-03 -1.000000e+00 -9.990070e+05 5.308619e-03 5.198974e-01 8.188664e-01 -1.000000e+00 -1.000000e+00 -1.000000e+00 6 0.000000e+00 6.543446e-02
-1.000000e+00 -1.000000e+00 0.000000e+00 -1.000000e+00 -1.000000e+00 0.000000e+00 1.090883e-01 -1.000000e+00 0.000000e+00 2.500000e+01 -1.000000e+00 0.000000e+00 8.250000e+02 -1.000000e+00 -1.000000e+00 6.932022e-03 -1.000000e+00 0.000000e+00 -9.990070e+05 3.000000e+00 -1.000000e+00 -1.000000e+00 4.250000e+02 2.918266e-02 0.000000e+00 0.000000e+00 -1.000000e+00 1.505597e-03 -1.000000e+00 -9.990070e+05 1.505597e-03 3.250579e-01 6.698110e-01 -1.000000e+00 -1.000000e+00 -1.000000e+00 6 0.000000e+00 1.745855e-02
-1.000000e+00 -1.000000e+00 0.000000e+00 -1.000000e+00 -1.000000e+00 0.000000e+00 5.114288e-01 -1.000000e+00 0.000000e+00 7.500000e+01 -1.000000e+00 0.000000e+00 2.250000e+02 -1.000000e+00 -1.000000e+00 1.734707e-01 -1.000000e+00 0.000000e+00 -9.990070e+05 3.000000e+00 -1.000000e+00 -1.000000e+00 1.500000e+02 3.075771e-01 0.000000e+00 0.000000e+00 -1.000000e+00 7.801669e-02 -1.000000e+00 -9.990070e+05 7.801669e-02 7.539665e-01 9.316209e-01 -1.000000e+00 -1.000000e+00 -1.000000e+00 6 0.000000e+00 3.497684e-01
-1.000000e+00 -1.000000e+00 0.000000e+00 -1.000000e+00 -1.000000e+00 0.000000e+00 2.817803e-01 -1.000000e+00 0.000000e+00 1.250000e+02 -1.000000e+00 0.000000e+00 2.250000e+02 -1.000000e+00 -1.000000e+00 4.605835e-02 -1.000000e+00 0.000000e+00 -9.990070e+05 3.000000e+00 -1.000000e+00 -1.000000e+00 1.750000e+02 1.193265e-01 0.000000e+00 0.000000e+00 -1.000000e+00 1.389497e-01 -1.000000e+00 -9.990070e+05 1.389497e-01 5.581289e-01 8.413112e-01 -1.000000e+00 -1.000000e+00 -1.000000e+00 5 0.000000e+00 2.798468e-01
-1.000000e+00 -1.000000e+00 0.000000e+00 -1.000000e+00 -1.000000e+00 0.000000e+00 5.892718e-01 -1.000000e+00 0.000000e+00 3.250000e+02 -1.000000e+00 0.000000e+00 7.250000e+02 -1.000000e+00 -1.000000e+00 2.437059e-01 -1.000000e+00 0.000000e+00 -9.990070e+05 3.000000e+00 -1.000000e+00 -1.000000e+00 5.250000e+02 3.894821e-01 0.000000e+00 0.000000e+00 -1.000000e+00 2.290908e-02 -1.000000e+00 -9.990070e+05 2.290908e-02 8.049979e-01 9.494704e-01 -1.000000e+00 -1.000000e+00 -1.000000e+00 6 0.000000e+00 3.158378e-01
-1.000000e+00 -1.000000e+00 0.000000e+00 -1.000000e+00 -1.000000e+00 0.000000e+00 6.120530e-01 -1.000000e+00 0.000000e+00 3.250000e+02 -1.000000e+00 0.000000e+00 6.250000e+02 -1.000000e+00 -1.000000e+00 2.674946e-01 -1.000000e+00 0.000000e+00 -9.990070e+05 3.000000e+00 -1.000000e+00 -1.000000e+00 4.750000e+02 4.152824e-01 0.000000e+00 0.000000e+00 -1.000000e+00 2.442651e-02 -1.000000e+00 -9.990070e+05 2.442651e-02 8.188587e-01 9.539653e-01 -1.000000e+00 -1.000000e+00 -1.000000e+00 6 0.000000e+00 3.403394e-01
-1.000000e+00 -1.000000e+00 0.000000e+00 -1.000000e+00 -1.000000e+00 0.000000e+00 6.973357e-01 -1.000000e+00 0.000000e+00 5.250000e+02 -1.000000e+00 0.000000e+00 6.250000e+02 -1.000000e+00 -1.000000e+00 3.713826e-01 -1.000000e+00 0.000000e+00 -9.990070e+05 3.000000e+00 -1.000000e+00 -1.000000e+00 5.750000e+02 5.195455e-01 0.000000e+00 0.000000e+00 -1.000000e+00 3.488969e-01 -1.000000e+00 -9.990070e+05 3.488969e-01 8.669774e-01 9.684513e-01 -1.000000e+00 -1.000000e+00 -1.000000e+00 5 0.000000e+00 6.974492e-01
-1.000000e+00 -1.000000e+00 0.000000e+00 -1.000000e+00 -1.000000e+00 0.000000e+00 6.201094e-01 -1.000000e+00 0.000000e+00 1.250000e+02 -1.000000e+00 0.000000e+00 3.250000e+02 -1.000000e+00 -1.000000e+00 2.762853e-01 -1.000000e+00 0.000000e+00 -9.990070e+05 3.000000e+00 -1.000000e+00 -1.000000e+00 2.250000e+02 4.246096e-01 0.000000e+00 0.000000e+00 -1.000000e+00 2.286528e-01 -1.000000e+00 -9.990070e+05 2.286528e-01 8.236533e-01 9.554860e-01 -1.000000e+00 -1.000000e+00 -1.000000e+00 7 0.000000e+00 5.684718e-01
-1.000000e+00 -1.000000e+00 0.000000e+00 -1.000000e+00 -1.000000e+00 0.000000e+00 8.957464e-01 -1.000000e+00 0.000000e+00 6.250000e+02 -1.000000e+00 0.000000e+00 9.250000e+02 -1.000000e+00 -1.000000e+00 7.271635e-01 -1.000000e+00 0.000000e+00 -9.990070e+05 3.000000e+00 -1.000000e+00 -1.000000e+00 7.750000e+02 8.132088e-01 0.000000e+00 0.000000e+00 -1.000000e+00 1.341872e-01 -1.000000e+00 -9.990070e+05 1.341872e-01 9.598520e-01 9.917485e-01 -1.000000e+00 -1.000000e+00 -1.000000e+00 1 0.000000e+00 8.152945e-01
-1.000000e+00 -1.000000e+00 0.000000e+00 -1.000000e+00 -1.000000e+00 0.000000e+00 2.006697e-02 -1.000000e+00 0.000000e+00 1.750000e+02 -1.000000e+00 0.000000e+00 2.250000e+02 -1.000000e+00 -1.000000e+00 3.350910e-04 -1.000000e+00 0.000000e+00 -9.990070e+05 3.000000e+00 -1.000000e+00 -1.000000e+00 2.000000e+02 2.785566e-03 0.000000e+00 0.000000e+00 -1.000000e+00 1.003207e-02 -1.000000e+00 -9.990070e+05 1.003207e-02 1.100264e-01 3.812282e-01 -1.000000e+00 -1.000000e+00 -1.000000e+00 5 0.000000e+00 2.006499e-02
-1.000000e+00 -1.000000e+00 0.000000e+00 -1.000000e+00 -1.000000e+00 0.000000e+00 2.565690e-01 -1.000000e+00 0.000000e+00 5.050000e+02 -1.000000e+00 0.000000e+00 5.250000e+02 -1.000000e+00 -1.000000e+00 3.782945e-02 -1.000000e+00 0.000000e+00 -9.990070e+05 3.000000e+00 -1.000000e+00 -1.000000e+00 5.150000e+02 1.033649e-01 0.000000e+00 0.000000e+00 -1.000000e+00 1.287670e-01 -1.000000e+00 -9.990070e+05 1.287670e-01 5.306845e-01 8.253850e-01 -1.000000e+00 -1.000000e+00 -1.000000e+00 5 0.000000e+00 2.570624e-01
-1.000000e+00 -1.000000e+00 0.000000e+00 -1.000000e+00 -1.000000e+00 0.000000e+00 7.085460e-01 -1.000000e+00 0.000000e+00 2.500000e+01 -1.000000e+00 0.000000e+00 3.250000e+02 -1.000000e+00 -1.000000e+00 3.869347e-01 -1.000000e+00 0.000000e+00 -9.990070e+05 3.000000e+00 -1.000000e+00 -1.000000e+00 1.750000e+02 5.341797e-01 0.000000e+00 0.000000e+00 -1.000000e+00 4.676987e-02 -1.000000e+00 -9.990070e+05 4.676987e-02 8.728943e-01 9.701157e-01 -1.000000e+00 -1.000000e+00 -1.000000e+00 6 0.000000e+00 4.859082e-01
-1.000000e+00 -1.000000e+00 0.000000e+00 -1.000000e+00 -1.000000e+00 0.000000e+00 7.673449e-01 -1.000000e+00 0.000000e+00 4.250000e+02 -1.000000e+00 0.000000e+00 6.250000e+02 -1.000000e+00 -1.000000e+00 4.765792e-01 -1.000000e+00 0.000000e+00 -9.990070e+05 3.000000e+00 -1.000000e+00 -1.000000e+00 5.250000e+02 6.146260e-01 0.000000e+00 0.000000e+00 -1.000000e+00 3.881169e-02 -1.000000e+00 -9.990070e+05 3.881169e-02 9.025200e-01 9.780748e-01 -1.000000e+00 -1.000000e+00 -1.000000e+00 6 0.000000e+00 5.470743e-01
-1.000000e+00 -1.000000e+00 0.000000e+00 -1.000000e+00 -1.000000e+00 0.000000e+00 1.063615e-01 -1.000000e+00 0.000000e+00 1.250000e+02 -1.000000e+00 0.000000e+00 8.250000e+02 -1.000000e+00 -1.000000e+00 6.606991e-03 -1.000000e+00 0.000000e+00 -9.990070e+05 3.000000e+00 -1.000000e+00 -1.000000e+00 4.750000e+02 2.813925e-02 0.000000e+00 0.000000e+00 -1.000000e+00 1.445335e-03 -1.000000e+00 -9.990070e+05 1.445335e-03 3.201480e-01 6.650993e-01 -1.000000e+00 -1.000000e+00 -1.000000e+00 6 0.000000e+00 1.676213e-02
-1.000000e+00 -1.000000e+00 0.000000e+00 -1.000000e+00 -1.000000e+00 0.000000e+00 1.301153e-11 -1.000000e+00 0.000000e+00 2.050000e+02 -1.000000e+00 0.000000e+00 2.250000e+02 -1.000000e+00 -1.000000e+00 3.979007e-17 -1.000000e+00 0.000000e+00 -9.990070e+05 3.000000e+00 -1.000000e+00 -1.000000e+00 2.150000e+02 2.502742e-14 0.000000e+00 0.000000e+00 -1.000000e+00 3.277525e-13 -1.000000e+00 -9.990070e+05 3.277525e-13 4.752832e-09 9.495695e-07 -1.000000e+00 -1.000000e+00 -1.000000e+00 4 0.000000e+00 9.717531e-13
-1.000000e+00 -1.000000e+00 0.000000e+00 -1.000000e+00 -1.000000e+00 0.000000e+00 6.871257e-01 -1.000000e+00 0.000000e+00 4.250000e+02 -1.000000e+00 0.000000e+00 8.250000e+02 -1.000000e+00 -1.000000e+00 3.576225e-01 -1.000000e+00 0.000000e+00 -9.990070e+05 3.000000e+00 -1.000000e+00 -1.000000e+00 6.250000e+02 5.064087e-01 0.000000e+00 0.000000e+00 -1.000000e+00 8.436992e-02 -1.000000e+00 -9.990070e+05 8.436992e-02 8.615099e-01 9.668909e-01 -1.000000e+00 -1.000000e+00 -1.000000e+00 1 0.000000e+00 5.108651e-01
-1.000000e+00 -1.000000e+00 0.000000e+00 -1.000000e+00 -1.000000e+00 0.000000e+00 1.885586e-01 -1.000000e+00 0.000000e+00 3.250000e+02 -1.000000e+00 0.000000e+00 4.250000e+02 -1.000000e+00 -1.000000e+00 2.015167e-02 -1.000000e+00 0.000000e+00 -9.990070e+05 3.000000e+00 -1.000000e+00 -1.000000e+00 3.750000e+02 6.498639e-02 0.000000e+00 0.000000e+00 -1.000000e+00 9.438051e-02 -1.000000e+00 -9.990070e+05 9.438051e-02 4.474216e-01 7.709121e-01 -1.000000e+00 -1.000000e+00 -1.000000e+00 5 0.000000e+00 1.886704e-01
-1.000000e+00 -1.000000e+00 0.000000e+00 -1.000000e+00 -1.000000e+00 0.000000e+00 1.301063e-01 -1.000000e+00 0.000000e+00 1.250000e+02 -1.000000e+00 0.000000e+00 7.250000e+02 -1.000000e+00 -1.000000e+00 9.712915e-03 -1.000000e+00 0.000000e+00 -9.990070e+05 3.000000e+00 -1.000000e+00 -1.000000e+00 4.250000e+02 3.765329e-02 0.000000e+00 0.000000e+00 -1.000000e+00 2.027696e-03 -1.000000e+00 -9.990070e+05 2.027696e-03 3.610136e-01 7.026134e-01 -1.000000e+00 -1.000000e+00 -1.000000e+00 6 0.000000e+00 2.333551e-02
-1.000000e+00 -1.000000e+00 0.000000e+00 -1.000000e+00 -1.000000e+00 0.000000e+00 8.162982e-01 -1.000000e+00 0.000000e+00 5.250000e+02 -1.000000e+00 0.000000e+00 9.250000e+02 -1.000000e+00 -1.000000e+00 5.625146e-01 -1.000000e+00 0.000000e+00 -9.990070e+05 3.000000e+00 -1.000000e+00 -1.000000e+00 7.250000e+02 6.865003e-01 0.000000e+00 0.000000e+00 -1.000000e+00 1.125607e-01 -1.000000e+00 -9.990070e+05 1.125607e-01 9.255001e-01 9.838259e-01 -1.000000e+00 -1.000000e+00 -1.000000e+00 1 0.000000e+00 6.890048e-01
-1.000000e+00 -1.000000e+00 0.000000e+00 -1.000000e+00 -1.000000e+00 0.000000e+00 2.330132e-01 -1.000000e+00 0.000000e+00 1.250000e+02 -1.000000e+00 0.000000e+00 4.250000e+02 -1.000000e+00 -1.000000e+00 3.098490e-02 -1.000000e+00 0.000000e+00 -9.990070e+05 3.000000e+00 -1.000000e+00 -1.000000e+00 2.750000e+02 8.929375e-02 0.000000e+00 0.000000e+00 -1.000000e+00 6.009975e-03 -1.000000e+00 -9.990070e+05 6.009975e-03 5.035074e-01 8.086699e-01 -1.000000e+00 -1.000000e+00 -1.000000e+00 6 0.000000e+00 6.421116e-02
-1.000000e+00 -1.000000e+00 0.000000e+00 -1.000000e+00 -1.000000e+00 0.000000e+00 3.540235e-01 -1.000000e+00 0.000000e+00 2.250000e+02 -1.000000e+00 0.000000e+00 6.250000e+02 -1.000000e+00 -1.000000e+00 7.526427e-02 -1.000000e+00 0.000000e+00 -9.990070e+05 3.000000e+00 -1.000000e+00 -1.000000e+00 4.250000e+02 1.701895e-01 0.000000e+00 0.000000e+00 -1.000000e+00 9.350335e-03 -1.000000e+00 -9.990070e+05 9.350335e-03 6.289589e-01 8.783898e-01 -1.000000e+00 -1.000000e+00 -1.000000e+00 6 0.000000e+00 1.212253e-01
-1.000000e+00 -1.000000e+00 0.000000e+00 -1.000000e+00 -1.000000e+00 0.000000e+00 1.538281e-02 -1.000000e+00 0.000000e+00 4.050000e+02 -1.000000e+00 0.000000e+00 4.250000e+02 -1.000000e+00 -1.000000e+00 2.136958e-04 -1.000000e+00 0.000000e+00 -9.990070e+05 3.000000e+00 -1.000000e+00 -1.000000e+00 4.150000e+02 1.950130e-03 0.000000e+00 0.000000e+00 -1.000000e+00 7.708448e-03 -1.000000e+00 -9.990070e+05 7.708448e-03 9.191650e-02 3.438839e-01 -1.000000e+00 -1.000000e+00 -1.000000e+00 5 0.000000e+00 1.540701e-02
-1.000000e+00 -1.000000e+00 0.000000e+00 -1.000000e+00 -1.000000e+00 0.000000e+00 4.212158e-01 -1.000000e+00 0.000000e+00 2.500000e+01 -1.000000e+00 0.000000e+00 2.250000e+02 -1.000000e+00 -1.000000e+00 1.108209e-01 -1.000000e+00 0.000000e+00 -9.990070e+05 3.000000e+00 -1.000000e+00 -1.000000e+00 1.250000e+02 2.243296e-01 0.000000e+00 0.000000e+00 -1.000000e+00 2.104917e-01 -1.000000e+00 -9.990070e+05 2.104917e-01 6.864869e-01 9.046719e-01 -1.000000e+00 -1.000000e+00 -1.000000e+00 5 0.000000e+00 4.211187e-01
-1.000000e+00 -1.000000e+00 0.000000e+00 -1.000000e+00 -1.000000e+00 0.000000e+00 3.987153e-01 -1.000000e+00 0.000000e+00 4.750000e+02 -1.000000e+00 0.000000e+00 5.250000e+02 -1.000000e+00 -1.000000e+00 9.793907e-02 -1.000000e+00 0.000000e+00 -9.990070e+05 3.000000e+00 -1.000000e+00 -1.000000e+00 5.000000e+02 2.054616e-01 0.000000e+00 0.000000e+00 -1.000000e+00 1.994683e-01 -1.000000e+00 -9.990070e+05 1.994683e-01 6.679971e-01 8.965734e-01 -1.000000e+00 -1.000000e+00 -1.000000e+00 5 0.000000e+00 3.988107e-01
-1.000000e+00 -1.000000e+00 0.000000e+00 -1.000000e+00 -1.000000e+00 0.000000e+00 2.286185e-01 -1.000000e+00 0.000000e+00 2.500000e+01 -1.000000e+00 0.000000e+00 4.250000e+02 -1.000000e+00 -1.000000e+00 2.979492e-02 -1.000000e+00 0.000000e+00 -9.990070e+05 3.000000e+00 -1.000000e+00 -1.000000e+00 2.250000e+02 8.675919e-02 0.000000e+00 0.000000e+00 -1.000000e+00 5.760538e-03 -1.000000e+00 -9.990070e+05 5.760538e-03 4.982571e-01 8.053270e-01 -1.000000e+00 -1.000000e+00 -1.000000e+00 6 0.000000e+00 6.194717e-02
-1.000000e+00 -1.000000e+00 0.000000e+00 -1.000000e+00 -1.000000e+00 0.000000e+00 8.423418e-01 -1.000000e+00 0.000000e+00 5.250000e+02 -1.000000e+00 0.000000e+00 7.250000e+02 -1.000000e+00 -1.000000e+00 6.128560e-01 -1.000000e+00 0.000000e+00 -9.990070e+05 3.000000e+00 -1.000000e+00 -1.000000e+00 6.250000e+02 7.266298e-01 0.000000e+00 0.000000e+00 -1.000000e+00 4.221312e-01 -1.000000e+00 -9.990070e+05 4.221312e-01 9.371467e-01 9.866018e-01 -1.000000e+00 -1.000000e+00 -1.000000e+00 5 0.000000e+00 8.426122e-01
-1.000000e+00 -1.000000e+00 0.000000e+00 -1.000000e+00 -1.000000e+00 0.000000e+00 2.354046e-01 -1.000000e+00 0.000000e+00 1.250000e+02 -1.000000e+00 0.000000e+00 5.250000e+02 -1.000000e+00 -1.000000e+00 3.164375e-02 -1.000000e+00 0.000000e+00 -9.990070e+05 3.000000e+00 -1.000000e+00 -1.000000e+00 3.250000e+02 9.068494e-02 0.000000e+00 0.000000e+00 -1.000000e+00 5.232679e-03 -1.000000e+00 -9.990070e+05 5.232679e-03 5.063396e-01 8.104576e-01 -1.000000e+00 -1.000000e+00 -1.000000e+00 6 0.000000e+00 6.170839e-02
-1.000000e+00 -1.000000e+00 0.000000e+00 -1.000000e+00 -1.000000e+00 0.000000e+00 7.580336e-02 -1.000000e+00 0.000000e+00 3.750000e+02 -1.000000e+00 0.000000e+00 4.250000e+02 -1.000000e+00 -1.000000e+00 3.508560e-03 -1.000000e+00 0.000000e+00 -9.990070e+05 3.000000e+00 -1.000000e+00 -1.000000e+00 4.000000e+02 1.736613e-02 0.000000e+00 0.000000e+00 -1.000000e+00 3.808639e-02 -1.000000e+00 -9.990070e+05 3.808639e-02 2.602983e-01 6.024944e-01 -1.000000e+00 -1.000000e+00 -1.000000e+00 5 0.000000e+00 7.603717e-02
-1.000000e+00 -1.000000e+00 0.000000e+00 -1.000000e+00 -1.000000e+00 0.000000e+00 2.185291e-01 -1.000000e+00 0.000000e+00 2.250000e+02 -1.000000e+00 0.000000e+00 9.250000e+02 -1.000000e+00 -1.000000e+00 2.716382e-02 -1.000000e+00 0.000000e+00 -9.990070e+05 3.000000e+00 -1.000000e+00 -1.000000e+00 5.750000e+02 8.104890e-02 0.000000e+00 0.000000e+00 -1.000000e+00 4.273705e-03 -1.000000e+00 -9.990070e+05 4.273705e-03 4.859739e-01 7.973569e-01 -1.000000e+00 -1.000000e+00 -1.000000e+00 6 0.000000e+00 5.284198e-02
-1.000000e+00 -1.000000e+00 0.000000e+00 -1.000000e+00 -1.000000e+00 0.000000e+00 2.543223e-01 -1.000000e+00 0.000000e+00 2.250000e+02 -1.000000e+00 0.000000e+00 8.250000e+02 -1.000000e+00 -1.000000e+00 3.714212e-02 -1.000000e+00 0.000000e+00 -9.990070e+05 3.000000e+00 -1.000000e+00 -1.000000e+00 5.250000e+02 1.019876e-01 0.000000e+00 0.000000e+00 -1.000000e+00 5.462728e-03 -1.000000e+00 -9.990070e+05 5.462728e-03 5.281594e-01 8.238725e-01 -1.000000e+00 -1.000000e+00 -1.000000e+00 6 0.000000e+00 6.829538e-02
-1.000000e+00 -1.000000e+00 0.000000e+00 -1.000000e+00 -1.000000e+00 0.000000e+00 3.325610e-01 -1.000000e+00 0.000000e+00 2.250000e+02 -1.000000e+00 0.000000e+00 1.025000e+03 -1.000000e+00 -1.000000e+00 6.567027e-02 -1.000000e+00 0.000000e+00 -9.990070e+05 3.000000e+00 -1.000000e+00 -1.000000e+00 6.250000e+02 1.542865e-01 0.000000e+00 0.000000e+00 -1.000000e+00 8.348787e-03 -1.000000e+00 -9.990070e+05 8.348787e-03 6.089987e-01 8.684954e-01 -1.000000e+00 -1.000000e+00 -1.000000e+00 6 0.000000e+00 1.081797e-01
-1.000000e+00 -1.000000e+00 0.000000e+00 -1.000000e+00 -1.000000e+00 0.000000e+00 5.629168e-01 -1.000000e+00 0.000000e+00 6.050000e+02 -1.000000e+00 0.000000e+00 6.250000e+02 -1.000000e+00 -1.000000e+00 2.180782e-01 -1.000000e+00 0.000000e+00 -9.990070e+05 3.000000e+00 -1.000000e+00 -1.000000e+00 6.150000e+02 3.606797e-01 0.000000e+00 0.000000e+00 -1.000000e+00 2.815316e-01 -1.000000e+00 -9.990070e+05 2.815316e-01 7.883804e-01 9.438857e-01 -1.000000e+00 -1.000000e+00 -1.000000e+00 5 0.000000e+00 5.629658e-01
-1.000000e+00 -1.000000e+00 0.000000e+00 -1.000000e+00 -1.000000e+00 0.000000e+00 6.493437e-01 -1.000000e+00 0.000000e+00 5.750000e+02 -1.000000e+00 0.000000e+00 6.250000e+02 -1.000000e+00 -1.000000e+00 3.099154e-01 -1.000000e+00 0.000000e+00 -9.990070e+05 3.000000e+00 -1.000000e+00 -1.000000e+00 6.000000e+02 4.593591e-01 0.000000e+00 0.000000e+00 -1.000000e+00 3.243291e-01 -1.000000e+00 -9.990070e+05 3.243291e-01 8.406010e-01 9.607228e-01 -1.000000e+00 -1.000000e+00 -1.000000e+00 5 0.000000e+00 6.491517e-01
-1.000000e+00 -1.000000e+00 0.000000e+00 -1.000000e+00 -1.000000e+00 0.000000e+00 2.988554e-01 -1.000000e+00 0.000000e+00 2.250000e+02 -1.000000e+00 0.000000e+00 4.250000e+02 -1.000000e+00 -1.000000e+00 5.218667e-02 -1.000000e+00 0.000000e+00 -9.990070e+05 3.000000e+00 -1.000000e+00 -1.000000e+00 3.250000e+02 1.306635e-01 0.000000e+00 0.000000e+00 -1.000000e+00 6.932139e-02 -1.000000e+00 -9.990070e+05 6.932139e-02 5.758503e-01 8.511143e-01 -1.000000e+00 -1.000000e+00 -1.000000e+00 7 0.000000e+00 2.105406e-01
-1.000000e+00 -1.000000e+00 0.000000e+00 -1.000000e+00 -1.000000e+00 0.000000e+00 4.287863e-01 -1.000000e+00 0.000000e+00 3.250000e+02 -1.000000e+00 0.000000e+00 1.025000e+03 -1.000000e+00 -1.000000e+00 1.153875e-01 -1.000000e+00 0.000000e+00 -9.990070e+05 3.000000e+00 -1.000000e+00 -1.000000e+00 6.750000e+02 2.308462e-01 0.000000e+00 0.000000e+00 -1.000000e+00 1.281760e-02 -1.000000e+00 -9.990070e+05 1.281760e-02 6.925465e-01 9.072569e-01 -1.000000e+00 -1.000000e+00 -1.000000e+00 6 0.000000e+00 1.711894e-01
-1.000000e+00 -1.000000e+00 0.000000e+00 -1.000000e+00 -1.000000e+00 0.000000e+00 4.538967e-01 -1.000000e+00 0.000000e+00 3.250000e+02 -1.000000e+00 0.000000e+00 5.250000e+02 -1.000000e+00 -1.000000e+00 1.314044e-01 -1.000000e+00 0.000000e+00 -9.990070e+05 3.000000e+00 -1.000000e+00 -1.000000e+00 4.250000e+02 2.530718e-01 0.000000e+00 0.000000e+00 -1.000000e+00 4.532823e-02 -1.000000e+00 -9.990070e+05 4.532823e-02 7.120961e-01 9.153695e-01 -1.000000e+00 -1.000000e+00 -1.000000e+00 1 0.000000e+00 2.622589e-01
-1.000000e+00 -1.000000e+00 4.000000e+03 -1.000000e+00 -1.000000e+00 0.000000e+00 2.801061e-07 -1.000000e+00 1.000000e+00 3.050000e+02 -1.000000e+00 0.000000e+00 3.250000e+02 -1.000000e+00 -1.000000e+00 2.106199e-11 -1.000000e+00 1.000000e+00 -9.990070e+05 3.000000e+00 -1.000000e+00 -1.000000e+00 3.150000e+02 2.660864e-09 0.000000e+00 0.000000e+00 -1.000000e+00 1.423929e-07 -1.000000e+00 -9.990070e+05 1.423929e-07 2.096962e-05 8.751970e-04 -1.000000e+00 -1.000000e+00 -1.000000e+00 5 0.000000e+00 2.840795e-07
-1.000000e+00 -1.000000e+00 0.000000e+00 -1.000000e+00 -1.000000e+00 0.000000e+00 9.597134e-02 -1.000000e+00 0.000000e+00 1.250000e+02 -1.000000e+00 0.000000e+00 6.250000e+02 -1.000000e+00 -1.000000e+00 5.442220e-03 -1.000000e+00 0.000000e+00 -9.990070e+05 3.000000e+00 -1.000000e+00 -1.000000e+00 3.750000e+02 2.428396e-02 0.000000e+00 0.000000e+00 -1.000000e+00 1.272015e-03 -1.000000e+00 -9.990070e+05 1.272015e-03 3.008507e-01 6.459946e-01 -1.000000e+00 -1.000000e+00 -1.000000e+00 6 0.000000e+00 1.445928e-02
-1.000000e+00 -1.000000e+00 0.000000e+00 -1.000000e+00 -1.000000e+00 0.000000e+00 1.500870e-01 -1.000000e+00 0.000000e+00 2.500000e+01 -1.000000e+00 0.000000e+00 6.250000e+02 -1.000000e+00 -1.000000e+00 1.282154e-02 -1.000000e+00 0.000000e+00 -9.990070e+05 3.000000e+00 -1.000000e+00 -1.000000e+00 3.250000e+02 4.638620e-02 0.000000e+00 0.000000e+00 -1.000000e+00 2.518366e-03 -1.000000e+00 -9.990070e+05 2.518366e-03 3.925258e-01 7.291122e-01 -1.000000e+00 -1.000000e+00 -1.000000e+00 6 0.000000e+00 2.926437e-02
-1.000000e+00 -1.000000e+00 0.000000e+00 -1.000000e+00 -1.000000e+00 0.000000e+00 6.854027e-03 -1.000000e+00 0.000000e+00 2.750000e+02 -1.000000e+00 0.000000e+00 3.250000e+02 -1.000000e+00 -1.000000e+00 5.610848e-05 -1.000000e+00 0.000000e+00 -9.990070e+05 3.000000e+00 -1.000000e+00 -1.000000e+00 3.000000e+02 6.692120e-04 0.000000e+00 0.000000e+00 -1.000000e+00 3.425945e-03 -1.000000e+00 -9.990070e+05 3.425945e-03 5.253985e-02 2.463665e-01 -1.000000e+00 -1.000000e+00 -1.000000e+00 5 0.000000e+00 6.852457e-03
-1.000000e+00 -1.000000e+00 0.000000e+00 -1.000000e+00 -1.000000e+00 0.000000e+00 8.734273e-01 -1.000000e+00 0.000000e+00 6.250000e+02 -1.000000e+00 0.000000e+00 1.025000e+03 -1.000000e+00 -1.000000e+00 6.774991e-01 -1.000000e+00 0.000000e+00 -9.990070e+05 3.000000e+00 -1.000000e+00 -1.000000e+00 8.250000e+02 7.763097e-01 0.000000e+00 0.000000e+00 -1.000000e+00 1.269735e-01 -1.000000e+00 -9.990070e+05 1.269735e-01 9.505499e-01 9.896821e-01 -1.000000e+00 -1.000000e+00 -1.000000e+00 1 0.000000e+00 7.781617e-01
-1.000000e+00 -1.000000e+00 0.000000e+00 -1.000000e+00 -1.000000e+00 0.000000e+00 8.344095e-01 -1.000000e+00 0.000000e+00 6.750000e+02 -1.000000e+00 0.000000e+00 7.250000e+02 -1.000000e+00 -1.000000e+00 5.971656e-01 -1.000000e+00 0.000000e+00 -9.990070e+05 3.000000e+00 -1.000000e+00 -1.000000e+00 7.000000e+02 7.142650e-01 0.000000e+00 0.000000e+00 -1.000000e+00 4.177341e-01 -1.000000e+00 -9.990070e+05 4.177341e-01 9.336405e-01 9.857759e-01 -1.000000e+00 -1.000000e+00 -1.000000e+00 5 0.000000e+00 8.345653e-01
-1.000000e+00 -1.000000e+00 0.000000e+00 -1.000000e+00 -1.000000e+00 0.000000e+00 5.653218e-01 -1.000000e+00 0.000000e+00 4.250000e+02 -1.000000e+00 0.000000e+00 5.250000e+02 -1.000000e+00 -1.000000e+00 2.203354e-01 -1.000000e+00 0.000000e+00 -9.990070e+05 3.000000e+00 -1.000000e+00 -1.000000e+00 4.750000e+02 3.632621e-01 0.000000e+00 0.000000e+00 -1.000000e+00 2.828296e-01 -1.000000e+00 -9.990070e+05 2.828296e-01 7.899237e-01 9.444135e-01 -1.000000e+00 -1.000000e+00 -1.000000e+00 5 0.000000e+00 5.654342e-01
-1.000000e+00 -1.000000e+00 0.000000e+00 -1.000000e+00 -1.000000e+00 0.000000e+00 1.874983e-01 -1.000000e+00 0.000000e+00 2.500000e+01 -1.000000e+00 0.000000e+00 9.250000e+02 -1.000000e+00 -1.000000e+00 1.992501e-02 -1.000000e+00 0.000000e+00 -9.990070e+05 3.000000e+00 -1.000000e+00 -1.000000e+00 4.750000e+02 6.444306e-02 0.000000e+00 0.000000e+00 -1.000000e+00 3.368558e-03 -1.000000e+00 -9.990070e+05 3.368558e-03 4.459961e-01 7.698906e-01 -1.000000e+00 -1.000000e+00 -1.000000e+00 6 0.000000e+00 4.106534e-02
-1.000000e+00 -1.000000e+00 0.000000e+00 -1.000000e+00 -1.000000e+00 0.000000e+00 4.561640e-01 -1.000000e+00 0.000000e+00 3.250000e+02 -1.000000e+00 0.000000e+00 8.250000e+02 -1.000000e+00 -1.000000e+00 1.329180e-01 -1.000000e+00 0.000000e+00 -9.990070e+05 3.000000e+00 -1.000000e+00 -1.000000e+00 5.750000e+02 2.551250e-01 0.000000e+00 0.000000e+00 -1.000000e+00 1.428771e-02 -1.000000e+00 -9.990070e+05 1.428771e-02 7.138211e-01 9.160689e-01 -1.000000e+00 -1.000000e+00 -1.000000e+00 6 0.000000e+00 1.921602e-01
-1.000000e+00 -1.000000e+00 0.000000e+00 -1.000000e+00 -1.000000e+00 0.000000e+00 9.230445e-01 -1.000000e+00 0.000000e+00 6.250000e+02 -1.000000e+00 0.000000e+00 8.250000e+02 -1.000000e+00 -1.000000e+00 7.918426e-01 -1.000000e+00 0.000000e+00 -9.990070e+05 3.000000e+00 -1.000000e+00 -1.000000e+00 7.250000e+02 8.597778e-01 0.000000e+00 0.000000e+00 -1.000000e+00 4.612214e-01 -1.000000e+00 -9.990070e+05 4.612214e-01 9.708783e-01 9.941223e-01 -1.000000e+00 -1.000000e+00 -1.000000e+00 5 0.000000e+00 9.230008e-01
-1.000000e+00 -1.000000e+00 0.000000e+00 -1.000000e+00 -1.000000e+00 0.000000e+00 8.365077e-01 -1.000000e+00 0.000000e+00 5.250000e+02 -1.000000e+00 0.000000e+00 8.250000e+02 -1.000000e+00 -1.000000e+00 6.012850e-01 -1.000000e+00 0.000000e+00 -9.990070e+05 3.000000e+00 -1.000000e+00 -1.000000e+00 6.750000e+02 7.175234e-01 0.000000e+00 0.000000e+00 -1.000000e+00 4.603347e-02 -1.000000e+00 -9.990070e+05 4.603347e-02 9.345714e-01 9.859960e-01 -1.000000e+00 -1.000000e+00 -1.000000e+00 6 0.000000e+00 6.607081e-01
-1.000000e+00 -1.000000e+00 0.000000e+00 -1.000000e+00 -1.000000e+00 0.000000e+00 6.845897e-01 -1.000000e+00 0.000000e+00 4.250000e+02 -1.000000e+00 0.000000e+00 7.250000e+02 -1.000000e+00 -1.000000e+00 3.542634e-01 -1.000000e+00 0.000000e+00 -9.990070e+05 3.000000e+00 -1.000000e+00 -1.000000e+00 5.750000e+02 5.031738e-01 0.000000e+00 0.000000e+00 -1.000000e+00 8.509608e-02 -1.000000e+00 -9.990070e+05 8.509608e-02 8.601401e-01 9.664966e-01 -1.000000e+00 -1.000000e+00 -1.000000e+00 1 0.000000e+00 5.090159e-01
-1.000000e+00 -1.000000e+00 0.000000e+00 -1.000000e+00 -1.000000e+00 0.000000e+00 7.611127e-02 -1.000000e+00 0.000000e+00 2.500000e+01 -1.000000e+00 0.000000e+00 7.250000e+02 -1.000000e+00 -1.000000e+00 3.534886e-03 -1.000000e+00 0.000000e+00 -9.990070e+05 3.000000e+00 -1.000000e+00 -1.000000e+00 3.750000e+02 1.746592e-02 0.000000e+00 0.000000e+00 -1.000000e+00 9.011389e-04 -1.000000e+00 -9.990070e+05 9.011389e-04 2.609530e-01 6.032361e-01 -1.000000e+00 -1.000000e+00 -1.000000e+00 6 0.000000e+00 1.013192e-02
-1.000000e+00 -1.000000e+00 0.000000e+00 -1.000000e+00 -1.000000e+00 0.000000e+00 3.922935e-01 -1.000000e+00 0.000000e+00 3.250000e+02 -1.000000e+00 0.000000e+00 9.250000e+02 -1.000000e+00 -1.000000e+00 9.444733e-02 -1.000000e+00 0.000000e+00 -9.990070e+05 3.000000e+00 -1.000000e+00 -1.000000e+00 6.250000e+02 2.002133e-01 0.000000e+00 0.000000e+00 -1.000000e+00 1.107110e-02 -1.000000e+00 -9.990070e+05 1.107110e-02 6.625831e-01 8.941408e-01 -1.000000e+00 -1.000000e+00 -1.000000e+00 6 0.000000e+00 1.456590e-01
