-1.000000e+00 -1.000000e+00 0.000000e+00 -1.000000e+00 -1.000000e+00 0.000000e+00 5.800040e-01 -1.000000e+00 0.000000e+00 1.250000e+02 -1.000000e+00 0.000000e+00 1.025000e+03 -1.000000e+00 -1.000000e+00 2.344676e-01 -1.000000e+00 0.000000e+00 -9.990070e+05 3.000000e+00 -1.000000e+00 -1.000000e+00 5.750000e+02 3.792268e-01 0.000000e+00 0.000000e+00 -1.000000e+00 1.492766e-01 -1.000000e+00 -9.990070e+05 1.492766e-01 7.992273e-01 9.475555e-01 -1.000000e+00 -1.000000e+00 -1.000000e+00 -1.0 0.000000e+00 4.762737e-01
-1.000000e+00 -1.000000e+00 0.000000e+00 -1.000000e+00 -1.000000e+00 0.000000e+00 6.230533e-01 -1.000000e+00 0.000000e+00 2.250000e+02 -1.000000e+00 0.000000e+00 1.025000e+03 -1.000000e+00 -1.000000e+00 2.795480e-01 -1.000000e+00 0.000000e+00 -9.990070e+05 3.000000e+00 -1.000000e+00 -1.000000e+00 6.250000e+02 4.280445e-01 0.000000e+00 0.000000e+00 -1.000000e+00 1.634534e-01 -1.000000e+00 -9.990070e+05 1.634534e-01 8.253917e-01 9.560330e-01 -1.000000e+00 -1.000000e+00 -1.000000e+00 -1.0 0.000000e+00 5.230860e-01
-1.000000e+00 -1.000000e+00 0.000000e+00 -1.000000e+00 -1.000000e+00 0.000000e+00 7.502995e-01 -1.000000e+00 0.000000e+00 3.250000e+02 -1.000000e+00 0.000000e+00 1.025000e+03 -1.000000e+00 -1.000000e+00 4.491411e-01 -1.000000e+00 0.000000e+00 -9.990070e+05 3.000000e+00 -1.000000e+00 -1.000000e+00 6.750000e+02 5.906575e-01 0.000000e+00 0.000000e+00 -1.000000e+00 2.086646e-01 -1.000000e+00 -9.990070e+05 2.086646e-01 8.941676e-01 9.758936e-01 -1.000000e+00 -1.000000e+00 -1.000000e+00 -1.0 0.000000e+00 6.707958e-01
-1.000000e+00 -1.000000e+00 0.000000e+00 -1.000000e+00 -1.000000e+00 0.000000e+00 8.307904e-01 -1.000000e+00 0.000000e+00 4.250000e+02 -1.000000e+00 0.000000e+00 1.025000e+03 -1.000000e+00 -1.000000e+00 5.901119e-01 -1.000000e+00 0.000000e+00 -9.990070e+05 3.000000e+00 -1.000000e+00 -1.000000e+00 7.250000e+02 7.086651e-01 0.000000e+00 0.000000e+00 -1.000000e+00 2.386962e-01 -1.000000e+00 -9.990070e+05 2.386962e-01 9.320289e-01 9.853935e-01 -1.000000e+00 -1.000000e+00 -1.000000e+00 -1.0 0.000000e+00 7.708336e-01
-1.000000e+00 -1.000000e+00 0.000000e+00 -1.000000e+00 -1.000000e+00 0.000000e+00 8.890106e-01 -1.000000e+00 0.000000e+00 5.250000e+02 -1.000000e+00 0.000000e+00 1.025000e+03 -1.000000e+00 -1.000000e+00 7.118781e-01 -1.000000e+00 0.000000e+00 -9.990070e+05 3.000000e+00 -1.000000e+00 -1.000000e+00 7.750000e+02 8.019627e-01 0.000000e+00 0.000000e+00 -1.000000e+00 2.614286e-01 -1.000000e+00 -9.990070e+05 2.614286e-01 9.570723e-01 9.911371e-01 -1.000000e+00 -1.000000e+00 -1.000000e+00 -1.0 0.000000e+00 8.467269e-01
-1.000000e+00 -1.000000e+00 0.000000e+00 -1.000000e+00 -1.000000e+00 0.000000e+00 9.422687e-01 -1.000000e+00 0.000000e+00 6.250000e+02 -1.000000e+00 0.000000e+00 1.025000e+03 -1.000000e+00 -1.000000e+00 8.401360e-01 -1.000000e+00 0.000000e+00 -9.990070e+05 3.000000e+00 -1.000000e+00 -1.000000e+00 8.250000e+02 8.935475e-01 0.000000e+00 0.000000e+00 -1.000000e+00 2.843408e-01 -1.000000e+00 -9.990070e+05 2.843408e-01 9.784189e-01 9.956987e-01 -1.000000e+00 -1.000000e+00 -1.000000e+00 -1.0 0.000000e+00 9.190320e-01
-1.000000e+00 -1.000000e+00 0.000000e+00 -1.000000e+00 -1.000000e+00 0.000000e+00 5.472068e-01 -1.000000e+00 0.000000e+00 2.500000e+01 -1.000000e+00 0.000000e+00 2.250000e+02 -1.000000e+00 -1.000000e+00 2.037243e-01 -1.000000e+00 0.000000e+00 -9.990070e+05 3.000000e+00 -1.000000e+00 -1.000000e+00 1.250000e+02 3.440367e-01 0.000000e+00 0.000000e+00 -1.000000e+00 2.681891e-01 -1.000000e+00 -9.990070e+05 2.681891e-01 7.781626e-01 9.403438e-01 -1.000000e+00 -1.000000e+00 -1.000000e+00 -1.0 0.000000e+00 5.434669e-01
-1.000000e+00 -1.000000e+00 0.000000e+00 -1.000000e+00 -1.000000e+00 0.000000e+00 6.000209e-01 -1.000000e+00 0.000000e+00 1.250000e+02 -1.000000e+00 0.000000e+00 2.250000e+02 -1.000000e+00 -1.000000e+00 2.547363e-01 -1.000000e+00 0.000000e+00 -9.990070e+05 3.000000e+00 -1.000000e+00 -1.000000e+00 1.750000e+02 4.015505e-01 0.000000e+00 0.000000e+00 -1.000000e+00 3.992944e-01 -1.000000e+00 -9.990070e+05 3.992944e-01 8.115946e-01 9.516280e-01 -1.000000e+00 -1.000000e+00 -1.000000e+00 -1.0 0.000000e+00 6.587812e-01
-1.000000e+00 -1.000000e+00 0.000000e+00 -1.000000e+00 -1.000000e+00 0.000000e+00 4.507866e-01 -1.000000e+00 0.000000e+00 1.750000e+02 -1.000000e+00 0.000000e+00 2.250000e+02 -1.000000e+00 -1.000000e+00 1.293465e-01 -1.000000e+00 0.000000e+00 -9.990070e+05 3.000000e+00 -1.000000e+00 -1.000000e+00 2.000000e+02 2.502679e-01 0.000000e+00 0.000000e+00 -1.000000e+00 1.553484e-01 -1.000000e+00 -9.990070e+05 1.553484e-01 7.097192e-01 9.144014e-01 -1.000000e+00 -1.000000e+00 -1.000000e+00 -1.0 0.000000e+00 3.907503e-01
-1.000000e+00 -1.000000e+00 0.000000e+00 -1.000000e+00 -1.000000e+00 0.000000e+00 4.846897e-01 -1.000000e+00 0.000000e+00 2.050000e+02 -1.000000e+00 0.000000e+00 2.250000e+02 -1.000000e+00 -1.000000e+00 1.529535e-01 -1.000000e+00 0.000000e+00 -9.990070e+05 3.000000e+00 -1.000000e+00 -1.000000e+00 2.150000e+02 2.816191e-01 0.000000e+00 0.000000e+00 -1.000000e+00 1.488390e-01 -1.000000e+00 -9.990070e+05 1.488390e-01 7.349862e-01 9.244396e-01 -1.000000e+00 -1.000000e+00 -1.000000e+00 -1.0 0.000000e+00 4.067391e-01
-1.000000e+00 -1.000000e+00 0.000000e+00 -1.000000e+00 -1.000000e+00 0.000000e+00 9.095897e-01 -1.000000e+00 0.000000e+00 2.500000e+01 -1.000000e+00 0.000000e+00 3.250000e+02 -1.000000e+00 -1.000000e+00 7.594066e-01 -1.000000e+00 0.000000e+00 -9.990070e+05 3.000000e+00 -1.000000e+00 -1.000000e+00 1.750000e+02 8.366243e-01 1.000000e+00 0.000000e+00 -1.000000e+00 5.000000e-01 -1.000000e+00 -9.990070e+05 5.000000e-01 9.654911e-01 9.929727e-01 -1.000000e+00 -1.000000e+00 -1.000000e+00 -1.0 0.000000e+00 9.170860e-01
-1.000000e+00 -1.000000e+00 0.000000e+00 -1.000000e+00 -1.000000e+00 0.000000e+00 6.743766e-01 -1.000000e+00 0.000000e+00 1.250000e+02 -1.000000e+00 0.000000e+00 3.250000e+02 -1.000000e+00 -1.000000e+00 3.409683e-01 -1.000000e+00 0.000000e+00 -9.990070e+05 3.000000e+00 -1.000000e+00 -1.000000e+00 2.250000e+02 4.902589e-01 0.000000e+00 0.000000e+00 -1.000000e+00 2.415134e-01 -1.000000e+00 -9.990070e+05 2.415134e-01 8.545753e-01 9.648807e-01 -1.000000e+00 -1.000000e+00 -1.000000e+00 -1.0 0.000000e+00 6.204701e-01
-1.000000e+00 -1.000000e+00 0.000000e+00 -1.000000e+00 -1.000000e+00 0.000000e+00 7.896296e-01 -1.000000e+00 0.000000e+00 3.050000e+02 -1.000000e+00 0.000000e+00 3.250000e+02 -1.000000e+00 -1.000000e+00 5.143478e-01 -1.000000e+00 0.000000e+00 -9.990070e+05 3.000000e+00 -1.000000e+00 -1.000000e+00 3.150000e+02 6.467791e-01 0.000000e+00 0.000000e+00 -1.000000e+00 2.867565e-01 -1.000000e+00 -9.990070e+05 2.867565e-01 9.131623e-01 9.807836e-01 -1.000000e+00 -1.000000e+00 -1.000000e+00 -1.0 0.000000e+00 7.475808e-01
-1.000000e+00 -1.000000e+00 0.000000e+00 -1.000000e+00 -1.000000e+00 0.000000e+00 8.139971e-01 -1.000000e+00 0.000000e+00 2.500000e+01 -1.000000e+00 0.000000e+00 4.250000e+02 -1.000000e+00 -1.000000e+00 5.582265e-01 -1.000000e+00 0.000000e+00 -9.990070e+05 3.000000e+00 -1.000000e+00 -1.000000e+00 2.250000e+02 6.830188e-01 0.000000e+00 0.000000e+00 -1.000000e+00 2.434859e-01 -1.000000e+00 -9.990070e+05 2.434859e-01 9.244522e-01 9.835716e-01 -1.000000e+00 -1.000000e+00 -1.000000e+00 -1.0 0.000000e+00 7.542743e-01
-1.000000e+00 -1.000000e+00 0.000000e+00 -1.000000e+00 -1.000000e+00 0.000000e+00 4.902073e-01 -1.000000e+00 0.000000e+00 1.250000e+02 -1.000000e+00 0.000000e+00 4.250000e+02 -1.000000e+00 -1.000000e+00 1.570463e-01 -1.000000e+00 0.000000e+00 -9.990070e+05 3.000000e+00 -1.000000e+00 -1.000000e+00 2.750000e+02 2.868860e-01 0.000000e+00 0.000000e+00 -1.000000e+00 1.249859e-01 -1.000000e+00 -9.990070e+05 1.249859e-01 7.389687e-01 9.259716e-01 -1.000000e+00 -1.000000e+00 -1.000000e+00 -1.0 0.000000e+00 3.874322e-01
-1.000000e+00 -1.000000e+00 0.000000e+00 -1.000000e+00 -1.000000e+00 0.000000e+00 4.104342e-01 -1.000000e+00 0.000000e+00 2.250000e+02 -1.000000e+00 0.000000e+00 4.250000e+02 -1.000000e+00 -1.000000e+00 1.045210e-01 -1.000000e+00 0.000000e+00 -9.990070e+05 3.000000e+00 -1.000000e+00 -1.000000e+00 3.250000e+02 2.151953e-01 0.000000e+00 0.000000e+00 -1.000000e+00 1.012225e-01 -1.000000e+00 -9.990070e+05 1.012225e-01 6.777184e-01 9.008713e-01 -1.000000e+00 -1.000000e+00 -1.000000e+00 -1.0 0.000000e+00 3.106706e-01
-1.000000e+00 -1.000000e+00 0.000000e+00 -1.000000e+00 -1.000000e+00 0.000000e+00 8.354056e-01 -1.000000e+00 0.000000e+00 3.250000e+02 -1.000000e+00 0.000000e+00 4.250000e+02 -1.000000e+00 -1.000000e+00 5.991183e-01 -1.000000e+00 0.000000e+00 -9.990070e+05 3.000000e+00 -1.000000e+00 -1.000000e+00 3.750000e+02 7.158107e-01 0.000000e+00 0.000000e+00 -1.000000e+00 2.433409e-01 -1.000000e+00 -9.990070e+05 2.433409e-01 9.340827e-01 9.858805e-01 -1.000000e+00 -1.000000e+00 -1.000000e+00 -1.0 0.000000e+00 7.778499e-01
-1.000000e+00 -1.000000e+00 0.000000e+00 -1.000000e+00 -1.000000e+00 0.000000e+00 8.437600e-01 -1.000000e+00 0.000000e+00 4.050000e+02 -1.000000e+00 0.000000e+00 4.250000e+02 -1.000000e+00 -1.000000e+00 6.156951e-01 -1.000000e+00 0.000000e+00 -9.990070e+05 3.000000e+00 -1.000000e+00 -1.000000e+00 4.150000e+02 7.288537e-01 0.000000e+00 0.000000e+00 -1.000000e+00 2.468085e-01 -1.000000e+00 -9.990070e+05 2.468085e-01 9.377698e-01 9.867478e-01 -1.000000e+00 -1.000000e+00 -1.000000e+00 -1.0 0.000000e+00 7.886295e-01
-1.000000e+00 -1.000000e+00 0.000000e+00 -1.000000e+00 -1.000000e+00 0.000000e+00 5.306600e-01 -1.000000e+00 0.000000e+00 2.500000e+01 -1.000000e+00 0.000000e+00 5.250000e+02 -1.000000e+00 -1.000000e+00 1.893212e-01 -1.000000e+00 0.000000e+00 -9.990070e+05 3.000000e+00 -1.000000e+00 -1.000000e+00 2.750000e+02 3.269270e-01 0.000000e+00 0.000000e+00 -1.000000e+00 1.379016e-01 -1.000000e+00 -9.990070e+05 1.379016e-01 7.671365e-01 9.364279e-01 -1.000000e+00 -1.000000e+00 -1.000000e+00 -1.0 0.000000e+00 4.285919e-01
-1.000000e+00 -1.000000e+00 0.000000e+00 -1.000000e+00 -1.000000e+00 0.000000e+00 7.233469e-01 -1.000000e+00 0.000000e+00 1.250000e+02 -1.000000e+00 0.000000e+00 5.250000e+02 -1.000000e+00 -1.000000e+00 4.081987e-01 -1.000000e+00 0.000000e+00 -9.990070e+05 3.000000e+00 -1.000000e+00 -1.000000e+00 3.250000e+02 5.538417e-01 0.000000e+00 0.000000e+00 -1.000000e+00 2.023310e-01 -1.000000e+00 -9.990070e+05 2.023310e-01 8.805710e-01 9.722378e-01 -1.000000e+00 -1.000000e+00 -1.000000e+00 -1.0 0.000000e+00 6.405915e-01
-1.000000e+00 -1.000000e+00 0.000000e+00 -1.000000e+00 -1.000000e+00 0.000000e+00 7.495644e-01 -1.000000e+00 0.000000e+00 2.250000e+02 -1.000000e+00 0.000000e+00 5.250000e+02 -1.000000e+00 -1.000000e+00 4.479852e-01 -1.000000e+00 0.000000e+00 -9.990070e+05 3.000000e+00 -1.000000e+00 -1.000000e+00 3.750000e+02 5.896358e-01 0.000000e+00 0.000000e+00 -1.000000e+00 2.350221e-01 -1.000000e+00 -9.990070e+05 2.350221e-01 8.938032e-01 9.757973e-01 -1.000000e+00 -1.000000e+00 -1.000000e+00 -1.0 0.000000e+00 6.843915e-01
-1.000000e+00 -1.000000e+00 0.000000e+00 -1.000000e+00 -1.000000e+00 0.000000e+00 6.277185e-01 -1.000000e+00 0.000000e+00 3.250000e+02 -1.000000e+00 0.000000e+00 5.250000e+02 -1.000000e+00 -1.000000e+00 2.847743e-01 -1.000000e+00 0.000000e+00 -9.990070e+05 3.000000e+00 -1.000000e+00 -1.000000e+00 4.250000e+02 4.335172e-01 0.000000e+00 0.000000e+00 -1.000000e+00 1.670182e-01 -1.000000e+00 -9.990070e+05 1.670182e-01 8.281317e-01 9.568907e-01 -1.000000e+00 -1.000000e+00 -1.000000e+00 -1.0 0.000000e+00 5.298270e-01
-1.000000e+00 -1.000000e+00 0.000000e+00 -1.000000e+00 -1.000000e+00 0.000000e+00 8.424774e-01 -1.000000e+00 0.000000e+00 4.250000e+02 -1.000000e+00 0.000000e+00 5.250000e+02 -1.000000e+00 -1.000000e+00 6.131270e-01 -1.000000e+00 0.000000e+00 -9.990070e+05 3.000000e+00 -1.000000e+00 -1.000000e+00 4.750000e+02 7.268422e-01 0.000000e+00 0.000000e+00 -1.000000e+00 2.445272e-01 -1.000000e+00 -9.990070e+05 2.445272e-01 9.372063e-01 9.866158e-01 -1.000000e+00 -1.000000e+00 -1.000000e+00 -1.0 0.000000e+00 7.863238e-01
-1.000000e+00 -1.000000e+00 0.000000e+00 -1.000000e+00 -1.000000e+00 0.000000e+00 9.744203e-01 -1.000000e+00 0.000000e+00 5.050000e+02 -1.000000e+00 0.000000e+00 5.250000e+02 -1.000000e+00 -1.000000e+00 9.263043e-01 -1.000000e+00 0.000000e+00 -9.990070e+05 3.000000e+00 -1.000000e+00 -1.000000e+00 5.150000e+02 9.518807e-01 0.000000e+00 0.000000e+00 -1.000000e+00 2.986983e-01 -1.000000e+00 -9.990070e+05 2.986983e-01 9.906303e-01 9.981708e-01 -1.000000e+00 -1.000000e+00 -1.000000e+00 -1.0 0.000000e+00 9.637982e-01
-1.000000e+00 -1.000000e+00 0.000000e+00 -1.000000e+00 -1.000000e+00 0.000000e+00 6.231955e-01 -1.000000e+00 0.000000e+00 2.500000e+01 -1.000000e+00 0.000000e+00 6.250000e+02 -1.000000e+00 -1.000000e+00 2.797063e-01 -1.000000e+00 0.000000e+00 -9.990070e+05 3.000000e+00 -1.000000e+00 -1.000000e+00 3.250000e+02 4.282108e-01 0.000000e+00 0.000000e+00 -1.000000e+00 1.647104e-01 -1.000000e+00 -9.990070e+05 1.647104e-01 8.254754e-01 9.560593e-01 -1.000000e+00 -1.000000e+00 -1.000000e+00 -1.0 0.000000e+00 5.242065e-01
-1.000000e+00 -1.000000e+00 0.000000e+00 -1.000000e+00 -1.000000e+00 0.000000e+00 3.689613e-01 -1.000000e+00 0.000000e+00 1.250000e+02 -1.000000e+00 0.000000e+00 6.250000e+02 -1.000000e+00 -1.000000e+00 8.242745e-02 -1.000000e+00 0.000000e+00 -9.990070e+05 3.000000e+00 -1.000000e+00 -1.000000e+00 3.750000e+02 1.816539e-01 0.000000e+00 0.000000e+00 -1.000000e+00 8.595645e-02 -1.000000e+00 -9.990070e+05 8.595645e-02 6.423701e-01 8.848072e-01 -1.000000e+00 -1.000000e+00 -1.000000e+00 -1.0 0.000000e+00 2.686029e-01
-1.000000e+00 -1.000000e+00 0.000000e+00 -1.000000e+00 -1.000000e+00 0.000000e+00 6.063496e-01 -1.000000e+00 0.000000e+00 2.250000e+02 -1.000000e+00 0.000000e+00 6.250000e+02 -1.000000e+00 -1.000000e+00 2.613921e-01 -1.000000e+00 0.000000e+00 -9.990070e+05 3.000000e+00 -1.000000e+00 -1.000000e+00 4.250000e+02 4.087437e-01 0.000000e+00 0.000000e+00 -1.000000e+00 1.587628e-01 -1.000000e+00 -9.990070e+05 1.587628e-01 8.154310e-01 9.528674e-01 -1.000000e+00 -1.000000e+00 -1.000000e+00 -1.0 0.000000e+00 5.054545e-01
-1.000000e+00 -1.000000e+00 0.000000e+00 -1.000000e+00 -1.000000e+00 0.000000e+00 7.808702e-01 -1.000000e+00 0.000000e+00 3.250000e+02 -1.000000e+00 0.000000e+00 6.250000e+02 -1.000000e+00 -1.000000e+00 4.992398e-01 -1.000000e+00 0.000000e+00 -9.990070e+05 3.000000e+00 -1.000000e+00 -1.000000e+00 4.750000e+02 6.340292e-01 0.000000e+00 0.000000e+00 -1.000000e+00 2.211071e-01 -1.000000e+00 -9.990070e+05 2.211071e-01 9.090160e-01 9.797376e-01 -1.000000e+00 -1.000000e+00 -1.000000e+00 -1.0 0.000000e+00 7.087450e-01
-1.000000e+00 -1.000000e+00 0.000000e+00 -1.000000e+00 -1.000000e+00 0.000000e+00 8.863427e-01 -1.000000e+00 0.000000e+00 4.250000e+02 -1.000000e+00 0.000000e+00 6.250000e+02 -1.000000e+00 -1.000000e+00 7.058957e-01 -1.000000e+00 0.000000e+00 -9.990070e+05 3.000000e+00 -1.000000e+00 -1.000000e+00 5.250000e+02 7.975350e-01 0.000000e+00 0.000000e+00 -1.000000e+00 2.668347e-01 -1.000000e+00 -9.990070e+05 2.668347e-01 9.559648e-01 9.908921e-01 -1.000000e+00 -1.000000e+00 -1.000000e+00 -1.0 0.000000e+00 8.449531e-01
-1.000000e+00 -1.000000e+00 0.000000e+00 -1.000000e+00 -1.000000e+00 0.000000e+00 9.604803e-01 -1.000000e+00 0.000000e+00 5.250000e+02 -1.000000e+00 0.000000e+00 6.250000e+02 -1.000000e+00 -1.000000e+00 8.880890e-01 -1.000000e+00 0.000000e+00 -9.990070e+05 3.000000e+00 -1.000000e+00 -1.000000e+00 5.750000e+02 9.262999e-01 0.000000e+00 0.000000e+00 -1.000000e+00 2.918611e-01 -1.000000e+00 -9.990070e+05 2.918611e-01 9.853963e-01 9.971234e-01 -1.000000e+00 -1.000000e+00 -1.000000e+00 -1.0 0.000000e+00 9.442309e-01
-1.000000e+00 -1.000000e+00 0.000000e+00 -1.000000e+00 -1.000000e+00 0.000000e+00 9.687745e-01 -1.000000e+00 0.000000e+00 6.050000e+02 -1.000000e+00 0.000000e+00 6.250000e+02 -1.000000e+00 -1.000000e+00 9.106654e-01 -1.000000e+00 0.000000e+00 -9.990070e+05 3.000000e+00 -1.000000e+00 -1.000000e+00 6.150000e+02 9.414662e-01 0.000000e+00 0.000000e+00 -1.000000e+00 2.949984e-01 -1.000000e+00 -9.990070e+05 2.949984e-01 9.885215e-01 9.977510e-01 -1.000000e+00 -1.000000e+00 -1.000000e+00 -1.0 0.000000e+00 9.557860e-01
-1.000000e+00 -1.000000e+00 0.000000e+00 -1.000000e+00 -1.000000e+00 0.000000e+00 4.257795e-01 -1.000000e+00 0.000000e+00 2.500000e+01 -1.000000e+00 0.000000e+00 7.250000e+02 -1.000000e+00 -1.000000e+00 1.135595e-01 -1.000000e+00 0.000000e+00 -9.990070e+05 3.000000e+00 -1.000000e+00 -1.000000e+00 3.750000e+02 2.282478e-01 0.000000e+00 0.000000e+00 -1.000000e+00 1.021462e-01 -1.000000e+00 -9.990070e+05 1.021462e-01 6.901492e-01 9.062382e-01 -1.000000e+00 -1.000000e+00 -1.000000e+00 -1.0 0.000000e+00 3.211005e-01
-1.000000e+00 -1.000000e+00 0.000000e+00 -1.000000e+00 -1.000000e+00 0.000000e+00 5.885132e-01 -1.000000e+00 0.000000e+00 1.250000e+02 -1.000000e+00 0.000000e+00 7.250000e+02 -1.000000e+00 -1.000000e+00 2.429404e-01 -1.000000e+00 0.000000e+00 -9.990070e+05 3.000000e+00 -1.000000e+00 -1.000000e+00 4.250000e+02 3.886376e-01 0.000000e+00 0.000000e+00 -1.000000e+00 1.522629e-01 -1.000000e+00 -9.990070e+05 1.522629e-01 8.045285e-01 9.493156e-01 -1.000000e+00 -1.000000e+00 -1.000000e+00 -1.0 0.000000e+00 4.855942e-01
-1.000000e+00 -1.000000e+00 0.000000e+00 -1.000000e+00 -1.000000e+00 0.000000e+00 6.294846e-01 -1.000000e+00 0.000000e+00 2.250000e+02 -1.000000e+00 0.000000e+00 7.250000e+02 -1.000000e+00 -1.000000e+00 2.867709e-01 -1.000000e+00 0.000000e+00 -9.990070e+05 3.000000e+00 -1.000000e+00 -1.000000e+00 4.750000e+02 4.355984e-01 0.000000e+00 0.000000e+00 -1.000000e+00 1.662171e-01 -1.000000e+00 -9.990070e+05 1.662171e-01 8.291643e-01 9.572125e-01 -1.000000e+00 -1.000000e+00 -1.000000e+00 -1.0 0.000000e+00 5.306879e-01
-1.000000e+00 -1.000000e+00 0.000000e+00 -1.000000e+00 -1.000000e+00 0.000000e+00 7.689162e-01 -1.000000e+00 0.000000e+00 3.250000e+02 -1.000000e+00 0.000000e+00 7.250000e+02 -1.000000e+00 -1.000000e+00 4.791708e-01 -1.000000e+00 0.000000e+00 -9.990070e+05 3.000000e+00 -1.000000e+00 -1.000000e+00 5.250000e+02 6.168626e-01 0.000000e+00 0.000000e+00 -1.000000e+00 2.154222e-01 -1.000000e+00 -9.990070e+05 2.154222e-01 9.032805e-01 9.782710e-01 -1.000000e+00 -1.000000e+00 -1.000000e+00 -1.0 0.000000e+00 6.934137e-01
-1.000000e+00 -1.000000e+00 0.000000e+00 -1.000000e+00 -1.000000e+00 0.000000e+00 7.850072e-01 -1.000000e+00 0.000000e+00 4.250000e+02 -1.000000e+00 0.000000e+00 7.250000e+02 -1.000000e+00 -1.000000e+00 5.063324e-01 -1.000000e+00 0.000000e+00 -9.990070e+05 3.000000e+00 -1.000000e+00 -1.000000e+00 5.750000e+02 6.400328e-01 0.000000e+00 0.000000e+00 -1.000000e+00 2.215113e-01 -1.000000e+00 -9.990070e+05 2.215113e-01 9.109802e-01 9.802346e-01 -1.000000e+00 -1.000000e+00 -1.000000e+00 -1.0 0.000000e+00 7.132932e-01
-1.000000e+00 -1.000000e+00 0.000000e+00 -1.000000e+00 -1.000000e+00 0.000000e+00 9.613463e-01 -1.000000e+00 0.000000e+00 5.250000e+02 -1.000000e+00 0.000000e+00 7.250000e+02 -1.000000e+00 -1.000000e+00 8.904243e-01 -1.000000e+00 0.000000e+00 -9.990070e+05 3.000000e+00 -1.000000e+00 -1.000000e+00 6.250000e+02 9.278760e-01 0.000000e+00 0.000000e+00 -1.000000e+00 2.929039e-01 -1.000000e+00 -9.990070e+05 2.929039e-01 9.857241e-01 9.971895e-01 -1.000000e+00 -1.000000e+00 -1.000000e+00 -1.0 0.000000e+00 9.455039e-01
-1.000000e+00 -1.000000e+00 0.000000e+00 -1.000000e+00 -1.000000e+00 0.000000e+00 9.986626e-01 -1.000000e+00 0.000000e+00 6.250000e+02 -1.000000e+00 0.000000e+00 7.250000e+02 -1.000000e+00 -1.000000e+00 9.960288e-01 -1.000000e+00 0.000000e+00 -9.990070e+05 3.000000e+00 -1.000000e+00 -1.000000e+00 6.750000e+02 9.974458e-01 1.000000e+00 0.000000e+00 -1.000000e+00 5.000000e-01 -1.000000e+00 -9.990070e+05 5.000000e-01 9.995175e-01 9.999072e-01 -1.000000e+00 -1.000000e+00 -1.000000e+00 -1.0 0.000000e+00 9.986644e-01
-1.000000e+00 -1.000000e+00 0.000000e+00 -1.000000e+00 -1.000000e+00 0.000000e+00 9.927180e-01 -1.000000e+00 0.000000e+00 6.750000e+02 -1.000000e+00 0.000000e+00 7.250000e+02 -1.000000e+00 -1.000000e+00 9.785371e-01 -1.000000e+00 0.000000e+00 -9.990070e+05 3.000000e+00 -1.000000e+00 -1.000000e+00 7.000000e+02 9.861441e-01 0.000000e+00 0.000000e+00 -1.000000e+00 3.058670e-01 -1.000000e+00 -9.990070e+05 3.058670e-01 9.973632e-01 9.994911e-01 -1.000000e+00 -1.000000e+00 -1.000000e+00 -1.0 0.000000e+00 9.896197e-01
-1.000000e+00 -1.000000e+00 0.000000e+00 -1.000000e+00 -1.000000e+00 0.000000e+00 4.862691e-01 -1.000000e+00 0.000000e+00 2.500000e+01 -1.000000e+00 0.000000e+00 8.250000e+02 -1.000000e+00 -1.000000e+00 1.541176e-01 -1.000000e+00 0.000000e+00 -9.990070e+05 3.000000e+00 -1.000000e+00 -1.000000e+00 4.250000e+02 2.831220e-01 0.000000e+00 0.000000e+00 -1.000000e+00 1.200795e-01 -1.000000e+00 -9.990070e+05 1.200795e-01 7.361297e-01 9.248809e-01 -1.000000e+00 -1.000000e+00 -1.000000e+00 -1.0 0.000000e+00 3.797507e-01
-1.000000e+00 -1.000000e+00 0.000000e+00 -1.000000e+00 -1.000000e+00 0.000000e+00 5.062310e-01 -1.000000e+00 0.000000e+00 1.250000e+02 -1.000000e+00 0.000000e+00 8.250000e+02 -1.000000e+00 -1.000000e+00 1.693461e-01 -1.000000e+00 0.000000e+00 -9.990070e+05 3.000000e+00 -1.000000e+00 -1.000000e+00 4.750000e+02 3.024453e-01 0.000000e+00 0.000000e+00 -1.000000e+00 1.257893e-01 -1.000000e+00 -9.990070e+05 1.257893e-01 7.503391e-01 9.302718e-01 -1.000000e+00 -1.000000e+00 -1.000000e+00 -1.0 0.000000e+00 3.993667e-01
-1.000000e+00 -1.000000e+00 0.000000e+00 -1.000000e+00 -1.000000e+00 0.000000e+00 6.304950e-01 -1.000000e+00 0.000000e+00 2.250000e+02 -1.000000e+00 0.000000e+00 8.250000e+02 -1.000000e+00 -1.000000e+00 2.879176e-01 -1.000000e+00 0.000000e+00 -9.990070e+05 3.000000e+00 -1.000000e+00 -1.000000e+00 5.250000e+02 4.367915e-01 0.000000e+00 0.000000e+00 -1.000000e+00 1.666975e-01 -1.000000e+00 -9.990070e+05 1.666975e-01 8.297539e-01 9.573958e-01 -1.000000e+00 -1.000000e+00 -1.000000e+00 -1.0 0.000000e+00 5.319195e-01
-1.000000e+00 -1.000000e+00 0.000000e+00 -1.000000e+00 -1.000000e+00 0.000000e+00 7.503220e-01 -1.000000e+00 0.000000e+00 3.250000e+02 -1.000000e+00 0.000000e+00 8.250000e+02 -1.000000e+00 -1.000000e+00 4.491764e-01 -1.000000e+00 0.000000e+00 -9.990070e+05 3.000000e+00 -1.000000e+00 -1.000000e+00 5.750000e+02 5.906887e-01 0.000000e+00 0.000000e+00 -1.000000e+00 2.088331e-01 -1.000000e+00 -9.990070e+05 2.088331e-01 8.941787e-01 9.758965e-01 -1.000000e+00 -1.000000e+00 -1.000000e+00 -1.0 0.000000e+00 6.709129e-01
-1.000000e+00 -1.000000e+00 0.000000e+00 -1.000000e+00 -1.000000e+00 0.000000e+00 8.451620e-01 -1.000000e+00 0.000000e+00 4.250000e+02 -1.000000e+00 0.000000e+00 8.250000e+02 -1.000000e+00 -1.000000e+00 6.185117e-01 -1.000000e+00 0.000000e+00 -9.990070e+05 3.000000e+00 -1.000000e+00 -1.000000e+00 6.250000e+02 7.310562e-01 0.000000e+00 0.000000e+00 -1.000000e+00 2.446055e-01 -1.000000e+00 -9.990070e+05 2.446055e-01 9.383847e-01 9.868915e-01 -1.000000e+00 -1.000000e+00 -1.000000e+00 -1.0 0.000000e+00 7.894264e-01
-1.000000e+00 -1.000000e+00 0.000000e+00 -1.000000e+00 -1.000000e+00 0.000000e+00 9.332575e-01 -1.000000e+00 0.000000e+00 5.250000e+02 -1.000000e+00 0.000000e+00 8.250000e+02 -1.000000e+00 -1.000000e+00 8.172080e-01 -1.000000e+00 0.000000e+00 -9.990070e+05 3.000000e+00 -1.000000e+00 -1.000000e+00 6.750000e+02 8.776165e-01 0.000000e+00 0.000000e+00 -1.000000e+00 2.810252e-01 -1.000000e+00 -9.990070e+05 2.810252e-01 9.749070e-01 9.949692e-01 -1.000000e+00 -1.000000e+00 -1.000000e+00 -1.0 0.000000e+00 9.067405e-01
-1.000000e+00 -1.000000e+00 0.000000e+00 -1.000000e+00 -1.000000e+00 0.000000e+00 9.624693e-01 -1.000000e+00 0.000000e+00 6.250000e+02 -1.000000e+00 0.000000e+00 8.250000e+02 -1.000000e+00 -1.000000e+00 8.934601e-01 -1.000000e+00 0.000000e+00 -9.990070e+05 3.000000e+00 -1.000000e+00 -1.000000e+00 7.250000e+02 9.299224e-01 0.000000e+00 0.000000e+00 -1.000000e+00 2.922857e-01 -1.000000e+00 -9.990070e+05 2.922857e-01 9.861487e-01 9.972751e-01 -1.000000e+00 -1.000000e+00 -1.000000e+00 -1.0 0.000000e+00 9.469636e-01
-1.000000e+00 -1.000000e+00 0.000000e+00 -1.000000e+00 -1.000000e+00 0.000000e+00 4.813959e-01 -1.000000e+00 0.000000e+00 2.500000e+01 -1.000000e+00 0.000000e+00 9.250000e+02 -1.000000e+00 -1.000000e+00 1.505444e-01 -1.000000e+00 0.000000e+00 -9.990070e+05 3.000000e+00 -1.000000e+00 -1.000000e+00 4.750000e+02 2.784970e-01 0.000000e+00 0.000000e+00 -1.000000e+00 1.180688e-01 -1.000000e+00 -9.990070e+05 1.180688e-01 7.325919e-01 9.235121e-01 -1.000000e+00 -1.000000e+00 -1.000000e+00 -1.0 0.000000e+00 3.743614e-01
-1.000000e+00 -1.000000e+00 0.000000e+00 -1.000000e+00 -1.000000e+00 0.000000e+00 5.412360e-01 -1.000000e+00 0.000000e+00 1.250000e+02 -1.000000e+00 0.000000e+00 9.250000e+02 -1.000000e+00 -1.000000e+00 1.984437e-01 -1.000000e+00 0.000000e+00 -9.990070e+05 3.000000e+00 -1.000000e+00 -1.000000e+00 5.250000e+02 3.378133e-01 0.000000e+00 0.000000e+00 -1.000000e+00 1.368121e-01 -1.000000e+00 -9.990070e+05 1.368121e-01 7.742157e-01 9.389533e-01 -1.000000e+00 -1.000000e+00 -1.000000e+00 -1.0 0.000000e+00 4.353461e-01
-1.000000e+00 -1.000000e+00 0.000000e+00 -1.000000e+00 -1.000000e+00 0.000000e+00 6.144063e-01 -1.000000e+00 0.000000e+00 2.250000e+02 -1.000000e+00 0.000000e+00 9.250000e+02 -1.000000e+00 -1.000000e+00 2.700415e-01 -1.000000e+00 0.000000e+00 -9.990070e+05 3.000000e+00 -1.000000e+00 -1.000000e+00 5.750000e+02 4.179958e-01 0.000000e+00 0.000000e+00 -1.000000e+00 1.605704e-01 -1.000000e+00 -9.990070e+05 1.605704e-01 8.202649e-01 9.544131e-01 -1.000000e+00 -1.000000e+00 -1.000000e+00 -1.0 0.000000e+00 5.135611e-01
-1.000000e+00 -1.000000e+00 0.000000e+00 -1.000000e+00 -1.000000e+00 0.000000e+00 7.072091e-01 -1.000000e+00 0.000000e+00 3.250000e+02 -1.000000e+00 0.000000e+00 9.250000e+02 -1.000000e+00 -1.000000e+00 3.850551e-01 -1.000000e+00 0.000000e+00 -9.990070e+05 3.000000e+00 -1.000000e+00 -1.000000e+00 6.250000e+02 5.324227e-01 0.000000e+00 0.000000e+00 -1.000000e+00 1.930048e-01 -1.000000e+00 -9.990070e+05 1.930048e-01 8.721933e-01 9.699198e-01 -1.000000e+00 -1.000000e+00 -1.000000e+00 -1.0 0.000000e+00 6.193637e-01
-1.000000e+00 -1.000000e+00 0.000000e+00 -1.000000e+00 -1.000000e+00 0.000000e+00 8.173301e-01 -1.000000e+00 0.000000e+00 4.250000e+02 -1.000000e+00 0.000000e+00 9.250000e+02 -1.000000e+00 -1.000000e+00 5.644459e-01 -1.000000e+00 0.000000e+00 -9.990070e+05 3.000000e+00 -1.000000e+00 -1.000000e+00 6.750000e+02 6.880650e-01 0.000000e+00 0.000000e+00 -1.000000e+00 2.338301e-01 -1.000000e+00 -9.990070e+05 2.338301e-01 9.259691e-01 9.839395e-01 -1.000000e+00 -1.000000e+00 -1.000000e+00 -1.0 0.000000e+00 7.538279e-01
-1.000000e+00 -1.000000e+00 0.000000e+00 -1.000000e+00 -1.000000e+00 0.000000e+00 9.240322e-01 -1.000000e+00 0.000000e+00 5.250000e+02 -1.000000e+00 0.000000e+00 9.250000e+02 -1.000000e+00 -1.000000e+00 7.942673e-01 -1.000000e+00 0.000000e+00 -9.990070e+05 3.000000e+00 -1.000000e+00 -1.000000e+00 7.250000e+02 8.614930e-01 0.000000e+00 0.000000e+00 -1.000000e+00 2.766771e-01 -1.000000e+00 -9.990070e+05 2.766771e-01 9.712702e-01 9.942051e-01 -1.000000e+00 -1.000000e+00 -1.000000e+00 -1.0 0.000000e+00 8.940683e-01
-1.000000e+00 -1.000000e+00 0.000000e+00 -1.000000e+00 -1.000000e+00 0.000000e+00 9.412265e-01 -1.000000e+00 0.000000e+00 6.250000e+02 -1.000000e+00 0.000000e+00 9.250000e+02 -1.000000e+00 -1.000000e+00 8.374577e-01 -1.000000e+00 0.000000e+00 -9.990070e+05 3.000000e+00 -1.000000e+00 -1.000000e+00 7.750000e+02 8.916958e-01 0.000000e+00 0.000000e+00 -1.000000e+00 2.830376e-01 -1.000000e+00 -9.990070e+05 2.830376e-01 9.780148e-01 9.956151e-01 -1.000000e+00 -1.000000e+00 -1.000000e+00 -1.0 0.000000e+00 9.174705e-01
