9.945800e-02 -1.000000e+00 4.000000e+03 -1.000000e+00 -1.000000e+00 0.000000e+00 1.742768e-14 -1.000000e+00 -1.000000e+00 3.049689e-01 0.000000e+00 -1.000000e+00 1.000000e+00 4.111092e-22 1.000000e+03 1.431681e-01 1.000000e+00 -9.990070e+05 3.000000e+00 -1.000000e+00 5.267732e-19 -1.0 0.000000e+00 0.000000e+00 -1.000000e+00 2.587651e-11 -1.000000e+00 -9.990070e+05 3.238845e-20 3.238845e-20 1.442126e-08 7.206636e-02 2.112866e-01 0.000000e+00 -1.000000e+00 4.385799e-18 0.000000e+00 6.647066e-02
2.259228e-01 -1.000000e+00 4.000000e+03 -1.000000e+00 -1.000000e+00 6.000000e+02 4.423986e-06 -1.000000e+00 -1.000000e+00 6.920831e-01 0.000000e+00 -1.000000e+00 1.000000e+00 4.386449e-11 1.000000e+03 3.254116e-01 1.000000e+00 -9.990070e+05 3.000000e+00 -1.000000e+00 3.448998e-09 -1.0 0.000000e+00 0.000000e+00 -1.000000e+00 3.301716e-04 -1.000000e+00 -9.990070e+05 1.068696e-10 1.068696e-10 9.586463e-03 1.653743e-01 4.790500e-01 0.000000e+00 -1.000000e+00 2.265479e-08 0.000000e+00 1.508265e-01
2.596598e+00 -1.000000e+00 0.000000e+00 -1.000000e+00 -1.000000e+00 8.000000e+02 5.000000e-01 -1.000000e+00 -1.000000e+00 8.413348e+00 0.000000e+00 -1.000000e+00 0.000000e+00 2.275013e-02 1.000000e+03 3.788381e+00 0.000000e+00 -9.990070e+05 3.000000e+00 -1.000000e+00 2.076053e+00 -1.0 0.000000e+00 0.000000e+00 -1.000000e+00 8.413447e-01 -1.000000e+00 -9.990070e+05 4.255102e-02 4.255102e-02 9.772499e-01 1.876274e+00 5.708614e+00 0.000000e+00 -1.000000e+00 1.586553e-01 0.000000e+00 1.751926e+00
1.694924e-01 -1.000000e+00 0.000000e+00 -1.000000e+00 -1.000000e+00 5.500000e+02 1.630874e-08 -1.000000e+00 -1.000000e+00 5.186590e-01 0.000000e+00 -1.000000e+00 0.000000e+00 2.054118e-14 1.050000e+03 2.441847e-01 0.000000e+00 -9.990070e+05 3.000000e+00 -1.000000e+00 3.084902e-12 -1.0 0.000000e+00 0.000000e+00 -1.000000e+00 3.364802e-06 -1.000000e+00 -9.990070e+05 1.178348e-13 1.178348e-13 2.651194e-04 1.242358e-01 3.591919e-01 0.000000e+00 -1.000000e+00 2.987325e-11 0.000000e+00 1.128668e-01
8.192102e-01 -1.000000e+00 0.000000e+00 -1.000000e+00 -1.000000e+00 7.500000e+02 2.264471e-01 -1.000000e+00 -1.000000e+00 2.575149e+00 0.000000e+00 -1.000000e+00 0.000000e+00 1.427470e-03 1.050000e+03 1.184876e+00 0.000000e+00 -9.990070e+05 3.000000e+00 -1.000000e+00 5.073116e-02 -1.0 0.000000e+00 0.000000e+00 -1.000000e+00 6.898541e-01 -1.000000e+00 -9.990070e+05 7.143656e-04 7.143656e-04 9.539117e-01 5.934222e-01 1.763993e+00 0.000000e+00 -1.000000e+00 2.849309e-02 0.000000e+00 5.490374e-01
1.849603e-01 -1.000000e+00 0.000000e+00 -1.000000e+00 -1.000000e+00 1.000000e+02 1.037647e-07 -1.000000e+00 -1.000000e+00 5.656872e-01 0.000000e+00 -1.000000e+00 0.000000e+00 2.479626e-13 1.100000e+03 2.664426e-01 0.000000e+00 -9.990070e+05 3.000000e+00 -1.000000e+00 2.800896e-11 -1.0 0.000000e+00 0.000000e+00 -1.000000e+00 1.560260e-05 -1.000000e+00 -9.990070e+05 9.761932e-13 9.761932e-13 9.001599e-04 1.353755e-01 3.920584e-01 0.000000e+00 -1.000000e+00 2.615556e-10 0.000000e+00 1.232712e-01
1.671976e-01 -1.000000e+00 0.000000e+00 -1.000000e+00 -1.000000e+00 3.000000e+02 9.686610e-09 -1.000000e+00 -1.000000e+00 5.096948e-01 0.000000e+00 -1.000000e+00 0.000000e+00 1.024912e-14 1.100000e+03 2.407219e-01 0.000000e+00 -9.990070e+05 3.000000e+00 -1.000000e+00 1.677459e-12 -1.0 0.000000e+00 0.000000e+00 -1.000000e+00 2.178412e-06 -1.000000e+00 -9.990070e+05 6.577555e-14 6.577555e-14 1.868764e-04 1.226960e-01 3.536321e-01 0.000000e+00 -1.000000e+00 1.626642e-11 0.000000e+00 1.113321e-01
1.709352e-01 -1.000000e+00 0.000000e+00 -1.000000e+00 -1.000000e+00 5.000000e+02 2.258690e-08 -1.000000e+00 -1.000000e+00 5.247050e-01 0.000000e+00 -1.000000e+00 0.000000e+00 3.176409e-14 1.100000e+03 2.463821e-01 0.000000e+00 -9.990070e+05 3.000000e+00 -1.000000e+00 4.845081e-12 -1.0 0.000000e+00 0.000000e+00 -1.000000e+00 4.412954e-06 -1.000000e+00 -9.990070e+05 1.872073e-13 1.872073e-13 3.295122e-04 1.252771e-01 3.627459e-01 0.000000e+00 -1.000000e+00 4.371080e-11 0.000000e+00 1.138616e-01
4.454961e-01 -1.000000e+00 0.000000e+00 -1.000000e+00 -1.000000e+00 7.000000e+02 1.194483e-02 -1.000000e+00 -1.000000e+00 1.374827e+00 0.000000e+00 -1.000000e+00 0.000000e+00 6.368547e-06 1.100000e+03 6.426515e-01 0.000000e+00 -9.990070e+05 3.000000e+00 -1.000000e+00 2.305413e-04 -1.0 0.000000e+00 0.000000e+00 -1.000000e+00 1.300548e-01 -1.000000e+00 -9.990070e+05 4.297152e-06 4.297152e-06 5.929024e-01 3.266586e-01 9.477012e-01 0.000000e+00 -1.000000e+00 4.417962e-04 0.000000e+00 2.971032e-01
4.312805e+00 -1.000000e+00 0.000000e+00 -1.000000e+00 -1.000000e+00 9.000000e+02 5.000000e-01 -1.000000e+00 -1.000000e+00 1.501857e+01 0.000000e+00 -1.000000e+00 0.000000e+00 2.275013e-02 1.100000e+03 6.422123e+00 0.000000e+00 -9.990070e+05 3.000000e+00 -1.000000e+00 1.748773e+00 -1.0 0.000000e+00 0.000000e+00 -1.000000e+00 8.413447e-01 -1.000000e+00 -9.990070e+05 9.028617e-02 9.028617e-02 9.772499e-01 3.111199e+00 9.934071e+00 0.000000e+00 -1.000000e+00 1.586553e-01 0.000000e+00 2.866025e+00
2.194999e-01 -1.000000e+00 4.000000e+03 -1.000000e+00 -1.000000e+00 2.500000e+02 2.447286e-06 -1.000000e+00 -1.000000e+00 6.698669e-01 0.000000e+00 -1.000000e+00 1.000000e+00 1.913533e-11 1.150000e+03 3.160128e-01 1.000000e+00 -9.990070e+05 3.000000e+00 -1.000000e+00 1.493454e-09 -1.0 0.000000e+00 0.000000e+00 -1.000000e+00 2.052440e-04 -1.000000e+00 -9.990070e+05 4.573220e-11 4.573220e-11 6.678323e-03 1.607383e-01 4.646418e-01 0.000000e+00 -1.000000e+00 1.113461e-08 0.000000e+00 1.463550e-01
2.164459e-01 -1.000000e+00 4.000000e+03 -1.000000e+00 -1.000000e+00 4.500000e+02 1.896153e-06 -1.000000e+00 -1.000000e+00 6.602237e-01 0.000000e+00 -1.000000e+00 1.000000e+00 1.340586e-11 1.150000e+03 3.116210e-01 1.000000e+00 -9.990070e+05 3.000000e+00 -1.000000e+00 1.043986e-09 -1.0 0.000000e+00 0.000000e+00 -1.000000e+00 1.670909e-04 -1.000000e+00 -9.990070e+05 3.182982e-11 3.182982e-11 5.706459e-03 1.585304e-01 4.581126e-01 0.000000e+00 -1.000000e+00 8.205173e-09 0.000000e+00 1.441282e-01
2.439404e-01 -1.000000e+00 0.000000e+00 -1.000000e+00 -1.000000e+00 5.000000e+01 1.422384e-05 -1.000000e+00 -1.000000e+00 7.454281e-01 0.000000e+00 -1.000000e+00 0.000000e+00 2.292034e-10 1.150000e+03 3.514003e-01 0.000000e+00 -9.990070e+05 3.000000e+00 -1.000000e+00 1.412543e-08 -1.0 0.000000e+00 0.000000e+00 -1.000000e+00 8.366470e-04 -1.000000e+00 -9.990070e+05 3.893618e-10 3.893618e-10 1.926428e-02 1.787099e-01 5.167975e-01 0.000000e+00 -1.000000e+00 9.275344e-08 0.000000e+00 1.624582e-01
3.087250e-01 -1.000000e+00 0.000000e+00 -1.000000e+00 -1.000000e+00 6.500000e+02 3.583960e-04 -1.000000e+00 -1.000000e+00 9.446931e-01 0.000000e+00 -1.000000e+00 0.000000e+00 2.562588e-08 1.150000e+03 4.446268e-01 0.000000e+00 -9.990070e+05 3.000000e+00 -1.000000e+00 1.194716e-06 -1.0 0.000000e+00 0.000000e+00 -1.000000e+00 1.020031e-02 -1.000000e+00 -9.990070e+05 2.832865e-08 2.832865e-08 1.166558e-01 2.261809e-01 6.541566e-01 0.000000e+00 -1.000000e+00 4.901415e-06 0.000000e+00 2.058652e-01
1.346289e+00 -1.000000e+00 0.000000e+00 -1.000000e+00 -1.000000e+00 8.500000e+02 4.710691e-01 -1.000000e+00 -1.000000e+00 4.141236e+00 0.000000e+00 -1.000000e+00 0.000000e+00 1.558510e-02 1.150000e+03 1.938783e+00 0.000000e+00 -9.990070e+05 3.000000e+00 -1.000000e+00 6.385942e-01 -1.0 0.000000e+00 0.000000e+00 -1.000000e+00 8.305139e-01 -1.000000e+00 -9.990070e+05 7.146601e-03 7.146601e-03 9.756726e-01 9.775023e-01 2.859712e+00 0.000000e+00 -1.000000e+00 1.328811e-01 0.000000e+00 9.014021e-01
3.790535e-01 -1.000000e+00 0.000000e+00 -1.000000e+00 -1.000000e+00 0.000000e+00 3.142069e-03 -1.000000e+00 -1.000000e+00 1.161506e+00 0.000000e+00 -1.000000e+00 0.000000e+00 7.289561e-07 1.200000e+03 5.463296e-01 0.000000e+00 -9.990070e+05 3.000000e+00 -1.000000e+00 2.699271e-05 -1.0 0.000000e+00 0.000000e+00 -1.000000e+00 5.076181e-02 -1.000000e+00 -9.990070e+05 5.293065e-07 5.293065e-07 3.399077e-01 2.776855e-01 8.040542e-01 0.000000e+00 -1.000000e+00 7.702078e-05 0.000000e+00 2.523380e-01
3.178118e-01 -1.000000e+00 0.000000e+00 -1.000000e+00 -1.000000e+00 2.000000e+02 5.018694e-04 -1.000000e+00 -1.000000e+00 9.721504e-01 0.000000e+00 -1.000000e+00 0.000000e+00 4.259112e-08 1.200000e+03 4.578152e-01 0.000000e+00 -9.990070e+05 3.000000e+00 -1.000000e+00 1.880975e-06 -1.0 0.000000e+00 0.000000e+00 -1.000000e+00 1.314721e-02 -1.000000e+00 -9.990070e+05 4.293871e-08 4.293871e-08 1.389364e-01 2.328989e-01 6.734442e-01 0.000000e+00 -1.000000e+00 7.472818e-06 0.000000e+00 2.118256e-01
2.968266e-01 -1.000000e+00 0.000000e+00 -1.000000e+00 -1.000000e+00 4.000000e+02 2.111431e-04 -1.000000e+00 -1.000000e+00 9.044365e-01 0.000000e+00 -1.000000e+00 0.000000e+00 1.161403e-08 1.200000e+03 4.273000e-01 0.000000e+00 -9.990070e+05 3.000000e+00 -1.000000e+00 5.503351e-07 -1.0 0.000000e+00 0.000000e+00 -1.000000e+00 6.824333e-03 -1.000000e+00 -9.990070e+05 1.317241e-08 1.317241e-08 8.813892e-02 2.177021e-01 6.277633e-01 0.000000e+00 -1.000000e+00 2.534965e-06 0.000000e+00 1.977005e-01
3.097077e-01 -1.000000e+00 4.000000e+03 -1.000000e+00 -1.000000e+00 6.000000e+02 3.580542e-04 -1.000000e+00 -1.000000e+00 9.440707e-01 0.000000e+00 -1.000000e+00 1.000000e+00 2.558914e-08 1.200000e+03 4.459160e-01 1.000000e+00 -9.990070e+05 3.000000e+00 -1.000000e+00 1.140809e-06 -1.0 0.000000e+00 0.000000e+00 -1.000000e+00 1.019296e-02 -1.000000e+00 -9.990070e+05 2.621344e-08 2.621344e-08 1.165975e-01 2.271202e-01 6.551941e-01 0.000000e+00 -1.000000e+00 4.895572e-06 0.000000e+00 2.061923e-01
7.159883e-01 -1.000000e+00 0.000000e+00 -1.000000e+00 -1.000000e+00 8.000000e+02 1.482121e-01 -1.000000e+00 -1.000000e+00 2.191686e+00 0.000000e+00 -1.000000e+00 0.000000e+00 5.795495e-04 1.200000e+03 1.029727e+00 0.000000e+00 -9.990070e+05 3.000000e+00 -1.000000e+00 1.973245e-02 -1.0 0.000000e+00 0.000000e+00 -1.000000e+00 5.920807e-01 -1.000000e+00 -9.990070e+05 2.797286e-04 2.797286e-04 9.358917e-01 5.192991e-01 1.517968e+00 0.000000e+00 -1.000000e+00 1.463801e-02 0.000000e+00 4.795600e-01
4.336774e-01 -1.000000e+00 0.000000e+00 -1.000000e+00 -1.000000e+00 1.500000e+02 9.526646e-03 -1.000000e+00 -1.000000e+00 1.325453e+00 0.000000e+00 -1.000000e+00 0.000000e+00 4.378565e-06 1.250000e+03 6.243661e-01 0.000000e+00 -9.990070e+05 3.000000e+00 -1.000000e+00 1.543097e-04 -1.0 0.000000e+00 0.000000e+00 -1.000000e+00 1.112473e-01 -1.000000e+00 -9.990070e+05 2.817176e-06 2.817176e-06 5.450347e-01 3.178145e-01 9.190707e-01 0.000000e+00 -1.000000e+00 3.274542e-04 0.000000e+00 2.886662e-01
3.833057e-01 -1.000000e+00 0.000000e+00 -1.000000e+00 -1.000000e+00 3.500000e+02 3.413413e-03 -1.000000e+00 -1.000000e+00 1.171780e+00 0.000000e+00 -1.000000e+00 0.000000e+00 8.314972e-07 1.250000e+03 5.522350e-01 0.000000e+00 -9.990070e+05 3.000000e+00 -1.000000e+00 3.079604e-05 -1.0 0.000000e+00 0.000000e+00 -1.000000e+00 5.387649e-02 -1.000000e+00 -9.990070e+05 6.031774e-07 6.031774e-07 3.529467e-01 2.810941e-01 8.119959e-01 0.000000e+00 -1.000000e+00 8.571728e-05 0.000000e+00 2.551530e-01
3.817384e-01 -1.000000e+00 0.000000e+00 -1.000000e+00 -1.000000e+00 5.500000e+02 3.320851e-03 -1.000000e+00 -1.000000e+00 1.167647e+00 0.000000e+00 -1.000000e+00 0.000000e+00 7.959278e-07 1.250000e+03 5.500510e-01 0.000000e+00 -9.990070e+05 3.000000e+00 -1.000000e+00 2.908439e-05 -1.0 0.000000e+00 0.000000e+00 -1.000000e+00 5.282294e-02 -1.000000e+00 -9.990070e+05 5.631856e-07 5.631856e-07 3.485760e-01 2.798922e-01 8.089340e-01 0.000000e+00 -1.000000e+00 8.272570e-05 0.000000e+00 2.538937e-01
5.599796e-01 -1.000000e+00 0.000000e+00 -1.000000e+00 -1.000000e+00 7.500000e+02 5.055539e-02 -1.000000e+00 -1.000000e+00 1.720194e+00 0.000000e+00 -1.000000e+00 0.000000e+00 7.649654e-05 1.250000e+03 8.074594e-01 0.000000e+00 -9.990070e+05 3.000000e+00 -1.000000e+00 2.542652e-03 -1.0 0.000000e+00 0.000000e+00 -1.000000e+00 3.358569e-01 -1.000000e+00 -9.990070e+05 3.971550e-05 3.971550e-05 8.496257e-01 4.106982e-01 1.188940e+00 0.000000e+00 -1.000000e+00 3.125465e-03 0.000000e+00 3.728126e-01
6.299680e-01 -1.000000e+00 0.000000e+00 -1.000000e+00 -1.000000e+00 1.000000e+02 8.918192e-02 -1.000000e+00 -1.000000e+00 1.923742e+00 0.000000e+00 -1.000000e+00 0.000000e+00 2.165524e-04 1.300000e+03 9.062384e-01 0.000000e+00 -9.990070e+05 3.000000e+00 -1.000000e+00 7.101352e-03 -1.0 0.000000e+00 0.000000e+00 -1.000000e+00 4.655586e-01 -1.000000e+00 -9.990070e+05 1.022097e-04 1.022097e-04 9.043454e-01 4.577797e-01 1.332154e+00 0.000000e+00 -1.000000e+00 6.956852e-03 0.000000e+00 4.201238e-01
5.360085e-01 -1.000000e+00 0.000000e+00 -1.000000e+00 -1.000000e+00 3.000000e+02 3.999062e-02 -1.000000e+00 -1.000000e+00 1.644535e+00 0.000000e+00 -1.000000e+00 0.000000e+00 5.039323e-05 1.300000e+03 7.729011e-01 0.000000e+00 -9.990070e+05 3.000000e+00 -1.000000e+00 1.659543e-03 -1.0 0.000000e+00 0.000000e+00 -1.000000e+00 2.902216e-01 -1.000000e+00 -9.990070e+05 2.610005e-05 2.610005e-05 8.191993e-01 3.932821e-01 1.138209e+00 0.000000e+00 -1.000000e+00 2.259654e-03 0.000000e+00 3.565223e-01
4.775484e-01 -1.000000e+00 0.000000e+00 -1.000000e+00 -1.000000e+00 5.000000e+02 1.928140e-02 -1.000000e+00 -1.000000e+00 1.459890e+00 0.000000e+00 -1.000000e+00 0.000000e+00 1.424556e-05 1.300000e+03 6.880575e-01 0.000000e+00 -9.990070e+05 3.000000e+00 -1.000000e+00 4.776982e-04 -1.0 0.000000e+00 0.000000e+00 -1.000000e+00 1.800755e-01 -1.000000e+00 -9.990070e+05 8.041285e-06 8.041285e-06 6.930149e-01 3.502997e-01 1.011616e+00 0.000000e+00 -1.000000e+00 8.376578e-04 0.000000e+00 3.177082e-01
5.460134e-01 -1.000000e+00 0.000000e+00 -1.000000e+00 -1.000000e+00 7.000000e+02 4.376398e-02 -1.000000e+00 -1.000000e+00 1.669865e+00 0.000000e+00 -1.000000e+00 0.000000e+00 5.912519e-05 1.300000e+03 7.866989e-01 0.000000e+00 -9.990070e+05 3.000000e+00 -1.000000e+00 1.959687e-03 -1.0 0.000000e+00 0.000000e+00 -1.000000e+00 3.071630e-01 -1.000000e+00 -9.990070e+05 3.086250e-05 3.086250e-05 8.314985e-01 4.007120e-01 1.156621e+00 0.000000e+00 -1.000000e+00 2.559000e-03 0.000000e+00 3.635123e-01
1.269324e+00 -1.000000e+00 0.000000e+00 -1.000000e+00 -1.000000e+00 9.000000e+02 4.533669e-01 -1.000000e+00 -1.000000e+00 3.914258e+00 0.000000e+00 -1.000000e+00 0.000000e+00 1.263414e-02 1.300000e+03 1.828589e+00 0.000000e+00 -9.990070e+05 3.000000e+00 -1.000000e+00 5.031666e-01 -1.0 0.000000e+00 0.000000e+00 -1.000000e+00 8.235917e-01 -1.000000e+00 -9.990070e+05 5.753611e-03 5.753611e-03 9.746602e-01 9.220708e-01 2.698552e+00 0.000000e+00 -1.000000e+00 1.192504e-01 0.000000e+00 8.505272e-01
7.433231e-01 -1.000000e+00 0.000000e+00 -1.000000e+00 -1.000000e+00 2.500000e+02 1.719980e-01 -1.000000e+00 -1.000000e+00 2.281727e+00 0.000000e+00 -1.000000e+00 0.000000e+00 7.858276e-04 1.350000e+03 1.070150e+00 0.000000e+00 -9.990070e+05 3.000000e+00 -1.000000e+00 2.633481e-02 -1.0 0.000000e+00 0.000000e+00 -1.000000e+00 6.278165e-01 -1.000000e+00 -9.990070e+05 3.504868e-04 3.504868e-04 9.429063e-01 5.388154e-01 1.579416e+00 0.000000e+00 -1.000000e+00 1.836700e-02 0.000000e+00 4.959572e-01
6.571199e-01 -1.000000e+00 0.000000e+00 -1.000000e+00 -1.000000e+00 4.500000e+02 1.066305e-01 -1.000000e+00 -1.000000e+00 2.000907e+00 0.000000e+00 -1.000000e+00 0.000000e+00 3.039028e-04 1.350000e+03 9.444129e-01 0.000000e+00 -9.990070e+05 3.000000e+00 -1.000000e+00 1.004203e-02 -1.0 0.000000e+00 0.000000e+00 -1.000000e+00 5.100718e-01 -1.000000e+00 -9.990070e+05 1.426419e-04 1.426419e-04 9.169813e-01 4.770283e-01 1.388397e+00 0.000000e+00 -1.000000e+00 9.001470e-03 0.000000e+00 4.389406e-01
8.498010e-01 -1.000000e+00 0.000000e+00 -1.000000e+00 -1.000000e+00 5.000000e+01 2.547678e-01 -1.000000e+00 -1.000000e+00 2.597177e+00 0.000000e+00 -1.000000e+00 0.000000e+00 1.882489e-03 1.350000e+03 1.222295e+00 0.000000e+00 -9.990070e+05 3.000000e+00 -1.000000e+00 6.473060e-02 -1.0 0.000000e+00 0.000000e+00 -1.000000e+00 7.146337e-01 -1.000000e+00 -9.990070e+05 8.078025e-04 8.078025e-04 9.579958e-01 6.160710e-01 1.801156e+00 0.000000e+00 -1.000000e+00 3.480610e-02 0.000000e+00 5.672655e-01
6.598492e-01 -1.000000e+00 0.000000e+00 -1.000000e+00 -1.000000e+00 6.500000e+02 1.088355e-01 -1.000000e+00 -1.000000e+00 2.011599e+00 0.000000e+00 -1.000000e+00 0.000000e+00 3.160706e-04 1.350000e+03 9.485421e-01 0.000000e+00 -9.990070e+05 3.000000e+00 -1.000000e+00 1.042229e-02 -1.0 0.000000e+00 0.000000e+00 -1.000000e+00 5.152076e-01 -1.000000e+00 -9.990070e+05 1.470465e-04 1.470465e-04 9.183128e-01 4.788635e-01 1.395390e+00 0.000000e+00 -1.000000e+00 9.273266e-03 0.000000e+00 4.405593e-01
9.341300e-01 -1.000000e+00 0.000000e+00 -1.000000e+00 -1.000000e+00 8.500000e+02 3.118710e-01 -1.000000e+00 -1.000000e+00 2.851646e+00 0.000000e+00 -1.000000e+00 0.000000e+00 3.183040e-03 1.350000e+03 1.342964e+00 0.000000e+00 -9.990070e+05 3.000000e+00 -1.000000e+00 1.131990e-01 -1.0 0.000000e+00 0.000000e+00 -1.000000e+00 7.547596e-01 -1.000000e+00 -9.990070e+05 1.399754e-03 1.399754e-03 9.643347e-01 6.779561e-01 1.976776e+00 0.000000e+00 -1.000000e+00 5.044053e-02 0.000000e+00 6.252897e-01
1.100620e+00 -1.000000e+00 4.000000e+03 -1.000000e+00 -1.000000e+00 0.000000e+00 4.006658e-01 -1.000000e+00 -1.000000e+00 3.356585e+00 0.000000e+00 -1.000000e+00 1.000000e+00 7.243948e-03 1.400000e+03 1.582438e+00 1.000000e+00 -9.990070e+05 2.000000e+00 -1.000000e+00 2.705546e-01 -1.0 0.000000e+00 0.000000e+00 -1.000000e+00 8.012738e-01 -1.000000e+00 -9.990070e+05 3.103135e-03 3.103135e-03 9.713693e-01 7.995041e-01 2.326185e+00 0.000000e+00 -1.000000e+00 8.661823e-02 1.000000e+00 7.356225e-01
9.770940e-01 -1.000000e+00 0.000000e+00 -1.000000e+00 -1.000000e+00 2.000000e+02 3.402688e-01 -1.000000e+00 -1.000000e+00 2.990642e+00 0.000000e+00 -1.000000e+00 0.000000e+00 4.113655e-03 1.400000e+03 1.406141e+00 0.000000e+00 -9.990070e+05 3.000000e+00 -1.000000e+00 1.470571e-01 -1.0 0.000000e+00 0.000000e+00 -1.000000e+00 7.712520e-01 -1.000000e+00 -9.990070e+05 1.736010e-03 1.736010e-03 9.668612e-01 7.091116e-01 2.071007e+00 0.000000e+00 -1.000000e+00 6.009922e-02 0.000000e+00 6.517567e-01
8.468387e-01 -1.000000e+00 0.000000e+00 -1.000000e+00 -1.000000e+00 4.000000e+02 2.516769e-01 -1.000000e+00 -1.000000e+00 2.578739e+00 0.000000e+00 -1.000000e+00 0.000000e+00 1.827841e-03 1.400000e+03 1.216887e+00 0.000000e+00 -9.990070e+05 3.000000e+00 -1.000000e+00 6.302177e-02 -1.0 0.000000e+00 0.000000e+00 -1.000000e+00 7.121172e-01 -1.000000e+00 -9.990070e+05 7.958362e-04 7.958362e-04 9.575876e-01 6.140471e-01 1.790910e+00 0.000000e+00 -1.000000e+00 3.407667e-02 0.000000e+00 5.661446e-01
8.631249e-01 -1.000000e+00 0.000000e+00 -1.000000e+00 -1.000000e+00 6.000000e+02 2.639599e-01 -1.000000e+00 -1.000000e+00 2.631862e+00 0.000000e+00 -1.000000e+00 0.000000e+00 2.053087e-03 1.400000e+03 1.240700e+00 0.000000e+00 -9.990070e+05 3.000000e+00 -1.000000e+00 7.109395e-02 -1.0 0.000000e+00 0.000000e+00 -1.000000e+00 7.218767e-01 -1.000000e+00 -9.990070e+05 8.897715e-04 8.897715e-04 9.591630e-01 6.258193e-01 1.826827e+00 0.000000e+00 -1.000000e+00 3.703873e-02 0.000000e+00 5.768029e-01
9.710947e-01 -1.000000e+00 0.000000e+00 -1.000000e+00 -1.000000e+00 8.000000e+02 3.356613e-01 -1.000000e+00 -1.000000e+00 2.960543e+00 0.000000e+00 -1.000000e+00 0.000000e+00 3.945480e-03 1.400000e+03 1.395906e+00 0.000000e+00 -9.990070e+05 3.000000e+00 -1.000000e+00 1.413539e-01 -1.0 0.000000e+00 0.000000e+00 -1.000000e+00 7.686984e-01 -1.000000e+00 -9.990070e+05 1.699384e-03 1.699384e-03 9.664726e-01 7.050711e-01 2.052789e+00 0.000000e+00 -1.000000e+00 5.842931e-02 0.000000e+00 6.492932e-01
1.431319e+00 -1.000000e+00 0.000000e+00 -1.000000e+00 -1.000000e+00 1.500000e+02 4.872796e-01 -1.000000e+00 -1.000000e+00 4.370846e+00 0.000000e+00 -1.000000e+00 0.000000e+00 1.915090e-02 1.450000e+03 2.058591e+00 0.000000e+00 -9.990070e+05 3.000000e+00 -1.000000e+00 8.119210e-01 -1.0 0.000000e+00 0.000000e+00 -1.000000e+00 8.366502e-01 -1.000000e+00 -9.990070e+05 8.778120e-03 8.778120e-03 9.765671e-01 1.038650e+00 3.030089e+00 0.000000e+00 -1.000000e+00 1.467584e-01 0.000000e+00 9.561909e-01
1.140088e+00 -1.000000e+00 4.000000e+03 -1.000000e+00 -1.000000e+00 3.500000e+02 4.161398e-01 -1.000000e+00 -1.000000e+00 3.479271e+00 0.000000e+00 -1.000000e+00 1.000000e+00 8.457295e-03 1.450000e+03 1.639504e+00 1.000000e+00 -9.990070e+05 2.000000e+00 -1.000000e+00 3.201512e-01 -1.0 0.000000e+00 0.000000e+00 -1.000000e+00 8.081309e-01 -1.000000e+00 -9.990070e+05 3.622889e-03 3.622889e-03 9.723852e-01 8.280315e-01 2.410912e+00 0.000000e+00 -1.000000e+00 9.510897e-02 1.000000e+00 7.617166e-01
1.124782e+00 -1.000000e+00 4.000000e+03 -1.000000e+00 -1.000000e+00 5.500000e+02 4.105971e-01 -1.000000e+00 -1.000000e+00 3.432171e+00 0.000000e+00 -1.000000e+00 1.000000e+00 7.995646e-03 1.450000e+03 1.617551e+00 1.000000e+00 -9.990070e+05 2.000000e+00 -1.000000e+00 3.008619e-01 -1.0 0.000000e+00 0.000000e+00 -1.000000e+00 8.057070e-01 -1.000000e+00 -9.990070e+05 3.406415e-03 3.406415e-03 9.720266e-01 8.168834e-01 2.378531e+00 0.000000e+00 -1.000000e+00 9.197361e-02 1.000000e+00 7.511580e-01
1.124471e+00 -1.000000e+00 4.000000e+03 -1.000000e+00 -1.000000e+00 7.500000e+02 4.101897e-01 -1.000000e+00 -1.000000e+00 3.429242e+00 0.000000e+00 -1.000000e+00 1.000000e+00 7.962967e-03 1.450000e+03 1.616667e+00 1.000000e+00 -9.990070e+05 2.000000e+00 -1.000000e+00 2.998785e-01 -1.0 0.000000e+00 0.000000e+00 -1.000000e+00 8.055275e-01 -1.000000e+00 -9.990070e+05 3.415185e-03 3.415185e-03 9.720001e-01 8.167519e-01 2.376728e+00 0.000000e+00 -1.000000e+00 9.174739e-02 1.000000e+00 7.515876e-01
1.893988e+00 -1.000000e+00 0.000000e+00 -1.000000e+00 -1.000000e+00 0.000000e+00 5.000000e-01 -1.000000e+00 -1.000000e+00 5.772945e+00 0.000000e+00 -1.000000e+00 0.000000e+00 2.275013e-02 1.500000e+03 2.721816e+00 0.000000e+00 -9.990070e+05 3.000000e+00 -1.000000e+00 1.708170e+00 -1.0 0.000000e+00 0.000000e+00 -1.000000e+00 8.413447e-01 -1.000000e+00 -9.990070e+05 2.058515e-02 2.058515e-02 9.772499e-01 1.375224e+00 4.014715e+00 0.000000e+00 -1.000000e+00 1.586553e-01 0.000000e+00 1.267417e+00
1.830694e+00 -1.000000e+00 0.000000e+00 -1.000000e+00 -1.000000e+00 1.000000e+02 5.000000e-01 -1.000000e+00 -1.000000e+00 5.589829e+00 0.000000e+00 -1.000000e+00 0.000000e+00 2.275013e-02 1.500000e+03 2.632134e+00 0.000000e+00 -9.990070e+05 3.000000e+00 -1.000000e+00 1.598556e+00 -1.0 0.000000e+00 0.000000e+00 -1.000000e+00 8.413447e-01 -1.000000e+00 -9.990070e+05 1.879335e-02 1.879335e-02 9.772499e-01 1.326067e+00 3.880769e+00 0.000000e+00 -1.000000e+00 1.586553e-01 0.000000e+00 1.224835e+00
1.604500e+00 -1.000000e+00 0.000000e+00 -1.000000e+00 -1.000000e+00 3.000000e+02 5.000000e-01 -1.000000e+00 -1.000000e+00 4.899373e+00 0.000000e+00 -1.000000e+00 0.000000e+00 2.275013e-02 1.500000e+03 2.307463e+00 0.000000e+00 -9.990070e+05 3.000000e+00 -1.000000e+00 1.166023e+00 -1.0 0.000000e+00 0.000000e+00 -1.000000e+00 8.413447e-01 -1.000000e+00 -9.990070e+05 1.276864e-02 1.276864e-02 9.772499e-01 1.163240e+00 3.399167e+00 0.000000e+00 -1.000000e+00 1.586553e-01 0.000000e+00 1.072196e+00
1.489262e+00 -1.000000e+00 0.000000e+00 -1.000000e+00 -1.000000e+00 5.000000e+02 4.955934e-01 -1.000000e+00 -1.000000e+00 4.556982e+00 0.000000e+00 -1.000000e+00 0.000000e+00 2.140879e-02 1.500000e+03 2.143074e+00 0.000000e+00 -9.990070e+05 3.000000e+00 -1.000000e+00 9.285754e-01 -1.0 0.000000e+00 0.000000e+00 -1.000000e+00 8.397297e-01 -1.000000e+00 -9.990070e+05 1.002018e-02 1.002018e-02 9.770152e-01 1.080454e+00 3.157002e+00 0.000000e+00 -1.000000e+00 1.544302e-01 0.000000e+00 9.941152e-01
1.450150e+00 -1.000000e+00 0.000000e+00 -1.000000e+00 -1.000000e+00 7.000000e+02 4.901053e-01 -1.000000e+00 -1.000000e+00 4.428170e+00 0.000000e+00 -1.000000e+00 0.000000e+00 1.988109e-02 1.500000e+03 2.085551e+00 0.000000e+00 -9.990070e+05 3.000000e+00 -1.000000e+00 8.492091e-01 -1.0 0.000000e+00 0.000000e+00 -1.000000e+00 8.377017e-01 -1.000000e+00 -9.990070e+05 9.189538e-03 9.189538e-03 9.767202e-01 1.052215e+00 3.070089e+00 0.000000e+00 -1.000000e+00 1.493225e-01 0.000000e+00 9.689980e-01
1.599204e+00 -1.000000e+00 0.000000e+00 -1.000000e+00 -1.000000e+00 9.000000e+02 5.000000e-01 -1.000000e+00 -1.000000e+00 4.877716e+00 0.000000e+00 -1.000000e+00 0.000000e+00 2.275013e-02 1.500000e+03 2.298971e+00 0.000000e+00 -9.990070e+05 3.000000e+00 -1.000000e+00 1.154458e+00 -1.0 0.000000e+00 0.000000e+00 -1.000000e+00 8.413447e-01 -1.000000e+00 -9.990070e+05 1.267519e-02 1.267519e-02 9.772499e-01 1.159600e+00 3.385145e+00 0.000000e+00 -1.000000e+00 1.586553e-01 0.000000e+00 1.069551e+00
2.211544e+00 -1.000000e+00 0.000000e+00 -1.000000e+00 -1.000000e+00 2.500000e+02 5.000000e-01 -1.000000e+00 -1.000000e+00 6.760219e+00 0.000000e+00 -1.000000e+00 0.000000e+00 2.275013e-02 1.550000e+03 3.180529e+00 0.000000e+00 -9.990070e+05 3.000000e+00 -1.000000e+00 2.061947e+00 -1.0 0.000000e+00 0.000000e+00 -1.000000e+00 8.413447e-01 -1.000000e+00 -9.990070e+05 3.000961e-02 3.000961e-02 9.772499e-01 1.604052e+00 4.695852e+00 0.000000e+00 -1.000000e+00 1.586553e-01 0.000000e+00 1.478946e+00
2.020319e+00 -1.000000e+00 0.000000e+00 -1.000000e+00 -1.000000e+00 4.500000e+02 5.000000e-01 -1.000000e+00 -1.000000e+00 6.161858e+00 0.000000e+00 -1.000000e+00 0.000000e+00 2.275013e-02 1.550000e+03 2.903867e+00 0.000000e+00 -9.990070e+05 3.000000e+00 -1.000000e+00 1.882082e+00 -1.0 0.000000e+00 0.000000e+00 -1.000000e+00 8.413447e-01 -1.000000e+00 -9.990070e+05 2.426868e-02 2.426868e-02 9.772499e-01 1.466449e+00 4.283929e+00 0.000000e+00 -1.000000e+00 1.586553e-01 0.000000e+00 1.351892e+00
2.548100e+00 -1.000000e+00 0.000000e+00 -1.000000e+00 -1.000000e+00 5.000000e+01 5.000000e-01 -1.000000e+00 -1.000000e+00 7.782041e+00 0.000000e+00 -1.000000e+00 0.000000e+00 2.275013e-02 1.550000e+03 3.663839e+00 0.000000e+00 -9.990070e+05 3.000000e+00 -1.000000e+00 2.169049e+00 -1.0 0.000000e+00 0.000000e+00 -1.000000e+00 8.413447e-01 -1.000000e+00 -9.990070e+05 4.060055e-02 4.060055e-02 9.772499e-01 1.847859e+00 5.406448e+00 0.000000e+00 -1.000000e+00 1.586553e-01 0.000000e+00 1.704558e+00
1.841637e+00 -1.000000e+00 0.000000e+00 -1.000000e+00 -1.000000e+00 6.500000e+02 5.000000e-01 -1.000000e+00 -1.000000e+00 5.614853e+00 0.000000e+00 -1.000000e+00 0.000000e+00 2.275013e-02 1.550000e+03 2.646890e+00 0.000000e+00 -9.990070e+05 3.000000e+00 -1.000000e+00 1.618921e+00 -1.0 0.000000e+00 0.000000e+00 -1.000000e+00 8.413447e-01 -1.000000e+00 -9.990070e+05 1.911866e-02 1.911866e-02 9.772499e-01 1.334651e+00 3.900427e+00 0.000000e+00 -1.000000e+00 1.586553e-01 0.000000e+00 1.232525e+00
1.854476e+00 -1.000000e+00 0.000000e+00 -1.000000e+00 -1.000000e+00 8.500000e+02 5.000000e-01 -1.000000e+00 -1.000000e+00 5.656007e+00 0.000000e+00 -1.000000e+00 0.000000e+00 2.275013e-02 1.550000e+03 2.665668e+00 0.000000e+00 -9.990070e+05 3.000000e+00 -1.000000e+00 1.641411e+00 -1.0 0.000000e+00 0.000000e+00 -1.000000e+00 8.413447e-01 -1.000000e+00 -9.990070e+05 1.945738e-02 1.945738e-02 9.772499e-01 1.343842e+00 3.928851e+00 0.000000e+00 -1.000000e+00 1.586553e-01 0.000000e+00 1.240684e+00
3.170393e+00 -1.000000e+00 0.000000e+00 -1.000000e+00 -1.000000e+00 0.000000e+00 5.000000e-01 -1.000000e+00 -1.000000e+00 9.697452e+00 0.000000e+00 -1.000000e+00 0.000000e+00 2.275013e-02 1.600000e+03 4.560411e+00 0.000000e+00 -9.990070e+05 3.000000e+00 -1.000000e+00 2.051435e+00 -1.0 0.000000e+00 0.000000e+00 -1.000000e+00 8.413447e-01 -1.000000e+00 -9.990070e+05 6.012296e-02 6.012296e-02 9.772499e-01 2.300188e+00 6.736017e+00 0.000000e+00 -1.000000e+00 1.586553e-01 0.000000e+00 2.120876e+00
3.111294e+00 -1.000000e+00 0.000000e+00 -1.000000e+00 -1.000000e+00 2.000000e+02 5.000000e-01 -1.000000e+00 -1.000000e+00 9.517360e+00 0.000000e+00 -1.000000e+00 0.000000e+00 2.275013e-02 1.600000e+03 4.474959e+00 0.000000e+00 -9.990070e+05 3.000000e+00 -1.000000e+00 2.068217e+00 -1.0 0.000000e+00 0.000000e+00 -1.000000e+00 8.413447e-01 -1.000000e+00 -9.990070e+05 5.834498e-02 5.834498e-02 9.772499e-01 2.257235e+00 6.610053e+00 0.000000e+00 -1.000000e+00 1.586553e-01 0.000000e+00 2.082188e+00
2.652833e+00 -1.000000e+00 0.000000e+00 -1.000000e+00 -1.000000e+00 4.000000e+02 5.000000e-01 -1.000000e+00 -1.000000e+00 8.099531e+00 0.000000e+00 -1.000000e+00 0.000000e+00 2.275013e-02 1.600000e+03 3.813899e+00 0.000000e+00 -9.990070e+05 3.000000e+00 -1.000000e+00 2.167220e+00 -1.0 0.000000e+00 0.000000e+00 -1.000000e+00 8.413447e-01 -1.000000e+00 -9.990070e+05 4.395179e-02 4.395179e-02 9.772499e-01 1.925554e+00 5.629565e+00 0.000000e+00 -1.000000e+00 1.586553e-01 0.000000e+00 1.775279e+00
2.330773e+00 -1.000000e+00 0.000000e+00 -1.000000e+00 -1.000000e+00 6.000000e+02 5.000000e-01 -1.000000e+00 -1.000000e+00 7.156160e+00 0.000000e+00 -1.000000e+00 0.000000e+00 2.275013e-02 1.600000e+03 3.355423e+00 0.000000e+00 -9.990070e+05 3.000000e+00 -1.000000e+00 2.119667e+00 -1.0 0.000000e+00 0.000000e+00 -1.000000e+00 8.413447e-01 -1.000000e+00 -9.990070e+05 3.363663e-02 3.363663e-02 9.772499e-01 1.686939e+00 4.958979e+00 0.000000e+00 -1.000000e+00 1.586553e-01 0.000000e+00 1.557404e+00
2.524517e+00 -1.000000e+00 0.000000e+00 -1.000000e+00 -1.000000e+00 8.000000e+02 5.000000e-01 -1.000000e+00 -1.000000e+00 7.711208e+00 0.000000e+00 -1.000000e+00 0.000000e+00 2.275013e-02 1.600000e+03 3.630120e+00 0.000000e+00 -9.990070e+05 3.000000e+00 -1.000000e+00 2.168355e+00 -1.0 0.000000e+00 0.000000e+00 -1.000000e+00 8.413447e-01 -1.000000e+00 -9.990070e+05 3.983109e-02 3.983109e-02 9.772499e-01 1.830659e+00 5.357068e+00 0.000000e+00 -1.000000e+00 1.586553e-01 0.000000e+00 1.688391e+00
-1.000000e+00 -1.000000e+00 0.000000e+00 -1.000000e+00 -1.000000e+00 1.500000e+02 5.000000e-01 -1.000000e+00 -1.000000e+00 -1.000000e+00 0.000000e+00 -1.000000e+00 0.000000e+00 2.275013e-02 1.650000e+03 -1.000000e+00 0.000000e+00 -9.990070e+05 3.000000e+00 -1.000000e+00 1.829570e+00 -1.0 0.000000e+00 0.000000e+00 -1.000000e+00 8.413447e-01 -1.000000e+00 -9.990070e+05 8.190571e-02 8.190571e-02 9.772499e-01 -1.000000e+00 -1.000000e+00 0.000000e+00 -1.000000e+00 1.586553e-01 0.000000e+00 -1.000000e+00
3.512279e+00 -1.000000e+00 0.000000e+00 -1.000000e+00 -1.000000e+00 3.500000e+02 5.000000e-01 -1.000000e+00 -1.000000e+00 1.075753e+01 0.000000e+00 -1.000000e+00 0.000000e+00 2.275013e-02 1.650000e+03 5.055182e+00 0.000000e+00 -9.990070e+05 3.000000e+00 -1.000000e+00 1.945108e+00 -1.0 0.000000e+00 0.000000e+00 -1.000000e+00 8.413447e-01 -1.000000e+00 -9.990070e+05 7.048061e-02 7.048061e-02 9.772499e-01 2.549251e+00 7.446712e+00 0.000000e+00 -1.000000e+00 1.586553e-01 0.000000e+00 2.347806e+00
3.229697e+00 -1.000000e+00 0.000000e+00 -1.000000e+00 -1.000000e+00 5.500000e+02 5.000000e-01 -1.000000e+00 -1.000000e+00 9.930457e+00 0.000000e+00 -1.000000e+00 0.000000e+00 2.275013e-02 1.650000e+03 4.650738e+00 0.000000e+00 -9.990070e+05 3.000000e+00 -1.000000e+00 2.035318e+00 -1.0 0.000000e+00 0.000000e+00 -1.000000e+00 8.413447e-01 -1.000000e+00 -9.990070e+05 6.175800e-02 6.175800e-02 9.772499e-01 2.339799e+00 6.882688e+00 0.000000e+00 -1.000000e+00 1.586553e-01 0.000000e+00 2.158066e+00
3.087111e+00 -1.000000e+00 0.000000e+00 -1.000000e+00 -1.000000e+00 7.500000e+02 5.000000e-01 -1.000000e+00 -1.000000e+00 9.425889e+00 0.000000e+00 -1.000000e+00 0.000000e+00 2.275013e-02 1.650000e+03 4.438837e+00 0.000000e+00 -9.990070e+05 3.000000e+00 -1.000000e+00 2.076034e+00 -1.0 0.000000e+00 0.000000e+00 -1.000000e+00 8.413447e-01 -1.000000e+00 -9.990070e+05 5.760965e-02 5.760965e-02 9.772499e-01 2.240924e+00 6.551807e+00 0.000000e+00 -1.000000e+00 1.586553e-01 0.000000e+00 2.065775e+00
5.016937e+00 -1.000000e+00 0.000000e+00 -1.000000e+00 -1.000000e+00 1.000000e+02 5.000000e-01 -1.000000e+00 -1.000000e+00 1.543738e+01 0.000000e+00 -1.000000e+00 0.000000e+00 2.275013e-02 1.700000e+03 7.231540e+00 0.000000e+00 -9.990070e+05 3.000000e+00 -1.000000e+00 1.589728e+00 -1.0 0.000000e+00 0.000000e+00 -1.000000e+00 8.413447e-01 -1.000000e+00 -9.990070e+05 1.108417e-01 1.108417e-01 9.772499e-01 3.649068e+00 1.065440e+01 0.000000e+00 -1.000000e+00 1.586553e-01 0.000000e+00 3.346616e+00
4.725704e+00 -1.000000e+00 0.000000e+00 -1.000000e+00 -1.000000e+00 3.000000e+02 5.000000e-01 -1.000000e+00 -1.000000e+00 1.452216e+01 0.000000e+00 -1.000000e+00 0.000000e+00 2.275013e-02 1.700000e+03 6.809036e+00 0.000000e+00 -9.990070e+05 3.000000e+00 -1.000000e+00 1.641636e+00 -1.0 0.000000e+00 0.000000e+00 -1.000000e+00 8.413447e-01 -1.000000e+00 -9.990070e+05 1.036617e-01 1.036617e-01 9.772499e-01 3.434834e+00 1.002710e+01 0.000000e+00 -1.000000e+00 1.586553e-01 0.000000e+00 3.152573e+00
4.756835e+00 -1.000000e+00 0.000000e+00 -1.000000e+00 -1.000000e+00 5.000000e+02 5.000000e-01 -1.000000e+00 -1.000000e+00 1.461713e+01 0.000000e+00 -1.000000e+00 0.000000e+00 2.275013e-02 1.700000e+03 6.852689e+00 0.000000e+00 -9.990070e+05 3.000000e+00 -1.000000e+00 1.633914e+00 -1.0 0.000000e+00 0.000000e+00 -1.000000e+00 8.413447e-01 -1.000000e+00 -9.990070e+05 1.046793e-01 1.046793e-01 9.772499e-01 3.459067e+00 1.009047e+01 0.000000e+00 -1.000000e+00 1.586553e-01 0.000000e+00 3.179270e+00
4.196709e+00 -1.000000e+00 0.000000e+00 -1.000000e+00 -1.000000e+00 7.000000e+02 5.000000e-01 -1.000000e+00 -1.000000e+00 1.289904e+01 0.000000e+00 -1.000000e+00 0.000000e+00 2.275013e-02 1.700000e+03 6.046996e+00 0.000000e+00 -9.990070e+05 3.000000e+00 -1.000000e+00 1.756533e+00 -1.0 0.000000e+00 0.000000e+00 -1.000000e+00 8.413447e-01 -1.000000e+00 -9.990070e+05 8.974331e-02 8.974331e-02 9.772499e-01 3.048216e+00 8.910905e+00 0.000000e+00 -1.000000e+00 1.586553e-01 0.000000e+00 2.799382e+00
3.979680e+00 -1.000000e+00 0.000000e+00 -1.000000e+00 -1.000000e+00 9.000000e+02 5.000000e-01 -1.000000e+00 -1.000000e+00 1.218125e+01 0.000000e+00 -1.000000e+00 0.000000e+00 2.275013e-02 1.700000e+03 5.727544e+00 0.000000e+00 -9.990070e+05 3.000000e+00 -1.000000e+00 1.809420e+00 -1.0 0.000000e+00 0.000000e+00 -1.000000e+00 8.413447e-01 -1.000000e+00 -9.990070e+05 8.400272e-02 8.400272e-02 9.772499e-01 2.889583e+00 8.432237e+00 0.000000e+00 -1.000000e+00 1.586553e-01 0.000000e+00 2.659635e+00
6.276759e+00 -1.000000e+00 0.000000e+00 -1.000000e+00 -1.000000e+00 2.500000e+02 5.000000e-01 -1.000000e+00 -1.000000e+00 1.926296e+01 0.000000e+00 -1.000000e+00 0.000000e+00 2.275013e-02 1.750000e+03 9.043769e+00 0.000000e+00 -9.990070e+05 3.000000e+00 -1.000000e+00 1.428012e+00 -1.0 0.000000e+00 0.000000e+00 -1.000000e+00 8.413447e-01 -1.000000e+00 -9.990070e+05 1.387361e-01 1.387361e-01 9.772499e-01 4.574138e+00 1.331892e+01 0.000000e+00 -1.000000e+00 1.586553e-01 0.000000e+00 4.188134e+00
5.496603e+00 -1.000000e+00 0.000000e+00 -1.000000e+00 -1.000000e+00 4.500000e+02 5.000000e-01 -1.000000e+00 -1.000000e+00 1.703553e+01 0.000000e+00 -1.000000e+00 0.000000e+00 2.275013e-02 1.750000e+03 7.936254e+00 0.000000e+00 -9.990070e+05 3.000000e+00 -1.000000e+00 1.519177e+00 -1.0 0.000000e+00 0.000000e+00 -1.000000e+00 8.413447e-01 -1.000000e+00 -9.990070e+05 1.218078e-01 1.218078e-01 9.772499e-01 4.002526e+00 1.172356e+01 0.000000e+00 -1.000000e+00 1.586553e-01 0.000000e+00 3.659390e+00
7.147824e+00 -1.000000e+00 0.000000e+00 -1.000000e+00 -1.000000e+00 5.000000e+01 5.000000e-01 -1.000000e+00 -1.000000e+00 2.194184e+01 0.000000e+00 -1.000000e+00 0.000000e+00 2.275013e-02 1.750000e+03 1.030002e+01 0.000000e+00 -9.990070e+05 3.000000e+00 -1.000000e+00 1.356258e+00 -1.0 0.000000e+00 0.000000e+00 -1.000000e+00 8.413447e-01 -1.000000e+00 -9.990070e+05 1.551452e-01 1.551452e-01 9.772499e-01 5.212596e+00 1.517288e+01 0.000000e+00 -1.000000e+00 1.586553e-01 0.000000e+00 4.769373e+00
5.314634e+00 -1.000000e+00 0.000000e+00 -1.000000e+00 -1.000000e+00 6.500000e+02 5.000000e-01 -1.000000e+00 -1.000000e+00 1.633552e+01 0.000000e+00 -1.000000e+00 0.000000e+00 2.275013e-02 1.750000e+03 7.660063e+00 0.000000e+00 -9.990070e+05 3.000000e+00 -1.000000e+00 1.543435e+00 -1.0 0.000000e+00 0.000000e+00 -1.000000e+00 8.413447e-01 -1.000000e+00 -9.990070e+05 1.178599e-01 1.178599e-01 9.772499e-01 3.868180e+00 1.128384e+01 0.000000e+00 -1.000000e+00 1.586553e-01 0.000000e+00 3.543387e+00
5.149413e+00 -1.000000e+00 0.000000e+00 -1.000000e+00 -1.000000e+00 8.500000e+02 5.000000e-01 -1.000000e+00 -1.000000e+00 1.579597e+01 0.000000e+00 -1.000000e+00 0.000000e+00 2.275013e-02 1.750000e+03 7.417686e+00 0.000000e+00 -9.990070e+05 3.000000e+00 -1.000000e+00 1.567498e+00 -1.0 0.000000e+00 0.000000e+00 -1.000000e+00 8.413447e-01 -1.000000e+00 -9.990070e+05 1.141331e-01 1.141331e-01 9.772499e-01 3.747440e+00 1.091887e+01 0.000000e+00 -1.000000e+00 1.586553e-01 0.000000e+00 3.436299e+00
9.389128e+00 -1.000000e+00 4.000000e+03 -1.000000e+00 -1.000000e+00 0.000000e+00 5.000000e-01 -1.000000e+00 -1.000000e+00 2.886911e+01 0.000000e+00 -1.000000e+00 1.000000e+00 2.275013e-02 1.800000e+03 1.353592e+01 1.000000e+00 -9.990070e+05 1.000000e+00 -1.000000e+00 1.245202e+00 -1.0 0.000000e+00 1.000000e+00 -1.000000e+00 8.413447e-01 -1.000000e+00 -9.990070e+05 1.891818e-01 1.891818e-01 9.772499e-01 6.844912e+00 1.994960e+01 0.000000e+00 -1.000000e+00 1.586553e-01 0.000000e+00 6.261206e+00
7.674373e+00 -1.000000e+00 0.000000e+00 -1.000000e+00 -1.000000e+00 2.000000e+02 5.000000e-01 -1.000000e+00 -1.000000e+00 2.356245e+01 0.000000e+00 -1.000000e+00 0.000000e+00 2.275013e-02 1.800000e+03 1.105880e+01 0.000000e+00 -9.990070e+05 3.000000e+00 -1.000000e+00 1.322661e+00 -1.0 0.000000e+00 0.000000e+00 -1.000000e+00 8.413447e-01 -1.000000e+00 -9.990070e+05 1.641105e-01 1.641105e-01 9.772499e-01 5.595969e+00 1.629102e+01 0.000000e+00 -1.000000e+00 1.586553e-01 0.000000e+00 5.121806e+00
7.527272e+00 -1.000000e+00 0.000000e+00 -1.000000e+00 -1.000000e+00 4.000000e+02 5.000000e-01 -1.000000e+00 -1.000000e+00 2.316380e+01 0.000000e+00 -1.000000e+00 0.000000e+00 2.275013e-02 1.800000e+03 1.085396e+01 0.000000e+00 -9.990070e+05 3.000000e+00 -1.000000e+00 1.332258e+00 -1.0 0.000000e+00 0.000000e+00 -1.000000e+00 8.413447e-01 -1.000000e+00 -9.990070e+05 1.614443e-01 1.614443e-01 9.772499e-01 5.487375e+00 1.600111e+01 0.000000e+00 -1.000000e+00 1.586553e-01 0.000000e+00 5.016855e+00
6.882004e+00 -1.000000e+00 0.000000e+00 -1.000000e+00 -1.000000e+00 6.000000e+02 5.000000e-01 -1.000000e+00 -1.000000e+00 2.121778e+01 0.000000e+00 -1.000000e+00 0.000000e+00 2.275013e-02 1.800000e+03 9.926270e+00 0.000000e+00 -9.990070e+05 3.000000e+00 -1.000000e+00 1.376290e+00 -1.0 0.000000e+00 0.000000e+00 -1.000000e+00 8.413447e-01 -1.000000e+00 -9.990070e+05 1.502307e-01 1.502307e-01 9.772499e-01 5.016922e+00 1.464191e+01 0.000000e+00 -1.000000e+00 1.586553e-01 0.000000e+00 4.590718e+00
6.832422e+00 -1.000000e+00 0.000000e+00 -1.000000e+00 -1.000000e+00 8.000000e+02 5.000000e-01 -1.000000e+00 -1.000000e+00 2.097170e+01 0.000000e+00 -1.000000e+00 0.000000e+00 2.275013e-02 1.800000e+03 9.845209e+00 0.000000e+00 -9.990070e+05 3.000000e+00 -1.000000e+00 1.379611e+00 -1.0 0.000000e+00 0.000000e+00 -1.000000e+00 8.413447e-01 -1.000000e+00 -9.990070e+05 1.494360e-01 1.494360e-01 9.772499e-01 4.981366e+00 1.450165e+01 0.000000e+00 -1.000000e+00 1.586553e-01 0.000000e+00 4.559049e+00
9.982027e+00 -1.000000e+00 0.000000e+00 -1.000000e+00 -1.000000e+00 1.500000e+02 5.000000e-01 -1.000000e+00 -1.000000e+00 3.067698e+01 0.000000e+00 -1.000000e+00 0.000000e+00 2.275013e-02 1.850000e+03 1.438726e+01 0.000000e+00 -9.990070e+05 3.000000e+00 -1.000000e+00 1.225582e+00 -1.0 0.000000e+00 0.000000e+00 -1.000000e+00 8.413447e-01 -1.000000e+00 -9.990070e+05 1.968316e-01 1.968316e-01 9.772499e-01 7.276336e+00 2.119949e+01 0.000000e+00 -1.000000e+00 1.586553e-01 0.000000e+00 6.661540e+00
9.965414e+00 -1.000000e+00 0.000000e+00 -1.000000e+00 -1.000000e+00 3.500000e+02 5.000000e-01 -1.000000e+00 -1.000000e+00 3.060200e+01 0.000000e+00 -1.000000e+00 0.000000e+00 2.275013e-02 1.850000e+03 1.436111e+01 0.000000e+00 -9.990070e+05 3.000000e+00 -1.000000e+00 1.226091e+00 -1.0 0.000000e+00 0.000000e+00 -1.000000e+00 8.413447e-01 -1.000000e+00 -9.990070e+05 1.966202e-01 1.966202e-01 9.772499e-01 7.263929e+00 2.115549e+01 0.000000e+00 -1.000000e+00 1.586553e-01 0.000000e+00 6.649188e+00
9.229875e+00 -1.000000e+00 0.000000e+00 -1.000000e+00 -1.000000e+00 5.500000e+02 5.000000e-01 -1.000000e+00 -1.000000e+00 2.835579e+01 0.000000e+00 -1.000000e+00 0.000000e+00 2.275013e-02 1.850000e+03 1.330356e+01 0.000000e+00 -9.990070e+05 3.000000e+00 -1.000000e+00 1.250843e+00 -1.0 0.000000e+00 0.000000e+00 -1.000000e+00 8.413447e-01 -1.000000e+00 -9.990070e+05 1.870958e-01 1.870958e-01 9.772499e-01 6.729053e+00 1.960176e+01 0.000000e+00 -1.000000e+00 1.586553e-01 0.000000e+00 6.155703e+00
8.723402e+00 -1.000000e+00 0.000000e+00 -1.000000e+00 -1.000000e+00 7.500000e+02 5.000000e-01 -1.000000e+00 -1.000000e+00 2.678980e+01 0.000000e+00 -1.000000e+00 0.000000e+00 2.275013e-02 1.850000e+03 1.257132e+01 0.000000e+00 -9.990070e+05 3.000000e+00 -1.000000e+00 1.270546e+00 -1.0 0.000000e+00 0.000000e+00 -1.000000e+00 8.413447e-01 -1.000000e+00 -9.990070e+05 1.801767e-01 1.801767e-01 9.772499e-01 6.360953e+00 1.852076e+01 0.000000e+00 -1.000000e+00 1.586553e-01 0.000000e+00 5.821834e+00
1.340990e+01 -1.000000e+00 0.000000e+00 -1.000000e+00 -1.000000e+00 1.000000e+02 5.000000e-01 -1.000000e+00 -1.000000e+00 4.141288e+01 0.000000e+00 -1.000000e+00 0.000000e+00 2.275013e-02 1.900000e+03 1.932961e+01 0.000000e+00 -9.990070e+05 3.000000e+00 -1.000000e+00 1.153609e+00 -1.0 0.000000e+00 0.000000e+00 -1.000000e+00 8.413447e-01 -1.000000e+00 -9.990070e+05 2.318120e-01 2.318120e-01 9.772499e-01 9.698236e+00 2.864357e+01 0.000000e+00 -1.000000e+00 1.586553e-01 0.000000e+00 8.969998e+00
1.226466e+01 -1.000000e+00 0.000000e+00 -1.000000e+00 -1.000000e+00 3.000000e+02 5.000000e-01 -1.000000e+00 -1.000000e+00 3.781328e+01 0.000000e+00 -1.000000e+00 0.000000e+00 2.275013e-02 1.900000e+03 1.767303e+01 0.000000e+00 -9.990070e+05 3.000000e+00 -1.000000e+00 1.172590e+00 -1.0 0.000000e+00 0.000000e+00 -1.000000e+00 8.413447e-01 -1.000000e+00 -9.990070e+05 2.212696e-01 2.212696e-01 9.772499e-01 8.876610e+00 2.618018e+01 0.000000e+00 -1.000000e+00 1.586553e-01 0.000000e+00 8.195822e+00
1.239611e+01 -1.000000e+00 0.000000e+00 -1.000000e+00 -1.000000e+00 5.000000e+02 5.000000e-01 -1.000000e+00 -1.000000e+00 3.789497e+01 0.000000e+00 -1.000000e+00 0.000000e+00 2.275013e-02 1.900000e+03 1.782722e+01 0.000000e+00 -9.990070e+05 3.000000e+00 -1.000000e+00 1.169265e+00 -1.0 0.000000e+00 0.000000e+00 -1.000000e+00 8.413447e-01 -1.000000e+00 -9.990070e+05 2.230371e-01 2.230371e-01 9.772499e-01 8.990533e+00 2.632019e+01 0.000000e+00 -1.000000e+00 1.586553e-01 0.000000e+00 8.301454e+00
1.161074e+01 -1.000000e+00 0.000000e+00 -1.000000e+00 -1.000000e+00 7.000000e+02 5.000000e-01 -1.000000e+00 -1.000000e+00 3.562029e+01 0.000000e+00 -1.000000e+00 0.000000e+00 2.275013e-02 1.900000e+03 1.671362e+01 0.000000e+00 -9.990070e+05 3.000000e+00 -1.000000e+00 1.185071e+00 -1.0 0.000000e+00 0.000000e+00 -1.000000e+00 8.413447e-01 -1.000000e+00 -9.990070e+05 2.149176e-01 2.149176e-01 9.772499e-01 8.416053e+00 2.471602e+01 0.000000e+00 -1.000000e+00 1.586553e-01 0.000000e+00 7.764168e+00
1.132061e+01 -1.000000e+00 0.000000e+00 -1.000000e+00 -1.000000e+00 9.000000e+02 5.000000e-01 -1.000000e+00 -1.000000e+00 3.482571e+01 0.000000e+00 -1.000000e+00 0.000000e+00 2.275013e-02 1.900000e+03 1.632061e+01 0.000000e+00 -9.990070e+05 3.000000e+00 -1.000000e+00 1.191139e+00 -1.0 0.000000e+00 0.000000e+00 -1.000000e+00 8.413447e-01 -1.000000e+00 -9.990070e+05 2.119790e-01 2.119790e-01 9.772499e-01 8.246091e+00 2.405257e+01 0.000000e+00 -1.000000e+00 1.586553e-01 0.000000e+00 7.549414e+00
1.751619e+01 -1.000000e+00 0.000000e+00 -1.000000e+00 -1.000000e+00 2.500000e+02 5.000000e-01 -1.000000e+00 -1.000000e+00 5.364786e+01 0.000000e+00 -1.000000e+00 0.000000e+00 2.275013e-02 1.950000e+03 2.520419e+01 0.000000e+00 -9.990070e+05 3.000000e+00 -1.000000e+00 1.109002e+00 -1.0 0.000000e+00 0.000000e+00 -1.000000e+00 8.413447e-01 -1.000000e+00 -9.990070e+05 2.620479e-01 2.620479e-01 9.772499e-01 1.269459e+01 3.723719e+01 0.000000e+00 -1.000000e+00 1.586553e-01 0.000000e+00 1.171903e+01
1.599164e+01 -1.000000e+00 0.000000e+00 -1.000000e+00 -1.000000e+00 4.500000e+02 5.000000e-01 -1.000000e+00 -1.000000e+00 4.889638e+01 0.000000e+00 -1.000000e+00 0.000000e+00 2.275013e-02 1.950000e+03 2.299915e+01 0.000000e+00 -9.990070e+05 3.000000e+00 -1.000000e+00 1.121981e+00 -1.0 0.000000e+00 0.000000e+00 -1.000000e+00 8.413447e-01 -1.000000e+00 -9.990070e+05 2.522770e-01 2.522770e-01 9.772499e-01 1.159428e+01 3.395270e+01 0.000000e+00 -1.000000e+00 1.586553e-01 0.000000e+00 1.071122e+01
1.867550e+01 -1.000000e+00 0.000000e+00 -1.000000e+00 -1.000000e+00 5.000000e+01 5.000000e-01 -1.000000e+00 -1.000000e+00 5.713159e+01 0.000000e+00 -1.000000e+00 0.000000e+00 2.275013e-02 1.950000e+03 2.686262e+01 0.000000e+00 -9.990070e+05 3.000000e+00 -1.000000e+00 1.100430e+00 -1.0 0.000000e+00 0.000000e+00 -1.000000e+00 8.413447e-01 -1.000000e+00 -9.990070e+05 2.690630e-01 2.690630e-01 9.772499e-01 1.353766e+01 3.966323e+01 0.000000e+00 -1.000000e+00 1.586553e-01 0.000000e+00 1.250739e+01
1.424385e+01 -1.000000e+00 0.000000e+00 -1.000000e+00 -1.000000e+00 6.500000e+02 5.000000e-01 -1.000000e+00 -1.000000e+00 4.357543e+01 0.000000e+00 -1.000000e+00 0.000000e+00 2.275013e-02 1.950000e+03 2.048974e+01 0.000000e+00 -9.990070e+05 3.000000e+00 -1.000000e+00 1.141614e+00 -1.0 0.000000e+00 0.000000e+00 -1.000000e+00 8.413447e-01 -1.000000e+00 -9.990070e+05 2.390749e-01 2.390749e-01 9.772499e-01 1.033036e+01 3.026561e+01 0.000000e+00 -1.000000e+00 1.586553e-01 0.000000e+00 9.532601e+00
1.426829e+01 -1.000000e+00 0.000000e+00 -1.000000e+00 -1.000000e+00 8.500000e+02 5.000000e-01 -1.000000e+00 -1.000000e+00 4.373536e+01 0.000000e+00 -1.000000e+00 0.000000e+00 2.275013e-02 1.950000e+03 2.053424e+01 0.000000e+00 -9.990070e+05 3.000000e+00 -1.000000e+00 1.141442e+00 -1.0 0.000000e+00 0.000000e+00 -1.000000e+00 8.413447e-01 -1.000000e+00 -9.990070e+05 2.391855e-01 2.391855e-01 9.772499e-01 1.034184e+01 3.035215e+01 0.000000e+00 -1.000000e+00 1.586553e-01 0.000000e+00 9.547357e+00
2.504833e+01 -1.000000e+00 4.000000e+03 -1.000000e+00 -1.000000e+00 0.000000e+00 5.000000e-01 -1.000000e+00 -1.000000e+00 7.672782e+01 0.000000e+00 -1.000000e+00 1.000000e+00 2.275013e-02 2.000000e+03 3.604354e+01 1.000000e+00 -9.990070e+05 1.000000e+00 -1.000000e+00 1.070141e+00 -1.0 0.000000e+00 1.000000e+00 -1.000000e+00 8.413447e-01 -1.000000e+00 -9.990070e+05 2.985631e-01 2.985631e-01 9.772499e-01 1.814875e+01 5.324767e+01 0.000000e+00 -1.000000e+00 1.586553e-01 0.000000e+00 1.676424e+01
2.139853e+01 -1.000000e+00 0.000000e+00 -1.000000e+00 -1.000000e+00 2.000000e+02 5.000000e-01 -1.000000e+00 -1.000000e+00 6.552433e+01 0.000000e+00 -1.000000e+00 0.000000e+00 2.275013e-02 2.000000e+03 3.078967e+01 0.000000e+00 -9.990070e+05 3.000000e+00 -1.000000e+00 1.085010e+00 -1.0 0.000000e+00 0.000000e+00 -1.000000e+00 8.413447e-01 -1.000000e+00 -9.990070e+05 2.830203e-01 2.830203e-01 9.772499e-01 1.550826e+01 4.548540e+01 0.000000e+00 -1.000000e+00 1.586553e-01 0.000000e+00 1.431757e+01
1.967368e+01 -1.000000e+00 0.000000e+00 -1.000000e+00 -1.000000e+00 4.000000e+02 5.000000e-01 -1.000000e+00 -1.000000e+00 6.028521e+01 0.000000e+00 -1.000000e+00 0.000000e+00 2.275013e-02 2.000000e+03 2.831146e+01 0.000000e+00 -9.990070e+05 3.000000e+00 -1.000000e+00 1.094299e+00 -1.0 0.000000e+00 0.000000e+00 -1.000000e+00 8.413447e-01 -1.000000e+00 -9.990070e+05 2.743877e-01 2.743877e-01 9.772499e-01 1.425469e+01 4.183217e+01 0.000000e+00 -1.000000e+00 1.586553e-01 0.000000e+00 1.316512e+01
2.002580e+01 -1.000000e+00 0.000000e+00 -1.000000e+00 -1.000000e+00 6.000000e+02 5.000000e-01 -1.000000e+00 -1.000000e+00 6.130720e+01 0.000000e+00 -1.000000e+00 0.000000e+00 2.275013e-02 2.000000e+03 2.881026e+01 0.000000e+00 -9.990070e+05 3.000000e+00 -1.000000e+00 1.092141e+00 -1.0 0.000000e+00 0.000000e+00 -1.000000e+00 8.413447e-01 -1.000000e+00 -9.990070e+05 2.763266e-01 2.763266e-01 9.772499e-01 1.451293e+01 4.255047e+01 0.000000e+00 -1.000000e+00 1.586553e-01 0.000000e+00 1.340919e+01
1.810764e+01 -1.000000e+00 0.000000e+00 -1.000000e+00 -1.000000e+00 8.000000e+02 5.000000e-01 -1.000000e+00 -1.000000e+00 5.540186e+01 0.000000e+00 -1.000000e+00 0.000000e+00 2.275013e-02 2.000000e+03 2.604868e+01 0.000000e+00 -9.990070e+05 3.000000e+00 -1.000000e+00 1.104488e+00 -1.0 0.000000e+00 0.000000e+00 -1.000000e+00 8.413447e-01 -1.000000e+00 -9.990070e+05 2.656784e-01 2.656784e-01 9.772499e-01 1.312797e+01 3.847147e+01 0.000000e+00 -1.000000e+00 1.586553e-01 0.000000e+00 1.211842e+01
-1.000000e+00 -1.000000e+00 0.000000e+00 -1.000000e+00 -1.000000e+00 1.500000e+02 4.613104e-01 -1.000000e+00 -1.000000e+00 -1.000000e+00 0.000000e+00 -1.000000e+00 0.000000e+00 1.385727e-02 2.500000e+02 -1.000000e+00 0.000000e+00 -9.990070e+05 3.000000e+00 -1.000000e+00 8.868463e-01 -1.0 0.000000e+00 0.000000e+00 -1.000000e+00 8.267283e-01 -1.000000e+00 -9.990070e+05 3.292579e-01 3.292579e-01 9.751194e-01 -1.000000e+00 -1.000000e+00 0.000000e+00 -1.000000e+00 1.251792e-01 0.000000e+00 -1.000000e+00
6.824190e-02 -1.000000e+00 0.000000e+00 -1.000000e+00 -1.000000e+00 0.000000e+00 4.882799e-03 -1.000000e+00 -1.000000e+00 9.863072e-01 0.000000e+00 -1.000000e+00 0.000000e+00 1.474465e-06 4.000000e+02 1.364938e-01 0.000000e+00 -9.990070e+05 3.000000e+00 -1.000000e+00 4.665455e-04 -1.0 0.000000e+00 0.000000e+00 -1.000000e+00 6.957413e-02 -1.000000e+00 -9.990070e+05 5.010882e-05 5.010882e-05 4.137775e-01 4.204236e-02 4.749659e-01 0.000000e+00 -1.000000e+00 1.363674e-04 0.000000e+00 5.262678e-02
-1.000000e+00 -1.000000e+00 4.000000e+03 -1.000000e+00 -1.000000e+00 3.870000e+02 4.233532e-01 -1.000000e+00 -1.000000e+00 -1.000000e+00 0.000000e+00 -1.000000e+00 1.000000e+00 9.109416e-03 4.120000e+02 -1.000000e+00 1.000000e+00 -9.990070e+05 3.000000e+00 -1.000000e+00 6.131324e-01 -1.0 0.000000e+00 0.000000e+00 -1.000000e+00 8.112344e-01 -1.000000e+00 -9.990070e+05 8.946118e-02 8.946118e-02 9.728435e-01 -1.000000e+00 -1.000000e+00 0.000000e+00 -1.000000e+00 9.935532e-02 0.000000e+00 -1.000000e+00
1.529520e+01 -1.000000e+00 4.000000e+03 -1.000000e+00 -1.000000e+00 3.750000e+02 4.882271e-01 -1.000000e+00 -1.000000e+00 1.100000e+02 0.000000e+00 -1.000000e+00 1.000000e+00 1.939171e-02 4.250000e+02 1.100000e+02 1.000000e+00 -9.990070e+05 2.000000e+00 -1.000000e+00 9.242905e-01 -1.0 0.000000e+00 0.000000e+00 -1.000000e+00 8.370033e-01 -1.000000e+00 -9.990070e+05 1.263573e-01 1.263573e-01 9.766185e-01 2.739866e+00 1.100000e+02 0.000000e+00 -1.000000e+00 1.476133e-01 1.000000e+00 1.101279e+01
9.260667e-01 -1.000000e+00 4.000000e+03 -1.000000e+00 -1.000000e+00 4.500000e+02 2.424378e-01 -1.000000e+00 -1.000000e+00 5.556503e+00 0.000000e+00 -1.000000e+00 1.000000e+00 1.672121e-03 5.500000e+02 1.519362e+00 1.000000e+00 -9.990070e+05 3.000000e+00 -1.000000e+00 9.217585e-02 -1.0 0.000000e+00 0.000000e+00 -1.000000e+00 7.043349e-01 -1.000000e+00 -9.990070e+05 3.449478e-03 3.449478e-03 9.563162e-01 6.328954e-01 2.908186e+00 0.000000e+00 -1.000000e+00 3.195731e-02 0.000000e+00 6.638180e-01
1.691168e-02 -1.000000e+00 0.000000e+00 -1.000000e+00 -1.000000e+00 0.000000e+00 2.068334e-45 -1.000000e+00 -1.000000e+00 5.242690e-02 0.000000e+00 -1.000000e+00 0.000000e+00 1.275811e-58 6.000000e+02 2.457649e-02 0.000000e+00 -9.990070e+05 3.000000e+00 -1.000000e+00 2.863111e-53 -1.0 0.000000e+00 0.000000e+00 -1.000000e+00 1.871261e-39 -1.000000e+00 -9.990070e+05 2.394818e-54 2.394818e-54 6.263128e-34 1.228284e-02 3.673075e-02 0.000000e+00 -1.000000e+00 8.451344e-52 0.000000e+00 1.135597e-02
1.458597e+00 -1.000000e+00 0.000000e+00 -1.000000e+00 -1.000000e+00 5.870000e+02 4.742098e-01 -1.000000e+00 -1.000000e+00 5.100637e+00 0.000000e+00 -1.000000e+00 0.000000e+00 1.620197e-02 6.120000e+02 2.156819e+00 0.000000e+00 -9.990070e+05 3.000000e+00 -1.000000e+00 6.864579e-01 -1.0 0.000000e+00 0.000000e+00 -1.000000e+00 8.317171e-01 -1.000000e+00 -9.990070e+05 1.040494e-02 1.040494e-02 9.758482e-01 1.041470e+00 3.321583e+00 0.000000e+00 -1.000000e+00 1.354617e-01 0.000000e+00 9.909797e-01
5.616513e+00 -1.000000e+00 0.000000e+00 -1.000000e+00 -1.000000e+00 5.750000e+02 5.000000e-01 -1.000000e+00 -1.000000e+00 1.769877e+01 0.000000e+00 -1.000000e+00 0.000000e+00 2.275013e-02 6.250000e+02 8.144008e+00 0.000000e+00 -9.990070e+05 3.000000e+00 -1.000000e+00 1.496392e+00 -1.0 0.000000e+00 0.000000e+00 -1.000000e+00 8.413447e-01 -1.000000e+00 -9.990070e+05 1.258567e-01 1.258567e-01 9.772499e-01 4.077316e+00 1.210375e+01 0.000000e+00 -1.000000e+00 1.586553e-01 0.000000e+00 3.772478e+00
9.150903e-01 -1.000000e+00 0.000000e+00 -1.000000e+00 -1.000000e+00 5.500000e+02 2.534837e-01 -1.000000e+00 -1.000000e+00 3.852974e+00 0.000000e+00 -1.000000e+00 0.000000e+00 1.859623e-03 6.500000e+02 1.401506e+00 0.000000e+00 -9.990070e+05 3.000000e+00 -1.000000e+00 8.799016e-02 -1.0 0.000000e+00 0.000000e+00 -1.000000e+00 7.135933e-01 -1.000000e+00 -9.990070e+05 2.374395e-03 2.374395e-03 9.578272e-01 6.464778e-01 2.315272e+00 0.000000e+00 -1.000000e+00 3.450177e-02 0.000000e+00 6.354327e-01
3.614230e-01 -1.000000e+00 0.000000e+00 -1.000000e+00 -1.000000e+00 5.000000e+02 5.113048e-03 -1.000000e+00 -1.000000e+00 1.345239e+00 0.000000e+00 -1.000000e+00 0.000000e+00 1.588052e-06 7.000000e+02 5.405067e-01 0.000000e+00 -9.990070e+05 3.000000e+00 -1.000000e+00 1.109456e-04 -1.0 0.000000e+00 0.000000e+00 -1.000000e+00 7.188706e-02 -1.000000e+00 -9.990070e+05 3.791938e-06 3.791938e-06 4.221287e-01 2.599437e-01 8.493057e-01 0.000000e+00 -1.000000e+00 1.447989e-04 0.000000e+00 2.483395e-01
1.138963e+01 -1.000000e+00 0.000000e+00 -1.000000e+00 -1.000000e+00 6.870000e+02 5.000000e-01 -1.000000e+00 -1.000000e+00 3.518272e+01 0.000000e+00 -1.000000e+00 0.000000e+00 2.275013e-02 7.120000e+02 1.643654e+01 0.000000e+00 -9.990070e+05 3.000000e+00 -1.000000e+00 1.189182e+00 -1.0 0.000000e+00 0.000000e+00 -1.000000e+00 8.413447e-01 -1.000000e+00 -9.990070e+05 2.131953e-01 2.131953e-01 9.772499e-01 8.296719e+00 2.425729e+01 0.000000e+00 -1.000000e+00 1.586553e-01 0.000000e+00 7.613072e+00
2.157020e+00 -1.000000e+00 0.000000e+00 -1.000000e+00 -1.000000e+00 6.750000e+02 5.000000e-01 -1.000000e+00 -1.000000e+00 7.425089e+00 0.000000e+00 -1.000000e+00 0.000000e+00 2.275013e-02 7.250000e+02 3.188948e+00 0.000000e+00 -9.990070e+05 3.000000e+00 -1.000000e+00 1.789932e+00 -1.0 0.000000e+00 0.000000e+00 -1.000000e+00 8.413447e-01 -1.000000e+00 -9.990070e+05 2.968889e-02 2.968889e-02 9.772499e-01 1.565580e+00 4.903591e+00 0.000000e+00 -1.000000e+00 1.586553e-01 0.000000e+00 1.465501e+00
1.708197e-01 -1.000000e+00 0.000000e+00 -1.000000e+00 -1.000000e+00 4.500000e+02 1.707785e-07 -1.000000e+00 -1.000000e+00 5.537679e-01 0.000000e+00 -1.000000e+00 0.000000e+00 4.879208e-13 7.500000e+02 2.488596e-01 0.000000e+00 -9.990070e+05 3.000000e+00 -1.000000e+00 6.966624e-11 -1.0 0.000000e+00 0.000000e+00 -1.000000e+00 2.351274e-05 -1.000000e+00 -9.990070e+05 2.711882e-12 2.711882e-12 1.243884e-03 1.243387e-01 3.740959e-01 0.000000e+00 -1.000000e+00 4.705568e-10 0.000000e+00 1.150704e-01
1.572744e+01 -1.000000e+00 0.000000e+00 -1.000000e+00 -1.000000e+00 6.500000e+02 5.000000e-01 -1.000000e+00 -1.000000e+00 1.000000e+02 0.000000e+00 -1.000000e+00 0.000000e+00 2.275013e-02 7.500000e+02 3.896449e+01 0.000000e+00 -9.990070e+05 3.000000e+00 -1.000000e+00 1.299558e+00 -1.0 0.000000e+00 0.000000e+00 -1.000000e+00 8.413447e-01 -1.000000e+00 -9.990070e+05 1.735932e-01 1.735932e-01 9.772499e-01 8.051271e+00 1.000000e+02 0.000000e+00 -1.000000e+00 1.586553e-01 0.000000e+00 1.356179e+01
3.433220e-02 -1.000000e+00 0.000000e+00 -1.000000e+00 -1.000000e+00 0.000000e+00 1.039601e-34 -1.000000e+00 -1.000000e+00 1.014513e-01 0.000000e+00 -1.000000e+00 0.000000e+00 2.567735e-46 8.000000e+02 4.953258e-02 0.000000e+00 -9.990070e+05 3.000000e+00 -1.000000e+00 4.691340e-42 -1.0 0.000000e+00 0.000000e+00 -1.000000e+00 1.489538e-29 -1.000000e+00 -9.990070e+05 3.160945e-43 3.160945e-43 7.910630e-25 2.498185e-02 7.294892e-02 0.000000e+00 -1.000000e+00 2.686351e-40 0.000000e+00 2.296056e-02
7.982052e-01 -1.000000e+00 0.000000e+00 -1.000000e+00 -1.000000e+00 6.000000e+02 2.075327e-01 -1.000000e+00 -1.000000e+00 2.536978e+00 0.000000e+00 -1.000000e+00 0.000000e+00 1.174028e-03 8.000000e+02 1.158509e+00 0.000000e+00 -9.990070e+05 3.000000e+00 -1.000000e+00 4.283059e-02 -1.0 0.000000e+00 0.000000e+00 -1.000000e+00 6.708059e-01 -1.000000e+00 -9.990070e+05 6.537438e-04 6.537438e-04 9.506638e-01 5.795414e-01 1.728069e+00 0.000000e+00 -1.000000e+00 2.470115e-02 0.000000e+00 5.384598e-01
7.705257e+00 -1.000000e+00 0.000000e+00 -1.000000e+00 -1.000000e+00 7.870000e+02 5.000000e-01 -1.000000e+00 -1.000000e+00 3.031713e+01 0.000000e+00 -1.000000e+00 0.000000e+00 2.275013e-02 8.120000e+02 1.177598e+01 0.000000e+00 -9.990070e+05 3.000000e+00 -1.000000e+00 1.346633e+00 -1.0 0.000000e+00 0.000000e+00 -1.000000e+00 8.413447e-01 -1.000000e+00 -9.990070e+05 1.581772e-01 1.581772e-01 9.772499e-01 5.443334e+00 1.914397e+01 0.000000e+00 -1.000000e+00 1.586553e-01 0.000000e+00 5.246141e+00
7.455855e+00 -1.000000e+00 0.000000e+00 -1.000000e+00 -1.000000e+00 7.750000e+02 5.000000e-01 -1.000000e+00 -1.000000e+00 3.316367e+01 0.000000e+00 -1.000000e+00 0.000000e+00 2.275013e-02 8.250000e+02 1.195207e+01 0.000000e+00 -9.990070e+05 3.000000e+00 -1.000000e+00 1.395553e+00 -1.0 0.000000e+00 0.000000e+00 -1.000000e+00 8.413447e-01 -1.000000e+00 -9.990070e+05 1.464349e-01 1.464349e-01 9.772499e-01 5.145509e+00 2.059024e+01 0.000000e+00 -1.000000e+00 1.586553e-01 0.000000e+00 5.093237e+00
3.164458e-01 -1.000000e+00 0.000000e+00 -1.000000e+00 -1.000000e+00 5.500000e+02 6.661825e-04 -1.000000e+00 -1.000000e+00 1.002568e+00 0.000000e+00 -1.000000e+00 0.000000e+00 6.548748e-08 8.500000e+02 4.585368e-01 0.000000e+00 -9.990070e+05 3.000000e+00 -1.000000e+00 3.386783e-06 -1.0 0.000000e+00 0.000000e+00 -1.000000e+00 1.625535e-02 -1.000000e+00 -9.990070e+05 8.681882e-08 8.681882e-08 1.605734e-01 2.303993e-01 6.821924e-01 0.000000e+00 -1.000000e+00 1.066995e-05 0.000000e+00 2.121986e-01
6.316876e+00 -1.000000e+00 0.000000e+00 -1.000000e+00 -1.000000e+00 7.500000e+02 5.000000e-01 -1.000000e+00 -1.000000e+00 2.536613e+01 0.000000e+00 -1.000000e+00 0.000000e+00 2.275013e-02 8.500000e+02 9.721950e+00 0.000000e+00 -9.990070e+05 3.000000e+00 -1.000000e+00 1.446703e+00 -1.0 0.000000e+00 0.000000e+00 -1.000000e+00 8.413447e-01 -1.000000e+00 -9.990070e+05 1.354958e-01 1.354958e-01 9.772499e-01 4.449617e+00 1.595957e+01 0.000000e+00 -1.000000e+00 1.586553e-01 0.000000e+00 4.400460e+00
1.419870e-01 -1.000000e+00 4.000000e+03 -1.000000e+00 -1.000000e+00 5.000000e+02 6.018574e-10 -1.000000e+00 -1.000000e+00 4.377367e-01 0.000000e+00 -1.000000e+00 1.000000e+00 2.613486e-16 9.000000e+02 2.045718e-01 1.000000e+00 -9.990070e+05 3.000000e+00 -1.000000e+00 7.136768e-14 -1.0 0.000000e+00 0.000000e+00 -1.000000e+00 2.103578e-07 -1.000000e+00 -9.990070e+05 3.238641e-15 3.238641e-15 2.790238e-05 1.029556e-01 3.030737e-01 0.000000e+00 -1.000000e+00 6.481809e-13 0.000000e+00 9.541595e-02
1.519491e+00 -1.000000e+00 0.000000e+00 -1.000000e+00 -1.000000e+00 7.000000e+02 4.974412e-01 -1.000000e+00 -1.000000e+00 4.696030e+00 0.000000e+00 -1.000000e+00 0.000000e+00 2.195812e-02 9.000000e+02 2.191012e+00 0.000000e+00 -9.990070e+05 3.000000e+00 -1.000000e+00 9.582334e-01 -1.0 0.000000e+00 0.000000e+00 -1.000000e+00 8.404083e-01 -1.000000e+00 -9.990070e+05 1.096559e-02 1.096559e-02 9.771138e-01 1.102674e+00 3.238655e+00 0.000000e+00 -1.000000e+00 1.561882e-01 0.000000e+00 1.019718e+00
1.297823e+01 -1.000000e+00 4.000000e+03 -1.000000e+00 -1.000000e+00 8.870000e+02 5.000000e-01 -1.000000e+00 -1.000000e+00 6.011312e+01 0.000000e+00 -1.000000e+00 1.000000e+00 2.275013e-02 9.120000e+02 2.072496e+01 1.000000e+00 -9.990070e+05 1.000000e+00 -1.000000e+00 1.180904e+00 -1.0 0.000000e+00 1.000000e+00 -1.000000e+00 8.413447e-01 -1.000000e+00 -9.990070e+05 2.187056e-01 2.187056e-01 9.772499e-01 9.003367e+00 3.652391e+01 0.000000e+00 -1.000000e+00 1.586553e-01 0.000000e+00 9.257189e+00
1.083298e+01 -1.000000e+00 4.000000e+03 -1.000000e+00 -1.000000e+00 8.750000e+02 5.000000e-01 -1.000000e+00 -1.000000e+00 3.976204e+01 0.000000e+00 -1.000000e+00 1.000000e+00 2.275013e-02 9.250000e+02 1.621068e+01 1.000000e+00 -9.990070e+05 1.000000e+00 -1.000000e+00 1.217230e+00 -1.0 0.000000e+00 1.000000e+00 -1.000000e+00 8.413447e-01 -1.000000e+00 -9.990070e+05 2.007199e-01 2.007199e-01 9.772499e-01 7.694794e+00 2.562187e+01 0.000000e+00 -1.000000e+00 1.586553e-01 0.000000e+00 7.244765e+00
9.815559e-02 -1.000000e+00 0.000000e+00 -1.000000e+00 -1.000000e+00 4.500000e+02 1.088337e-14 -1.000000e+00 -1.000000e+00 2.973822e-01 0.000000e+00 -1.000000e+00 0.000000e+00 2.279620e-22 9.500000e+02 1.416657e-01 0.000000e+00 -9.990070e+05 3.000000e+00 -1.000000e+00 4.010551e-19 -1.0 0.000000e+00 0.000000e+00 -1.000000e+00 1.714383e-11 -1.000000e+00 -9.990070e+05 2.662410e-20 2.662410e-20 1.013313e-08 7.179386e-02 2.085637e-01 0.000000e+00 -1.000000e+00 2.581059e-18 0.000000e+00 6.572891e-02
4.756715e-01 -1.000000e+00 0.000000e+00 -1.000000e+00 -1.000000e+00 6.500000e+02 1.848085e-02 -1.000000e+00 -1.000000e+00 1.461869e+00 0.000000e+00 -1.000000e+00 0.000000e+00 1.325592e-05 9.500000e+02 6.848302e-01 0.000000e+00 -9.990070e+05 3.000000e+00 -1.000000e+00 4.787389e-04 -1.0 0.000000e+00 0.000000e+00 -1.000000e+00 1.750158e-01 -1.000000e+00 -9.990070e+05 8.776538e-06 8.776538e-06 6.844609e-01 3.450109e-01 1.011008e+00 0.000000e+00 -1.000000e+00 7.912507e-04 0.000000e+00 3.193380e-01
1.044290e+01 -1.000000e+00 0.000000e+00 -1.000000e+00 -1.000000e+00 8.500000e+02 5.000000e-01 -1.000000e+00 -1.000000e+00 6.435573e+01 0.000000e+00 -1.000000e+00 0.000000e+00 2.275013e-02 9.500000e+02 1.888440e+01 0.000000e+00 -9.990070e+05 3.000000e+00 -1.000000e+00 1.300435e+00 -1.0 0.000000e+00 0.000000e+00 -1.000000e+00 8.413447e-01 -1.000000e+00 -9.990070e+05 1.733974e-01 1.733974e-01 9.772499e-01 6.696283e+00 3.923848e+01 0.000000e+00 -1.000000e+00 1.586553e-01 0.000000e+00 7.617439e+00
