5.276339e-01 -1.000000e+00 0.000000e+00 -1.000000e+00 -1.000000e+00 0.000000e+00 1.825179e-02 -1.000000e+00 -1.000000e+00 1.907147e+00 0.000000e+00 -1.000000e+00 0.000000e+00 1.297850e-05 1.000000e+03 7.820076e-01 0.000000e+00 -9.990070e+05 3.000000e+00 -1.000000e+00 1.792803e-02 -1.0 0.000000e+00 0.000000e+00 -1.000000e+00 1.735527e-01 -1.000000e+00 -9.990070e+05 6.404608e-03 6.404608e-03 6.819276e-01 3.799739e-01 1.216633e+00 0.000000e+00 -1.000000e+00 7.781075e-04 0.000000e+00 6.626029e-01
1.480601e+00 -1.000000e+00 0.000000e+00 -1.000000e+00 -1.000000e+00 6.000000e+02 3.058668e-01 -1.000000e+00 -1.000000e+00 5.515849e+00 0.000000e+00 -1.000000e+00 0.000000e+00 3.015052e-03 1.000000e+03 2.212532e+00 0.000000e+00 -9.990070e+05 3.000000e+00 -1.000000e+00 4.778910e-01 -1.0 0.000000e+00 0.000000e+00 -1.000000e+00 7.510217e-01 -1.000000e+00 -9.990070e+05 1.651948e-01 1.651948e-01 9.637563e-01 1.062618e+00 3.482282e+00 0.000000e+00 -1.000000e+00 4.857840e-02 0.000000e+00 1.874348e+00
1.726326e+00 -1.000000e+00 0.000000e+00 -1.000000e+00 -1.000000e+00 8.000000e+02 3.564922e-01 -1.000000e+00 -1.000000e+00 5.687646e+00 0.000000e+00 -1.000000e+00 0.000000e+00 4.769640e-03 1.000000e+03 2.519726e+00 0.000000e+00 -9.990070e+05 3.000000e+00 -1.000000e+00 5.985225e-01 -1.0 0.000000e+00 0.000000e+00 -1.000000e+00 7.799107e-01 -1.000000e+00 -9.990070e+05 2.107277e-01 2.107277e-01 9.681725e-01 1.257823e+00 3.800772e+00 0.000000e+00 -1.000000e+00 6.633348e-02 0.000000e+00 2.151162e+00
1.719443e+00 -1.000000e+00 0.000000e+00 -1.000000e+00 -1.000000e+00 5.500000e+02 3.519173e-01 -1.000000e+00 -1.000000e+00 5.964065e+00 0.000000e+00 -1.000000e+00 0.000000e+00 4.573860e-03 1.050000e+03 2.521935e+00 0.000000e+00 -9.990070e+05 3.000000e+00 -1.000000e+00 5.879363e-01 -1.0 0.000000e+00 0.000000e+00 -1.000000e+00 7.775191e-01 -1.000000e+00 -9.990070e+05 2.072422e-01 2.072422e-01 9.678113e-01 1.243726e+00 3.885460e+00 0.000000e+00 -1.000000e+00 6.451725e-02 0.000000e+00 2.157392e+00
2.716458e+00 -1.000000e+00 4.000000e+03 -1.000000e+00 -1.000000e+00 7.500000e+02 4.410621e-01 -1.000000e+00 -1.000000e+00 1.021701e+01 0.000000e+00 -1.000000e+00 1.000000e+00 1.100568e-02 1.050000e+03 4.080101e+00 1.000000e+00 -9.990070e+05 2.000000e+00 -1.000000e+00 8.433707e-01 -1.0 0.000000e+00 0.000000e+00 -1.000000e+00 8.186272e-01 -1.000000e+00 -9.990070e+05 3.379884e-01 3.379884e-01 9.739319e-01 1.941167e+00 6.443147e+00 0.000000e+00 -1.000000e+00 1.106350e-01 1.000000e+00 3.465254e+00
6.101236e-01 -1.000000e+00 0.000000e+00 -1.000000e+00 -1.000000e+00 1.000000e+02 3.250309e-02 -1.000000e+00 -1.000000e+00 2.062132e+00 0.000000e+00 -1.000000e+00 0.000000e+00 3.501260e-05 1.100000e+03 8.924685e-01 0.000000e+00 -9.990070e+05 3.000000e+00 -1.000000e+00 3.333176e-02 -1.0 0.000000e+00 0.000000e+00 -1.000000e+00 2.541618e-01 -1.000000e+00 -9.990070e+05 1.169332e-02 1.169332e-02 7.880333e-01 4.427882e-01 1.359931e+00 0.000000e+00 -1.000000e+00 1.700210e-03 0.000000e+00 7.625252e-01
8.477272e-01 -1.000000e+00 0.000000e+00 -1.000000e+00 -1.000000e+00 3.000000e+02 1.052989e-01 -1.000000e+00 -1.000000e+00 2.793185e+00 0.000000e+00 -1.000000e+00 0.000000e+00 2.966798e-04 1.100000e+03 1.238100e+00 0.000000e+00 -9.990070e+05 3.000000e+00 -1.000000e+00 1.259239e-01 -1.0 0.000000e+00 0.000000e+00 -1.000000e+00 5.069204e-01 -1.000000e+00 -9.990070e+05 4.327507e-02 4.327507e-02 9.161525e-01 6.175581e-01 1.868219e+00 0.000000e+00 -1.000000e+00 8.838788e-03 0.000000e+00 1.056943e+00
1.176507e+00 -1.000000e+00 0.000000e+00 -1.000000e+00 -1.000000e+00 5.000000e+02 2.225302e-01 -1.000000e+00 -1.000000e+00 3.962116e+00 0.000000e+00 -1.000000e+00 0.000000e+00 1.371962e-03 1.100000e+03 1.719108e+00 0.000000e+00 -9.990070e+05 3.000000e+00 -1.000000e+00 3.107549e-01 -1.0 0.000000e+00 0.000000e+00 -1.000000e+00 6.860918e-01 -1.000000e+00 -9.990070e+05 1.060045e-01 1.060045e-01 9.532782e-01 8.548860e-01 2.616042e+00 0.000000e+00 -1.000000e+00 2.768168e-02 0.000000e+00 1.470386e+00
2.867554e+00 -1.000000e+00 0.000000e+00 -1.000000e+00 -1.000000e+00 7.000000e+02 4.486042e-01 -1.000000e+00 -1.000000e+00 1.072921e+01 0.000000e+00 -1.000000e+00 0.000000e+00 1.196857e-02 1.100000e+03 4.292465e+00 0.000000e+00 -9.990070e+05 3.000000e+00 -1.000000e+00 8.658361e-01 -1.0 0.000000e+00 0.000000e+00 -1.000000e+00 8.216859e-01 -1.000000e+00 -9.990070e+05 3.538171e-01 3.538171e-01 9.743808e-01 2.053245e+00 6.763921e+00 0.000000e+00 -1.000000e+00 1.158359e-01 0.000000e+00 3.642869e+00
2.552397e+00 -1.000000e+00 4.000000e+03 -1.000000e+00 -1.000000e+00 9.000000e+02 4.357319e-01 -1.000000e+00 -1.000000e+00 8.576397e+00 0.000000e+00 -1.000000e+00 1.000000e+00 1.038537e-02 1.100000e+03 3.718735e+00 1.000000e+00 -9.990070e+05 2.000000e+00 -1.000000e+00 8.260519e-01 -1.0 0.000000e+00 0.000000e+00 -1.000000e+00 8.164342e-01 -1.000000e+00 -9.990070e+05 3.245457e-01 3.245457e-01 9.736095e-01 1.858158e+00 5.645034e+00 0.000000e+00 -1.000000e+00 1.071063e-01 1.000000e+00 3.181291e+00
7.689239e-01 -1.000000e+00 0.000000e+00 -1.000000e+00 -1.000000e+00 2.500000e+02 7.762618e-02 -1.000000e+00 -1.000000e+00 2.544324e+00 0.000000e+00 -1.000000e+00 0.000000e+00 1.671462e-04 1.150000e+03 1.122741e+00 0.000000e+00 -9.990070e+05 3.000000e+00 -1.000000e+00 8.869400e-02 -1.0 0.000000e+00 0.000000e+00 -1.000000e+00 4.318035e-01 -1.000000e+00 -9.990070e+05 3.064679e-02 3.064679e-02 8.931646e-01 5.601037e-01 1.696235e+00 0.000000e+00 -1.000000e+00 5.707695e-03 0.000000e+00 9.587574e-01
1.174760e+00 -1.000000e+00 0.000000e+00 -1.000000e+00 -1.000000e+00 4.500000e+02 2.220452e-01 -1.000000e+00 -1.000000e+00 4.024070e+00 0.000000e+00 -1.000000e+00 0.000000e+00 1.365203e-03 1.150000e+03 1.714483e+00 0.000000e+00 -9.990070e+05 3.000000e+00 -1.000000e+00 3.094851e-01 -1.0 0.000000e+00 0.000000e+00 -1.000000e+00 6.856197e-01 -1.000000e+00 -9.990070e+05 1.054115e-01 1.054115e-01 9.531985e-01 8.541439e-01 2.623094e+00 0.000000e+00 -1.000000e+00 2.758218e-02 0.000000e+00 1.466924e+00
8.046482e-01 -1.000000e+00 0.000000e+00 -1.000000e+00 -1.000000e+00 5.000000e+01 8.994896e-02 -1.000000e+00 -1.000000e+00 2.799312e+00 0.000000e+00 -1.000000e+00 0.000000e+00 2.200659e-04 1.150000e+03 1.176864e+00 0.000000e+00 -9.990070e+05 3.000000e+00 -1.000000e+00 1.055732e-01 -1.0 0.000000e+00 0.000000e+00 -1.000000e+00 4.676707e-01 -1.000000e+00 -9.990070e+05 3.653833e-02 3.653833e-02 9.049945e-01 5.832401e-01 1.813605e+00 0.000000e+00 -1.000000e+00 7.042752e-03 0.000000e+00 1.006518e+00
2.184709e+00 -1.000000e+00 0.000000e+00 -1.000000e+00 -1.000000e+00 6.500000e+02 4.093734e-01 -1.000000e+00 -1.000000e+00 7.402211e+00 0.000000e+00 -1.000000e+00 0.000000e+00 7.897988e-03 1.150000e+03 3.190915e+00 0.000000e+00 -9.990070e+05 3.000000e+00 -1.000000e+00 7.465932e-01 -1.0 0.000000e+00 0.000000e+00 -1.000000e+00 8.051671e-01 -1.000000e+00 -9.990070e+05 2.785801e-01 2.785801e-01 9.719467e-01 1.586732e+00 4.864135e+00 0.000000e+00 -1.000000e+00 9.129584e-02 0.000000e+00 2.730022e+00
3.513616e+00 -1.000000e+00 0.000000e+00 -1.000000e+00 -1.000000e+00 8.500000e+02 4.666914e-01 -1.000000e+00 -1.000000e+00 1.534706e+01 0.000000e+00 -1.000000e+00 0.000000e+00 1.477645e-02 1.150000e+03 5.460804e+00 0.000000e+00 -9.990070e+05 3.000000e+00 -1.000000e+00 9.198075e-01 -1.0 0.000000e+00 0.000000e+00 -1.000000e+00 8.288246e-01 -1.000000e+00 -9.990070e+05 4.038911e-01 4.038911e-01 9.754258e-01 2.527319e+00 9.097732e+00 0.000000e+00 -1.000000e+00 1.293675e-01 0.000000e+00 4.600000e+00
1.003705e+00 -1.000000e+00 4.000000e+03 -1.000000e+00 -1.000000e+00 0.000000e+00 1.618475e-01 -1.000000e+00 -1.000000e+00 3.406708e+00 0.000000e+00 -1.000000e+00 1.000000e+00 6.930371e-04 1.200000e+03 1.468128e+00 1.000000e+00 -9.990070e+05 2.000000e+00 -1.000000e+00 2.099183e-01 -1.0 0.000000e+00 0.000000e+00 -1.000000e+00 6.133674e-01 -1.000000e+00 -9.990070e+05 7.191309e-02 7.191309e-02 9.401402e-01 7.288092e-01 2.241302e+00 0.000000e+00 -1.000000e+00 1.672852e-02 1.000000e+00 1.255728e+00
9.270923e-01 -1.000000e+00 0.000000e+00 -1.000000e+00 -1.000000e+00 2.000000e+02 1.342869e-01 -1.000000e+00 -1.000000e+00 3.077368e+00 0.000000e+00 -1.000000e+00 0.000000e+00 4.759600e-04 1.200000e+03 1.353266e+00 0.000000e+00 -9.990070e+05 3.000000e+00 -1.000000e+00 1.674193e-01 -1.0 0.000000e+00 0.000000e+00 -1.000000e+00 5.677846e-01 -1.000000e+00 -9.990070e+05 5.731917e-02 5.731917e-02 9.307532e-01 6.752666e-01 2.046461e+00 0.000000e+00 -1.000000e+00 1.262893e-02 0.000000e+00 1.156100e+00
1.067070e+00 -1.000000e+00 0.000000e+00 -1.000000e+00 -1.000000e+00 4.000000e+02 1.859765e-01 -1.000000e+00 -1.000000e+00 3.530927e+00 0.000000e+00 -1.000000e+00 0.000000e+00 9.261414e-04 1.200000e+03 1.557239e+00 0.000000e+00 -9.990070e+05 3.000000e+00 -1.000000e+00 2.476503e-01 -1.0 0.000000e+00 0.000000e+00 -1.000000e+00 6.460162e-01 -1.000000e+00 -9.990070e+05 8.436935e-02 8.436935e-02 9.462704e-01 7.774429e-01 2.353181e+00 0.000000e+00 -1.000000e+00 2.074377e-02 0.000000e+00 1.330543e+00
1.733057e+00 -1.000000e+00 0.000000e+00 -1.000000e+00 -1.000000e+00 6.000000e+02 3.576471e-01 -1.000000e+00 -1.000000e+00 5.713522e+00 0.000000e+00 -1.000000e+00 0.000000e+00 4.820509e-03 1.200000e+03 2.529677e+00 0.000000e+00 -9.990070e+05 3.000000e+00 -1.000000e+00 6.012229e-01 -1.0 0.000000e+00 0.000000e+00 -1.000000e+00 7.805085e-01 -1.000000e+00 -9.990070e+05 2.116230e-01 2.116230e-01 9.682627e-01 1.262813e+00 3.816907e+00 0.000000e+00 -1.000000e+00 6.679952e-02 0.000000e+00 2.159444e+00
4.198944e+00 -1.000000e+00 0.000000e+00 -1.000000e+00 -1.000000e+00 8.000000e+02 4.806674e-01 -1.000000e+00 -1.000000e+00 1.399435e+01 0.000000e+00 -1.000000e+00 0.000000e+00 1.757675e-02 1.200000e+03 6.124654e+00 0.000000e+00 -9.990070e+05 3.000000e+00 -1.000000e+00 9.581018e-01 -1.0 0.000000e+00 0.000000e+00 -1.000000e+00 8.341690e-01 -1.000000e+00 -9.990070e+05 4.546658e-01 4.546658e-01 9.762057e-01 3.058834e+00 9.274117e+00 0.000000e+00 -1.000000e+00 1.409291e-01 0.000000e+00 5.234071e+00
1.370232e+00 -1.000000e+00 0.000000e+00 -1.000000e+00 -1.000000e+00 1.500000e+02 2.828509e-01 -1.000000e+00 -1.000000e+00 4.484171e+00 0.000000e+00 -1.000000e+00 0.000000e+00 2.445710e-03 1.250000e+03 1.999888e+00 0.000000e+00 -9.990070e+05 3.000000e+00 -1.000000e+00 4.261279e-01 -1.0 0.000000e+00 0.000000e+00 -1.000000e+00 7.357354e-01 -1.000000e+00 -9.990070e+05 1.455518e-01 1.455518e-01 9.613667e-01 9.992427e-01 3.009605e+00 0.000000e+00 -1.000000e+00 4.194629e-02 0.000000e+00 1.706465e+00
1.267587e+00 -1.000000e+00 0.000000e+00 -1.000000e+00 -1.000000e+00 3.500000e+02 2.499070e-01 -1.000000e+00 -1.000000e+00 4.400314e+00 0.000000e+00 -1.000000e+00 0.000000e+00 1.797138e-03 1.250000e+03 1.859385e+00 0.000000e+00 -9.990070e+05 3.000000e+00 -1.000000e+00 3.621647e-01 -1.0 0.000000e+00 0.000000e+00 -1.000000e+00 7.106571e-01 -1.000000e+00 -9.990070e+05 1.240236e-01 1.240236e-01 9.573501e-01 9.175316e-01 2.866308e+00 0.000000e+00 -1.000000e+00 3.366366e-02 0.000000e+00 1.590923e+00
2.093934e+00 -1.000000e+00 0.000000e+00 -1.000000e+00 -1.000000e+00 5.500000e+02 4.021976e-01 -1.000000e+00 -1.000000e+00 6.950586e+00 0.000000e+00 -1.000000e+00 0.000000e+00 7.354045e-03 1.250000e+03 3.058253e+00 0.000000e+00 -9.990070e+05 3.000000e+00 -1.000000e+00 7.250786e-01 -1.0 0.000000e+00 0.000000e+00 -1.000000e+00 8.019654e-01 -1.000000e+00 -9.990070e+05 2.672627e-01 2.672627e-01 9.714720e-01 1.524572e+00 4.625986e+00 0.000000e+00 -1.000000e+00 8.742302e-02 0.000000e+00 2.611303e+00
3.792868e+00 -1.000000e+00 0.000000e+00 -1.000000e+00 -1.000000e+00 7.500000e+02 4.747246e-01 -1.000000e+00 -1.000000e+00 1.252676e+01 0.000000e+00 -1.000000e+00 0.000000e+00 1.630620e-02 1.250000e+03 5.539248e+00 0.000000e+00 -9.990070e+05 3.000000e+00 -1.000000e+00 9.421843e-01 -1.0 0.000000e+00 0.000000e+00 -1.000000e+00 8.319136e-01 -1.000000e+00 -9.990070e+05 4.303540e-01 4.303540e-01 9.758768e-01 2.762500e+00 8.365243e+00 0.000000e+00 -1.000000e+00 1.358896e-01 0.000000e+00 4.727995e+00
1.480339e+00 -1.000000e+00 0.000000e+00 -1.000000e+00 -1.000000e+00 1.000000e+02 3.073422e-01 -1.000000e+00 -1.000000e+00 5.064286e+00 0.000000e+00 -1.000000e+00 0.000000e+00 3.055515e-03 1.300000e+03 2.159201e+00 0.000000e+00 -9.990070e+05 3.000000e+00 -1.000000e+00 4.797115e-01 -1.0 0.000000e+00 0.000000e+00 -1.000000e+00 7.519491e-01 -1.000000e+00 -9.990070e+05 1.650833e-01 1.650833e-01 9.639000e-01 1.075879e+00 3.305946e+00 0.000000e+00 -1.000000e+00 4.903061e-02 0.000000e+00 1.848088e+00
1.625306e+00 -1.000000e+00 0.000000e+00 -1.000000e+00 -1.000000e+00 3.000000e+02 3.398098e-01 -1.000000e+00 -1.000000e+00 5.332217e+00 0.000000e+00 -1.000000e+00 0.000000e+00 4.096567e-03 1.300000e+03 2.372965e+00 0.000000e+00 -9.990070e+05 3.000000e+00 -1.000000e+00 5.558665e-01 -1.0 0.000000e+00 0.000000e+00 -1.000000e+00 7.709995e-01 -1.000000e+00 -9.990070e+05 1.935406e-01 1.935406e-01 9.668228e-01 1.185178e+00 3.574141e+00 0.000000e+00 -1.000000e+00 5.993095e-02 0.000000e+00 2.024521e+00
1.700972e+00 -1.000000e+00 0.000000e+00 -1.000000e+00 -1.000000e+00 5.000000e+02 3.517526e-01 -1.000000e+00 -1.000000e+00 5.680718e+00 0.000000e+00 -1.000000e+00 0.000000e+00 4.566979e-03 1.300000e+03 2.480365e+00 0.000000e+00 -9.990070e+05 3.000000e+00 -1.000000e+00 5.860788e-01 -1.0 0.000000e+00 0.000000e+00 -1.000000e+00 7.774323e-01 -1.000000e+00 -9.990070e+05 2.055573e-01 2.055573e-01 9.677982e-01 1.238523e+00 3.758090e+00 0.000000e+00 -1.000000e+00 6.445275e-02 0.000000e+00 2.120021e+00
3.154551e+00 -1.000000e+00 0.000000e+00 -1.000000e+00 -1.000000e+00 7.000000e+02 4.602881e-01 -1.000000e+00 -1.000000e+00 1.069248e+01 0.000000e+00 -1.000000e+00 0.000000e+00 1.369129e-02 1.300000e+03 4.592312e+00 0.000000e+00 -9.990070e+05 3.000000e+00 -1.000000e+00 9.006638e-01 -1.0 0.000000e+00 0.000000e+00 -1.000000e+00 8.263275e-01 -1.000000e+00 -9.990070e+05 3.831071e-01 3.831071e-01 9.750607e-01 2.297224e+00 6.999020e+00 0.000000e+00 -1.000000e+00 1.243994e-01 0.000000e+00 3.930077e+00
7.297625e+00 -1.000000e+00 0.000000e+00 -1.000000e+00 -1.000000e+00 9.000000e+02 4.977672e-01 -1.000000e+00 -1.000000e+00 2.411831e+01 0.000000e+00 -1.000000e+00 0.000000e+00 2.205698e-02 1.300000e+03 1.066873e+01 0.000000e+00 -9.990070e+05 3.000000e+00 -1.000000e+00 9.964235e-01 -1.0 0.000000e+00 0.000000e+00 -1.000000e+00 8.405279e-01 -1.000000e+00 -9.990070e+05 5.639564e-01 5.639564e-01 9.771312e-01 5.319494e+00 1.610005e+01 0.000000e+00 -1.000000e+00 1.565005e-01 0.000000e+00 9.095816e+00
2.031290e+00 -1.000000e+00 0.000000e+00 -1.000000e+00 -1.000000e+00 2.500000e+02 3.974340e-01 -1.000000e+00 -1.000000e+00 6.628269e+00 0.000000e+00 -1.000000e+00 0.000000e+00 7.018182e-03 1.350000e+03 2.964454e+00 0.000000e+00 -9.990070e+05 3.000000e+00 -1.000000e+00 7.109893e-01 -1.0 0.000000e+00 0.000000e+00 -1.000000e+00 7.998049e-01 -1.000000e+00 -9.990070e+05 2.601602e-01 2.601602e-01 9.711511e-01 1.480366e+00 4.457265e+00 0.000000e+00 -1.000000e+00 8.494494e-02 0.000000e+00 2.526297e+00
2.636626e+00 -1.000000e+00 0.000000e+00 -1.000000e+00 -1.000000e+00 4.500000e+02 4.399722e-01 -1.000000e+00 -1.000000e+00 9.012163e+00 0.000000e+00 -1.000000e+00 0.000000e+00 1.087501e-02 1.350000e+03 3.836698e+00 0.000000e+00 -9.990070e+05 3.000000e+00 -1.000000e+00 8.390219e-01 -1.0 0.000000e+00 0.000000e+00 -1.000000e+00 8.181810e-01 -1.000000e+00 -9.990070e+05 3.332835e-01 3.332835e-01 9.738663e-01 1.917949e+00 5.878388e+00 0.000000e+00 -1.000000e+00 1.099038e-01 0.000000e+00 3.287175e+00
1.621974e+00 -1.000000e+00 0.000000e+00 -1.000000e+00 -1.000000e+00 5.000000e+01 3.387130e-01 -1.000000e+00 -1.000000e+00 5.346870e+00 0.000000e+00 -1.000000e+00 0.000000e+00 4.056040e-03 1.350000e+03 2.365670e+00 0.000000e+00 -9.990070e+05 3.000000e+00 -1.000000e+00 5.531370e-01 -1.0 0.000000e+00 0.000000e+00 -1.000000e+00 7.703946e-01 -1.000000e+00 -9.990070e+05 1.924681e-01 1.924681e-01 9.667308e-01 1.182385e+00 3.566479e+00 0.000000e+00 -1.000000e+00 5.953060e-02 0.000000e+00 2.019907e+00
3.792479e+00 -1.000000e+00 0.000000e+00 -1.000000e+00 -1.000000e+00 6.500000e+02 4.745397e-01 -1.000000e+00 -1.000000e+00 1.268515e+01 0.000000e+00 -1.000000e+00 0.000000e+00 1.626866e-02 1.350000e+03 5.542511e+00 0.000000e+00 -9.990070e+05 3.000000e+00 -1.000000e+00 9.417140e-01 -1.0 0.000000e+00 0.000000e+00 -1.000000e+00 8.318431e-01 -1.000000e+00 -9.990070e+05 4.298766e-01 4.298766e-01 9.758665e-01 2.759148e+00 8.410800e+00 0.000000e+00 -1.000000e+00 1.357357e-01 0.000000e+00 4.735921e+00
6.818108e+00 -1.000000e+00 0.000000e+00 -1.000000e+00 -1.000000e+00 8.500000e+02 4.966340e-01 -1.000000e+00 -1.000000e+00 2.249091e+01 0.000000e+00 -1.000000e+00 0.000000e+00 2.171586e-02 1.350000e+03 9.975861e+00 0.000000e+00 -9.990070e+05 3.000000e+00 -1.000000e+00 9.944122e-01 -1.0 0.000000e+00 0.000000e+00 -1.000000e+00 8.401121e-01 -1.000000e+00 -9.990070e+05 5.526347e-01 5.526347e-01 9.770707e-01 4.970222e+00 1.505034e+01 0.000000e+00 -1.000000e+00 1.554178e-01 0.000000e+00 8.501937e+00
3.072271e+00 -1.000000e+00 0.000000e+00 -1.000000e+00 -1.000000e+00 0.000000e+00 4.571660e-01 -1.000000e+00 -1.000000e+00 1.053242e+01 0.000000e+00 -1.000000e+00 0.000000e+00 1.320047e-02 1.400000e+03 4.491595e+00 0.000000e+00 -9.990070e+05 3.000000e+00 -1.000000e+00 8.914969e-01 -1.0 0.000000e+00 0.000000e+00 -1.000000e+00 8.250982e-01 -1.000000e+00 -9.990070e+05 3.749480e-01 3.749480e-01 9.748808e-01 2.231001e+00 6.875514e+00 0.000000e+00 -1.000000e+00 1.220488e-01 0.000000e+00 3.842848e+00
2.271422e+00 -1.000000e+00 0.000000e+00 -1.000000e+00 -1.000000e+00 2.000000e+02 4.182336e-01 -1.000000e+00 -1.000000e+00 7.471358e+00 0.000000e+00 -1.000000e+00 0.000000e+00 8.640340e-03 1.400000e+03 3.319766e+00 0.000000e+00 -9.990070e+05 3.000000e+00 -1.000000e+00 7.727611e-01 -1.0 0.000000e+00 0.000000e+00 -1.000000e+00 8.090376e-01 -1.000000e+00 -9.990070e+05 2.923131e-01 2.923131e-01 9.725192e-01 1.655720e+00 5.005545e+00 0.000000e+00 -1.000000e+00 9.632185e-02 0.000000e+00 2.831323e+00
2.760832e+00 -1.000000e+00 0.000000e+00 -1.000000e+00 -1.000000e+00 4.000000e+02 4.463136e-01 -1.000000e+00 -1.000000e+00 9.161740e+00 0.000000e+00 -1.000000e+00 0.000000e+00 1.166486e-02 1.400000e+03 4.027899e+00 0.000000e+00 -9.990070e+05 3.000000e+00 -1.000000e+00 8.584284e-01 -1.0 0.000000e+00 0.000000e+00 -1.000000e+00 8.207623e-01 -1.000000e+00 -9.990070e+05 3.473196e-01 3.473196e-01 9.742454e-01 2.011553e+00 6.089027e+00 0.000000e+00 -1.000000e+00 1.142300e-01 0.000000e+00 3.440565e+00
3.375166e+00 -1.000000e+00 0.000000e+00 -1.000000e+00 -1.000000e+00 6.000000e+02 4.665253e-01 -1.000000e+00 -1.000000e+00 1.109390e+01 0.000000e+00 -1.000000e+00 0.000000e+00 1.474688e-02 1.400000e+03 4.924310e+00 0.000000e+00 -9.990070e+05 3.000000e+00 -1.000000e+00 9.189612e-01 -1.0 0.000000e+00 0.000000e+00 -1.000000e+00 8.287603e-01 -1.000000e+00 -9.990070e+05 4.017973e-01 4.017973e-01 9.754164e-01 2.460829e+00 7.420010e+00 0.000000e+00 -1.000000e+00 1.292361e-01 0.000000e+00 4.203730e+00
5.618123e+00 -1.000000e+00 0.000000e+00 -1.000000e+00 -1.000000e+00 8.000000e+02 4.920300e-01 -1.000000e+00 -1.000000e+00 1.904544e+01 0.000000e+00 -1.000000e+00 0.000000e+00 2.039984e-02 1.400000e+03 8.212768e+00 0.000000e+00 -9.990070e+05 3.000000e+00 -1.000000e+00 9.852454e-01 -1.0 0.000000e+00 0.000000e+00 -1.000000e+00 8.384151e-01 -1.000000e+00 -9.990070e+05 5.158934e-01 5.158934e-01 9.768240e-01 4.088319e+00 1.250476e+01 0.000000e+00 -1.000000e+00 1.510945e-01 0.000000e+00 7.013896e+00
2.782888e+00 -1.000000e+00 0.000000e+00 -1.000000e+00 -1.000000e+00 1.500000e+02 4.477137e-01 -1.000000e+00 -1.000000e+00 9.102444e+00 0.000000e+00 -1.000000e+00 0.000000e+00 1.184927e-02 1.450000e+03 4.060744e+00 0.000000e+00 -9.990070e+05 3.000000e+00 -1.000000e+00 8.626680e-01 -1.0 0.000000e+00 0.000000e+00 -1.000000e+00 8.213273e-01 -1.000000e+00 -9.990070e+05 3.504903e-01 3.504903e-01 9.743282e-01 2.029802e+00 6.110004e+00 0.000000e+00 -1.000000e+00 1.152088e-01 0.000000e+00 3.465512e+00
2.550367e+00 -1.000000e+00 0.000000e+00 -1.000000e+00 -1.000000e+00 3.500000e+02 4.357255e-01 -1.000000e+00 -1.000000e+00 8.452542e+00 0.000000e+00 -1.000000e+00 0.000000e+00 1.038465e-02 1.450000e+03 3.725043e+00 0.000000e+00 -9.990070e+05 3.000000e+00 -1.000000e+00 8.259301e-01 -1.0 0.000000e+00 0.000000e+00 -1.000000e+00 8.164316e-01 -1.000000e+00 -9.990070e+05 3.243134e-01 3.243134e-01 9.736091e-01 1.856712e+00 5.633144e+00 0.000000e+00 -1.000000e+00 1.071021e-01 0.000000e+00 3.180012e+00
3.437847e+00 -1.000000e+00 0.000000e+00 -1.000000e+00 -1.000000e+00 5.500000e+02 4.675164e-01 -1.000000e+00 -1.000000e+00 1.144179e+01 0.000000e+00 -1.000000e+00 0.000000e+00 1.492449e-02 1.450000e+03 5.024916e+00 0.000000e+00 -9.990070e+05 3.000000e+00 -1.000000e+00 9.218907e-01 -1.0 0.000000e+00 0.000000e+00 -1.000000e+00 8.291441e-01 -1.000000e+00 -9.990070e+05 4.052677e-01 4.052677e-01 9.754725e-01 2.501417e+00 7.609814e+00 0.000000e+00 -1.000000e+00 1.300223e-01 0.000000e+00 4.290340e+00
4.559950e+00 -1.000000e+00 0.000000e+00 -1.000000e+00 -1.000000e+00 7.500000e+02 4.849000e-01 -1.000000e+00 -1.000000e+00 1.488599e+01 0.000000e+00 -1.000000e+00 0.000000e+00 1.856349e-02 1.450000e+03 6.653166e+00 0.000000e+00 -9.990070e+05 3.000000e+00 -1.000000e+00 9.687402e-01 -1.0 0.000000e+00 0.000000e+00 -1.000000e+00 8.357606e-01 -1.000000e+00 -9.990070e+05 4.739055e-01 4.739055e-01 9.764376e-01 3.326834e+00 1.000328e+01 0.000000e+00 -1.000000e+00 1.446332e-01 0.000000e+00 5.677132e+00
3.636431e+00 -1.000000e+00 0.000000e+00 -1.000000e+00 -1.000000e+00 0.000000e+00 4.723057e-01 -1.000000e+00 -1.000000e+00 1.186866e+01 0.000000e+00 -1.000000e+00 0.000000e+00 1.582416e-02 1.500000e+03 5.305007e+00 0.000000e+00 -9.990070e+05 3.000000e+00 -1.000000e+00 9.354266e-01 -1.0 0.000000e+00 0.000000e+00 -1.000000e+00 8.309884e-01 -1.000000e+00 -9.990070e+05 4.212125e-01 4.212125e-01 9.757418e-01 2.653140e+00 7.975313e+00 0.000000e+00 -1.000000e+00 1.338910e-01 0.000000e+00 4.526878e+00
3.190281e+00 -1.000000e+00 0.000000e+00 -1.000000e+00 -1.000000e+00 1.000000e+02 4.616270e-01 -1.000000e+00 -1.000000e+00 1.051384e+01 0.000000e+00 -1.000000e+00 0.000000e+00 1.390921e-02 1.500000e+03 4.654577e+00 0.000000e+00 -9.990070e+05 3.000000e+00 -1.000000e+00 9.046115e-01 -1.0 0.000000e+00 0.000000e+00 -1.000000e+00 8.268523e-01 -1.000000e+00 -9.990070e+05 3.868830e-01 3.868830e-01 9.751375e-01 2.325469e+00 7.019895e+00 0.000000e+00 -1.000000e+00 1.254217e-01 0.000000e+00 3.973900e+00
3.423946e+00 -1.000000e+00 0.000000e+00 -1.000000e+00 -1.000000e+00 3.000000e+02 4.673780e-01 -1.000000e+00 -1.000000e+00 1.142655e+01 0.000000e+00 -1.000000e+00 0.000000e+00 1.489952e-02 1.500000e+03 4.995734e+00 0.000000e+00 -9.990070e+05 3.000000e+00 -1.000000e+00 9.214460e-01 -1.0 0.000000e+00 0.000000e+00 -1.000000e+00 8.290905e-01 -1.000000e+00 -9.990070e+05 4.046191e-01 4.046191e-01 9.754647e-01 2.493517e+00 7.571345e+00 0.000000e+00 -1.000000e+00 1.299122e-01 0.000000e+00 4.268262e+00
4.080870e+00 -1.000000e+00 0.000000e+00 -1.000000e+00 -1.000000e+00 5.000000e+02 4.793903e-01 -1.000000e+00 -1.000000e+00 1.333599e+01 0.000000e+00 -1.000000e+00 0.000000e+00 1.729283e-02 1.500000e+03 5.954930e+00 0.000000e+00 -9.990070e+05 3.000000e+00 -1.000000e+00 9.547404e-01 -1.0 0.000000e+00 0.000000e+00 -1.000000e+00 8.336864e-01 -1.000000e+00 -9.990070e+05 4.489751e-01 4.489751e-01 9.761354e-01 2.976687e+00 8.957344e+00 0.000000e+00 -1.000000e+00 1.398304e-01 0.000000e+00 5.082114e+00
6.022078e+00 -1.000000e+00 0.000000e+00 -1.000000e+00 -1.000000e+00 7.000000e+02 4.940900e-01 -1.000000e+00 -1.000000e+00 1.974341e+01 0.000000e+00 -1.000000e+00 0.000000e+00 2.097518e-02 1.500000e+03 8.797860e+00 0.000000e+00 -9.990070e+05 3.000000e+00 -1.000000e+00 9.895186e-01 -1.0 0.000000e+00 0.000000e+00 -1.000000e+00 8.391760e-01 -1.000000e+00 -9.990070e+05 5.307985e-01 5.307985e-01 9.769346e-01 4.393778e+00 1.324454e+01 0.000000e+00 -1.000000e+00 1.530140e-01 0.000000e+00 7.502586e+00
1.087806e+01 -1.000000e+00 0.000000e+00 -1.000000e+00 -1.000000e+00 9.000000e+02 5.000000e-01 -1.000000e+00 -1.000000e+00 3.608344e+01 0.000000e+00 -1.000000e+00 0.000000e+00 2.275013e-02 1.500000e+03 1.591040e+01 0.000000e+00 -9.990070e+05 3.000000e+00 -1.000000e+00 1.002204e+00 -1.0 0.000000e+00 0.000000e+00 -1.000000e+00 8.413447e-01 -1.000000e+00 -9.990070e+05 6.221237e-01 6.221237e-01 9.772499e-01 7.926350e+00 2.404795e+01 0.000000e+00 -1.000000e+00 1.586553e-01 0.000000e+00 1.356683e+01
4.414529e+00 -1.000000e+00 0.000000e+00 -1.000000e+00 -1.000000e+00 2.500000e+02 4.832577e-01 -1.000000e+00 -1.000000e+00 1.460293e+01 0.000000e+00 -1.000000e+00 0.000000e+00 1.817204e-02 1.550000e+03 6.437652e+00 0.000000e+00 -9.990070e+05 3.000000e+00 -1.000000e+00 9.647056e-01 -1.0 0.000000e+00 0.000000e+00 -1.000000e+00 8.351444e-01 -1.000000e+00 -9.990070e+05 4.663746e-01 4.663746e-01 9.763479e-01 3.218106e+00 9.719512e+00 0.000000e+00 -1.000000e+00 1.431845e-01 0.000000e+00 5.498166e+00
4.740532e+00 -1.000000e+00 0.000000e+00 -1.000000e+00 -1.000000e+00 4.500000e+02 4.862589e-01 -1.000000e+00 -1.000000e+00 1.583840e+01 0.000000e+00 -1.000000e+00 0.000000e+00 1.889595e-02 1.550000e+03 6.920338e+00 0.000000e+00 -9.990070e+05 3.000000e+00 -1.000000e+00 9.720661e-01 -1.0 0.000000e+00 0.000000e+00 -1.000000e+00 8.362690e-01 -1.000000e+00 -9.990070e+05 4.810904e-01 4.810904e-01 9.765116e-01 3.451874e+00 1.048767e+01 0.000000e+00 -1.000000e+00 1.458430e-01 0.000000e+00 5.911440e+00
5.141236e+00 -1.000000e+00 0.000000e+00 -1.000000e+00 -1.000000e+00 5.000000e+01 4.895510e-01 -1.000000e+00 -1.000000e+00 1.676162e+01 0.000000e+00 -1.000000e+00 0.000000e+00 1.973495e-02 1.550000e+03 7.503172e+00 0.000000e+00 -9.990070e+05 3.000000e+00 -1.000000e+00 9.797682e-01 -1.0 0.000000e+00 0.000000e+00 -1.000000e+00 8.374958e-01 -1.000000e+00 -9.990070e+05 4.996781e-01 4.996781e-01 9.766902e-01 3.751648e+00 1.127581e+01 0.000000e+00 -1.000000e+00 1.488160e-01 0.000000e+00 6.400135e+00
5.316633e+00 -1.000000e+00 0.000000e+00 -1.000000e+00 -1.000000e+00 6.500000e+02 4.904384e-01 -1.000000e+00 -1.000000e+00 1.768616e+01 0.000000e+00 -1.000000e+00 0.000000e+00 1.996961e-02 1.550000e+03 7.769220e+00 0.000000e+00 -9.990070e+05 3.000000e+00 -1.000000e+00 9.817692e-01 -1.0 0.000000e+00 0.000000e+00 -1.000000e+00 8.378254e-01 -1.000000e+00 -9.990070e+05 5.053117e-01 5.053117e-01 9.767382e-01 3.872305e+00 1.175566e+01 0.000000e+00 -1.000000e+00 1.496277e-01 0.000000e+00 6.630253e+00
8.625755e+00 -1.000000e+00 0.000000e+00 -1.000000e+00 -1.000000e+00 8.500000e+02 4.999442e-01 -1.000000e+00 -1.000000e+00 2.819308e+01 0.000000e+00 -1.000000e+00 0.000000e+00 2.273245e-02 1.550000e+03 1.259404e+01 0.000000e+00 -9.990070e+05 3.000000e+00 -1.000000e+00 9.999181e-01 -1.0 0.000000e+00 0.000000e+00 -1.000000e+00 8.413244e-01 -1.000000e+00 -9.990070e+05 5.907090e-01 5.907090e-01 9.772469e-01 6.293581e+00 1.894452e+01 0.000000e+00 -1.000000e+00 1.586010e-01 0.000000e+00 1.074270e+01
6.018761e+00 -1.000000e+00 0.000000e+00 -1.000000e+00 -1.000000e+00 0.000000e+00 4.940319e-01 -1.000000e+00 -1.000000e+00 1.982243e+01 0.000000e+00 -1.000000e+00 0.000000e+00 2.095866e-02 1.600000e+03 8.797108e+00 0.000000e+00 -9.990070e+05 3.000000e+00 -1.000000e+00 9.894040e-01 -1.0 0.000000e+00 0.000000e+00 -1.000000e+00 8.391546e-01 -1.000000e+00 -9.990070e+05 5.304187e-01 5.304187e-01 9.769315e-01 4.389127e+00 1.326554e+01 0.000000e+00 -1.000000e+00 1.529596e-01 0.000000e+00 7.502946e+00
6.060678e+00 -1.000000e+00 0.000000e+00 -1.000000e+00 -1.000000e+00 2.000000e+02 4.938903e-01 -1.000000e+00 -1.000000e+00 2.065133e+01 0.000000e+00 -1.000000e+00 0.000000e+00 2.091847e-02 1.600000e+03 8.874349e+00 0.000000e+00 -9.990070e+05 3.000000e+00 -1.000000e+00 9.891281e-01 -1.0 0.000000e+00 0.000000e+00 -1.000000e+00 8.391024e-01 -1.000000e+00 -9.990070e+05 5.296119e-01 5.296119e-01 9.769239e-01 4.400819e+00 1.356362e+01 0.000000e+00 -1.000000e+00 1.528269e-01 0.000000e+00 7.586506e+00
4.858027e+00 -1.000000e+00 4.000000e+03 -1.000000e+00 -1.000000e+00 4.000000e+02 4.873301e-01 -1.000000e+00 -1.000000e+00 1.609692e+01 0.000000e+00 -1.000000e+00 1.000000e+00 1.916362e-02 1.600000e+03 7.093015e+00 1.000000e+00 -9.990070e+05 2.000000e+00 -1.000000e+00 9.746280e-01 -1.0 0.000000e+00 0.000000e+00 -1.000000e+00 8.366690e-01 -1.000000e+00 -9.990070e+05 4.869299e-01 4.869299e-01 9.765699e-01 3.540029e+00 1.072002e+01 0.000000e+00 -1.000000e+00 1.468038e-01 1.000000e+00 6.056555e+00
6.277083e+00 -1.000000e+00 0.000000e+00 -1.000000e+00 -1.000000e+00 6.000000e+02 4.949810e-01 -1.000000e+00 -1.000000e+00 2.078632e+01 0.000000e+00 -1.000000e+00 0.000000e+00 2.123073e-02 1.600000e+03 9.178025e+00 0.000000e+00 -9.990070e+05 3.000000e+00 -1.000000e+00 9.912873e-01 -1.0 0.000000e+00 0.000000e+00 -1.000000e+00 8.395043e-01 -1.000000e+00 -9.990070e+05 5.380012e-01 5.380012e-01 9.769824e-01 4.576410e+00 1.385971e+01 0.000000e+00 -1.000000e+00 1.538518e-01 0.000000e+00 7.826775e+00
9.564348e+00 -1.000000e+00 0.000000e+00 -1.000000e+00 -1.000000e+00 8.000000e+02 5.000000e-01 -1.000000e+00 -1.000000e+00 3.148021e+01 0.000000e+00 -1.000000e+00 0.000000e+00 2.275013e-02 1.600000e+03 1.397593e+01 0.000000e+00 -9.990070e+05 3.000000e+00 -1.000000e+00 1.001191e+00 -1.0 0.000000e+00 0.000000e+00 -1.000000e+00 8.413447e-01 -1.000000e+00 -9.990070e+05 6.052944e-01 6.052944e-01 9.772499e-01 6.974229e+00 2.106972e+01 0.000000e+00 -1.000000e+00 1.586553e-01 0.000000e+00 1.191989e+01
6.183780e+00 -1.000000e+00 0.000000e+00 -1.000000e+00 -1.000000e+00 1.500000e+02 4.946237e-01 -1.000000e+00 -1.000000e+00 2.042755e+01 0.000000e+00 -1.000000e+00 0.000000e+00 2.112778e-02 1.650000e+03 9.044302e+00 0.000000e+00 -9.990070e+05 3.000000e+00 -1.000000e+00 9.905833e-01 -1.0 0.000000e+00 0.000000e+00 -1.000000e+00 8.393728e-01 -1.000000e+00 -9.990070e+05 5.350148e-01 5.350148e-01 9.769633e-01 4.507286e+00 1.365120e+01 0.000000e+00 -1.000000e+00 1.535153e-01 0.000000e+00 7.709674e+00
6.123434e+00 -1.000000e+00 0.000000e+00 -1.000000e+00 -1.000000e+00 3.500000e+02 4.943285e-01 -1.000000e+00 -1.000000e+00 2.051209e+01 0.000000e+00 -1.000000e+00 0.000000e+00 2.104318e-02 1.650000e+03 8.963102e+00 0.000000e+00 -9.990070e+05 3.000000e+00 -1.000000e+00 9.900029e-01 -1.0 0.000000e+00 0.000000e+00 -1.000000e+00 8.392639e-01 -1.000000e+00 -9.990070e+05 5.328490e-01 5.328490e-01 9.769474e-01 4.458838e+00 1.359530e+01 0.000000e+00 -1.000000e+00 1.532378e-01 0.000000e+00 7.647421e+00
7.116709e+00 -1.000000e+00 0.000000e+00 -1.000000e+00 -1.000000e+00 5.500000e+02 4.974239e-01 -1.000000e+00 -1.000000e+00 2.325053e+01 0.000000e+00 -1.000000e+00 0.000000e+00 2.195291e-02 1.650000e+03 1.038144e+01 0.000000e+00 -9.990070e+05 3.000000e+00 -1.000000e+00 9.958255e-01 -1.0 0.000000e+00 0.000000e+00 -1.000000e+00 8.404020e-01 -1.000000e+00 -9.990070e+05 5.603212e-01 5.603212e-01 9.771129e-01 5.182263e+00 1.561600e+01 0.000000e+00 -1.000000e+00 1.561717e-01 0.000000e+00 8.848920e+00
8.941028e+00 -1.000000e+00 0.000000e+00 -1.000000e+00 -1.000000e+00 7.500000e+02 5.000000e-01 -1.000000e+00 -1.000000e+00 3.001833e+01 0.000000e+00 -1.000000e+00 0.000000e+00 2.275013e-02 1.650000e+03 1.307689e+01 0.000000e+00 -9.990070e+05 3.000000e+00 -1.000000e+00 1.000290e+00 -1.0 0.000000e+00 0.000000e+00 -1.000000e+00 8.413447e-01 -1.000000e+00 -9.990070e+05 5.945719e-01 5.945719e-01 9.772499e-01 6.504993e+00 1.985496e+01 0.000000e+00 -1.000000e+00 1.586553e-01 0.000000e+00 1.116029e+01
9.192184e+00 -1.000000e+00 0.000000e+00 -1.000000e+00 -1.000000e+00 1.000000e+02 5.000000e-01 -1.000000e+00 -1.000000e+00 3.014373e+01 0.000000e+00 -1.000000e+00 0.000000e+00 2.275013e-02 1.700000e+03 1.342598e+01 0.000000e+00 -9.990070e+05 3.000000e+00 -1.000000e+00 1.000758e+00 -1.0 0.000000e+00 0.000000e+00 -1.000000e+00 8.413447e-01 -1.000000e+00 -9.990070e+05 5.998237e-01 5.998237e-01 9.772499e-01 6.704564e+00 2.021928e+01 0.000000e+00 -1.000000e+00 1.586553e-01 0.000000e+00 1.145306e+01
7.925556e+00 -1.000000e+00 0.000000e+00 -1.000000e+00 -1.000000e+00 3.000000e+02 4.988735e-01 -1.000000e+00 -1.000000e+00 2.649741e+01 0.000000e+00 -1.000000e+00 0.000000e+00 2.239687e-02 1.700000e+03 1.157319e+01 0.000000e+00 -9.990070e+05 3.000000e+00 -1.000000e+00 9.982683e-01 -1.0 0.000000e+00 0.000000e+00 -1.000000e+00 8.409330e-01 -1.000000e+00 -9.990070e+05 5.766110e-01 5.766110e-01 9.771900e-01 5.769383e+00 1.754567e+01 0.000000e+00 -1.000000e+00 1.575645e-01 0.000000e+00 9.887514e+00
8.286725e+00 -1.000000e+00 0.000000e+00 -1.000000e+00 -1.000000e+00 5.000000e+02 4.995132e-01 -1.000000e+00 -1.000000e+00 2.704678e+01 0.000000e+00 -1.000000e+00 0.000000e+00 2.259658e-02 1.700000e+03 1.209944e+01 0.000000e+00 -9.990070e+05 3.000000e+00 -1.000000e+00 9.992715e-01 -1.0 0.000000e+00 0.000000e+00 -1.000000e+00 8.411669e-01 -1.000000e+00 -9.990070e+05 5.846496e-01 5.846496e-01 9.772240e-01 6.046436e+00 1.819138e+01 0.000000e+00 -1.000000e+00 1.581830e-01 0.000000e+00 1.031794e+01
1.000306e+01 -1.000000e+00 0.000000e+00 -1.000000e+00 -1.000000e+00 7.000000e+02 5.000000e-01 -1.000000e+00 -1.000000e+00 3.301722e+01 0.000000e+00 -1.000000e+00 0.000000e+00 2.275013e-02 1.700000e+03 1.463283e+01 0.000000e+00 -9.990070e+05 3.000000e+00 -1.000000e+00 1.001601e+00 -1.0 0.000000e+00 0.000000e+00 -1.000000e+00 8.413447e-01 -1.000000e+00 -9.990070e+05 6.111985e-01 6.111985e-01 9.772499e-01 7.290919e+00 2.208156e+01 0.000000e+00 -1.000000e+00 1.586553e-01 0.000000e+00 1.247117e+01
1.192475e+01 -1.000000e+00 0.000000e+00 -1.000000e+00 -1.000000e+00 9.000000e+02 5.000000e-01 -1.000000e+00 -1.000000e+00 3.938398e+01 0.000000e+00 -1.000000e+00 0.000000e+00 2.275013e-02 1.700000e+03 1.743705e+01 0.000000e+00 -9.990070e+05 3.000000e+00 -1.000000e+00 1.002662e+00 -1.0 0.000000e+00 0.000000e+00 -1.000000e+00 8.413447e-01 -1.000000e+00 -9.990070e+05 6.336907e-01 6.336907e-01 9.772499e-01 8.693084e+00 2.631357e+01 0.000000e+00 -1.000000e+00 1.586553e-01 0.000000e+00 1.486552e+01
9.007763e+00 -1.000000e+00 0.000000e+00 -1.000000e+00 -1.000000e+00 2.500000e+02 5.000000e-01 -1.000000e+00 -1.000000e+00 2.936925e+01 0.000000e+00 -1.000000e+00 0.000000e+00 2.275013e-02 1.750000e+03 1.315293e+01 0.000000e+00 -9.990070e+05 3.000000e+00 -1.000000e+00 1.000541e+00 -1.0 0.000000e+00 0.000000e+00 -1.000000e+00 8.413447e-01 -1.000000e+00 -9.990070e+05 5.972473e-01 5.972473e-01 9.772499e-01 6.574567e+00 1.976607e+01 0.000000e+00 -1.000000e+00 1.586553e-01 0.000000e+00 1.121566e+01
1.167812e+01 -1.000000e+00 0.000000e+00 -1.000000e+00 -1.000000e+00 4.500000e+02 5.000000e-01 -1.000000e+00 -1.000000e+00 3.861299e+01 0.000000e+00 -1.000000e+00 0.000000e+00 2.275013e-02 1.750000e+03 1.708000e+01 0.000000e+00 -9.990070e+05 3.000000e+00 -1.000000e+00 1.002576e+00 -1.0 0.000000e+00 0.000000e+00 -1.000000e+00 8.413447e-01 -1.000000e+00 -9.990070e+05 6.312034e-01 6.312034e-01 9.772499e-01 8.512088e+00 2.578975e+01 0.000000e+00 -1.000000e+00 1.586553e-01 0.000000e+00 1.456523e+01
1.064978e+01 -1.000000e+00 4.000000e+03 -1.000000e+00 -1.000000e+00 5.000000e+01 5.000000e-01 -1.000000e+00 -1.000000e+00 3.476883e+01 0.000000e+00 -1.000000e+00 1.000000e+00 2.275013e-02 1.750000e+03 1.553033e+01 1.000000e+00 -9.990070e+05 1.000000e+00 -1.000000e+00 1.002100e+00 -1.0 0.000000e+00 1.000000e+00 -1.000000e+00 8.413447e-01 -1.000000e+00 -9.990070e+05 6.198835e-01 6.198835e-01 9.772499e-01 7.750504e+00 2.336130e+01 0.000000e+00 -1.000000e+00 1.586553e-01 0.000000e+00 1.324288e+01
1.095181e+01 -1.000000e+00 4.000000e+03 -1.000000e+00 -1.000000e+00 6.500000e+02 5.000000e-01 -1.000000e+00 -1.000000e+00 3.656396e+01 0.000000e+00 -1.000000e+00 1.000000e+00 2.275013e-02 1.750000e+03 1.601279e+01 1.000000e+00 -9.990070e+05 2.000000e+00 -1.000000e+00 1.002232e+00 -1.0 0.000000e+00 0.000000e+00 -1.000000e+00 8.413447e-01 -1.000000e+00 -9.990070e+05 6.227305e-01 6.227305e-01 9.772499e-01 7.975477e+00 2.425835e+01 0.000000e+00 -1.000000e+00 1.586553e-01 1.000000e+00 1.366367e+01
1.258154e+01 -1.000000e+00 0.000000e+00 -1.000000e+00 -1.000000e+00 8.500000e+02 5.000000e-01 -1.000000e+00 -1.000000e+00 4.272887e+01 0.000000e+00 -1.000000e+00 0.000000e+00 2.275013e-02 1.750000e+03 1.844974e+01 0.000000e+00 -9.990070e+05 3.000000e+00 -1.000000e+00 1.002800e+00 -1.0 0.000000e+00 0.000000e+00 -1.000000e+00 8.413447e-01 -1.000000e+00 -9.990070e+05 6.386520e-01 6.386520e-01 9.772499e-01 9.136320e+00 2.813994e+01 0.000000e+00 -1.000000e+00 1.586553e-01 0.000000e+00 1.573900e+01
1.361816e+01 -1.000000e+00 0.000000e+00 -1.000000e+00 -1.000000e+00 0.000000e+00 5.000000e-01 -1.000000e+00 -1.000000e+00 4.474071e+01 0.000000e+00 -1.000000e+00 0.000000e+00 2.275013e-02 1.800000e+03 1.990101e+01 0.000000e+00 -9.990070e+05 3.000000e+00 -1.000000e+00 1.003014e+00 -1.0 0.000000e+00 0.000000e+00 -1.000000e+00 8.413447e-01 -1.000000e+00 -9.990070e+05 6.492684e-01 6.492684e-01 9.772499e-01 9.934806e+00 2.997215e+01 0.000000e+00 -1.000000e+00 1.586553e-01 0.000000e+00 1.696657e+01
1.199446e+01 -1.000000e+00 0.000000e+00 -1.000000e+00 -1.000000e+00 2.000000e+02 5.000000e-01 -1.000000e+00 -1.000000e+00 3.910819e+01 0.000000e+00 -1.000000e+00 0.000000e+00 2.275013e-02 1.800000e+03 1.748366e+01 0.000000e+00 -9.990070e+05 3.000000e+00 -1.000000e+00 1.002694e+00 -1.0 0.000000e+00 0.000000e+00 -1.000000e+00 8.413447e-01 -1.000000e+00 -9.990070e+05 6.346895e-01 6.346895e-01 9.772499e-01 8.726945e+00 2.629069e+01 0.000000e+00 -1.000000e+00 1.586553e-01 0.000000e+00 1.491082e+01
1.225018e+01 -1.000000e+00 0.000000e+00 -1.000000e+00 -1.000000e+00 4.000000e+02 5.000000e-01 -1.000000e+00 -1.000000e+00 4.036616e+01 0.000000e+00 -1.000000e+00 0.000000e+00 2.275013e-02 1.800000e+03 1.791015e+01 0.000000e+00 -9.990070e+05 3.000000e+00 -1.000000e+00 1.002763e+00 -1.0 0.000000e+00 0.000000e+00 -1.000000e+00 8.413447e-01 -1.000000e+00 -9.990070e+05 6.370690e-01 6.370690e-01 9.772499e-01 8.933901e+00 2.700003e+01 0.000000e+00 -1.000000e+00 1.586553e-01 0.000000e+00 1.526631e+01
1.341612e+01 -1.000000e+00 0.000000e+00 -1.000000e+00 -1.000000e+00 6.000000e+02 5.000000e-01 -1.000000e+00 -1.000000e+00 4.412858e+01 0.000000e+00 -1.000000e+00 0.000000e+00 2.275013e-02 1.800000e+03 1.961139e+01 0.000000e+00 -9.990070e+05 3.000000e+00 -1.000000e+00 1.002988e+00 -1.0 0.000000e+00 0.000000e+00 -1.000000e+00 8.413447e-01 -1.000000e+00 -9.990070e+05 6.474755e-01 6.474755e-01 9.772499e-01 9.784771e+00 2.954920e+01 0.000000e+00 -1.000000e+00 1.586553e-01 0.000000e+00 1.671666e+01
1.776410e+01 -1.000000e+00 0.000000e+00 -1.000000e+00 -1.000000e+00 8.000000e+02 5.000000e-01 -1.000000e+00 -1.000000e+00 5.803088e+01 0.000000e+00 -1.000000e+00 0.000000e+00 2.275013e-02 1.800000e+03 2.593684e+01 0.000000e+00 -9.990070e+05 3.000000e+00 -1.000000e+00 1.003066e+00 -1.0 0.000000e+00 0.000000e+00 -1.000000e+00 8.413447e-01 -1.000000e+00 -9.990070e+05 6.760832e-01 6.760832e-01 9.772499e-01 1.295238e+01 3.900423e+01 0.000000e+00 -1.000000e+00 1.586553e-01 0.000000e+00 2.210465e+01
1.588237e+01 -1.000000e+00 0.000000e+00 -1.000000e+00 -1.000000e+00 1.500000e+02 5.000000e-01 -1.000000e+00 -1.000000e+00 5.217814e+01 0.000000e+00 -1.000000e+00 0.000000e+00 2.275013e-02 1.850000e+03 2.321915e+01 0.000000e+00 -9.990070e+05 3.000000e+00 -1.000000e+00 1.003118e+00 -1.0 0.000000e+00 0.000000e+00 -1.000000e+00 8.413447e-01 -1.000000e+00 -9.990070e+05 6.652200e-01 6.652200e-01 9.772499e-01 1.158433e+01 3.497171e+01 0.000000e+00 -1.000000e+00 1.586553e-01 0.000000e+00 1.978777e+01
1.467622e+01 -1.000000e+00 0.000000e+00 -1.000000e+00 -1.000000e+00 3.500000e+02 5.000000e-01 -1.000000e+00 -1.000000e+00 4.817594e+01 0.000000e+00 -1.000000e+00 0.000000e+00 2.275013e-02 1.850000e+03 2.145575e+01 0.000000e+00 -9.990070e+05 3.000000e+00 -1.000000e+00 1.003095e+00 -1.0 0.000000e+00 0.000000e+00 -1.000000e+00 8.413447e-01 -1.000000e+00 -9.990070e+05 6.571806e-01 6.571806e-01 9.772499e-01 1.070439e+01 3.231256e+01 0.000000e+00 -1.000000e+00 1.586553e-01 0.000000e+00 1.828580e+01
1.550950e+01 -1.000000e+00 4.000000e+03 -1.000000e+00 -1.000000e+00 5.500000e+02 5.000000e-01 -1.000000e+00 -1.000000e+00 5.130156e+01 0.000000e+00 -1.000000e+00 1.000000e+00 2.275013e-02 1.850000e+03 2.266574e+01 1.000000e+00 -9.990070e+05 1.000000e+00 -1.000000e+00 1.003116e+00 -1.0 0.000000e+00 1.000000e+00 -1.000000e+00 8.413447e-01 -1.000000e+00 -9.990070e+05 6.626076e-01 6.626076e-01 9.772499e-01 1.130623e+01 3.421048e+01 0.000000e+00 -1.000000e+00 1.586553e-01 0.000000e+00 1.932918e+01
1.888766e+01 -1.000000e+00 0.000000e+00 -1.000000e+00 -1.000000e+00 7.500000e+02 5.000000e-01 -1.000000e+00 -1.000000e+00 6.227794e+01 0.000000e+00 -1.000000e+00 0.000000e+00 2.275013e-02 1.850000e+03 2.761808e+01 0.000000e+00 -9.990070e+05 3.000000e+00 -1.000000e+00 1.003011e+00 -1.0 0.000000e+00 0.000000e+00 -1.000000e+00 8.413447e-01 -1.000000e+00 -9.990070e+05 6.813951e-01 6.813951e-01 9.772499e-01 1.377022e+01 4.166440e+01 0.000000e+00 -1.000000e+00 1.586553e-01 0.000000e+00 2.355217e+01
2.317671e+01 -1.000000e+00 0.000000e+00 -1.000000e+00 -1.000000e+00 1.000000e+02 5.000000e-01 -1.000000e+00 -1.000000e+00 7.618492e+01 0.000000e+00 -1.000000e+00 0.000000e+00 2.275013e-02 1.900000e+03 3.388731e+01 0.000000e+00 -9.990070e+05 3.000000e+00 -1.000000e+00 1.002733e+00 -1.0 0.000000e+00 0.000000e+00 -1.000000e+00 8.413447e-01 -1.000000e+00 -9.990070e+05 6.982950e-01 6.982950e-01 9.772499e-01 1.690068e+01 5.106241e+01 0.000000e+00 -1.000000e+00 1.586553e-01 0.000000e+00 2.888218e+01
1.847624e+01 -1.000000e+00 0.000000e+00 -1.000000e+00 -1.000000e+00 3.000000e+02 5.000000e-01 -1.000000e+00 -1.000000e+00 6.056652e+01 0.000000e+00 -1.000000e+00 0.000000e+00 2.275013e-02 1.900000e+03 2.700778e+01 0.000000e+00 -9.990070e+05 3.000000e+00 -1.000000e+00 1.003033e+00 -1.0 0.000000e+00 0.000000e+00 -1.000000e+00 8.413447e-01 -1.000000e+00 -9.990070e+05 6.795531e-01 6.795531e-01 9.772499e-01 1.347850e+01 4.065212e+01 0.000000e+00 -1.000000e+00 1.586553e-01 0.000000e+00 2.301650e+01
2.026024e+01 -1.000000e+00 0.000000e+00 -1.000000e+00 -1.000000e+00 5.000000e+02 5.000000e-01 -1.000000e+00 -1.000000e+00 6.649834e+01 0.000000e+00 -1.000000e+00 0.000000e+00 2.275013e-02 1.900000e+03 2.961510e+01 0.000000e+00 -9.990070e+05 3.000000e+00 -1.000000e+00 1.002926e+00 -1.0 0.000000e+00 0.000000e+00 -1.000000e+00 8.413447e-01 -1.000000e+00 -9.990070e+05 6.875823e-01 6.875823e-01 9.772499e-01 1.477926e+01 4.459653e+01 0.000000e+00 -1.000000e+00 1.586553e-01 0.000000e+00 2.524508e+01
2.007981e+01 -1.000000e+00 0.000000e+00 -1.000000e+00 -1.000000e+00 7.000000e+02 5.000000e-01 -1.000000e+00 -1.000000e+00 6.612114e+01 0.000000e+00 -1.000000e+00 0.000000e+00 2.275013e-02 1.900000e+03 2.935940e+01 0.000000e+00 -9.990070e+05 3.000000e+00 -1.000000e+00 1.002939e+00 -1.0 0.000000e+00 0.000000e+00 -1.000000e+00 8.413447e-01 -1.000000e+00 -9.990070e+05 6.867264e-01 6.867264e-01 9.772499e-01 1.464145e+01 4.426885e+01 0.000000e+00 -1.000000e+00 1.586553e-01 0.000000e+00 2.503375e+01
2.934126e+01 -1.000000e+00 0.000000e+00 -1.000000e+00 -1.000000e+00 9.000000e+02 5.000000e-01 -1.000000e+00 -1.000000e+00 9.647115e+01 0.000000e+00 -1.000000e+00 0.000000e+00 2.275013e-02 1.900000e+03 4.288847e+01 0.000000e+00 -9.990070e+05 3.000000e+00 -1.000000e+00 1.002335e+00 -1.0 0.000000e+00 0.000000e+00 -1.000000e+00 8.413447e-01 -1.000000e+00 -9.990070e+05 7.152356e-01 7.152356e-01 9.772499e-01 2.140048e+01 6.462126e+01 0.000000e+00 -1.000000e+00 1.586553e-01 0.000000e+00 3.656309e+01
2.674773e+01 -1.000000e+00 0.000000e+00 -1.000000e+00 -1.000000e+00 2.500000e+02 5.000000e-01 -1.000000e+00 -1.000000e+00 8.762748e+01 0.000000e+00 -1.000000e+00 0.000000e+00 2.275013e-02 1.950000e+03 3.908139e+01 0.000000e+00 -9.990070e+05 3.000000e+00 -1.000000e+00 1.002491e+00 -1.0 0.000000e+00 0.000000e+00 -1.000000e+00 8.413447e-01 -1.000000e+00 -9.990070e+05 7.090430e-01 7.090430e-01 9.772499e-01 1.951133e+01 5.881119e+01 0.000000e+00 -1.000000e+00 1.586553e-01 0.000000e+00 3.330996e+01
2.170691e+01 -1.000000e+00 0.000000e+00 -1.000000e+00 -1.000000e+00 4.500000e+02 5.000000e-01 -1.000000e+00 -1.000000e+00 7.142170e+01 0.000000e+00 -1.000000e+00 0.000000e+00 2.275013e-02 1.950000e+03 3.173903e+01 0.000000e+00 -9.990070e+05 3.000000e+00 -1.000000e+00 1.002834e+00 -1.0 0.000000e+00 0.000000e+00 -1.000000e+00 8.413447e-01 -1.000000e+00 -9.990070e+05 6.930860e-01 6.930860e-01 9.772499e-01 1.582776e+01 4.783897e+01 0.000000e+00 -1.000000e+00 1.586553e-01 0.000000e+00 2.705160e+01
2.621455e+01 -1.000000e+00 0.000000e+00 -1.000000e+00 -1.000000e+00 5.000000e+01 5.000000e-01 -1.000000e+00 -1.000000e+00 8.572888e+01 0.000000e+00 -1.000000e+00 0.000000e+00 2.275013e-02 1.950000e+03 3.829405e+01 0.000000e+00 -9.990070e+05 3.000000e+00 -1.000000e+00 1.002526e+00 -1.0 0.000000e+00 0.000000e+00 -1.000000e+00 8.413447e-01 -1.000000e+00 -9.990070e+05 7.075903e-01 7.075903e-01 9.772499e-01 1.911791e+01 5.760493e+01 0.000000e+00 -1.000000e+00 1.586553e-01 0.000000e+00 3.263493e+01
2.531655e+01 -1.000000e+00 0.000000e+00 -1.000000e+00 -1.000000e+00 6.500000e+02 5.000000e-01 -1.000000e+00 -1.000000e+00 8.291204e+01 0.000000e+00 -1.000000e+00 0.000000e+00 2.275013e-02 1.950000e+03 3.700186e+01 0.000000e+00 -9.990070e+05 3.000000e+00 -1.000000e+00 1.002584e+00 -1.0 0.000000e+00 0.000000e+00 -1.000000e+00 8.413447e-01 -1.000000e+00 -9.990070e+05 7.050999e-01 7.050999e-01 9.772499e-01 1.846995e+01 5.568148e+01 0.000000e+00 -1.000000e+00 1.586553e-01 0.000000e+00 3.153679e+01
2.973908e+01 -1.000000e+00 0.000000e+00 -1.000000e+00 -1.000000e+00 8.500000e+02 5.000000e-01 -1.000000e+00 -1.000000e+00 9.928664e+01 0.000000e+00 -1.000000e+00 0.000000e+00 2.275013e-02 1.950000e+03 4.351992e+01 0.000000e+00 -9.990070e+05 3.000000e+00 -1.000000e+00 1.002321e+00 -1.0 0.000000e+00 0.000000e+00 -1.000000e+00 8.413447e-01 -1.000000e+00 -9.990070e+05 7.157888e-01 7.157888e-01 9.772499e-01 2.165152e+01 6.595707e+01 0.000000e+00 -1.000000e+00 1.586553e-01 0.000000e+00 3.713531e+01
3.306483e+01 -1.000000e+00 0.000000e+00 -1.000000e+00 -1.000000e+00 0.000000e+00 5.000000e-01 -1.000000e+00 -1.000000e+00 1.083882e+02 0.000000e+00 -1.000000e+00 0.000000e+00 2.275013e-02 2.000000e+03 4.832773e+01 0.000000e+00 -9.990070e+05 3.000000e+00 -1.000000e+00 1.002130e+00 -1.0 0.000000e+00 0.000000e+00 -1.000000e+00 8.413447e-01 -1.000000e+00 -9.990070e+05 7.229350e-01 7.229350e-01 9.772499e-01 2.412560e+01 7.273540e+01 0.000000e+00 -1.000000e+00 1.586553e-01 0.000000e+00 4.119139e+01
3.120032e+01 -1.000000e+00 0.000000e+00 -1.000000e+00 -1.000000e+00 2.000000e+02 5.000000e-01 -1.000000e+00 -1.000000e+00 1.020266e+02 0.000000e+00 -1.000000e+00 0.000000e+00 2.275013e-02 2.000000e+03 4.557369e+01 0.000000e+00 -9.990070e+05 3.000000e+00 -1.000000e+00 1.002228e+00 -1.0 0.000000e+00 0.000000e+00 -1.000000e+00 8.413447e-01 -1.000000e+00 -9.990070e+05 7.193000e-01 7.193000e-01 9.772499e-01 2.275237e+01 6.855485e+01 0.000000e+00 -1.000000e+00 1.586553e-01 0.000000e+00 3.883916e+01
2.798280e+01 -1.000000e+00 0.000000e+00 -1.000000e+00 -1.000000e+00 4.000000e+02 5.000000e-01 -1.000000e+00 -1.000000e+00 9.231143e+01 0.000000e+00 -1.000000e+00 0.000000e+00 2.275013e-02 2.000000e+03 4.092502e+01 0.000000e+00 -9.990070e+05 3.000000e+00 -1.000000e+00 1.002422e+00 -1.0 0.000000e+00 0.000000e+00 -1.000000e+00 8.413447e-01 -1.000000e+00 -9.990070e+05 7.118434e-01 7.118434e-01 9.772499e-01 2.039515e+01 6.174977e+01 0.000000e+00 -1.000000e+00 1.586553e-01 0.000000e+00 3.488478e+01
3.164327e+01 -1.000000e+00 0.000000e+00 -1.000000e+00 -1.000000e+00 6.000000e+02 5.000000e-01 -1.000000e+00 -1.000000e+00 1.036674e+02 0.000000e+00 -1.000000e+00 0.000000e+00 2.275013e-02 2.000000e+03 4.625312e+01 0.000000e+00 -9.990070e+05 3.000000e+00 -1.000000e+00 1.002204e+00 -1.0 0.000000e+00 0.000000e+00 -1.000000e+00 8.413447e-01 -1.000000e+00 -9.990070e+05 7.202137e-01 7.202137e-01 9.772499e-01 2.308727e+01 6.961005e+01 0.000000e+00 -1.000000e+00 1.586553e-01 0.000000e+00 3.942414e+01
3.000297e+01 -1.000000e+00 0.000000e+00 -1.000000e+00 -1.000000e+00 8.000000e+02 5.000000e-01 -1.000000e+00 -1.000000e+00 9.814243e+01 0.000000e+00 -1.000000e+00 0.000000e+00 2.275013e-02 2.000000e+03 4.382861e+01 0.000000e+00 -9.990070e+05 3.000000e+00 -1.000000e+00 1.002294e+00 -1.0 0.000000e+00 0.000000e+00 -1.000000e+00 8.413447e-01 -1.000000e+00 -9.990070e+05 7.168046e-01 7.168046e-01 9.772499e-01 2.188273e+01 6.593327e+01 0.000000e+00 -1.000000e+00 1.586553e-01 0.000000e+00 3.735492e+01
-1.000000e+00 -1.000000e+00 4.000000e+03 -1.000000e+00 -1.000000e+00 0.000000e+00 1.280832e-01 -1.000000e+00 -1.000000e+00 -1.000000e+00 0.000000e+00 -1.000000e+00 1.000000e+00 4.335882e-04 4.000000e+02 -1.000000e+00 1.000000e+00 -9.990070e+05 3.000000e+00 -1.000000e+00 1.933300e-01 -1.0 0.000000e+00 0.000000e+00 -1.000000e+00 5.560168e-01 -1.000000e+00 -9.990070e+05 7.828085e-02 7.828085e-02 9.281385e-01 -1.000000e+00 -1.000000e+00 0.000000e+00 -1.000000e+00 1.177370e-02 0.000000e+00 -1.000000e+00
3.572048e+09 -1.000000e+00 0.000000e+00 -1.000000e+00 -1.000000e+00 3.870000e+02 3.528397e-01 -1.000000e+00 -1.000000e+00 3.572048e+09 0.000000e+00 -1.000000e+00 0.000000e+00 4.612611e-03 4.120000e+02 3.572048e+09 0.000000e+00 -9.990070e+05 3.000000e+00 -1.000000e+00 6.699536e-01 -1.0 0.000000e+00 0.000000e+00 -1.000000e+00 7.780044e-01 -1.000000e+00 -9.990070e+05 3.031888e-01 3.031888e-01 9.678846e-01 2.281963e+08 3.572048e+09 0.000000e+00 -1.000000e+00 6.487963e-02 0.000000e+00 1.798557e+08
0.000000e+00 -1.000000e+00 4.000000e+03 -1.000000e+00 -1.000000e+00 3.750000e+02 7.094700e-02 -1.000000e+00 -1.000000e+00 1.000000e+02 0.000000e+00 -1.000000e+00 1.000000e+00 1.415553e-04 4.250000e+02 6.172882e+00 1.000000e+00 -9.990070e+05 3.000000e+00 -1.000000e+00 1.006973e-01 -1.0 0.000000e+00 0.000000e+00 -1.000000e+00 4.105051e-01 -1.000000e+00 -9.990070e+05 4.080033e-02 4.080033e-02 8.852103e-01 0.000000e+00 1.000000e+02 0.000000e+00 -1.000000e+00 5.024748e-03 0.000000e+00 1.014865e+00
3.680196e-01 -1.000000e+00 0.000000e+00 -1.000000e+00 -1.000000e+00 4.500000e+02 1.561640e-02 -1.000000e+00 -1.000000e+00 4.286841e+01 0.000000e+00 -1.000000e+00 0.000000e+00 9.973011e-06 5.500000e+02 6.009649e-01 0.000000e+00 -9.990070e+05 3.000000e+00 -1.000000e+00 1.779876e-02 -1.0 0.000000e+00 0.000000e+00 -1.000000e+00 1.561860e-01 -1.000000e+00 -9.990070e+05 6.915530e-03 6.915530e-03 6.496947e-01 0.000000e+00 1.594900e+00 0.000000e+00 -1.000000e+00 6.313928e-04 0.000000e+00 5.389916e-01
1.661626e-01 -1.000000e+00 0.000000e+00 -1.000000e+00 -1.000000e+00 0.000000e+00 6.529684e-04 -1.000000e+00 -1.000000e+00 1.616237e+00 0.000000e+00 -1.000000e+00 0.000000e+00 6.351886e-08 6.000000e+02 2.550258e-01 0.000000e+00 -9.990070e+05 3.000000e+00 -1.000000e+00 6.585691e-04 -1.0 0.000000e+00 0.000000e+00 -1.000000e+00 1.601378e-02 -1.000000e+00 -9.990070e+05 2.678652e-04 2.678652e-04 1.589491e-01 1.163658e-01 4.747771e-01 0.000000e+00 -1.000000e+00 1.040404e-05 0.000000e+00 2.165702e-01
1.077524e+00 -1.000000e+00 0.000000e+00 -1.000000e+00 -1.000000e+00 5.870000e+02 1.524441e-01 -1.000000e+00 -1.000000e+00 2.399895e+01 0.000000e+00 -1.000000e+00 0.000000e+00 6.134541e-04 6.120000e+02 1.683396e+00 0.000000e+00 -9.990070e+05 3.000000e+00 -1.000000e+00 2.051179e-01 -1.0 0.000000e+00 0.000000e+00 -1.000000e+00 5.989348e-01 -1.000000e+00 -9.990070e+05 7.357936e-02 7.357936e-02 9.372837e-01 7.315389e-01 3.330079e+00 0.000000e+00 -1.000000e+00 1.527357e-02 0.000000e+00 1.413254e+00
7.210448e-01 -1.000000e+00 0.000000e+00 -1.000000e+00 -1.000000e+00 5.750000e+02 9.165126e-02 -1.000000e+00 -1.000000e+00 7.472516e+00 0.000000e+00 -1.000000e+00 0.000000e+00 2.279690e-04 6.250000e+02 1.368911e+00 0.000000e+00 -9.990070e+05 3.000000e+00 -1.000000e+00 1.231417e-01 -1.0 0.000000e+00 0.000000e+00 -1.000000e+00 4.723042e-01 -1.000000e+00 -9.990070e+05 4.707490e-02 4.707490e-02 9.063997e-01 4.418305e-01 3.122055e+00 0.000000e+00 -1.000000e+00 7.234706e-03 0.000000e+00 1.106897e+00
2.568417e-01 -1.000000e+00 0.000000e+00 -1.000000e+00 -1.000000e+00 5.500000e+02 4.780011e-04 -1.000000e+00 -1.000000e+00 1.097671e+00 0.000000e+00 -1.000000e+00 0.000000e+00 3.956317e-08 6.500000e+02 3.908036e-01 0.000000e+00 -9.990070e+05 3.000000e+00 -1.000000e+00 3.713592e-04 -1.0 0.000000e+00 0.000000e+00 -1.000000e+00 1.267435e-02 -1.000000e+00 -9.990070e+05 1.396260e-04 1.396260e-04 1.354905e-01 1.842257e-01 6.350076e-01 0.000000e+00 -1.000000e+00 7.029588e-06 0.000000e+00 3.297536e-01
4.927055e-01 -1.000000e+00 0.000000e+00 -1.000000e+00 -1.000000e+00 5.000000e+02 1.935897e-02 -1.000000e+00 -1.000000e+00 2.197638e+00 0.000000e+00 -1.000000e+00 0.000000e+00 1.434311e-05 7.000000e+02 7.639741e-01 0.000000e+00 -9.990070e+05 3.000000e+00 -1.000000e+00 1.979915e-02 -1.0 0.000000e+00 0.000000e+00 -1.000000e+00 1.805614e-01 -1.000000e+00 -9.990070e+05 7.197814e-03 7.197814e-03 6.938198e-01 3.446031e-01 1.273710e+00 0.000000e+00 -1.000000e+00 8.421931e-04 0.000000e+00 6.445715e-01
6.745176e+00 -1.000000e+00 0.000000e+00 -1.000000e+00 -1.000000e+00 6.870000e+02 4.703488e-01 -1.000000e+00 -1.000000e+00 1.000000e+02 0.000000e+00 -1.000000e+00 0.000000e+00 1.544804e-02 7.120000e+02 1.469679e+01 0.000000e+00 -9.990070e+05 3.000000e+00 -1.000000e+00 9.357732e-01 -1.0 0.000000e+00 0.000000e+00 -1.000000e+00 8.302369e-01 -1.000000e+00 -9.990070e+05 4.438589e-01 4.438589e-01 9.756321e-01 4.143233e+00 4.011992e+01 0.000000e+00 -1.000000e+00 1.322962e-01 0.000000e+00 1.175493e+01
9.710682e-01 -1.000000e+00 0.000000e+00 -1.000000e+00 -1.000000e+00 6.750000e+02 1.503863e-01 -1.000000e+00 -1.000000e+00 4.374313e+00 0.000000e+00 -1.000000e+00 0.000000e+00 5.968232e-04 7.250000e+02 1.500164e+00 0.000000e+00 -9.990070e+05 3.000000e+00 -1.000000e+00 1.977748e-01 -1.0 0.000000e+00 0.000000e+00 -1.000000e+00 5.956311e-01 -1.000000e+00 -9.990070e+05 6.963682e-02 6.963682e-02 9.366157e-01 6.750975e-01 2.520678e+00 0.000000e+00 -1.000000e+00 1.496306e-02 0.000000e+00 1.270720e+00
7.026551e-01 -1.000000e+00 0.000000e+00 -1.000000e+00 -1.000000e+00 4.500000e+02 6.633811e-02 -1.000000e+00 -1.000000e+00 3.045718e+00 0.000000e+00 -1.000000e+00 0.000000e+00 1.251406e-04 7.500000e+02 1.087215e+00 0.000000e+00 -9.990070e+05 3.000000e+00 -1.000000e+00 7.756953e-02 -1.0 0.000000e+00 0.000000e+00 -1.000000e+00 3.949681e-01 -1.000000e+00 -9.990070e+05 2.773027e-02 2.773027e-02 8.788852e-01 5.011697e-01 1.796471e+00 0.000000e+00 -1.000000e+00 4.570581e-03 0.000000e+00 9.164411e-01
4.959784e-01 -1.000000e+00 0.000000e+00 -1.000000e+00 -1.000000e+00 6.500000e+02 2.006448e-02 -1.000000e+00 -1.000000e+00 2.220957e+00 0.000000e+00 -1.000000e+00 0.000000e+00 1.524380e-05 7.500000e+02 7.672180e-01 0.000000e+00 -9.990070e+05 3.000000e+00 -1.000000e+00 2.101068e-02 -1.0 0.000000e+00 0.000000e+00 -1.000000e+00 1.849471e-01 -1.000000e+00 -9.990070e+05 7.716641e-03 7.716641e-03 7.009559e-01 3.494959e-01 1.293154e+00 0.000000e+00 -1.000000e+00 8.837551e-04 0.000000e+00 6.484315e-01
2.029845e-01 -1.000000e+00 0.000000e+00 -1.000000e+00 -1.000000e+00 0.000000e+00 1.115181e-05 -1.000000e+00 -1.000000e+00 7.257800e-01 0.000000e+00 -1.000000e+00 0.000000e+00 1.620854e-10 8.000000e+02 2.995589e-01 0.000000e+00 -9.990070e+05 3.000000e+00 -1.000000e+00 6.861737e-06 -1.0 0.000000e+00 0.000000e+00 -1.000000e+00 6.899472e-04 -1.000000e+00 -9.990070e+05 2.605759e-06 2.605759e-06 1.668652e-02 1.463022e-01 4.642251e-01 0.000000e+00 -1.000000e+00 6.908178e-08 0.000000e+00 2.547131e-01
7.720116e-01 -1.000000e+00 0.000000e+00 -1.000000e+00 -1.000000e+00 6.000000e+02 8.172509e-02 -1.000000e+00 -1.000000e+00 3.019224e+00 0.000000e+00 -1.000000e+00 0.000000e+00 1.839198e-04 8.000000e+02 1.152281e+00 0.000000e+00 -9.990070e+05 3.000000e+00 -1.000000e+00 9.650914e-02 -1.0 0.000000e+00 0.000000e+00 -1.000000e+00 4.442058e-01 -1.000000e+00 -9.990070e+05 3.395891e-02 3.395891e-02 8.974593e-01 5.531572e-01 1.847310e+00 0.000000e+00 -1.000000e+00 6.141072e-03 0.000000e+00 9.822048e-01
2.944551e+00 -1.000000e+00 4.000000e+03 -1.000000e+00 -1.000000e+00 7.870000e+02 4.455080e-01 -1.000000e+00 -1.000000e+00 1.388871e+01 0.000000e+00 -1.000000e+00 1.000000e+00 1.156045e-02 8.120000e+02 4.620876e+00 1.000000e+00 -9.990070e+05 2.000000e+00 -1.000000e+00 8.582207e-01 -1.0 0.000000e+00 0.000000e+00 -1.000000e+00 8.204364e-01 -1.000000e+00 -9.990070e+05 3.512298e-01 3.512298e-01 9.741975e-01 2.064705e+00 7.944828e+00 0.000000e+00 -1.000000e+00 1.136707e-01 1.000000e+00 3.885026e+00
2.821212e+00 -1.000000e+00 0.000000e+00 -1.000000e+00 -1.000000e+00 7.750000e+02 4.430502e-01 -1.000000e+00 -1.000000e+00 1.113873e+01 0.000000e+00 -1.000000e+00 0.000000e+00 1.124936e-02 8.250000e+02 4.246324e+00 0.000000e+00 -9.990070e+05 3.000000e+00 -1.000000e+00 8.502310e-01 -1.0 0.000000e+00 0.000000e+00 -1.000000e+00 8.194384e-01 -1.000000e+00 -9.990070e+05 3.442991e-01 3.442991e-01 9.740510e-01 2.013815e+00 6.834569e+00 0.000000e+00 -1.000000e+00 1.119819e-01 0.000000e+00 3.615261e+00
8.532123e-01 -1.000000e+00 0.000000e+00 -1.000000e+00 -1.000000e+00 5.500000e+02 1.083723e-01 -1.000000e+00 -1.000000e+00 3.049273e+00 0.000000e+00 -1.000000e+00 0.000000e+00 3.134930e-04 8.500000e+02 1.263117e+00 0.000000e+00 -9.990070e+05 3.000000e+00 -1.000000e+00 1.314465e-01 -1.0 0.000000e+00 0.000000e+00 -1.000000e+00 5.141371e-01 -1.000000e+00 -9.990070e+05 4.550421e-02 4.550421e-02 9.180372e-01 6.139228e-01 1.960121e+00 0.000000e+00 -1.000000e+00 9.215920e-03 0.000000e+00 1.072964e+00
9.211024e-01 -1.000000e+00 0.000000e+00 -1.000000e+00 -1.000000e+00 7.500000e+02 1.318409e-01 -1.000000e+00 -1.000000e+00 3.139459e+00 0.000000e+00 -1.000000e+00 0.000000e+00 4.589829e-04 8.500000e+02 1.349016e+00 0.000000e+00 -9.990070e+05 3.000000e+00 -1.000000e+00 1.641221e-01 -1.0 0.000000e+00 0.000000e+00 -1.000000e+00 5.632186e-01 -1.000000e+00 -9.990070e+05 5.629668e-02 5.629668e-02 9.297491e-01 6.679763e-01 2.059895e+00 0.000000e+00 -1.000000e+00 1.228883e-02 0.000000e+00 1.151982e+00
8.121542e-01 -1.000000e+00 0.000000e+00 -1.000000e+00 -1.000000e+00 5.000000e+02 9.261579e-02 -1.000000e+00 -1.000000e+00 2.757695e+00 0.000000e+00 -1.000000e+00 0.000000e+00 2.325117e-04 9.000000e+02 1.189062e+00 0.000000e+00 -9.990070e+05 3.000000e+00 -1.000000e+00 1.091508e-01 -1.0 0.000000e+00 0.000000e+00 -1.000000e+00 4.748969e-01 -1.000000e+00 -9.990070e+05 3.775050e-02 3.775050e-02 9.071750e-01 5.895035e-01 1.814091e+00 0.000000e+00 -1.000000e+00 7.344273e-03 0.000000e+00 1.016053e+00
1.409525e+00 -1.000000e+00 0.000000e+00 -1.000000e+00 -1.000000e+00 7.000000e+02 2.817096e-01 -1.000000e+00 -1.000000e+00 5.810436e+00 0.000000e+00 -1.000000e+00 0.000000e+00 2.420237e-03 9.000000e+02 2.144205e+00 0.000000e+00 -9.990070e+05 3.000000e+00 -1.000000e+00 4.291482e-01 -1.0 0.000000e+00 0.000000e+00 -1.000000e+00 7.349342e-01 -1.000000e+00 -9.990070e+05 1.492212e-01 1.492212e-01 9.612403e-01 1.007769e+00 3.496337e+00 0.000000e+00 -1.000000e+00 4.163685e-02 0.000000e+00 1.810799e+00
1.063903e+01 -1.000000e+00 0.000000e+00 -1.000000e+00 -1.000000e+00 8.870000e+02 5.000000e-01 -1.000000e+00 -1.000000e+00 5.305087e+01 0.000000e+00 -1.000000e+00 0.000000e+00 2.275013e-02 9.120000e+02 1.698537e+01 0.000000e+00 -9.990070e+05 3.000000e+00 -1.000000e+00 1.000972e+00 -1.0 0.000000e+00 0.000000e+00 -1.000000e+00 8.413447e-01 -1.000000e+00 -9.990070e+05 6.055282e-01 6.055282e-01 9.772499e-01 7.451763e+00 2.948730e+01 0.000000e+00 -1.000000e+00 1.586553e-01 0.000000e+00 1.418958e+01
1.291295e+01 -1.000000e+00 0.000000e+00 -1.000000e+00 -1.000000e+00 8.750000e+02 5.000000e-01 -1.000000e+00 -1.000000e+00 9.104365e+01 0.000000e+00 -1.000000e+00 0.000000e+00 2.275013e-02 9.250000e+02 2.222951e+01 0.000000e+00 -9.990070e+05 3.000000e+00 -1.000000e+00 1.001444e+00 -1.0 0.000000e+00 0.000000e+00 -1.000000e+00 8.413447e-01 -1.000000e+00 -9.990070e+05 6.149496e-01 6.149496e-01 9.772499e-01 8.781774e+00 4.363286e+01 0.000000e+00 -1.000000e+00 1.586553e-01 0.000000e+00 1.841477e+01
6.730561e-01 -1.000000e+00 0.000000e+00 -1.000000e+00 -1.000000e+00 4.500000e+02 4.884496e-02 -1.000000e+00 -1.000000e+00 2.298683e+00 0.000000e+00 -1.000000e+00 0.000000e+00 7.192080e-05 9.500000e+02 9.859985e-01 0.000000e+00 -9.990070e+05 3.000000e+00 -1.000000e+00 5.265764e-02 -1.0 0.000000e+00 0.000000e+00 -1.000000e+00 3.288347e-01 -1.000000e+00 -9.990070e+05 1.837622e-02 1.837622e-02 8.454709e-01 4.879391e-01 1.506794e+00 0.000000e+00 -1.000000e+00 2.979530e-03 0.000000e+00 8.421032e-01
1.956031e+00 -1.000000e+00 0.000000e+00 -1.000000e+00 -1.000000e+00 6.500000e+02 3.761010e-01 -1.000000e+00 -1.000000e+00 8.278109e+00 0.000000e+00 -1.000000e+00 0.000000e+00 5.721919e-03 9.500000e+02 3.016119e+00 0.000000e+00 -9.990070e+05 3.000000e+00 -1.000000e+00 6.556583e-01 -1.0 0.000000e+00 0.000000e+00 -1.000000e+00 7.897560e-01 -1.000000e+00 -9.990070e+05 2.385177e-01 2.385177e-01 9.696522e-01 1.391982e+00 4.943808e+00 0.000000e+00 -1.000000e+00 7.468531e-02 0.000000e+00 2.541968e+00
2.278528e+00 -1.000000e+00 0.000000e+00 -1.000000e+00 -1.000000e+00 8.500000e+02 4.143641e-01 -1.000000e+00 -1.000000e+00 8.129560e+00 0.000000e+00 -1.000000e+00 0.000000e+00 8.305855e-03 9.500000e+02 3.372841e+00 0.000000e+00 -9.990070e+05 3.000000e+00 -1.000000e+00 7.624698e-01 -1.0 0.000000e+00 0.000000e+00 -1.000000e+00 8.073582e-01 -1.000000e+00 -9.990070e+05 2.881310e-01 2.881310e-01 9.722710e-01 1.638434e+00 5.238480e+00 0.000000e+00 -1.000000e+00 9.409269e-02 0.000000e+00 2.871758e+00
