5.423883e-02 -1.000000e+00 0.000000e+00 -1.000000e+00 -1.000000e+00 0.000000e+00 3.506932e-22 -1.000000e+00 -1.000000e+00 1.717385e-01 0.000000e+00 -1.000000e+00 0.000000e+00 1.528575e-31 1.000000e+03 7.856051e-02 0.000000e+00 -9.990070e+05 3.000000e+00 -1.000000e+00 1.785556e-20 -1.0 0.000000e+00 0.000000e+00 -1.000000e+00 3.801896e-18 -1.000000e+00 -9.990070e+05 1.145750e-20 1.145750e-20 1.535159e-14 3.906086e-02 1.171427e-01 0.000000e+00 -1.000000e+00 1.202094e-26 0.000000e+00 9.878645e-02
3.398147e-01 -1.000000e+00 0.000000e+00 -1.000000e+00 -1.000000e+00 6.000000e+02 5.796887e-04 -1.000000e+00 -1.000000e+00 1.086519e+00 0.000000e+00 -1.000000e+00 0.000000e+00 5.299900e-08 1.000000e+03 4.941717e-01 0.000000e+00 -9.990070e+05 3.000000e+00 -1.000000e+00 5.189598e-03 -1.0 0.000000e+00 0.000000e+00 -1.000000e+00 1.464893e-02 -1.000000e+00 -9.990070e+05 3.650034e-03 3.650034e-03 1.495978e-01 2.456781e-01 7.392104e-01 0.000000e+00 -1.000000e+00 8.956514e-06 0.000000e+00 6.204082e-01
2.885875e+00 -1.000000e+00 4.000000e+03 -1.000000e+00 -1.000000e+00 8.000000e+02 4.394482e-01 -1.000000e+00 -1.000000e+00 9.478435e+00 0.000000e+00 -1.000000e+00 1.000000e+00 1.081289e-02 1.000000e+03 4.224824e+00 1.000000e+00 -9.990070e+05 3.000000e+00 -1.000000e+00 9.893497e-01 -1.0 0.000000e+00 0.000000e+00 -1.000000e+00 8.179660e-01 -1.000000e+00 -9.990070e+05 9.236298e-01 9.236298e-01 9.738347e-01 2.096458e+00 6.363017e+00 0.000000e+00 -1.000000e+00 1.095540e-01 0.000000e+00 5.308029e+00
2.039501e-01 -1.000000e+00 0.000000e+00 -1.000000e+00 -1.000000e+00 5.500000e+02 8.148388e-07 -1.000000e+00 -1.000000e+00 6.494680e-01 0.000000e+00 -1.000000e+00 0.000000e+00 4.155795e-12 1.050000e+03 2.968055e-01 0.000000e+00 -9.990070e+05 3.000000e+00 -1.000000e+00 1.309582e-05 -1.0 0.000000e+00 0.000000e+00 -1.000000e+00 8.431940e-05 -1.000000e+00 -9.990070e+05 9.019952e-06 9.019952e-06 3.370260e-03 1.478845e-01 4.430198e-01 0.000000e+00 -1.000000e+00 2.996690e-09 0.000000e+00 3.726577e-01
1.176450e+00 -1.000000e+00 0.000000e+00 -1.000000e+00 -1.000000e+00 7.500000e+02 2.147812e-01 -1.000000e+00 -1.000000e+00 3.738705e+00 0.000000e+00 -1.000000e+00 0.000000e+00 1.266890e-03 1.050000e+03 1.709508e+00 0.000000e+00 -9.990070e+05 3.000000e+00 -1.000000e+00 7.060099e-01 -1.0 0.000000e+00 0.000000e+00 -1.000000e+00 6.783752e-01 -1.000000e+00 -9.990070e+05 5.369332e-01 5.369332e-01 9.519668e-01 8.512118e-01 2.552274e+00 0.000000e+00 -1.000000e+00 2.611722e-02 0.000000e+00 2.145872e+00
9.112896e-02 -1.000000e+00 0.000000e+00 -1.000000e+00 -1.000000e+00 1.000000e+02 2.065181e-15 -1.000000e+00 -1.000000e+00 2.865009e-01 0.000000e+00 -1.000000e+00 0.000000e+00 2.862940e-23 1.100000e+03 1.318658e-01 0.000000e+00 -9.990070e+05 3.000000e+00 -1.000000e+00 7.786306e-14 -1.0 0.000000e+00 0.000000e+00 -1.000000e+00 3.994747e-12 -1.000000e+00 -9.990070e+05 5.128385e-14 5.128385e-14 2.896356e-09 6.565623e-02 1.960928e-01 0.000000e+00 -1.000000e+00 3.985525e-19 0.000000e+00 1.657760e-01
9.236594e-02 -1.000000e+00 4.000000e+03 -1.000000e+00 -1.000000e+00 3.000000e+02 3.303027e-15 -1.000000e+00 -1.000000e+00 2.905072e-01 0.000000e+00 -1.000000e+00 1.000000e+00 5.139920e-23 1.100000e+03 1.335861e-01 1.000000e+00 -9.990070e+05 2.000000e+00 -1.000000e+00 1.214425e-13 -1.0 0.000000e+00 0.000000e+00 -1.000000e+00 6.032081e-12 -1.000000e+00 -9.990070e+05 7.997698e-14 7.997698e-14 4.130273e-09 6.659105e-02 1.989772e-01 0.000000e+00 -1.000000e+00 6.753099e-19 1.000000e+00 1.680272e-01
1.505210e-01 -1.000000e+00 4.000000e+03 -1.000000e+00 -1.000000e+00 5.000000e+02 1.659219e-09 -1.000000e+00 -1.000000e+00 4.748789e-01 0.000000e+00 -1.000000e+00 1.000000e+00 9.901224e-16 1.100000e+03 2.182373e-01 1.000000e+00 -9.990070e+05 3.000000e+00 -1.000000e+00 3.904411e-08 -1.0 0.000000e+00 0.000000e+00 -1.000000e+00 4.954226e-07 -1.000000e+00 -9.990070e+05 2.651294e-08 2.651294e-08 5.623490e-05 1.088386e-01 3.251110e-01 0.000000e+00 -1.000000e+00 2.093992e-12 0.000000e+00 2.740208e-01
5.956462e-01 -1.000000e+00 0.000000e+00 -1.000000e+00 -1.000000e+00 7.000000e+02 2.669409e-02 -1.000000e+00 -1.000000e+00 1.892835e+00 0.000000e+00 -1.000000e+00 0.000000e+00 2.487283e-05 1.100000e+03 8.655100e-01 0.000000e+00 -9.990070e+05 3.000000e+00 -1.000000e+00 1.406194e-01 -1.0 0.000000e+00 0.000000e+00 -1.000000e+00 2.235347e-01 -1.000000e+00 -9.990070e+05 1.009041e-01 1.009041e-01 7.547762e-01 4.309688e-01 1.292128e+00 0.000000e+00 -1.000000e+00 1.300132e-03 0.000000e+00 1.086769e+00
4.722608e+00 -1.000000e+00 4.000000e+03 -1.000000e+00 -1.000000e+00 9.000000e+02 4.767514e-01 -1.000000e+00 -1.000000e+00 1.549058e+01 0.000000e+00 -1.000000e+00 1.000000e+00 1.672530e-02 1.100000e+03 6.908188e+00 1.000000e+00 -9.990070e+05 3.000000e+00 -1.000000e+00 9.843026e-01 -1.0 0.000000e+00 0.000000e+00 -1.000000e+00 8.326856e-01 -1.000000e+00 -9.990070e+05 7.616488e-01 7.616488e-01 9.759894e-01 3.429506e+00 1.040276e+01 0.000000e+00 -1.000000e+00 1.375874e-01 0.000000e+00 8.676157e+00
1.081057e-01 -1.000000e+00 4.000000e+03 -1.000000e+00 -1.000000e+00 2.500000e+02 5.572495e-13 -1.000000e+00 -1.000000e+00 3.429946e-01 0.000000e+00 -1.000000e+00 1.000000e+00 3.244479e-20 1.150000e+03 1.570808e-01 1.000000e+00 -9.990070e+05 2.000000e+00 -1.000000e+00 1.804970e-11 -1.0 0.000000e+00 0.000000e+00 -1.000000e+00 5.279833e-10 -1.000000e+00 -9.990070e+05 1.203322e-11 1.203322e-11 1.882782e-07 7.825757e-02 2.343317e-01 0.000000e+00 -1.000000e+00 2.201714e-16 1.000000e+00 1.974181e-01
1.439022e-01 -1.000000e+00 4.000000e+03 -1.000000e+00 -1.000000e+00 4.500000e+02 4.973533e-10 -1.000000e+00 -1.000000e+00 4.525868e-01 0.000000e+00 -1.000000e+00 1.000000e+00 2.036094e-16 1.150000e+03 2.085501e-01 1.000000e+00 -9.990070e+05 2.000000e+00 -1.000000e+00 1.243939e-08 -1.0 0.000000e+00 0.000000e+00 -1.000000e+00 1.789836e-07 -1.000000e+00 -9.990070e+05 8.425454e-09 8.425454e-09 2.443702e-05 1.041133e-01 3.103118e-01 0.000000e+00 -1.000000e+00 5.201151e-13 1.000000e+00 2.618337e-01
1.121689e-01 -1.000000e+00 0.000000e+00 -1.000000e+00 -1.000000e+00 5.000000e+01 1.033792e-12 -1.000000e+00 -1.000000e+00 3.540113e-01 0.000000e+00 -1.000000e+00 0.000000e+00 7.112207e-20 1.150000e+03 1.627557e-01 0.000000e+00 -9.990070e+05 3.000000e+00 -1.000000e+00 3.345496e-11 -1.0 0.000000e+00 0.000000e+00 -1.000000e+00 9.015468e-10 -1.000000e+00 -9.990070e+05 2.237081e-11 2.237081e-11 2.960705e-07 8.116308e-02 2.424167e-01 0.000000e+00 -1.000000e+00 4.439403e-16 0.000000e+00 2.045151e-01
3.359935e-01 -1.000000e+00 0.000000e+00 -1.000000e+00 -1.000000e+00 6.500000e+02 5.449117e-04 -1.000000e+00 -1.000000e+00 1.079960e+00 0.000000e+00 -1.000000e+00 0.000000e+00 4.824814e-08 1.150000e+03 4.901121e-01 0.000000e+00 -9.990070e+05 3.000000e+00 -1.000000e+00 4.894266e-03 -1.0 0.000000e+00 0.000000e+00 -1.000000e+00 1.398500e-02 -1.000000e+00 -9.990070e+05 3.439165e-03 3.439165e-03 1.449352e-01 2.439385e-01 7.332822e-01 0.000000e+00 -1.000000e+00 8.286361e-06 0.000000e+00 6.156585e-01
1.488495e+00 -1.000000e+00 0.000000e+00 -1.000000e+00 -1.000000e+00 8.500000e+02 2.983918e-01 -1.000000e+00 -1.000000e+00 4.905346e+00 0.000000e+00 -1.000000e+00 0.000000e+00 2.817807e-03 1.150000e+03 2.175508e+00 0.000000e+00 -9.990070e+05 3.000000e+00 -1.000000e+00 8.677125e-01 -1.0 0.000000e+00 0.000000e+00 -1.000000e+00 7.462303e-01 -1.000000e+00 -9.990070e+05 7.089924e-01 7.089924e-01 9.630116e-01 1.082822e+00 3.277894e+00 0.000000e+00 -1.000000e+00 4.633929e-02 0.000000e+00 2.733713e+00
1.598454e-01 -1.000000e+00 4.000000e+03 -1.000000e+00 -1.000000e+00 0.000000e+00 5.596566e-09 -1.000000e+00 -1.000000e+00 5.035310e-01 0.000000e+00 -1.000000e+00 1.000000e+00 4.941687e-15 1.200000e+03 2.318141e-01 1.000000e+00 -9.990070e+05 2.000000e+00 -1.000000e+00 1.241267e-07 -1.0 0.000000e+00 0.000000e+00 -1.000000e+00 1.376434e-06 -1.000000e+00 -9.990070e+05 8.456497e-08 8.456497e-08 1.289858e-04 1.157189e-01 3.450145e-01 0.000000e+00 -1.000000e+00 8.587465e-12 1.000000e+00 2.910673e-01
1.371837e-01 -1.000000e+00 4.000000e+03 -1.000000e+00 -1.000000e+00 2.000000e+02 1.492126e-10 -1.000000e+00 -1.000000e+00 4.312334e-01 0.000000e+00 -1.000000e+00 1.000000e+00 4.235877e-17 1.200000e+03 1.988074e-01 1.000000e+00 -9.990070e+05 3.000000e+00 -1.000000e+00 4.017147e-09 -1.0 0.000000e+00 0.000000e+00 -1.000000e+00 6.438377e-08 -1.000000e+00 -9.990070e+05 2.718292e-09 2.718292e-09 1.052105e-05 9.922307e-02 2.957921e-01 0.000000e+00 -1.000000e+00 1.299912e-13 0.000000e+00 2.497022e-01
1.596937e-01 -1.000000e+00 4.000000e+03 -1.000000e+00 -1.000000e+00 4.000000e+02 4.401953e-09 -1.000000e+00 -1.000000e+00 5.009621e-01 0.000000e+00 -1.000000e+00 1.000000e+00 3.593945e-15 1.200000e+03 2.313416e-01 1.000000e+00 -9.990070e+05 2.000000e+00 -1.000000e+00 1.007348e-07 -1.0 0.000000e+00 0.000000e+00 -1.000000e+00 1.125429e-06 -1.000000e+00 -9.990070e+05 6.872096e-08 6.872096e-08 1.095814e-04 1.155441e-01 3.439351e-01 0.000000e+00 -1.000000e+00 6.495592e-12 1.000000e+00 2.905145e-01
2.389643e-01 -1.000000e+00 0.000000e+00 -1.000000e+00 -1.000000e+00 6.000000e+02 7.581201e-06 -1.000000e+00 -1.000000e+00 7.534201e-01 0.000000e+00 -1.000000e+00 0.000000e+00 9.376146e-11 1.200000e+03 3.462210e-01 0.000000e+00 -9.990070e+05 3.000000e+00 -1.000000e+00 1.049393e-04 -1.0 0.000000e+00 0.000000e+00 -1.000000e+00 5.076594e-04 -1.000000e+00 -9.990070e+05 7.293692e-05 7.293692e-05 1.326100e-02 1.726376e-01 5.158177e-01 0.000000e+00 -1.000000e+00 4.333748e-08 0.000000e+00 4.348049e-01
9.325169e-01 -1.000000e+00 0.000000e+00 -1.000000e+00 -1.000000e+00 8.000000e+02 1.320946e-01 -1.000000e+00 -1.000000e+00 3.034536e+00 0.000000e+00 -1.000000e+00 0.000000e+00 4.607274e-04 1.200000e+03 1.364697e+00 0.000000e+00 -9.990070e+05 3.000000e+00 -1.000000e+00 4.981217e-01 -1.0 0.000000e+00 0.000000e+00 -1.000000e+00 5.636966e-01 -1.000000e+00 -9.990070e+05 3.649333e-01 3.649333e-01 9.298548e-01 6.785510e-01 2.047761e+00 0.000000e+00 -1.000000e+00 1.232393e-02 0.000000e+00 1.715015e+00
1.880472e-01 -1.000000e+00 0.000000e+00 -1.000000e+00 -1.000000e+00 1.500000e+02 1.290615e-07 -1.000000e+00 -1.000000e+00 5.909536e-01 0.000000e+00 -1.000000e+00 0.000000e+00 3.333906e-13 1.250000e+03 2.726301e-01 0.000000e+00 -9.990070e+05 3.000000e+00 -1.000000e+00 2.413985e-06 -1.0 0.000000e+00 0.000000e+00 -1.000000e+00 1.867475e-05 -1.000000e+00 -9.990070e+05 1.660004e-06 1.660004e-06 1.037432e-03 1.361666e-01 4.054146e-01 0.000000e+00 -1.000000e+00 3.381949e-10 0.000000e+00 3.423209e-01
1.842123e-01 -1.000000e+00 0.000000e+00 -1.000000e+00 -1.000000e+00 3.500000e+02 8.392008e-08 -1.000000e+00 -1.000000e+00 5.784443e-01 0.000000e+00 -1.000000e+00 0.000000e+00 1.860013e-13 1.250000e+03 2.670194e-01 0.000000e+00 -9.990070e+05 3.000000e+00 -1.000000e+00 1.633627e-06 -1.0 0.000000e+00 0.000000e+00 -1.000000e+00 1.309625e-05 -1.000000e+00 -9.990070e+05 1.123745e-06 1.123745e-06 7.836937e-04 1.333400e-01 3.970288e-01 0.000000e+00 -1.000000e+00 2.037458e-10 0.000000e+00 3.353914e-01
2.336512e-01 -1.000000e+00 0.000000e+00 -1.000000e+00 -1.000000e+00 5.500000e+02 4.874851e-06 -1.000000e+00 -1.000000e+00 7.331654e-01 0.000000e+00 -1.000000e+00 0.000000e+00 5.028055e-11 1.250000e+03 3.378847e-01 0.000000e+00 -9.990070e+05 3.000000e+00 -1.000000e+00 7.062728e-05 -1.0 0.000000e+00 0.000000e+00 -1.000000e+00 3.568412e-04 -1.000000e+00 -9.990070e+05 4.908855e-05 4.908855e-05 1.016684e-02 1.683520e-01 5.024128e-01 0.000000e+00 -1.000000e+00 2.545891e-08 0.000000e+00 4.247713e-01
5.498445e-01 -1.000000e+00 0.000000e+00 -1.000000e+00 -1.000000e+00 7.500000e+02 1.778952e-02 -1.000000e+00 -1.000000e+00 1.744088e+00 0.000000e+00 -1.000000e+00 0.000000e+00 1.242651e-05 1.250000e+03 7.983633e-01 0.000000e+00 -9.990070e+05 3.000000e+00 -1.000000e+00 1.006675e-01 -1.0 0.000000e+00 0.000000e+00 -1.000000e+00 1.705786e-01 -1.000000e+00 -9.990070e+05 7.209475e-02 7.209475e-02 6.766936e-01 3.979473e-01 1.190912e+00 0.000000e+00 -1.000000e+00 7.517706e-04 0.000000e+00 1.002303e+00
2.491609e-01 -1.000000e+00 0.000000e+00 -1.000000e+00 -1.000000e+00 1.000000e+02 1.211116e-05 -1.000000e+00 -1.000000e+00 7.806793e-01 0.000000e+00 -1.000000e+00 0.000000e+00 1.822753e-10 1.300000e+03 3.601911e-01 0.000000e+00 -9.990070e+05 3.000000e+00 -1.000000e+00 1.644486e-04 -1.0 0.000000e+00 0.000000e+00 -1.000000e+00 7.366105e-04 -1.000000e+00 -9.990070e+05 1.147796e-04 1.147796e-04 1.752153e-02 1.796766e-01 5.359372e-01 0.000000e+00 -1.000000e+00 7.633778e-08 0.000000e+00 4.530040e-01
2.348191e-01 -1.000000e+00 0.000000e+00 -1.000000e+00 -1.000000e+00 3.000000e+02 5.166382e-06 -1.000000e+00 -1.000000e+00 7.362191e-01 0.000000e+00 -1.000000e+00 0.000000e+00 5.456511e-11 1.300000e+03 3.394926e-01 0.000000e+00 -9.990070e+05 3.000000e+00 -1.000000e+00 7.471053e-05 -1.0 0.000000e+00 0.000000e+00 -1.000000e+00 3.738095e-04 -1.000000e+00 -9.990070e+05 5.195489e-05 5.195489e-05 1.053017e-02 1.691499e-01 5.048640e-01 0.000000e+00 -1.000000e+00 2.730155e-08 0.000000e+00 4.268164e-01
2.442317e-01 -1.000000e+00 0.000000e+00 -1.000000e+00 -1.000000e+00 5.000000e+02 8.657420e-06 -1.000000e+00 -1.000000e+00 7.631909e-01 0.000000e+00 -1.000000e+00 0.000000e+00 1.131517e-10 1.300000e+03 3.527651e-01 0.000000e+00 -9.990070e+05 3.000000e+00 -1.000000e+00 1.201510e-04 -1.0 0.000000e+00 0.000000e+00 -1.000000e+00 5.642391e-04 -1.000000e+00 -9.990070e+05 8.369913e-05 8.369913e-05 1.435535e-02 1.760720e-01 5.244070e-01 0.000000e+00 -1.000000e+00 5.086887e-08 0.000000e+00 4.435392e-01
4.311029e-01 -1.000000e+00 0.000000e+00 -1.000000e+00 -1.000000e+00 7.000000e+02 3.845898e-03 -1.000000e+00 -1.000000e+00 1.360354e+00 0.000000e+00 -1.000000e+00 0.000000e+00 1.005636e-06 1.300000e+03 6.240589e-01 0.000000e+00 -9.990070e+05 3.000000e+00 -1.000000e+00 2.761786e-02 -1.0 0.000000e+00 0.000000e+00 -1.000000e+00 5.868630e-02 -1.000000e+00 -9.990070e+05 1.964779e-02 1.964779e-02 3.724100e-01 3.110344e-01 9.302233e-01 0.000000e+00 -1.000000e+00 1.000245e-04 0.000000e+00 7.842561e-01
1.780341e+00 -1.000000e+00 0.000000e+00 -1.000000e+00 -1.000000e+00 9.000000e+02 3.524257e-01 -1.000000e+00 -1.000000e+00 5.702521e+00 0.000000e+00 -1.000000e+00 0.000000e+00 4.595177e-03 1.300000e+03 2.600174e+00 0.000000e+00 -9.990070e+05 3.000000e+00 -1.000000e+00 9.443271e-01 -1.0 0.000000e+00 0.000000e+00 -1.000000e+00 7.777868e-01 -1.000000e+00 -9.990070e+05 8.304427e-01 8.304427e-01 9.678517e-01 1.296588e+00 3.881581e+00 0.000000e+00 -1.000000e+00 6.471677e-02 0.000000e+00 3.264650e+00
3.065801e-01 -1.000000e+00 0.000000e+00 -1.000000e+00 -1.000000e+00 2.500000e+02 1.668873e-04 -1.000000e+00 -1.000000e+00 9.621205e-01 0.000000e+00 -1.000000e+00 0.000000e+00 8.190365e-09 1.350000e+03 4.441557e-01 0.000000e+00 -9.990070e+05 3.000000e+00 -1.000000e+00 1.767966e-03 -1.0 0.000000e+00 0.000000e+00 -1.000000e+00 5.701132e-03 -1.000000e+00 -9.990070e+05 1.244724e-03 1.244724e-03 7.764895e-02 2.217734e-01 6.604472e-01 0.000000e+00 -1.000000e+00 1.893290e-06 0.000000e+00 5.578722e-01
3.139390e-01 -1.000000e+00 0.000000e+00 -1.000000e+00 -1.000000e+00 4.500000e+02 2.162554e-04 -1.000000e+00 -1.000000e+00 9.850690e-01 0.000000e+00 -1.000000e+00 0.000000e+00 1.203505e-08 1.350000e+03 4.548078e-01 0.000000e+00 -9.990070e+05 3.000000e+00 -1.000000e+00 2.227748e-03 -1.0 0.000000e+00 0.000000e+00 -1.000000e+00 6.950033e-03 -1.000000e+00 -9.990070e+05 1.569732e-03 1.569732e-03 8.927593e-02 2.271119e-01 6.762367e-01 0.000000e+00 -1.000000e+00 2.611455e-06 0.000000e+00 5.712014e-01
3.180443e-01 -1.000000e+00 0.000000e+00 -1.000000e+00 -1.000000e+00 5.000000e+01 2.513585e-04 -1.000000e+00 -1.000000e+00 9.989550e-01 0.000000e+00 -1.000000e+00 0.000000e+00 1.506059e-08 1.350000e+03 4.610068e-01 0.000000e+00 -9.990070e+05 3.000000e+00 -1.000000e+00 2.552969e-03 -1.0 0.000000e+00 0.000000e+00 -1.000000e+00 7.793861e-03 -1.000000e+00 -9.990070e+05 1.800482e-03 1.800482e-03 9.673900e-02 2.301677e-01 6.855741e-01 0.000000e+00 -1.000000e+00 3.148727e-06 0.000000e+00 5.791564e-01
4.022118e-01 -1.000000e+00 0.000000e+00 -1.000000e+00 -1.000000e+00 6.500000e+02 2.224521e-03 -1.000000e+00 -1.000000e+00 1.263668e+00 0.000000e+00 -1.000000e+00 0.000000e+00 4.225793e-07 1.350000e+03 5.817244e-01 0.000000e+00 -9.990070e+05 3.000000e+00 -1.000000e+00 1.730052e-02 -1.0 0.000000e+00 0.000000e+00 -1.000000e+00 3.954262e-02 -1.000000e+00 -9.990070e+05 1.229202e-02 1.229202e-02 2.896684e-01 2.901030e-01 8.661460e-01 0.000000e+00 -1.000000e+00 4.939008e-05 0.000000e+00 7.313736e-01
9.610108e-01 -1.000000e+00 0.000000e+00 -1.000000e+00 -1.000000e+00 8.500000e+02 1.414413e-01 -1.000000e+00 -1.000000e+00 3.040281e+00 0.000000e+00 -1.000000e+00 0.000000e+00 5.276833e-04 1.350000e+03 1.396636e+00 0.000000e+00 -9.990070e+05 3.000000e+00 -1.000000e+00 5.259217e-01 -1.0 0.000000e+00 0.000000e+00 -1.000000e+00 5.806152e-01 -1.000000e+00 -9.990070e+05 3.871352e-01 3.871352e-01 9.335081e-01 6.971728e-01 2.079735e+00 0.000000e+00 -1.000000e+00 1.364554e-02 0.000000e+00 1.753410e+00
4.265694e-01 -1.000000e+00 0.000000e+00 -1.000000e+00 -1.000000e+00 0.000000e+00 3.465648e-03 -1.000000e+00 -1.000000e+00 1.337156e+00 0.000000e+00 -1.000000e+00 0.000000e+00 8.518376e-07 1.400000e+03 6.168077e-01 0.000000e+00 -9.990070e+05 3.000000e+00 -1.000000e+00 2.546391e-02 -1.0 0.000000e+00 0.000000e+00 -1.000000e+00 5.446713e-02 -1.000000e+00 -9.990070e+05 1.813999e-02 1.813999e-02 3.553796e-01 3.077199e-01 9.177783e-01 0.000000e+00 -1.000000e+00 8.741673e-05 0.000000e+00 7.754242e-01
4.058476e-01 -1.000000e+00 0.000000e+00 -1.000000e+00 -1.000000e+00 2.000000e+02 2.360014e-03 -1.000000e+00 -1.000000e+00 1.271958e+00 0.000000e+00 -1.000000e+00 0.000000e+00 4.637470e-07 1.400000e+03 5.866839e-01 0.000000e+00 -9.990070e+05 3.000000e+00 -1.000000e+00 1.830035e-02 -1.0 0.000000e+00 0.000000e+00 -1.000000e+00 4.127709e-02 -1.000000e+00 -9.990070e+05 1.301889e-02 1.301889e-02 2.978066e-01 2.925075e-01 8.728396e-01 0.000000e+00 -1.000000e+00 5.328392e-05 0.000000e+00 7.380160e-01
3.779690e-01 -1.000000e+00 0.000000e+00 -1.000000e+00 -1.000000e+00 4.000000e+02 1.335278e-03 -1.000000e+00 -1.000000e+00 1.188485e+00 0.000000e+00 -1.000000e+00 0.000000e+00 1.905912e-07 1.400000e+03 5.467026e-01 0.000000e+00 -9.990070e+05 3.000000e+00 -1.000000e+00 1.112755e-02 -1.0 0.000000e+00 0.000000e+00 -1.000000e+00 2.722421e-02 -1.000000e+00 -9.990070e+05 7.894251e-03 7.894251e-03 2.269009e-01 2.724637e-01 8.142454e-01 0.000000e+00 -1.000000e+00 2.573130e-05 0.000000e+00 6.880083e-01
4.454314e-01 -1.000000e+00 0.000000e+00 -1.000000e+00 -1.000000e+00 6.000000e+02 4.722571e-03 -1.000000e+00 -1.000000e+00 1.395110e+00 0.000000e+00 -1.000000e+00 0.000000e+00 1.397420e-06 1.400000e+03 6.439803e-01 0.000000e+00 -9.990070e+05 3.000000e+00 -1.000000e+00 3.320766e-02 -1.0 0.000000e+00 0.000000e+00 -1.000000e+00 6.794384e-02 -1.000000e+00 -9.990070e+05 2.368915e-02 2.368915e-02 4.078032e-01 3.213804e-01 9.579046e-01 0.000000e+00 -1.000000e+00 1.305746e-04 0.000000e+00 8.093438e-01
7.213403e-01 -1.000000e+00 0.000000e+00 -1.000000e+00 -1.000000e+00 8.000000e+02 5.905814e-02 -1.000000e+00 -1.000000e+00 2.273287e+00 0.000000e+00 -1.000000e+00 0.000000e+00 1.012569e-04 1.400000e+03 1.046515e+00 0.000000e+00 -9.990070e+05 3.000000e+00 -1.000000e+00 2.686133e-01 -1.0 0.000000e+00 0.000000e+00 -1.000000e+00 3.689064e-01 -1.000000e+00 -9.990070e+05 1.941713e-01 1.941713e-01 8.671125e-01 5.223878e-01 1.557641e+00 0.000000e+00 -1.000000e+00 3.882380e-03 0.000000e+00 1.313857e+00
5.287352e-01 -1.000000e+00 0.000000e+00 -1.000000e+00 -1.000000e+00 1.500000e+02 1.406161e-02 -1.000000e+00 -1.000000e+00 1.659463e+00 0.000000e+00 -1.000000e+00 0.000000e+00 8.362598e-06 1.450000e+03 7.655619e-01 0.000000e+00 -9.990070e+05 3.000000e+00 -1.000000e+00 8.363183e-02 -1.0 0.000000e+00 0.000000e+00 -1.000000e+00 1.454275e-01 -1.000000e+00 -9.990070e+05 5.998886e-02 5.998886e-02 6.275904e-01 3.820355e-01 1.138884e+00 0.000000e+00 -1.000000e+00 5.488976e-04 0.000000e+00 9.617444e-01
4.788588e-01 -1.000000e+00 0.000000e+00 -1.000000e+00 -1.000000e+00 3.500000e+02 7.719129e-03 -1.000000e+00 -1.000000e+00 1.501423e+00 0.000000e+00 -1.000000e+00 0.000000e+00 3.099490e-06 1.450000e+03 6.928153e-01 0.000000e+00 -9.990070e+05 3.000000e+00 -1.000000e+00 5.044588e-02 -1.0 0.000000e+00 0.000000e+00 -1.000000e+00 9.608338e-02 -1.000000e+00 -9.990070e+05 3.606700e-02 3.606700e-02 5.016326e-01 3.457712e-01 1.030595e+00 0.000000e+00 -1.000000e+00 2.481959e-04 0.000000e+00 8.701766e-01
5.164842e-01 -1.000000e+00 0.000000e+00 -1.000000e+00 -1.000000e+00 5.500000e+02 1.226438e-02 -1.000000e+00 -1.000000e+00 1.619697e+00 0.000000e+00 -1.000000e+00 0.000000e+00 6.654699e-06 1.450000e+03 7.475903e-01 0.000000e+00 -9.990070e+05 3.000000e+00 -1.000000e+00 7.453782e-02 -1.0 0.000000e+00 0.000000e+00 -1.000000e+00 1.324347e-01 -1.000000e+00 -9.990070e+05 5.341782e-02 5.341782e-02 5.985229e-01 3.731644e-01 1.111895e+00 0.000000e+00 -1.000000e+00 4.575620e-04 0.000000e+00 9.389019e-01
6.656436e-01 -1.000000e+00 4.000000e+03 -1.000000e+00 -1.000000e+00 7.500000e+02 4.314471e-02 -1.000000e+00 -1.000000e+00 2.098954e+00 0.000000e+00 -1.000000e+00 1.000000e+00 5.764709e-05 1.450000e+03 9.656003e-01 1.000000e+00 -9.990070e+05 2.000000e+00 -1.000000e+00 2.090528e-01 -1.0 0.000000e+00 0.000000e+00 -1.000000e+00 3.044343e-01 -1.000000e+00 -9.990070e+05 1.507518e-01 1.507518e-01 8.296048e-01 4.820108e-01 1.437463e+00 0.000000e+00 -1.000000e+00 2.509102e-03 1.000000e+00 1.212371e+00
7.089797e-01 -1.000000e+00 0.000000e+00 -1.000000e+00 -1.000000e+00 0.000000e+00 5.523928e-02 -1.000000e+00 -1.000000e+00 2.226904e+00 0.000000e+00 -1.000000e+00 0.000000e+00 8.972048e-05 1.500000e+03 1.027757e+00 0.000000e+00 -9.990070e+05 3.000000e+00 -1.000000e+00 2.555989e-01 -1.0 0.000000e+00 0.000000e+00 -1.000000e+00 3.544315e-01 -1.000000e+00 -9.990070e+05 1.848784e-01 1.848784e-01 8.598448e-01 5.131345e-01 1.528353e+00 0.000000e+00 -1.000000e+00 3.536038e-03 0.000000e+00 1.291206e+00
6.744606e-01 -1.000000e+00 4.000000e+03 -1.000000e+00 -1.000000e+00 1.000000e+02 4.545958e-02 -1.000000e+00 -1.000000e+00 2.120428e+00 0.000000e+00 -1.000000e+00 1.000000e+00 6.326282e-05 1.500000e+03 9.778850e-01 1.000000e+00 -9.990070e+05 2.000000e+00 -1.000000e+00 2.187628e-01 -1.0 0.000000e+00 0.000000e+00 -1.000000e+00 3.145350e-01 -1.000000e+00 -9.990070e+05 1.579911e-01 1.579911e-01 8.364582e-01 4.880610e-01 1.454700e+00 0.000000e+00 -1.000000e+00 2.697147e-03 1.000000e+00 1.228755e+00
6.223344e-01 -1.000000e+00 0.000000e+00 -1.000000e+00 -1.000000e+00 3.000000e+02 3.210459e-02 -1.000000e+00 -1.000000e+00 1.953333e+00 0.000000e+00 -1.000000e+00 0.000000e+00 3.426676e-05 1.500000e+03 9.015419e-01 0.000000e+00 -9.990070e+05 3.000000e+00 -1.000000e+00 1.651394e-01 -1.0 0.000000e+00 0.000000e+00 -1.000000e+00 2.521412e-01 -1.000000e+00 -9.990070e+05 1.189842e-01 1.189842e-01 7.860522e-01 4.500562e-01 1.340763e+00 0.000000e+00 -1.000000e+00 1.671782e-03 0.000000e+00 1.132480e+00
6.491385e-01 -1.000000e+00 4.000000e+03 -1.000000e+00 -1.000000e+00 5.000000e+02 3.873749e-02 -1.000000e+00 -1.000000e+00 2.040529e+00 0.000000e+00 -1.000000e+00 1.000000e+00 4.763861e-05 1.500000e+03 9.409469e-01 1.000000e+00 -9.990070e+05 3.000000e+00 -1.000000e+00 1.922097e-01 -1.0 0.000000e+00 0.000000e+00 -1.000000e+00 2.844229e-01 -1.000000e+00 -9.990070e+05 1.386339e-01 1.386339e-01 8.146751e-01 4.696543e-01 1.399776e+00 0.000000e+00 -1.000000e+00 2.162764e-03 0.000000e+00 1.182086e+00
7.463702e-01 -1.000000e+00 0.000000e+00 -1.000000e+00 -1.000000e+00 7.000000e+02 6.668985e-02 -1.000000e+00 -1.000000e+00 2.345590e+00 0.000000e+00 -1.000000e+00 0.000000e+00 1.263578e-04 1.500000e+03 1.082177e+00 0.000000e+00 -9.990070e+05 3.000000e+00 -1.000000e+00 2.963114e-01 -1.0 0.000000e+00 0.000000e+00 -1.000000e+00 3.961792e-01 -1.000000e+00 -9.990070e+05 2.146150e-01 2.146150e-01 8.793956e-01 5.404157e-01 1.609323e+00 0.000000e+00 -1.000000e+00 4.604743e-03 0.000000e+00 1.359031e+00
1.257755e+00 -1.000000e+00 0.000000e+00 -1.000000e+00 -1.000000e+00 9.000000e+02 2.395250e-01 -1.000000e+00 -1.000000e+00 3.980593e+00 0.000000e+00 -1.000000e+00 0.000000e+00 1.625292e-03 1.500000e+03 1.823808e+00 0.000000e+00 -9.990070e+05 3.000000e+00 -1.000000e+00 7.600381e-01 -1.0 0.000000e+00 0.000000e+00 -1.000000e+00 7.017964e-01 -1.000000e+00 -9.990070e+05 5.886791e-01 5.886791e-01 9.558984e-01 9.090205e-01 2.720176e+00 0.000000e+00 -1.000000e+00 3.130751e-02 0.000000e+00 2.289534e+00
8.228720e-01 -1.000000e+00 0.000000e+00 -1.000000e+00 -1.000000e+00 2.500000e+02 9.202691e-02 -1.000000e+00 -1.000000e+00 2.584784e+00 0.000000e+00 -1.000000e+00 0.000000e+00 2.297326e-04 1.550000e+03 1.193054e+00 0.000000e+00 -9.990070e+05 3.000000e+00 -1.000000e+00 3.809742e-01 -1.0 0.000000e+00 0.000000e+00 -1.000000e+00 4.733167e-01 -1.000000e+00 -9.990070e+05 2.772061e-01 2.772061e-01 9.067034e-01 5.957837e-01 1.773957e+00 0.000000e+00 -1.000000e+00 7.277310e-03 0.000000e+00 1.498470e+00
8.377029e-01 -1.000000e+00 0.000000e+00 -1.000000e+00 -1.000000e+00 4.500000e+02 9.732972e-02 -1.000000e+00 -1.000000e+00 2.638801e+00 0.000000e+00 -1.000000e+00 0.000000e+00 2.553929e-04 1.550000e+03 1.215845e+00 0.000000e+00 -9.990070e+05 3.000000e+00 -1.000000e+00 3.976672e-01 -1.0 0.000000e+00 0.000000e+00 -1.000000e+00 4.872384e-01 -1.000000e+00 -9.990070e+05 2.896391e-01 2.896391e-01 9.107612e-01 6.069119e-01 1.809032e+00 0.000000e+00 -1.000000e+00 7.888090e-03 0.000000e+00 1.527565e+00
9.005366e-01 -1.000000e+00 0.000000e+00 -1.000000e+00 -1.000000e+00 5.000000e+01 1.194926e-01 -1.000000e+00 -1.000000e+00 2.831224e+00 0.000000e+00 -1.000000e+00 0.000000e+00 3.785876e-04 1.550000e+03 1.306448e+00 0.000000e+00 -9.990070e+05 3.000000e+00 -1.000000e+00 4.647517e-01 -1.0 0.000000e+00 0.000000e+00 -1.000000e+00 5.386517e-01 -1.000000e+00 -9.990070e+05 3.402520e-01 3.402520e-01 9.241109e-01 6.524839e-01 1.942564e+00 0.000000e+00 -1.000000e+00 1.062928e-02 0.000000e+00 1.640953e+00
8.755116e-01 -1.000000e+00 0.000000e+00 -1.000000e+00 -1.000000e+00 6.500000e+02 1.105454e-01 -1.000000e+00 -1.000000e+00 2.753571e+00 0.000000e+00 -1.000000e+00 0.000000e+00 3.256854e-04 1.550000e+03 1.270038e+00 0.000000e+00 -9.990070e+05 3.000000e+00 -1.000000e+00 4.380088e-01 -1.0 0.000000e+00 0.000000e+00 -1.000000e+00 5.191206e-01 -1.000000e+00 -9.990070e+05 3.198875e-01 3.198875e-01 9.193118e-01 6.342509e-01 1.888794e+00 0.000000e+00 -1.000000e+00 9.486104e-03 0.000000e+00 1.594883e+00
1.162221e+00 -1.000000e+00 0.000000e+00 -1.000000e+00 -1.000000e+00 8.500000e+02 2.099935e-01 -1.000000e+00 -1.000000e+00 3.649117e+00 0.000000e+00 -1.000000e+00 0.000000e+00 1.204985e-03 1.550000e+03 1.681367e+00 0.000000e+00 -9.990070e+05 3.000000e+00 -1.000000e+00 6.971817e-01 -1.0 0.000000e+00 0.000000e+00 -1.000000e+00 6.734153e-01 -1.000000e+00 -9.990070e+05 5.297400e-01 5.297400e-01 9.511149e-01 8.386407e-01 2.502863e+00 0.000000e+00 -1.000000e+00 2.517688e-02 0.000000e+00 2.112616e+00
1.150150e+00 -1.000000e+00 0.000000e+00 -1.000000e+00 -1.000000e+00 0.000000e+00 2.060305e-01 -1.000000e+00 -1.000000e+00 3.608929e+00 0.000000e+00 -1.000000e+00 0.000000e+00 1.155413e-03 1.600000e+03 1.663603e+00 0.000000e+00 -9.990070e+05 3.000000e+00 -1.000000e+00 6.885613e-01 -1.0 0.000000e+00 0.000000e+00 -1.000000e+00 6.691924e-01 -1.000000e+00 -9.990070e+05 5.221602e-01 5.221602e-01 9.503839e-01 8.295796e-01 2.476255e+00 0.000000e+00 -1.000000e+00 2.441326e-02 0.000000e+00 2.092173e+00
1.100047e+00 -1.000000e+00 0.000000e+00 -1.000000e+00 -1.000000e+00 2.000000e+02 1.892642e-01 -1.000000e+00 -1.000000e+00 3.450220e+00 0.000000e+00 -1.000000e+00 0.000000e+00 9.613788e-04 1.600000e+03 1.590746e+00 0.000000e+00 -9.990070e+05 3.000000e+00 -1.000000e+00 6.494649e-01 -1.0 0.000000e+00 0.000000e+00 -1.000000e+00 6.500381e-01 -1.000000e+00 -9.990070e+05 4.880619e-01 4.880619e-01 9.469972e-01 7.923178e-01 2.366011e+00 0.000000e+00 -1.000000e+00 2.132381e-02 0.000000e+00 2.000776e+00
1.076517e+00 -1.000000e+00 0.000000e+00 -1.000000e+00 -1.000000e+00 4.000000e+02 1.811542e-01 -1.000000e+00 -1.000000e+00 3.376151e+00 0.000000e+00 -1.000000e+00 0.000000e+00 8.760271e-04 1.600000e+03 1.557116e+00 0.000000e+00 -9.990070e+05 3.000000e+00 -1.000000e+00 6.298674e-01 -1.0 0.000000e+00 0.000000e+00 -1.000000e+00 6.399447e-01 -1.000000e+00 -9.990070e+05 4.714735e-01 4.714735e-01 9.451621e-01 7.758475e-01 2.313851e+00 0.000000e+00 -1.000000e+00 1.990765e-02 0.000000e+00 1.958060e+00
1.060521e+00 -1.000000e+00 0.000000e+00 -1.000000e+00 -1.000000e+00 6.000000e+02 1.756375e-01 -1.000000e+00 -1.000000e+00 3.334206e+00 0.000000e+00 -1.000000e+00 0.000000e+00 8.209210e-04 1.600000e+03 1.534726e+00 0.000000e+00 -9.990070e+05 3.000000e+00 -1.000000e+00 6.162003e-01 -1.0 0.000000e+00 0.000000e+00 -1.000000e+00 6.327350e-01 -1.000000e+00 -9.990070e+05 4.600468e-01 4.600468e-01 9.438281e-01 7.639870e-01 2.282222e+00 0.000000e+00 -1.000000e+00 1.897214e-02 0.000000e+00 1.930540e+00
1.280961e+00 -1.000000e+00 0.000000e+00 -1.000000e+00 -1.000000e+00 8.000000e+02 2.461167e-01 -1.000000e+00 -1.000000e+00 4.018679e+00 0.000000e+00 -1.000000e+00 0.000000e+00 1.732791e-03 1.600000e+03 1.852480e+00 0.000000e+00 -9.990070e+05 3.000000e+00 -1.000000e+00 7.740399e-01 -1.0 0.000000e+00 0.000000e+00 -1.000000e+00 7.074817e-01 -1.000000e+00 -9.990070e+05 6.030283e-01 6.030283e-01 9.568320e-01 9.239973e-01 2.757200e+00 0.000000e+00 -1.000000e+00 3.279044e-02 0.000000e+00 2.328449e+00
1.418473e+00 -1.000000e+00 0.000000e+00 -1.000000e+00 -1.000000e+00 1.500000e+02 2.823484e-01 -1.000000e+00 -1.000000e+00 4.456094e+00 0.000000e+00 -1.000000e+00 0.000000e+00 2.434465e-03 1.650000e+03 2.052855e+00 0.000000e+00 -9.990070e+05 3.000000e+00 -1.000000e+00 8.420735e-01 -1.0 0.000000e+00 0.000000e+00 -1.000000e+00 7.353832e-01 -1.000000e+00 -9.990070e+05 6.777791e-01 6.777791e-01 9.613111e-01 1.023513e+00 3.056323e+00 0.000000e+00 -1.000000e+00 4.180983e-02 0.000000e+00 2.581382e+00
1.399871e+00 -1.000000e+00 0.000000e+00 -1.000000e+00 -1.000000e+00 3.500000e+02 2.778184e-01 -1.000000e+00 -1.000000e+00 4.394091e+00 0.000000e+00 -1.000000e+00 0.000000e+00 2.335163e-03 1.650000e+03 2.025340e+00 0.000000e+00 -9.990070e+05 3.000000e+00 -1.000000e+00 8.340782e-01 -1.0 0.000000e+00 0.000000e+00 -1.000000e+00 7.321691e-01 -1.000000e+00 -9.990070e+05 6.683014e-01 6.683014e-01 9.608031e-01 1.009991e+00 3.014709e+00 0.000000e+00 -1.000000e+00 4.059475e-02 0.000000e+00 2.546503e+00
1.375098e+00 -1.000000e+00 0.000000e+00 -1.000000e+00 -1.000000e+00 5.500000e+02 2.716010e-01 -1.000000e+00 -1.000000e+00 4.314916e+00 0.000000e+00 -1.000000e+00 0.000000e+00 2.204709e-03 1.650000e+03 1.989156e+00 0.000000e+00 -9.990070e+05 3.000000e+00 -1.000000e+00 8.228500e-01 -1.0 0.000000e+00 0.000000e+00 -1.000000e+00 7.276401e-01 -1.000000e+00 -9.990070e+05 6.553442e-01 6.553442e-01 9.600840e-01 9.920764e-01 2.960596e+00 0.000000e+00 -1.000000e+00 3.897007e-02 0.000000e+00 2.500616e+00
1.437679e+00 -1.000000e+00 0.000000e+00 -1.000000e+00 -1.000000e+00 7.500000e+02 2.869922e-01 -1.000000e+00 -1.000000e+00 4.515254e+00 0.000000e+00 -1.000000e+00 0.000000e+00 2.540185e-03 1.650000e+03 2.079702e+00 0.000000e+00 -9.990070e+05 3.000000e+00 -1.000000e+00 8.499023e-01 -1.0 0.000000e+00 0.000000e+00 -1.000000e+00 7.386065e-01 -1.000000e+00 -9.990070e+05 6.871663e-01 6.871663e-01 9.618186e-01 1.037238e+00 3.096213e+00 0.000000e+00 -1.000000e+00 4.308385e-02 0.000000e+00 2.613462e+00
1.852199e+00 -1.000000e+00 0.000000e+00 -1.000000e+00 -1.000000e+00 1.000000e+02 3.623110e-01 -1.000000e+00 -1.000000e+00 5.832066e+00 0.000000e+00 -1.000000e+00 0.000000e+00 5.032157e-03 1.700000e+03 2.689697e+00 0.000000e+00 -9.990070e+05 3.000000e+00 -1.000000e+00 9.561305e-01 -1.0 0.000000e+00 0.000000e+00 -1.000000e+00 7.828989e-01 -1.000000e+00 -9.990070e+05 8.558944e-01 8.558944e-01 9.686228e-01 1.343291e+00 3.999798e+00 0.000000e+00 -1.000000e+00 6.871333e-02 0.000000e+00 3.378385e+00
1.785473e+00 -1.000000e+00 0.000000e+00 -1.000000e+00 -1.000000e+00 3.000000e+02 3.529518e-01 -1.000000e+00 -1.000000e+00 5.624560e+00 0.000000e+00 -1.000000e+00 0.000000e+00 4.617348e-03 1.700000e+03 2.593487e+00 0.000000e+00 -9.990070e+05 3.000000e+00 -1.000000e+00 9.455084e-01 -1.0 0.000000e+00 0.000000e+00 -1.000000e+00 7.780632e-01 -1.000000e+00 -9.990070e+05 8.332344e-01 8.332344e-01 9.678935e-01 1.295134e+00 3.857035e+00 0.000000e+00 -1.000000e+00 6.492382e-02 0.000000e+00 3.258096e+00
1.817068e+00 -1.000000e+00 0.000000e+00 -1.000000e+00 -1.000000e+00 5.000000e+02 3.575221e-01 -1.000000e+00 -1.000000e+00 5.720290e+00 0.000000e+00 -1.000000e+00 0.000000e+00 4.814973e-03 1.700000e+03 2.638473e+00 0.000000e+00 -9.990070e+05 3.000000e+00 -1.000000e+00 9.507721e-01 -1.0 0.000000e+00 0.000000e+00 -1.000000e+00 7.804439e-01 -1.000000e+00 -9.990070e+05 8.441547e-01 8.441547e-01 9.682529e-01 1.317882e+00 3.923327e+00 0.000000e+00 -1.000000e+00 6.674892e-02 0.000000e+00 3.313645e+00
1.827233e+00 -1.000000e+00 0.000000e+00 -1.000000e+00 -1.000000e+00 7.000000e+02 3.588981e-01 -1.000000e+00 -1.000000e+00 5.755072e+00 0.000000e+00 -1.000000e+00 0.000000e+00 4.876291e-03 1.700000e+03 2.653866e+00 0.000000e+00 -9.990070e+05 3.000000e+00 -1.000000e+00 9.523657e-01 -1.0 0.000000e+00 0.000000e+00 -1.000000e+00 7.811534e-01 -1.000000e+00 -9.990070e+05 8.476040e-01 8.476040e-01 9.683599e-01 1.325287e+00 3.946749e+00 0.000000e+00 -1.000000e+00 6.730783e-02 0.000000e+00 3.333877e+00
2.030794e+00 -1.000000e+00 0.000000e+00 -1.000000e+00 -1.000000e+00 9.000000e+02 3.836268e-01 -1.000000e+00 -1.000000e+00 6.393522e+00 0.000000e+00 -1.000000e+00 0.000000e+00 6.144011e-03 1.700000e+03 2.948263e+00 0.000000e+00 -9.990070e+05 3.000000e+00 -1.000000e+00 9.771996e-01 -1.0 0.000000e+00 0.000000e+00 -1.000000e+00 7.933742e-01 -1.000000e+00 -9.990070e+05 9.100178e-01 9.100178e-01 9.701931e-01 1.472466e+00 4.384573e+00 0.000000e+00 -1.000000e+00 7.815542e-02 0.000000e+00 3.702199e+00
2.243008e+00 -1.000000e+00 0.000000e+00 -1.000000e+00 -1.000000e+00 2.500000e+02 4.031416e-01 -1.000000e+00 -1.000000e+00 7.063196e+00 0.000000e+00 -1.000000e+00 0.000000e+00 7.422912e-03 1.750000e+03 3.254834e+00 0.000000e+00 -9.990070e+05 3.000000e+00 -1.000000e+00 9.925278e-01 -1.0 0.000000e+00 0.000000e+00 -1.000000e+00 8.023902e-01 -1.000000e+00 -9.990070e+05 9.638489e-01 9.638489e-01 9.715350e-01 1.624350e+00 4.842955e+00 0.000000e+00 -1.000000e+00 8.792276e-02 0.000000e+00 4.089403e+00
2.168035e+00 -1.000000e+00 0.000000e+00 -1.000000e+00 -1.000000e+00 4.500000e+02 3.968367e-01 -1.000000e+00 -1.000000e+00 6.837821e+00 0.000000e+00 -1.000000e+00 0.000000e+00 6.977396e-03 1.750000e+03 3.149045e+00 0.000000e+00 -9.990070e+05 3.000000e+00 -1.000000e+00 9.880177e-01 -1.0 0.000000e+00 0.000000e+00 -1.000000e+00 7.995320e-01 -1.000000e+00 -9.990070e+05 9.459632e-01 9.459632e-01 9.711106e-01 1.571747e+00 4.685907e+00 0.000000e+00 -1.000000e+00 8.463929e-02 0.000000e+00 3.956520e+00
2.426220e+00 -1.000000e+00 0.000000e+00 -1.000000e+00 -1.000000e+00 5.000000e+01 4.163066e-01 -1.000000e+00 -1.000000e+00 7.620962e+00 0.000000e+00 -1.000000e+00 0.000000e+00 8.471691e-03 1.750000e+03 3.510754e+00 0.000000e+00 -9.990070e+05 3.000000e+00 -1.000000e+00 9.996806e-01 -1.0 0.000000e+00 0.000000e+00 -1.000000e+00 8.082033e-01 -1.000000e+00 -9.990070e+05 9.981868e-01 9.981868e-01 9.723959e-01 1.750346e+00 5.227014e+00 0.000000e+00 -1.000000e+00 9.520497e-02 0.000000e+00 4.414075e+00
2.235561e+00 -1.000000e+00 0.000000e+00 -1.000000e+00 -1.000000e+00 6.500000e+02 4.025823e-01 -1.000000e+00 -1.000000e+00 7.032814e+00 0.000000e+00 -1.000000e+00 0.000000e+00 7.382016e-03 1.750000e+03 3.242585e+00 0.000000e+00 -9.990070e+05 3.000000e+00 -1.000000e+00 9.921276e-01 -1.0 0.000000e+00 0.000000e+00 -1.000000e+00 8.021386e-01 -1.000000e+00 -9.990070e+05 9.621589e-01 9.621589e-01 9.714977e-01 1.618674e+00 4.823588e+00 0.000000e+00 -1.000000e+00 8.762633e-02 0.000000e+00 4.072518e+00
2.465315e+00 -1.000000e+00 4.000000e+03 -1.000000e+00 -1.000000e+00 8.500000e+02 4.188291e-01 -1.000000e+00 -1.000000e+00 7.750196e+00 0.000000e+00 -1.000000e+00 1.000000e+00 8.693305e-03 1.750000e+03 3.565346e+00 1.000000e+00 -9.990070e+05 3.000000e+00 -1.000000e+00 9.982375e-01 -1.0 0.000000e+00 0.000000e+00 -1.000000e+00 8.092945e-01 -1.000000e+00 -9.990070e+05 9.897831e-01 9.897831e-01 9.725572e-01 1.777295e+00 5.309978e+00 0.000000e+00 -1.000000e+00 9.666970e-02 0.000000e+00 4.483443e+00
3.167737e+00 -1.000000e+00 0.000000e+00 -1.000000e+00 -1.000000e+00 0.000000e+00 4.498886e-01 -1.000000e+00 -1.000000e+00 9.961962e+00 0.000000e+00 -1.000000e+00 0.000000e+00 1.214341e-02 1.800000e+03 4.586487e+00 0.000000e+00 -9.990070e+05 3.000000e+00 -1.000000e+00 9.857318e-01 -1.0 0.000000e+00 0.000000e+00 -1.000000e+00 8.222017e-01 -1.000000e+00 -9.990070e+05 8.824319e-01 8.824319e-01 9.744565e-01 2.286887e+00 6.829397e+00 0.000000e+00 -1.000000e+00 1.167465e-01 0.000000e+00 5.762812e+00
2.941105e+00 -1.000000e+00 0.000000e+00 -1.000000e+00 -1.000000e+00 2.000000e+02 4.420268e-01 -1.000000e+00 -1.000000e+00 9.260525e+00 0.000000e+00 -1.000000e+00 0.000000e+00 1.112305e-02 1.800000e+03 4.256002e+00 0.000000e+00 -9.990070e+05 3.000000e+00 -1.000000e+00 9.880715e-01 -1.0 0.000000e+00 0.000000e+00 -1.000000e+00 8.190213e-01 -1.000000e+00 -9.990070e+05 9.118633e-01 9.118633e-01 9.739898e-01 2.119510e+00 6.340515e+00 0.000000e+00 -1.000000e+00 1.112864e-01 0.000000e+00 5.356126e+00
2.878101e+00 -1.000000e+00 4.000000e+03 -1.000000e+00 -1.000000e+00 4.000000e+02 4.395949e-01 -1.000000e+00 -1.000000e+00 9.045709e+00 0.000000e+00 -1.000000e+00 1.000000e+00 1.083024e-02 1.800000e+03 4.163706e+00 1.000000e+00 -9.990070e+05 3.000000e+00 -1.000000e+00 9.889236e-01 -1.0 0.000000e+00 0.000000e+00 -1.000000e+00 8.180262e-01 -1.000000e+00 -9.990070e+05 9.206032e-01 9.206032e-01 9.738436e-01 2.073190e+00 6.197433e+00 0.000000e+00 -1.000000e+00 1.096518e-01 0.000000e+00 5.237916e+00
2.833660e+00 -1.000000e+00 4.000000e+03 -1.000000e+00 -1.000000e+00 6.000000e+02 4.377851e-01 -1.000000e+00 -1.000000e+00 8.899043e+00 0.000000e+00 -1.000000e+00 1.000000e+00 1.061881e-02 1.800000e+03 4.098902e+00 1.000000e+00 -9.990070e+05 3.000000e+00 -1.000000e+00 9.895960e-01 -1.0 0.000000e+00 0.000000e+00 -1.000000e+00 8.172822e-01 -1.000000e+00 -9.990070e+05 9.270208e-01 9.270208e-01 9.737342e-01 2.040546e+00 6.097937e+00 0.000000e+00 -1.000000e+00 1.084515e-01 0.000000e+00 5.154705e+00
2.969403e+00 -1.000000e+00 0.000000e+00 -1.000000e+00 -1.000000e+00 8.000000e+02 4.431031e-01 -1.000000e+00 -1.000000e+00 9.358906e+00 0.000000e+00 -1.000000e+00 0.000000e+00 1.125594e-02 1.800000e+03 4.297276e+00 0.000000e+00 -9.990070e+05 3.000000e+00 -1.000000e+00 9.877232e-01 -1.0 0.000000e+00 0.000000e+00 -1.000000e+00 8.194600e-01 -1.000000e+00 -9.990070e+05 9.080158e-01 9.080158e-01 9.740542e-01 2.140261e+00 6.404250e+00 0.000000e+00 -1.000000e+00 1.120180e-01 0.000000e+00 5.407189e+00
3.668910e+00 -1.000000e+00 4.000000e+03 -1.000000e+00 -1.000000e+00 1.500000e+02 4.622795e-01 -1.000000e+00 -1.000000e+00 1.153122e+01 0.000000e+00 -1.000000e+00 1.000000e+00 1.401708e-02 1.850000e+03 5.307840e+00 1.000000e+00 -9.990070e+05 3.000000e+00 -1.000000e+00 9.835574e-01 -1.0 0.000000e+00 0.000000e+00 -1.000000e+00 8.271075e-01 -1.000000e+00 -9.990070e+05 8.313524e-01 8.313524e-01 9.751748e-01 2.642735e+00 7.900225e+00 0.000000e+00 -1.000000e+00 1.259231e-01 0.000000e+00 6.677004e+00
3.750726e+00 -1.000000e+00 4.000000e+03 -1.000000e+00 -1.000000e+00 3.500000e+02 4.638129e-01 -1.000000e+00 -1.000000e+00 1.181995e+01 0.000000e+00 -1.000000e+00 1.000000e+00 1.427498e-02 1.850000e+03 5.430127e+00 1.000000e+00 -9.990070e+05 3.000000e+00 -1.000000e+00 9.834466e-01 -1.0 0.000000e+00 0.000000e+00 -1.000000e+00 8.277060e-01 -1.000000e+00 -9.990070e+05 8.245693e-01 8.245693e-01 9.752623e-01 2.699683e+00 8.082957e+00 0.000000e+00 -1.000000e+00 1.271093e-01 0.000000e+00 6.832204e+00
3.717719e+00 -1.000000e+00 4.000000e+03 -1.000000e+00 -1.000000e+00 5.500000e+02 4.632273e-01 -1.000000e+00 -1.000000e+00 1.167987e+01 0.000000e+00 -1.000000e+00 1.000000e+00 1.417575e-02 1.850000e+03 5.380968e+00 1.000000e+00 -9.990070e+05 3.000000e+00 -1.000000e+00 9.834874e-01 -1.0 0.000000e+00 0.000000e+00 -1.000000e+00 8.274777e-01 -1.000000e+00 -9.990070e+05 8.272011e-01 8.272011e-01 9.752289e-01 2.680908e+00 7.998041e+00 0.000000e+00 -1.000000e+00 1.266550e-01 0.000000e+00 6.764452e+00
3.661700e+00 -1.000000e+00 4.000000e+03 -1.000000e+00 -1.000000e+00 7.500000e+02 4.621375e-01 -1.000000e+00 -1.000000e+00 1.150990e+01 0.000000e+00 -1.000000e+00 1.000000e+00 1.399351e-02 1.850000e+03 5.297439e+00 1.000000e+00 -9.990070e+05 3.000000e+00 -1.000000e+00 9.835715e-01 -1.0 0.000000e+00 0.000000e+00 -1.000000e+00 8.270520e-01 -1.000000e+00 -9.990070e+05 8.319911e-01 8.319911e-01 9.751667e-01 2.637565e+00 7.885040e+00 0.000000e+00 -1.000000e+00 1.258138e-01 0.000000e+00 6.663641e+00
4.909789e+00 -1.000000e+00 4.000000e+03 -1.000000e+00 -1.000000e+00 1.000000e+02 4.786603e-01 -1.000000e+00 -1.000000e+00 1.546306e+01 0.000000e+00 -1.000000e+00 1.000000e+00 1.713329e-02 1.900000e+03 7.110560e+00 1.000000e+00 -9.990070e+05 3.000000e+00 -1.000000e+00 9.846531e-01 -1.0 0.000000e+00 0.000000e+00 -1.000000e+00 8.334100e-01 -1.000000e+00 -9.990070e+05 7.499514e-01 7.499514e-01 9.760951e-01 3.543008e+00 1.059400e+01 0.000000e+00 -1.000000e+00 1.392062e-01 0.000000e+00 8.940986e+00
4.618885e+00 -1.000000e+00 0.000000e+00 -1.000000e+00 -1.000000e+00 3.000000e+02 4.759638e-01 -1.000000e+00 -1.000000e+00 1.451718e+01 0.000000e+00 -1.000000e+00 0.000000e+00 1.656074e-02 1.900000e+03 6.681115e+00 0.000000e+00 -9.990070e+05 3.000000e+00 -1.000000e+00 9.840707e-01 -1.0 0.000000e+00 0.000000e+00 -1.000000e+00 8.323860e-01 -1.000000e+00 -9.990070e+05 7.649454e-01 7.649454e-01 9.759458e-01 3.328898e+00 9.948525e+00 0.000000e+00 -1.000000e+00 1.369251e-01 0.000000e+00 8.404310e+00
4.743090e+00 -1.000000e+00 0.000000e+00 -1.000000e+00 -1.000000e+00 5.000000e+02 4.771859e-01 -1.000000e+00 -1.000000e+00 1.490670e+01 0.000000e+00 -1.000000e+00 0.000000e+00 1.681702e-02 1.900000e+03 6.860385e+00 0.000000e+00 -9.990070e+05 3.000000e+00 -1.000000e+00 9.843119e-01 -1.0 0.000000e+00 0.000000e+00 -1.000000e+00 8.328507e-01 -1.000000e+00 -9.990070e+05 7.582568e-01 7.582568e-01 9.760135e-01 3.419251e+00 1.021715e+01 0.000000e+00 -1.000000e+00 1.379543e-01 0.000000e+00 8.629945e+00
4.635989e+00 -1.000000e+00 0.000000e+00 -1.000000e+00 -1.000000e+00 7.000000e+02 4.761183e-01 -1.000000e+00 -1.000000e+00 1.459591e+01 0.000000e+00 -1.000000e+00 0.000000e+00 1.659285e-02 1.900000e+03 6.711010e+00 0.000000e+00 -9.990070e+05 3.000000e+00 -1.000000e+00 9.840987e-01 -1.0 0.000000e+00 0.000000e+00 -1.000000e+00 8.324448e-01 -1.000000e+00 -9.990070e+05 7.641039e-01 7.641039e-01 9.759543e-01 3.343782e+00 9.998660e+00 0.000000e+00 -1.000000e+00 1.370547e-01 0.000000e+00 8.441428e+00
4.905006e+00 -1.000000e+00 0.000000e+00 -1.000000e+00 -1.000000e+00 9.000000e+02 4.786261e-01 -1.000000e+00 -1.000000e+00 1.546224e+01 0.000000e+00 -1.000000e+00 0.000000e+00 1.712587e-02 1.900000e+03 7.106576e+00 0.000000e+00 -9.990070e+05 3.000000e+00 -1.000000e+00 9.846457e-01 -1.0 0.000000e+00 0.000000e+00 -1.000000e+00 8.333971e-01 -1.000000e+00 -9.990070e+05 7.501623e-01 7.501623e-01 9.760932e-01 3.541048e+00 1.058963e+01 0.000000e+00 -1.000000e+00 1.391771e-01 0.000000e+00 8.932495e+00
6.463844e+00 -1.000000e+00 0.000000e+00 -1.000000e+00 -1.000000e+00 2.500000e+02 4.901584e-01 -1.000000e+00 -1.000000e+00 2.034326e+01 0.000000e+00 -1.000000e+00 0.000000e+00 1.989517e-02 1.950000e+03 9.365754e+00 0.000000e+00 -9.990070e+05 3.000000e+00 -1.000000e+00 9.898502e-01 -1.0 0.000000e+00 0.000000e+00 -1.000000e+00 8.377214e-01 -1.000000e+00 -9.990070e+05 6.756835e-01 6.756835e-01 9.767230e-01 4.670507e+00 1.394470e+01 0.000000e+00 -1.000000e+00 1.493711e-01 0.000000e+00 1.176466e+01
6.046742e+00 -1.000000e+00 0.000000e+00 -1.000000e+00 -1.000000e+00 4.500000e+02 4.874754e-01 -1.000000e+00 -1.000000e+00 1.905170e+01 0.000000e+00 -1.000000e+00 0.000000e+00 1.920034e-02 1.950000e+03 8.775117e+00 0.000000e+00 -9.990070e+05 3.000000e+00 -1.000000e+00 9.881802e-01 -1.0 0.000000e+00 0.000000e+00 -1.000000e+00 8.367232e-01 -1.000000e+00 -9.990070e+05 6.952249e-01 6.952249e-01 9.765778e-01 4.378588e+00 1.305938e+01 0.000000e+00 -1.000000e+00 1.469347e-01 0.000000e+00 1.102394e+01
6.440922e+00 -1.000000e+00 0.000000e+00 -1.000000e+00 -1.000000e+00 5.000000e+01 4.900044e-01 -1.000000e+00 -1.000000e+00 2.027842e+01 0.000000e+00 -1.000000e+00 0.000000e+00 1.985440e-02 1.950000e+03 9.334312e+00 0.000000e+00 -9.990070e+05 3.000000e+00 -1.000000e+00 9.897444e-01 -1.0 0.000000e+00 0.000000e+00 -1.000000e+00 8.376643e-01 -1.000000e+00 -9.990070e+05 6.768391e-01 6.768391e-01 9.767147e-01 4.654243e+00 1.389911e+01 0.000000e+00 -1.000000e+00 1.492302e-01 0.000000e+00 1.172679e+01
5.720499e+00 -1.000000e+00 0.000000e+00 -1.000000e+00 -1.000000e+00 6.500000e+02 4.851798e-01 -1.000000e+00 -1.000000e+00 1.804044e+01 0.000000e+00 -1.000000e+00 0.000000e+00 1.863130e-02 1.950000e+03 8.306815e+00 0.000000e+00 -9.990070e+05 3.000000e+00 -1.000000e+00 9.870087e-01 -1.0 0.000000e+00 0.000000e+00 -1.000000e+00 8.358654e-01 -1.000000e+00 -9.990070e+05 7.108586e-01 7.108586e-01 9.764529e-01 4.144925e+00 1.236317e+01 0.000000e+00 -1.000000e+00 1.448815e-01 0.000000e+00 1.043662e+01
5.986002e+00 -1.000000e+00 0.000000e+00 -1.000000e+00 -1.000000e+00 8.500000e+02 4.870741e-01 -1.000000e+00 -1.000000e+00 1.887409e+01 0.000000e+00 -1.000000e+00 0.000000e+00 1.909921e-02 1.950000e+03 8.689265e+00 0.000000e+00 -9.990070e+05 3.000000e+00 -1.000000e+00 9.879600e-01 -1.0 0.000000e+00 0.000000e+00 -1.000000e+00 8.365735e-01 -1.000000e+00 -9.990070e+05 6.980372e-01 6.980372e-01 9.765560e-01 4.336208e+00 1.293280e+01 0.000000e+00 -1.000000e+00 1.465737e-01 0.000000e+00 1.091397e+01
8.296221e+00 -1.000000e+00 0.000000e+00 -1.000000e+00 -1.000000e+00 0.000000e+00 4.995987e-01 -1.000000e+00 -1.000000e+00 2.614724e+01 0.000000e+00 -1.000000e+00 0.000000e+00 2.262346e-02 2.000000e+03 1.201063e+01 0.000000e+00 -9.990070e+05 3.000000e+00 -1.000000e+00 9.994181e-01 -1.0 0.000000e+00 0.000000e+00 -1.000000e+00 8.411982e-01 -1.000000e+00 -9.990070e+05 5.934693e-01 5.934693e-01 9.772286e-01 5.971554e+00 1.788109e+01 0.000000e+00 -1.000000e+00 1.582659e-01 0.000000e+00 1.510999e+01
7.661440e+00 -1.000000e+00 0.000000e+00 -1.000000e+00 -1.000000e+00 2.000000e+02 4.967169e-01 -1.000000e+00 -1.000000e+00 2.412653e+01 0.000000e+00 -1.000000e+00 0.000000e+00 2.174060e-02 2.000000e+03 1.109638e+01 0.000000e+00 -9.990070e+05 3.000000e+00 -1.000000e+00 9.957327e-01 -1.0 0.000000e+00 0.000000e+00 -1.000000e+00 8.401426e-01 -1.000000e+00 -9.990070e+05 6.210589e-01 6.210589e-01 9.770752e-01 5.529515e+00 1.653133e+01 0.000000e+00 -1.000000e+00 1.554968e-01 0.000000e+00 1.395099e+01
7.530811e+00 -1.000000e+00 0.000000e+00 -1.000000e+00 -1.000000e+00 4.000000e+02 4.961584e-01 -1.000000e+00 -1.000000e+00 2.375580e+01 0.000000e+00 -1.000000e+00 0.000000e+00 2.157481e-02 2.000000e+03 1.094315e+01 0.000000e+00 -9.990070e+05 3.000000e+00 -1.000000e+00 9.951087e-01 -1.0 0.000000e+00 0.000000e+00 -1.000000e+00 8.399375e-01 -1.000000e+00 -9.990070e+05 6.261367e-01 6.261367e-01 9.770453e-01 5.462547e+00 1.628159e+01 0.000000e+00 -1.000000e+00 1.549657e-01 0.000000e+00 1.374747e+01
7.519675e+00 -1.000000e+00 0.000000e+00 -1.000000e+00 -1.000000e+00 6.000000e+02 4.961005e-01 -1.000000e+00 -1.000000e+00 2.373863e+01 0.000000e+00 -1.000000e+00 0.000000e+00 2.155769e-02 2.000000e+03 1.093020e+01 0.000000e+00 -9.990070e+05 3.000000e+00 -1.000000e+00 9.950455e-01 -1.0 0.000000e+00 0.000000e+00 -1.000000e+00 8.399161e-01 -1.000000e+00 -9.990070e+05 6.266596e-01 6.266596e-01 9.770423e-01 5.455569e+00 1.626500e+01 0.000000e+00 -1.000000e+00 1.549107e-01 0.000000e+00 1.373200e+01
7.662077e+00 -1.000000e+00 0.000000e+00 -1.000000e+00 -1.000000e+00 8.000000e+02 4.967497e-01 -1.000000e+00 -1.000000e+00 2.409395e+01 0.000000e+00 -1.000000e+00 0.000000e+00 2.175038e-02 2.000000e+03 1.108782e+01 0.000000e+00 -9.990070e+05 3.000000e+00 -1.000000e+00 9.957704e-01 -1.0 0.000000e+00 0.000000e+00 -1.000000e+00 8.401546e-01 -1.000000e+00 -9.990070e+05 6.207724e-01 6.207724e-01 9.770769e-01 5.527122e+00 1.651348e+01 0.000000e+00 -1.000000e+00 1.555280e-01 0.000000e+00 1.393789e+01
-1.000000e+00 -1.000000e+00 0.000000e+00 -1.000000e+00 -1.000000e+00 1.500000e+02 2.276136e-01 -1.000000e+00 -1.000000e+00 -1.000000e+00 0.000000e+00 -1.000000e+00 0.000000e+00 1.444325e-03 2.500000e+02 -1.000000e+00 0.000000e+00 -9.990070e+05 3.000000e+00 -1.000000e+00 5.394584e-01 -1.0 0.000000e+00 0.000000e+00 -1.000000e+00 6.909574e-01 -1.000000e+00 -9.990070e+05 3.171204e-01 3.171204e-01 9.540968e-01 -1.000000e+00 -1.000000e+00 0.000000e+00 -1.000000e+00 2.873750e-02 0.000000e+00 -1.000000e+00
1.042526e-01 -1.000000e+00 4.000000e+03 -1.000000e+00 -1.000000e+00 0.000000e+00 2.130279e-03 -1.000000e+00 -1.000000e+00 6.120501e+00 0.000000e+00 -1.000000e+00 1.000000e+00 3.948135e-07 4.000000e+02 1.842267e-01 1.000000e+00 -9.990070e+05 3.000000e+00 -1.000000e+00 9.569376e-03 -1.0 0.000000e+00 0.000000e+00 -1.000000e+00 3.831750e-02 -1.000000e+00 -9.990070e+05 5.998833e-03 5.998833e-03 2.838285e-01 6.915723e-02 4.802398e-01 0.000000e+00 -1.000000e+00 4.672309e-05 0.000000e+00 2.420085e-01
-1.000000e+00 -1.000000e+00 4.000000e+03 -1.000000e+00 -1.000000e+00 3.870000e+02 4.068438e-01 -1.000000e+00 -1.000000e+00 -1.000000e+00 0.000000e+00 -1.000000e+00 1.000000e+00 7.700754e-03 4.120000e+02 -1.000000e+00 1.000000e+00 -9.990070e+05 2.000000e+00 -1.000000e+00 9.052997e-01 -1.0 0.000000e+00 0.000000e+00 -1.000000e+00 8.040455e-01 -1.000000e+00 -9.990070e+05 6.338397e-01 6.338397e-01 9.717805e-01 -1.000000e+00 -1.000000e+00 0.000000e+00 -1.000000e+00 8.991097e-02 1.000000e+00 -1.000000e+00
1.622162e+01 -1.000000e+00 0.000000e+00 -1.000000e+00 -1.000000e+00 3.750000e+02 3.775098e-01 -1.000000e+00 -1.000000e+00 2.568987e+02 0.000000e+00 -1.000000e+00 0.000000e+00 5.798293e-03 4.250000e+02 1.366096e+02 0.000000e+00 -9.990070e+05 3.000000e+00 -1.000000e+00 8.631976e-01 -1.0 0.000000e+00 0.000000e+00 -1.000000e+00 7.904397e-01 -1.000000e+00 -9.990070e+05 5.897007e-01 5.897007e-01 9.697545e-01 8.607973e+00 2.568987e+02 0.000000e+00 -1.000000e+00 7.532310e-02 0.000000e+00 1.935539e+02
5.811829e-01 -1.000000e+00 0.000000e+00 -1.000000e+00 -1.000000e+00 4.500000e+02 3.918753e-02 -1.000000e+00 -1.000000e+00 3.550482e+00 0.000000e+00 -1.000000e+00 0.000000e+00 4.861954e-05 5.500000e+02 9.256877e-01 0.000000e+00 -9.990070e+05 3.000000e+00 -1.000000e+00 1.586892e-01 -1.0 0.000000e+00 0.000000e+00 -1.000000e+00 2.865157e-01 -1.000000e+00 -9.990070e+05 1.069166e-01 1.069166e-01 8.163275e-01 3.971350e-01 1.668935e+00 0.000000e+00 -1.000000e+00 2.197413e-03 0.000000e+00 1.183975e+00
3.318832e-02 -1.000000e+00 0.000000e+00 -1.000000e+00 -1.000000e+00 0.000000e+00 6.039015e-22 -1.000000e+00 -1.000000e+00 1.123775e-01 0.000000e+00 -1.000000e+00 0.000000e+00 2.939646e-31 6.000000e+02 4.873768e-02 0.000000e+00 -9.990070e+05 3.000000e+00 -1.000000e+00 3.546011e-20 -1.0 0.000000e+00 0.000000e+00 -1.000000e+00 6.196130e-18 -1.000000e+00 -9.990070e+05 2.299823e-20 2.299823e-20 2.368211e-14 2.397363e-02 7.420436e-02 0.000000e+00 -1.000000e+00 2.187478e-26 0.000000e+00 6.103571e-02
1.845068e+00 -1.000000e+00 4.000000e+03 -1.000000e+00 -1.000000e+00 5.870000e+02 3.140542e-01 -1.000000e+00 -1.000000e+00 1.451927e+01 0.000000e+00 -1.000000e+00 1.000000e+00 3.246359e-03 6.120000e+02 3.238807e+00 1.000000e+00 -9.990070e+05 2.000000e+00 -1.000000e+00 8.508058e-01 -1.0 0.000000e+00 0.000000e+00 -1.000000e+00 7.560954e-01 -1.000000e+00 -9.990070e+05 6.601035e-01 6.601035e-01 9.645408e-01 1.199345e+00 6.597845e+00 0.000000e+00 -1.000000e+00 5.113219e-02 1.000000e+00 4.229514e+00
2.210363e+00 -1.000000e+00 0.000000e+00 -1.000000e+00 -1.000000e+00 5.750000e+02 3.582750e-01 -1.000000e+00 -1.000000e+00 1.536345e+01 0.000000e+00 -1.000000e+00 0.000000e+00 4.848416e-03 6.250000e+02 3.800688e+00 0.000000e+00 -9.990070e+05 3.000000e+00 -1.000000e+00 9.280027e-01 -1.0 0.000000e+00 0.000000e+00 -1.000000e+00 7.808325e-01 -1.000000e+00 -9.990070e+05 7.806359e-01 7.806359e-01 9.683115e-01 1.486065e+00 7.377469e+00 0.000000e+00 -1.000000e+00 6.705418e-02 0.000000e+00 4.925666e+00
1.020948e+00 -1.000000e+00 0.000000e+00 -1.000000e+00 -1.000000e+00 5.500000e+02 1.597887e-01 -1.000000e+00 -1.000000e+00 4.642040e+00 0.000000e+00 -1.000000e+00 0.000000e+00 6.751010e-04 6.500000e+02 1.587142e+00 0.000000e+00 -9.990070e+05 3.000000e+00 -1.000000e+00 5.410853e-01 -1.0 0.000000e+00 0.000000e+00 -1.000000e+00 6.102975e-01 -1.000000e+00 -9.990070e+05 3.870106e-01 3.870106e-01 9.395408e-01 7.043044e-01 2.680719e+00 0.000000e+00 -1.000000e+00 1.640486e-02 0.000000e+00 2.045511e+00
3.859079e-01 -1.000000e+00 0.000000e+00 -1.000000e+00 -1.000000e+00 5.000000e+02 5.623336e-03 -1.000000e+00 -1.000000e+00 1.629340e+00 0.000000e+00 -1.000000e+00 0.000000e+00 1.851678e-06 7.000000e+02 5.967794e-01 0.000000e+00 -9.990070e+05 3.000000e+00 -1.000000e+00 3.183768e-02 -1.0 0.000000e+00 0.000000e+00 -1.000000e+00 7.689649e-02 -1.000000e+00 -9.990070e+05 2.171794e-02 2.171794e-02 4.397343e-01 2.728649e-01 9.770059e-01 0.000000e+00 -1.000000e+00 1.639209e-04 0.000000e+00 7.562418e-01
3.244371e+00 -1.000000e+00 0.000000e+00 -1.000000e+00 -1.000000e+00 6.870000e+02 4.515733e-01 -1.000000e+00 -1.000000e+00 1.045375e+01 0.000000e+00 -1.000000e+00 0.000000e+00 1.237790e-02 7.120000e+02 4.726719e+00 0.000000e+00 -9.990070e+05 3.000000e+00 -1.000000e+00 9.867645e-01 -1.0 0.000000e+00 0.000000e+00 -1.000000e+00 8.228762e-01 -1.000000e+00 -9.990070e+05 8.869731e-01 8.869731e-01 9.745554e-01 2.343093e+00 7.085607e+00 0.000000e+00 -1.000000e+00 1.179524e-01 0.000000e+00 5.938428e+00
3.375009e+00 -1.000000e+00 0.000000e+00 -1.000000e+00 -1.000000e+00 6.750000e+02 4.552106e-01 -1.000000e+00 -1.000000e+00 1.085906e+01 0.000000e+00 -1.000000e+00 0.000000e+00 1.290488e-02 7.250000e+02 4.918825e+00 0.000000e+00 -9.990070e+05 3.000000e+00 -1.000000e+00 9.858362e-01 -1.0 0.000000e+00 0.000000e+00 -1.000000e+00 8.243243e-01 -1.000000e+00 -9.990070e+05 8.716837e-01 8.716837e-01 9.747675e-01 2.439959e+00 7.369092e+00 0.000000e+00 -1.000000e+00 1.206001e-01 0.000000e+00 6.179610e+00
2.668507e-01 -1.000000e+00 0.000000e+00 -1.000000e+00 -1.000000e+00 4.500000e+02 1.676497e-04 -1.000000e+00 -1.000000e+00 9.551213e-01 0.000000e+00 -1.000000e+00 0.000000e+00 8.245866e-09 7.500000e+02 3.973849e-01 0.000000e+00 -9.990070e+05 3.000000e+00 -1.000000e+00 1.509153e-03 -1.0 0.000000e+00 0.000000e+00 -1.000000e+00 5.721071e-03 -1.000000e+00 -9.990070e+05 1.034056e-03 1.034056e-03 7.784078e-02 1.909235e-01 6.175398e-01 0.000000e+00 -1.000000e+00 1.904015e-06 0.000000e+00 5.009911e-01
1.793011e+00 -1.000000e+00 0.000000e+00 -1.000000e+00 -1.000000e+00 6.500000e+02 3.475916e-01 -1.000000e+00 -1.000000e+00 6.605337e+00 0.000000e+00 -1.000000e+00 0.000000e+00 4.396796e-03 7.500000e+02 2.691519e+00 0.000000e+00 -9.990070e+05 3.000000e+00 -1.000000e+00 9.329808e-01 -1.0 0.000000e+00 0.000000e+00 -1.000000e+00 7.752223e-01 -1.000000e+00 -9.990070e+05 8.046282e-01 8.046282e-01 9.674637e-01 1.276039e+00 4.213658e+00 0.000000e+00 -1.000000e+00 6.284279e-02 0.000000e+00 3.413739e+00
3.035480e-02 -1.000000e+00 0.000000e+00 -1.000000e+00 -1.000000e+00 0.000000e+00 7.864271e-33 -1.000000e+00 -1.000000e+00 9.772839e-02 0.000000e+00 -1.000000e+00 0.000000e+00 3.933476e-44 8.000000e+02 4.436706e-02 0.000000e+00 -9.990070e+05 3.000000e+00 -1.000000e+00 8.212212e-31 -1.0 0.000000e+00 0.000000e+00 -1.000000e+00 7.922316e-28 -1.000000e+00 -9.990070e+05 5.244292e-31 5.244292e-31 2.959555e-23 2.209037e-02 6.636216e-02 0.000000e+00 -1.000000e+00 2.891396e-38 0.000000e+00 5.568980e-02
6.599947e-01 -1.000000e+00 0.000000e+00 -1.000000e+00 -1.000000e+00 6.000000e+02 4.460256e-02 -1.000000e+00 -1.000000e+00 2.299694e+00 0.000000e+00 -1.000000e+00 0.000000e+00 6.115495e-05 8.000000e+02 9.710894e-01 0.000000e+00 -9.990070e+05 3.000000e+00 -1.000000e+00 2.055247e-01 -1.0 0.000000e+00 0.000000e+00 -1.000000e+00 3.108269e-01 -1.000000e+00 -9.990070e+05 1.460754e-01 1.460754e-01 8.339915e-01 4.754503e-01 1.495360e+00 0.000000e+00 -1.000000e+00 2.627045e-03 0.000000e+00 1.224280e+00
8.365380e+00 -1.000000e+00 0.000000e+00 -1.000000e+00 -1.000000e+00 7.870000e+02 4.953571e-01 -1.000000e+00 -1.000000e+00 3.970771e+01 0.000000e+00 -1.000000e+00 0.000000e+00 2.133983e-02 8.120000e+02 1.321334e+01 0.000000e+00 -9.990070e+05 3.000000e+00 -1.000000e+00 9.943252e-01 -1.0 0.000000e+00 0.000000e+00 -1.000000e+00 8.396428e-01 -1.000000e+00 -9.990070e+05 6.362934e-01 6.362934e-01 9.770025e-01 5.775210e+00 2.252670e+01 0.000000e+00 -1.000000e+00 1.542067e-01 0.000000e+00 1.690823e+01
6.036943e+00 -1.000000e+00 0.000000e+00 -1.000000e+00 -1.000000e+00 7.750000e+02 4.821372e-01 -1.000000e+00 -1.000000e+00 2.934514e+01 0.000000e+00 -1.000000e+00 0.000000e+00 1.791127e-02 8.250000e+02 9.570950e+00 0.000000e+00 -9.990070e+05 3.000000e+00 -1.000000e+00 9.860490e-01 -1.0 0.000000e+00 0.000000e+00 -1.000000e+00 8.347230e-01 -1.000000e+00 -9.990070e+05 7.344681e-01 7.344681e-01 9.762865e-01 4.201961e+00 1.650057e+01 0.000000e+00 -1.000000e+00 1.422044e-01 0.000000e+00 1.244821e+01
3.905690e-01 -1.000000e+00 0.000000e+00 -1.000000e+00 -1.000000e+00 5.500000e+02 2.289349e-03 -1.000000e+00 -1.000000e+00 1.288659e+00 0.000000e+00 -1.000000e+00 0.000000e+00 4.420941e-07 8.500000e+02 5.730832e-01 0.000000e+00 -9.990070e+05 3.000000e+00 -1.000000e+00 1.695974e-02 -1.0 0.000000e+00 0.000000e+00 -1.000000e+00 4.037634e-02 -1.000000e+00 -9.990070e+05 1.193976e-02 1.193976e-02 2.935988e-01 2.838216e-01 8.636197e-01 0.000000e+00 -1.000000e+00 5.124451e-05 0.000000e+00 7.199776e-01
2.759596e+00 -1.000000e+00 0.000000e+00 -1.000000e+00 -1.000000e+00 7.500000e+02 4.328076e-01 -1.000000e+00 -1.000000e+00 1.052910e+01 0.000000e+00 -1.000000e+00 0.000000e+00 1.006422e-02 8.500000e+02 4.177373e+00 0.000000e+00 -9.990070e+05 3.000000e+00 -1.000000e+00 9.923675e-01 -1.0 0.000000e+00 0.000000e+00 -1.000000e+00 8.152196e-01 -1.000000e+00 -9.990070e+05 9.491662e-01 9.491662e-01 9.734308e-01 1.979876e+00 6.643441e+00 0.000000e+00 -1.000000e+00 1.052203e-01 0.000000e+00 5.306485e+00
1.971121e-01 -1.000000e+00 0.000000e+00 -1.000000e+00 -1.000000e+00 5.000000e+02 6.190295e-07 -1.000000e+00 -1.000000e+00 6.333814e-01 0.000000e+00 -1.000000e+00 0.000000e+00 2.844833e-12 9.000000e+02 2.876220e-01 0.000000e+00 -9.990070e+05 3.000000e+00 -1.000000e+00 1.000147e-05 -1.0 0.000000e+00 0.000000e+00 -1.000000e+00 6.742792e-05 -1.000000e+00 -9.990070e+05 6.871698e-06 6.871698e-06 2.834080e-03 1.430706e-01 4.303362e-01 0.000000e+00 -1.000000e+00 2.161457e-09 0.000000e+00 3.611857e-01
1.258343e+00 -1.000000e+00 0.000000e+00 -1.000000e+00 -1.000000e+00 7.000000e+02 2.379905e-01 -1.000000e+00 -1.000000e+00 4.259574e+00 0.000000e+00 -1.000000e+00 0.000000e+00 1.601042e-03 9.000000e+02 1.845095e+00 0.000000e+00 -9.990070e+05 3.000000e+00 -1.000000e+00 7.526421e-01 -1.0 0.000000e+00 0.000000e+00 -1.000000e+00 7.004421e-01 -1.000000e+00 -9.990070e+05 5.794129e-01 5.794129e-01 9.556749e-01 9.126637e-01 2.811679e+00 0.000000e+00 -1.000000e+00 3.096864e-02 0.000000e+00 2.321381e+00
9.586858e+03 -1.000000e+00 0.000000e+00 -1.000000e+00 -1.000000e+00 8.870000e+02 5.000000e-01 -1.000000e+00 -1.000000e+00 2.785216e+05 0.000000e+00 -1.000000e+00 0.000000e+00 2.275013e-02 9.120000e+02 1.351389e+05 0.000000e+00 -9.990070e+05 3.000000e+00 -1.000000e+00 1.034877e+00 -1.0 0.000000e+00 0.000000e+00 -1.000000e+00 8.413447e-01 -1.000000e+00 -9.990070e+05 2.710881e-01 2.710881e-01 9.772499e-01 9.249085e+03 2.785216e+05 0.000000e+00 -1.000000e+00 1.586553e-01 0.000000e+00 2.159909e+05
1.430768e+01 -1.000000e+00 0.000000e+00 -1.000000e+00 -1.000000e+00 8.750000e+02 5.000000e-01 -1.000000e+00 -1.000000e+00 9.715712e+01 0.000000e+00 -1.000000e+00 0.000000e+00 2.275013e-02 9.250000e+02 2.452424e+01 0.000000e+00 -9.990070e+05 3.000000e+00 -1.000000e+00 1.019669e+00 -1.0 0.000000e+00 0.000000e+00 -1.000000e+00 8.413447e-01 -1.000000e+00 -9.990070e+05 4.846928e-01 4.846928e-01 9.772499e-01 9.692173e+00 4.716300e+01 0.000000e+00 -1.000000e+00 1.586553e-01 0.000000e+00 3.195160e+01
1.227410e-01 -1.000000e+00 4.000000e+03 -1.000000e+00 -1.000000e+00 4.500000e+02 3.574923e-11 -1.000000e+00 -1.000000e+00 3.928130e-01 0.000000e+00 -1.000000e+00 1.000000e+00 6.654375e-18 9.500000e+02 1.787470e-01 1.000000e+00 -9.990070e+05 3.000000e+00 -1.000000e+00 9.513079e-10 -1.0 0.000000e+00 0.000000e+00 -1.000000e+00 1.901809e-08 -1.000000e+00 -9.990070e+05 6.373356e-10 6.373356e-10 3.824402e-06 8.893802e-02 2.672825e-01 0.000000e+00 -1.000000e+00 2.522960e-14 0.000000e+00 2.244236e-01
6.434138e-01 -1.000000e+00 0.000000e+00 -1.000000e+00 -1.000000e+00 6.500000e+02 3.790782e-02 -1.000000e+00 -1.000000e+00 2.047700e+00 0.000000e+00 -1.000000e+00 0.000000e+00 4.585470e-05 9.500000e+02 9.360484e-01 0.000000e+00 -9.990070e+05 3.000000e+00 -1.000000e+00 1.871881e-01 -1.0 0.000000e+00 0.000000e+00 -1.000000e+00 2.805340e-01 -1.000000e+00 -9.990070e+05 1.346057e-01 1.346057e-01 8.115442e-01 4.660126e-01 1.397460e+00 0.000000e+00 -1.000000e+00 2.099321e-03 0.000000e+00 1.175518e+00
7.859315e+00 -1.000000e+00 0.000000e+00 -1.000000e+00 -1.000000e+00 8.500000e+02 4.967704e-01 -1.000000e+00 -1.000000e+00 2.767559e+01 0.000000e+00 -1.000000e+00 0.000000e+00 2.175657e-02 9.500000e+02 1.163085e+01 0.000000e+00 -9.990070e+05 3.000000e+00 -1.000000e+00 9.958102e-01 -1.0 0.000000e+00 0.000000e+00 -1.000000e+00 8.401622e-01 -1.000000e+00 -9.990070e+05 6.215989e-01 6.215989e-01 9.770780e-01 5.646521e+00 1.797816e+01 0.000000e+00 -1.000000e+00 1.555478e-01 0.000000e+00 1.467680e+01
