2.261046e+00 -1.000000e+00 0.000000e+00 -1.000000e+00 -1.000000e+00 0.000000e+00 4.144168e-01 -1.000000e+00 -1.000000e+00 7.663342e+00 0.000000e+00 -1.000000e+00 0.000000e+00 8.310295e-03 1.000000e+03 3.335008e+00 0.000000e+00 -9.990070e+05 3.000000e+00 -1.000000e+00 7.428108e-01 -1.0 0.000000e+00 0.000000e+00 -1.000000e+00 8.073811e-01 -1.000000e+00 -9.990070e+05 2.569328e-01 2.569328e-01 9.722744e-01 1.622935e+00 5.079999e+00 0.000000e+00 -1.000000e+00 9.412266e-02 0.000000e+00 2.752600e+00
1.009042e+01 -1.000000e+00 0.000000e+00 -1.000000e+00 -1.000000e+00 6.000000e+02 5.000000e-01 -1.000000e+00 -1.000000e+00 3.621151e+01 0.000000e+00 -1.000000e+00 0.000000e+00 2.275013e-02 1.000000e+03 1.499855e+01 0.000000e+00 -9.990070e+05 3.000000e+00 -1.000000e+00 1.004033e+00 -1.0 0.000000e+00 0.000000e+00 -1.000000e+00 8.413447e-01 -1.000000e+00 -9.990070e+05 5.725240e-01 5.725240e-01 9.772499e-01 7.186371e+00 2.330332e+01 0.000000e+00 -1.000000e+00 1.586553e-01 0.000000e+00 1.234539e+01
6.928591e+00 -1.000000e+00 0.000000e+00 -1.000000e+00 -1.000000e+00 8.000000e+02 4.984501e-01 -1.000000e+00 -1.000000e+00 2.317348e+01 0.000000e+00 -1.000000e+00 0.000000e+00 2.226598e-02 1.000000e+03 1.021424e+01 0.000000e+00 -9.990070e+05 3.000000e+00 -1.000000e+00 9.970711e-01 -1.0 0.000000e+00 0.000000e+00 -1.000000e+00 8.407780e-01 -1.000000e+00 -9.990070e+05 5.157341e-01 5.157341e-01 9.771675e-01 4.991680e+00 1.547312e+01 0.000000e+00 -1.000000e+00 1.571565e-01 0.000000e+00 8.444523e+00
8.979616e+00 -1.000000e+00 0.000000e+00 -1.000000e+00 -1.000000e+00 5.500000e+02 5.000000e-01 -1.000000e+00 -1.000000e+00 4.613707e+01 0.000000e+00 -1.000000e+00 0.000000e+00 2.275013e-02 1.050000e+03 1.451653e+01 0.000000e+00 -9.990070e+05 3.000000e+00 -1.000000e+00 1.001110e+00 -1.0 0.000000e+00 0.000000e+00 -1.000000e+00 8.413447e-01 -1.000000e+00 -9.990070e+05 5.441221e-01 5.441221e-01 9.772499e-01 6.232447e+00 2.537395e+01 0.000000e+00 -1.000000e+00 1.586553e-01 0.000000e+00 1.176832e+01
1.097151e+01 -1.000000e+00 0.000000e+00 -1.000000e+00 -1.000000e+00 7.500000e+02 5.000000e-01 -1.000000e+00 -1.000000e+00 3.617041e+01 0.000000e+00 -1.000000e+00 0.000000e+00 2.275013e-02 1.050000e+03 1.618759e+01 0.000000e+00 -9.990070e+05 3.000000e+00 -1.000000e+00 1.004698e+00 -1.0 0.000000e+00 0.000000e+00 -1.000000e+00 8.413447e-01 -1.000000e+00 -9.990070e+05 5.856997e-01 5.856997e-01 9.772499e-01 7.909622e+00 2.440357e+01 0.000000e+00 -1.000000e+00 1.586553e-01 0.000000e+00 1.338682e+01
2.942314e+00 -1.000000e+00 0.000000e+00 -1.000000e+00 -1.000000e+00 1.000000e+02 4.467310e-01 -1.000000e+00 -1.000000e+00 1.228347e+01 0.000000e+00 -1.000000e+00 0.000000e+00 1.171944e-02 1.100000e+03 4.526373e+00 0.000000e+00 -9.990070e+05 3.000000e+00 -1.000000e+00 8.474600e-01 -1.0 0.000000e+00 0.000000e+00 -1.000000e+00 8.209309e-01 -1.000000e+00 -9.990070e+05 3.177680e-01 3.177680e-01 9.742701e-01 2.073760e+00 7.402607e+00 0.000000e+00 -1.000000e+00 1.145209e-01 0.000000e+00 3.688113e+00
3.215149e+00 -1.000000e+00 0.000000e+00 -1.000000e+00 -1.000000e+00 3.000000e+02 4.619837e-01 -1.000000e+00 -1.000000e+00 1.105687e+01 0.000000e+00 -1.000000e+00 0.000000e+00 1.396805e-02 1.100000e+03 4.736878e+00 0.000000e+00 -9.990070e+05 3.000000e+00 -1.000000e+00 8.948903e-01 -1.0 0.000000e+00 0.000000e+00 -1.000000e+00 8.269919e-01 -1.000000e+00 -9.990070e+05 3.499452e-01 3.499452e-01 9.751579e-01 2.308785e+00 7.266900e+00 0.000000e+00 -1.000000e+00 1.256955e-01 0.000000e+00 3.911376e+00
9.550712e+00 -1.000000e+00 0.000000e+00 -1.000000e+00 -1.000000e+00 5.000000e+02 5.000000e-01 -1.000000e+00 -1.000000e+00 3.925959e+01 0.000000e+00 -1.000000e+00 0.000000e+00 2.275013e-02 1.100000e+03 1.462044e+01 0.000000e+00 -9.990070e+05 3.000000e+00 -1.000000e+00 1.002949e+00 -1.0 0.000000e+00 0.000000e+00 -1.000000e+00 8.413447e-01 -1.000000e+00 -9.990070e+05 5.585263e-01 5.585263e-01 9.772499e-01 6.739446e+00 2.377061e+01 0.000000e+00 -1.000000e+00 1.586553e-01 0.000000e+00 1.188803e+01
1.474703e+01 -1.000000e+00 0.000000e+00 -1.000000e+00 -1.000000e+00 7.000000e+02 5.000000e-01 -1.000000e+00 -1.000000e+00 5.822618e+01 0.000000e+00 -1.000000e+00 0.000000e+00 2.275013e-02 1.100000e+03 2.238016e+01 0.000000e+00 -9.990070e+05 3.000000e+00 -1.000000e+00 1.005167e+00 -1.0 0.000000e+00 0.000000e+00 -1.000000e+00 8.413447e-01 -1.000000e+00 -9.990070e+05 6.149241e-01 6.149241e-01 9.772499e-01 1.041398e+01 3.595220e+01 0.000000e+00 -1.000000e+00 1.586553e-01 0.000000e+00 1.829004e+01
1.451814e+01 -1.000000e+00 0.000000e+00 -1.000000e+00 -1.000000e+00 9.000000e+02 5.000000e-01 -1.000000e+00 -1.000000e+00 7.714619e+01 0.000000e+00 -1.000000e+00 0.000000e+00 2.275013e-02 1.100000e+03 2.359147e+01 0.000000e+00 -9.990070e+05 3.000000e+00 -1.000000e+00 1.005039e+00 -1.0 0.000000e+00 0.000000e+00 -1.000000e+00 8.413447e-01 -1.000000e+00 -9.990070e+05 6.036681e-01 6.036681e-01 9.772499e-01 9.994299e+00 4.199385e+01 0.000000e+00 -1.000000e+00 1.586553e-01 0.000000e+00 1.882365e+01
2.795551e+00 -1.000000e+00 0.000000e+00 -1.000000e+00 -1.000000e+00 2.500000e+02 4.461491e-01 -1.000000e+00 -1.000000e+00 9.836264e+00 0.000000e+00 -1.000000e+00 0.000000e+00 1.164344e-02 1.150000e+03 4.125477e+00 0.000000e+00 -9.990070e+05 3.000000e+00 -1.000000e+00 8.436117e-01 -1.0 0.000000e+00 0.000000e+00 -1.000000e+00 8.206958e-01 -1.000000e+00 -9.990070e+05 3.118781e-01 3.118781e-01 9.742356e-01 2.000827e+00 6.376539e+00 0.000000e+00 -1.000000e+00 1.141155e-01 0.000000e+00 3.394624e+00
4.837320e+00 -1.000000e+00 0.000000e+00 -1.000000e+00 -1.000000e+00 4.500000e+02 4.883513e-01 -1.000000e+00 -1.000000e+00 1.633787e+01 0.000000e+00 -1.000000e+00 0.000000e+00 1.942356e-02 1.150000e+03 7.136171e+00 0.000000e+00 -9.990070e+05 3.000000e+00 -1.000000e+00 9.734150e-01 -1.0 0.000000e+00 0.000000e+00 -1.000000e+00 8.370496e-01 -1.000000e+00 -9.990070e+05 4.461941e-01 4.461941e-01 9.766253e-01 3.480016e+00 1.085340e+01 0.000000e+00 -1.000000e+00 1.477257e-01 0.000000e+00 5.901342e+00
2.650646e+00 -1.000000e+00 0.000000e+00 -1.000000e+00 -1.000000e+00 5.000000e+01 4.390000e-01 -1.000000e+00 -1.000000e+00 9.079213e+00 0.000000e+00 -1.000000e+00 0.000000e+00 1.076014e-02 1.150000e+03 3.918664e+00 0.000000e+00 -9.990070e+05 3.000000e+00 -1.000000e+00 8.204191e-01 -1.0 0.000000e+00 0.000000e+00 -1.000000e+00 8.177820e-01 -1.000000e+00 -9.990070e+05 2.974469e-01 2.974469e-01 9.738077e-01 1.898359e+00 5.993131e+00 0.000000e+00 -1.000000e+00 1.092557e-01 0.000000e+00 3.226394e+00
1.364104e+01 -1.000000e+00 0.000000e+00 -1.000000e+00 -1.000000e+00 6.500000e+02 5.000000e-01 -1.000000e+00 -1.000000e+00 5.550810e+01 0.000000e+00 -1.000000e+00 0.000000e+00 2.275013e-02 1.150000e+03 2.076195e+01 0.000000e+00 -9.990070e+05 3.000000e+00 -1.000000e+00 1.005109e+00 -1.0 0.000000e+00 0.000000e+00 -1.000000e+00 8.413447e-01 -1.000000e+00 -9.990070e+05 6.061267e-01 6.061267e-01 9.772499e-01 9.637406e+00 3.362412e+01 0.000000e+00 -1.000000e+00 1.586553e-01 0.000000e+00 1.694038e+01
2.008636e+01 -1.000000e+00 0.000000e+00 -1.000000e+00 -1.000000e+00 8.500000e+02 5.000000e-01 -1.000000e+00 -1.000000e+00 1.016283e+02 0.000000e+00 -1.000000e+00 0.000000e+00 2.275013e-02 1.150000e+03 3.221347e+01 0.000000e+00 -9.990070e+05 3.000000e+00 -1.000000e+00 1.004879e+00 -1.0 0.000000e+00 0.000000e+00 -1.000000e+00 8.413447e-01 -1.000000e+00 -9.990070e+05 6.375196e-01 6.375196e-01 9.772499e-01 1.366866e+01 5.635620e+01 0.000000e+00 -1.000000e+00 1.586553e-01 0.000000e+00 2.590075e+01
4.468889e+00 -1.000000e+00 0.000000e+00 -1.000000e+00 -1.000000e+00 0.000000e+00 4.832658e-01 -1.000000e+00 -1.000000e+00 1.681965e+01 0.000000e+00 -1.000000e+00 0.000000e+00 1.817394e-02 1.200000e+03 6.788339e+00 0.000000e+00 -9.990070e+05 3.000000e+00 -1.000000e+00 9.596606e-01 -1.0 0.000000e+00 0.000000e+00 -1.000000e+00 8.351475e-01 -1.000000e+00 -9.990070e+05 4.225611e-01 4.225611e-01 9.763483e-01 3.158086e+00 1.069449e+01 0.000000e+00 -1.000000e+00 1.431916e-01 0.000000e+00 5.551797e+00
2.984372e+00 -1.000000e+00 0.000000e+00 -1.000000e+00 -1.000000e+00 2.000000e+02 4.547476e-01 -1.000000e+00 -1.000000e+00 9.981601e+00 0.000000e+00 -1.000000e+00 0.000000e+00 1.283618e-02 1.200000e+03 4.403167e+00 0.000000e+00 -9.990070e+05 3.000000e+00 -1.000000e+00 8.714995e-01 -1.0 0.000000e+00 0.000000e+00 -1.000000e+00 8.241406e-01 -1.000000e+00 -9.990070e+05 3.311940e-01 3.311940e-01 9.747406e-01 2.148644e+00 6.671728e+00 0.000000e+00 -1.000000e+00 1.202597e-01 0.000000e+00 3.635223e+00
4.593846e+00 -1.000000e+00 0.000000e+00 -1.000000e+00 -1.000000e+00 4.000000e+02 4.860450e-01 -1.000000e+00 -1.000000e+00 1.543173e+01 0.000000e+00 -1.000000e+00 0.000000e+00 1.884308e-02 1.200000e+03 6.781447e+00 0.000000e+00 -9.990070e+05 3.000000e+00 -1.000000e+00 9.672189e-01 -1.0 0.000000e+00 0.000000e+00 -1.000000e+00 8.361891e-01 -1.000000e+00 -9.990070e+05 4.342304e-01 4.342304e-01 9.765000e-01 3.303995e+00 1.029331e+01 0.000000e+00 -1.000000e+00 1.456519e-01 0.000000e+00 5.597961e+00
1.174084e+01 -1.000000e+00 0.000000e+00 -1.000000e+00 -1.000000e+00 6.000000e+02 5.000000e-01 -1.000000e+00 -1.000000e+00 5.033692e+01 0.000000e+00 -1.000000e+00 0.000000e+00 2.275013e-02 1.200000e+03 1.824376e+01 0.000000e+00 -9.990070e+05 3.000000e+00 -1.000000e+00 1.004585e+00 -1.0 0.000000e+00 0.000000e+00 -1.000000e+00 8.413447e-01 -1.000000e+00 -9.990070e+05 5.857887e-01 5.857887e-01 9.772499e-01 8.243044e+00 3.000566e+01 0.000000e+00 -1.000000e+00 1.586553e-01 0.000000e+00 1.488517e+01
2.414926e+01 -1.000000e+00 0.000000e+00 -1.000000e+00 -1.000000e+00 8.000000e+02 5.000000e-01 -1.000000e+00 -1.000000e+00 9.090317e+01 0.000000e+00 -1.000000e+00 0.000000e+00 2.275013e-02 1.200000e+03 3.657731e+01 0.000000e+00 -9.990070e+05 3.000000e+00 -1.000000e+00 1.004088e+00 -1.0 0.000000e+00 0.000000e+00 -1.000000e+00 8.413447e-01 -1.000000e+00 -9.990070e+05 6.650645e-01 6.650645e-01 9.772499e-01 1.711575e+01 5.765408e+01 0.000000e+00 -1.000000e+00 1.586553e-01 0.000000e+00 3.009856e+01
5.560129e+00 -1.000000e+00 0.000000e+00 -1.000000e+00 -1.000000e+00 1.500000e+02 4.917246e-01 -1.000000e+00 -1.000000e+00 2.428924e+01 0.000000e+00 -1.000000e+00 0.000000e+00 2.031632e-02 1.250000e+03 8.712892e+00 0.000000e+00 -9.990070e+05 3.000000e+00 -1.000000e+00 9.821517e-01 -1.0 0.000000e+00 0.000000e+00 -1.000000e+00 8.383020e-01 -1.000000e+00 -9.990070e+05 4.679648e-01 4.679648e-01 9.768075e-01 3.921043e+00 1.440706e+01 0.000000e+00 -1.000000e+00 1.508119e-01 0.000000e+00 7.136778e+00
5.339531e+00 -1.000000e+00 0.000000e+00 -1.000000e+00 -1.000000e+00 3.500000e+02 4.922190e-01 -1.000000e+00 -1.000000e+00 1.781607e+01 0.000000e+00 -1.000000e+00 0.000000e+00 2.045173e-02 1.250000e+03 7.868126e+00 0.000000e+00 -9.990070e+05 3.000000e+00 -1.000000e+00 9.832018e-01 -1.0 0.000000e+00 0.000000e+00 -1.000000e+00 8.384850e-01 -1.000000e+00 -9.990070e+05 4.681817e-01 4.681817e-01 9.768341e-01 3.852172e+00 1.190738e+01 0.000000e+00 -1.000000e+00 1.512696e-01 0.000000e+00 6.513474e+00
6.573775e+00 -1.000000e+00 0.000000e+00 -1.000000e+00 -1.000000e+00 5.500000e+02 4.971675e-01 -1.000000e+00 -1.000000e+00 2.395354e+01 0.000000e+00 -1.000000e+00 0.000000e+00 2.187559e-02 1.250000e+03 9.831197e+00 0.000000e+00 -9.990070e+05 3.000000e+00 -1.000000e+00 9.944786e-01 -1.0 0.000000e+00 0.000000e+00 -1.000000e+00 8.403080e-01 -1.000000e+00 -9.990070e+05 5.050441e-01 5.050441e-01 9.770992e-01 4.671642e+00 1.535782e+01 0.000000e+00 -1.000000e+00 1.559266e-01 0.000000e+00 8.101085e+00
2.351831e+01 -1.000000e+00 0.000000e+00 -1.000000e+00 -1.000000e+00 7.500000e+02 5.000000e-01 -1.000000e+00 -1.000000e+00 9.953141e+01 0.000000e+00 -1.000000e+00 0.000000e+00 2.275013e-02 1.250000e+03 3.634588e+01 0.000000e+00 -9.990070e+05 3.000000e+00 -1.000000e+00 1.004186e+00 -1.0 0.000000e+00 0.000000e+00 -1.000000e+00 8.413447e-01 -1.000000e+00 -9.990070e+05 6.622883e-01 6.622883e-01 9.772499e-01 1.678592e+01 6.003585e+01 0.000000e+00 -1.000000e+00 1.586553e-01 0.000000e+00 2.960163e+01
4.722960e+00 -1.000000e+00 0.000000e+00 -1.000000e+00 -1.000000e+00 1.000000e+02 4.874359e-01 -1.000000e+00 -1.000000e+00 1.570493e+01 0.000000e+00 -1.000000e+00 0.000000e+00 1.919035e-02 1.300000e+03 6.966410e+00 0.000000e+00 -9.990070e+05 3.000000e+00 -1.000000e+00 9.709411e-01 -1.0 0.000000e+00 0.000000e+00 -1.000000e+00 8.367085e-01 -1.000000e+00 -9.990070e+05 4.408536e-01 4.408536e-01 9.765756e-01 3.402340e+00 1.053524e+01 0.000000e+00 -1.000000e+00 1.468991e-01 0.000000e+00 5.751245e+00
4.760251e+00 -1.000000e+00 0.000000e+00 -1.000000e+00 -1.000000e+00 3.000000e+02 4.870500e-01 -1.000000e+00 -1.000000e+00 1.671381e+01 0.000000e+00 -1.000000e+00 0.000000e+00 1.909314e-02 1.300000e+03 7.043575e+00 0.000000e+00 -9.990070e+05 3.000000e+00 -1.000000e+00 9.699455e-01 -1.0 0.000000e+00 0.000000e+00 -1.000000e+00 8.365645e-01 -1.000000e+00 -9.990070e+05 4.393069e-01 4.393069e-01 9.765547e-01 3.398549e+00 1.085179e+01 0.000000e+00 -1.000000e+00 1.465520e-01 0.000000e+00 5.794279e+00
6.349379e+00 -1.000000e+00 0.000000e+00 -1.000000e+00 -1.000000e+00 5.000000e+02 4.967781e-01 -1.000000e+00 -1.000000e+00 2.107312e+01 0.000000e+00 -1.000000e+00 0.000000e+00 2.175887e-02 1.300000e+03 9.360617e+00 0.000000e+00 -9.990070e+05 3.000000e+00 -1.000000e+00 9.936319e-01 -1.0 0.000000e+00 0.000000e+00 -1.000000e+00 8.401651e-01 -1.000000e+00 -9.990070e+05 5.004147e-01 5.004147e-01 9.770784e-01 4.579229e+00 1.413861e+01 0.000000e+00 -1.000000e+00 1.555551e-01 0.000000e+00 7.731561e+00
1.318819e+01 -1.000000e+00 0.000000e+00 -1.000000e+00 -1.000000e+00 7.000000e+02 5.000000e-01 -1.000000e+00 -1.000000e+00 4.465056e+01 0.000000e+00 -1.000000e+00 0.000000e+00 2.275013e-02 1.300000e+03 1.947583e+01 0.000000e+00 -9.990070e+05 3.000000e+00 -1.000000e+00 1.005172e+00 -1.0 0.000000e+00 0.000000e+00 -1.000000e+00 8.413447e-01 -1.000000e+00 -9.990070e+05 6.072564e-01 6.072564e-01 9.772499e-01 9.479471e+00 2.962746e+01 0.000000e+00 -1.000000e+00 1.586553e-01 0.000000e+00 1.606679e+01
3.905008e+01 -1.000000e+00 0.000000e+00 -1.000000e+00 -1.000000e+00 9.000000e+02 5.000000e-01 -1.000000e+00 -1.000000e+00 1.897825e+02 0.000000e+00 -1.000000e+00 0.000000e+00 2.275013e-02 1.300000e+03 6.242435e+01 0.000000e+00 -9.990070e+05 3.000000e+00 -1.000000e+00 1.003062e+00 -1.0 0.000000e+00 0.000000e+00 -1.000000e+00 8.413447e-01 -1.000000e+00 -9.990070e+05 6.911980e-01 6.911980e-01 9.772499e-01 2.652516e+01 1.072995e+02 0.000000e+00 -1.000000e+00 1.586553e-01 0.000000e+00 5.032508e+01
6.298303e+00 -1.000000e+00 0.000000e+00 -1.000000e+00 -1.000000e+00 2.500000e+02 4.966900e-01 -1.000000e+00 -1.000000e+00 2.082202e+01 0.000000e+00 -1.000000e+00 0.000000e+00 2.173257e-02 1.350000e+03 9.277258e+00 0.000000e+00 -9.990070e+05 3.000000e+00 -1.000000e+00 9.934471e-01 -1.0 0.000000e+00 0.000000e+00 -1.000000e+00 8.401327e-01 -1.000000e+00 -9.990070e+05 4.998273e-01 4.998273e-01 9.770737e-01 4.547465e+00 1.399269e+01 0.000000e+00 -1.000000e+00 1.554712e-01 0.000000e+00 7.672480e+00
5.463034e+00 -1.000000e+00 0.000000e+00 -1.000000e+00 -1.000000e+00 4.500000e+02 4.925790e-01 -1.000000e+00 -1.000000e+00 1.843577e+01 0.000000e+00 -1.000000e+00 0.000000e+00 2.055110e-02 1.350000e+03 8.069043e+00 0.000000e+00 -9.990070e+05 3.000000e+00 -1.000000e+00 9.840495e-01 -1.0 0.000000e+00 0.000000e+00 -1.000000e+00 8.386181e-01 -1.000000e+00 -9.990070e+05 4.699604e-01 4.699604e-01 9.768535e-01 3.927068e+00 1.226716e+01 0.000000e+00 -1.000000e+00 1.516037e-01 0.000000e+00 6.652758e+00
6.544151e+00 -1.000000e+00 0.000000e+00 -1.000000e+00 -1.000000e+00 5.000000e+01 4.971421e-01 -1.000000e+00 -1.000000e+00 2.247247e+01 0.000000e+00 -1.000000e+00 0.000000e+00 2.186794e-02 1.350000e+03 9.660450e+00 0.000000e+00 -9.990070e+05 3.000000e+00 -1.000000e+00 9.943931e-01 -1.0 0.000000e+00 0.000000e+00 -1.000000e+00 8.402986e-01 -1.000000e+00 -9.990070e+05 5.030559e-01 5.030559e-01 9.770979e-01 4.693938e+00 1.477822e+01 0.000000e+00 -1.000000e+00 1.559023e-01 0.000000e+00 7.956115e+00
1.080087e+01 -1.000000e+00 0.000000e+00 -1.000000e+00 -1.000000e+00 6.500000e+02 5.000000e-01 -1.000000e+00 -1.000000e+00 3.783808e+01 0.000000e+00 -1.000000e+00 0.000000e+00 2.275013e-02 1.350000e+03 1.595808e+01 0.000000e+00 -9.990070e+05 3.000000e+00 -1.000000e+00 1.004608e+00 -1.0 0.000000e+00 0.000000e+00 -1.000000e+00 8.413447e-01 -1.000000e+00 -9.990070e+05 5.824497e-01 5.824497e-01 9.772499e-01 7.748343e+00 2.471802e+01 0.000000e+00 -1.000000e+00 1.586553e-01 0.000000e+00 1.313561e+01
9.854824e+00 -1.000000e+00 0.000000e+00 -1.000000e+00 -1.000000e+00 0.000000e+00 5.000000e-01 -1.000000e+00 -1.000000e+00 3.335578e+01 0.000000e+00 -1.000000e+00 0.000000e+00 2.275013e-02 1.400000e+03 1.456011e+01 0.000000e+00 -9.990070e+05 3.000000e+00 -1.000000e+00 1.003916e+00 -1.0 0.000000e+00 0.000000e+00 -1.000000e+00 8.413447e-01 -1.000000e+00 -9.990070e+05 5.693573e-01 5.693573e-01 9.772499e-01 7.078447e+00 2.216055e+01 0.000000e+00 -1.000000e+00 1.586553e-01 0.000000e+00 1.200247e+01
6.366443e+00 -1.000000e+00 0.000000e+00 -1.000000e+00 -1.000000e+00 2.000000e+02 4.966203e-01 -1.000000e+00 -1.000000e+00 2.148773e+01 0.000000e+00 -1.000000e+00 0.000000e+00 2.171179e-02 1.400000e+03 9.405146e+00 0.000000e+00 -9.990070e+05 3.000000e+00 -1.000000e+00 9.932845e-01 -1.0 0.000000e+00 0.000000e+00 -1.000000e+00 8.401071e-01 -1.000000e+00 -9.990070e+05 4.986276e-01 4.986276e-01 9.770700e-01 4.575132e+00 1.429957e+01 0.000000e+00 -1.000000e+00 1.554048e-01 0.000000e+00 7.753777e+00
6.890112e+00 -1.000000e+00 0.000000e+00 -1.000000e+00 -1.000000e+00 4.000000e+02 4.972375e-01 -1.000000e+00 -1.000000e+00 2.699250e+01 0.000000e+00 -1.000000e+00 0.000000e+00 2.189665e-02 1.400000e+03 1.049901e+01 0.000000e+00 -9.990070e+05 3.000000e+00 -1.000000e+00 9.946131e-01 -1.0 0.000000e+00 0.000000e+00 -1.000000e+00 8.403336e-01 -1.000000e+00 -9.990070e+05 5.050085e-01 5.050085e-01 9.771029e-01 4.854687e+00 1.679690e+01 0.000000e+00 -1.000000e+00 1.559935e-01 0.000000e+00 8.573316e+00
8.814954e+00 -1.000000e+00 0.000000e+00 -1.000000e+00 -1.000000e+00 6.000000e+02 5.000000e-01 -1.000000e+00 -1.000000e+00 2.877170e+01 0.000000e+00 -1.000000e+00 0.000000e+00 2.275013e-02 1.400000e+03 1.294497e+01 0.000000e+00 -9.990070e+05 3.000000e+00 -1.000000e+00 1.002871e+00 -1.0 0.000000e+00 0.000000e+00 -1.000000e+00 8.413447e-01 -1.000000e+00 -9.990070e+05 5.556950e-01 5.556950e-01 9.772499e-01 6.359866e+00 1.945492e+01 0.000000e+00 -1.000000e+00 1.586553e-01 0.000000e+00 1.071378e+01
4.102272e+01 -1.000000e+00 0.000000e+00 -1.000000e+00 -1.000000e+00 8.000000e+02 5.000000e-01 -1.000000e+00 -1.000000e+00 2.032600e+02 0.000000e+00 -1.000000e+00 0.000000e+00 2.275013e-02 1.400000e+03 6.617595e+01 0.000000e+00 -9.990070e+05 3.000000e+00 -1.000000e+00 1.002853e+00 -1.0 0.000000e+00 0.000000e+00 -1.000000e+00 8.413447e-01 -1.000000e+00 -9.990070e+05 6.962396e-01 6.962396e-01 9.772499e-01 2.788653e+01 1.150444e+02 0.000000e+00 -1.000000e+00 1.586553e-01 0.000000e+00 5.358206e+01
9.748440e+00 -1.000000e+00 0.000000e+00 -1.000000e+00 -1.000000e+00 1.500000e+02 5.000000e-01 -1.000000e+00 -1.000000e+00 3.291653e+01 0.000000e+00 -1.000000e+00 0.000000e+00 2.275013e-02 1.450000e+03 1.435680e+01 0.000000e+00 -9.990070e+05 3.000000e+00 -1.000000e+00 1.003914e+00 -1.0 0.000000e+00 0.000000e+00 -1.000000e+00 8.413447e-01 -1.000000e+00 -9.990070e+05 5.692397e-01 5.692397e-01 9.772499e-01 7.023554e+00 2.180185e+01 0.000000e+00 -1.000000e+00 1.586553e-01 0.000000e+00 1.186232e+01
9.587837e+00 -1.000000e+00 0.000000e+00 -1.000000e+00 -1.000000e+00 3.500000e+02 5.000000e-01 -1.000000e+00 -1.000000e+00 3.173915e+01 0.000000e+00 -1.000000e+00 0.000000e+00 2.275013e-02 1.450000e+03 1.414308e+01 0.000000e+00 -9.990070e+05 3.000000e+00 -1.000000e+00 1.003750e+00 -1.0 0.000000e+00 0.000000e+00 -1.000000e+00 8.413447e-01 -1.000000e+00 -9.990070e+05 5.667525e-01 5.667525e-01 9.772499e-01 6.911160e+00 2.135345e+01 0.000000e+00 -1.000000e+00 1.586553e-01 0.000000e+00 1.168298e+01
9.087928e+00 -1.000000e+00 0.000000e+00 -1.000000e+00 -1.000000e+00 5.500000e+02 5.000000e-01 -1.000000e+00 -1.000000e+00 3.102214e+01 0.000000e+00 -1.000000e+00 0.000000e+00 2.275013e-02 1.450000e+03 1.342591e+01 0.000000e+00 -9.990070e+05 3.000000e+00 -1.000000e+00 1.003026e+00 -1.0 0.000000e+00 0.000000e+00 -1.000000e+00 8.413447e-01 -1.000000e+00 -9.990070e+05 5.575506e-01 5.575506e-01 9.772499e-01 6.523651e+00 2.051190e+01 0.000000e+00 -1.000000e+00 1.586553e-01 0.000000e+00 1.106185e+01
1.662181e+01 -1.000000e+00 0.000000e+00 -1.000000e+00 -1.000000e+00 7.500000e+02 5.000000e-01 -1.000000e+00 -1.000000e+00 5.955747e+01 0.000000e+00 -1.000000e+00 0.000000e+00 2.275013e-02 1.450000e+03 2.470757e+01 0.000000e+00 -9.990070e+05 3.000000e+00 -1.000000e+00 1.005038e+00 -1.0 0.000000e+00 0.000000e+00 -1.000000e+00 8.413447e-01 -1.000000e+00 -9.990070e+05 6.307226e-01 6.307226e-01 9.772499e-01 1.182481e+01 3.839232e+01 0.000000e+00 -1.000000e+00 1.586553e-01 0.000000e+00 2.026287e+01
1.188054e+01 -1.000000e+00 0.000000e+00 -1.000000e+00 -1.000000e+00 0.000000e+00 5.000000e-01 -1.000000e+00 -1.000000e+00 3.925620e+01 0.000000e+00 -1.000000e+00 0.000000e+00 2.275013e-02 1.500000e+03 1.751708e+01 0.000000e+00 -9.990070e+05 3.000000e+00 -1.000000e+00 1.005023e+00 -1.0 0.000000e+00 0.000000e+00 -1.000000e+00 8.413447e-01 -1.000000e+00 -9.990070e+05 5.956626e-01 5.956626e-01 9.772499e-01 8.570777e+00 2.642305e+01 0.000000e+00 -1.000000e+00 1.586553e-01 0.000000e+00 1.446883e+01
1.212904e+01 -1.000000e+00 0.000000e+00 -1.000000e+00 -1.000000e+00 1.000000e+02 5.000000e-01 -1.000000e+00 -1.000000e+00 4.699039e+01 0.000000e+00 -1.000000e+00 0.000000e+00 2.275013e-02 1.500000e+03 1.838862e+01 0.000000e+00 -9.990070e+05 3.000000e+00 -1.000000e+00 1.004966e+00 -1.0 0.000000e+00 0.000000e+00 -1.000000e+00 8.413447e-01 -1.000000e+00 -9.990070e+05 5.956501e-01 5.956501e-01 9.772499e-01 8.602043e+00 2.933091e+01 0.000000e+00 -1.000000e+00 1.586553e-01 0.000000e+00 1.516181e+01
1.218053e+01 -1.000000e+00 0.000000e+00 -1.000000e+00 -1.000000e+00 3.000000e+02 5.000000e-01 -1.000000e+00 -1.000000e+00 4.288372e+01 0.000000e+00 -1.000000e+00 0.000000e+00 2.275013e-02 1.500000e+03 1.801645e+01 0.000000e+00 -9.990070e+05 3.000000e+00 -1.000000e+00 1.005034e+00 -1.0 0.000000e+00 0.000000e+00 -1.000000e+00 8.413447e-01 -1.000000e+00 -9.990070e+05 5.971301e-01 5.971301e-01 9.772499e-01 8.708212e+00 2.783346e+01 0.000000e+00 -1.000000e+00 1.586553e-01 0.000000e+00 1.485291e+01
1.051263e+01 -1.000000e+00 0.000000e+00 -1.000000e+00 -1.000000e+00 5.000000e+02 5.000000e-01 -1.000000e+00 -1.000000e+00 3.507167e+01 0.000000e+00 -1.000000e+00 0.000000e+00 2.275013e-02 1.500000e+03 1.549702e+01 0.000000e+00 -9.990070e+05 3.000000e+00 -1.000000e+00 1.004479e+00 -1.0 0.000000e+00 0.000000e+00 -1.000000e+00 8.413447e-01 -1.000000e+00 -9.990070e+05 5.794249e-01 5.794249e-01 9.772499e-01 7.575868e+00 2.345135e+01 0.000000e+00 -1.000000e+00 1.586553e-01 0.000000e+00 1.279552e+01
1.340405e+01 -1.000000e+00 0.000000e+00 -1.000000e+00 -1.000000e+00 7.000000e+02 5.000000e-01 -1.000000e+00 -1.000000e+00 4.445183e+01 0.000000e+00 -1.000000e+00 0.000000e+00 2.275013e-02 1.500000e+03 1.977322e+01 0.000000e+00 -9.990070e+05 3.000000e+00 -1.000000e+00 1.005190e+00 -1.0 0.000000e+00 0.000000e+00 -1.000000e+00 8.413447e-01 -1.000000e+00 -9.990070e+05 6.097938e-01 6.097938e-01 9.772499e-01 9.660404e+00 2.986993e+01 0.000000e+00 -1.000000e+00 1.586553e-01 0.000000e+00 1.632927e+01
4.393087e+01 -1.000000e+00 0.000000e+00 -1.000000e+00 -1.000000e+00 9.000000e+02 5.000000e-01 -1.000000e+00 -1.000000e+00 1.855267e+02 0.000000e+00 -1.000000e+00 0.000000e+00 2.275013e-02 1.500000e+03 6.789645e+01 0.000000e+00 -9.990070e+05 3.000000e+00 -1.000000e+00 1.002559e+00 -1.0 0.000000e+00 0.000000e+00 -1.000000e+00 8.413447e-01 -1.000000e+00 -9.990070e+05 7.032172e-01 7.032172e-01 9.772499e-01 3.108241e+01 1.113198e+02 0.000000e+00 -1.000000e+00 1.586553e-01 0.000000e+00 5.520487e+01
1.289420e+01 -1.000000e+00 0.000000e+00 -1.000000e+00 -1.000000e+00 2.500000e+02 5.000000e-01 -1.000000e+00 -1.000000e+00 4.346683e+01 0.000000e+00 -1.000000e+00 0.000000e+00 2.275013e-02 1.550000e+03 1.901863e+01 0.000000e+00 -9.990070e+05 3.000000e+00 -1.000000e+00 1.005156e+00 -1.0 0.000000e+00 0.000000e+00 -1.000000e+00 8.413447e-01 -1.000000e+00 -9.990070e+05 6.047773e-01 6.047773e-01 9.772499e-01 9.275932e+00 2.887436e+01 0.000000e+00 -1.000000e+00 1.586553e-01 0.000000e+00 1.569159e+01
1.336092e+01 -1.000000e+00 0.000000e+00 -1.000000e+00 -1.000000e+00 4.500000e+02 5.000000e-01 -1.000000e+00 -1.000000e+00 4.506920e+01 0.000000e+00 -1.000000e+00 0.000000e+00 2.275013e-02 1.550000e+03 1.973404e+01 0.000000e+00 -9.990070e+05 3.000000e+00 -1.000000e+00 1.005183e+00 -1.0 0.000000e+00 0.000000e+00 -1.000000e+00 8.413447e-01 -1.000000e+00 -9.990070e+05 6.085671e-01 6.085671e-01 9.772499e-01 9.602336e+00 2.999730e+01 0.000000e+00 -1.000000e+00 1.586553e-01 0.000000e+00 1.627077e+01
1.617221e+01 -1.000000e+00 0.000000e+00 -1.000000e+00 -1.000000e+00 5.000000e+01 5.000000e-01 -1.000000e+00 -1.000000e+00 5.486187e+01 0.000000e+00 -1.000000e+00 0.000000e+00 2.275013e-02 1.550000e+03 2.385410e+01 0.000000e+00 -9.990070e+05 3.000000e+00 -1.000000e+00 1.005039e+00 -1.0 0.000000e+00 0.000000e+00 -1.000000e+00 8.413447e-01 -1.000000e+00 -9.990070e+05 6.305616e-01 6.305616e-01 9.772499e-01 1.163831e+01 3.633619e+01 0.000000e+00 -1.000000e+00 1.586553e-01 0.000000e+00 1.974308e+01
1.272418e+01 -1.000000e+00 0.000000e+00 -1.000000e+00 -1.000000e+00 6.500000e+02 5.000000e-01 -1.000000e+00 -1.000000e+00 4.227286e+01 0.000000e+00 -1.000000e+00 0.000000e+00 2.275013e-02 1.550000e+03 1.875894e+01 0.000000e+00 -9.990070e+05 3.000000e+00 -1.000000e+00 1.005148e+00 -1.0 0.000000e+00 0.000000e+00 -1.000000e+00 8.413447e-01 -1.000000e+00 -9.990070e+05 6.040652e-01 6.040652e-01 9.772499e-01 9.175158e+00 2.834968e+01 0.000000e+00 -1.000000e+00 1.586553e-01 0.000000e+00 1.550574e+01
2.696083e+01 -1.000000e+00 0.000000e+00 -1.000000e+00 -1.000000e+00 8.500000e+02 5.000000e-01 -1.000000e+00 -1.000000e+00 8.996970e+01 0.000000e+00 -1.000000e+00 0.000000e+00 2.275013e-02 1.550000e+03 3.972420e+01 0.000000e+00 -9.990070e+05 3.000000e+00 -1.000000e+00 1.003720e+00 -1.0 0.000000e+00 0.000000e+00 -1.000000e+00 8.413447e-01 -1.000000e+00 -9.990070e+05 6.748776e-01 6.748776e-01 9.772499e-01 1.943484e+01 6.011764e+01 0.000000e+00 -1.000000e+00 1.586553e-01 0.000000e+00 3.282943e+01
1.909039e+01 -1.000000e+00 0.000000e+00 -1.000000e+00 -1.000000e+00 0.000000e+00 5.000000e-01 -1.000000e+00 -1.000000e+00 7.081749e+01 0.000000e+00 -1.000000e+00 0.000000e+00 2.275013e-02 1.600000e+03 2.873426e+01 0.000000e+00 -9.990070e+05 3.000000e+00 -1.000000e+00 1.004741e+00 -1.0 0.000000e+00 0.000000e+00 -1.000000e+00 8.413447e-01 -1.000000e+00 -9.990070e+05 6.444771e-01 6.444771e-01 9.772499e-01 1.351078e+01 4.516363e+01 0.000000e+00 -1.000000e+00 1.586553e-01 0.000000e+00 2.353705e+01
1.708543e+01 -1.000000e+00 0.000000e+00 -1.000000e+00 -1.000000e+00 2.000000e+02 5.000000e-01 -1.000000e+00 -1.000000e+00 5.645460e+01 0.000000e+00 -1.000000e+00 0.000000e+00 2.275013e-02 1.600000e+03 2.516326e+01 0.000000e+00 -9.990070e+05 3.000000e+00 -1.000000e+00 1.004931e+00 -1.0 0.000000e+00 0.000000e+00 -1.000000e+00 8.413447e-01 -1.000000e+00 -9.990070e+05 6.365238e-01 6.365238e-01 9.772499e-01 1.233490e+01 3.795537e+01 0.000000e+00 -1.000000e+00 1.586553e-01 0.000000e+00 2.082062e+01
1.487061e+01 -1.000000e+00 0.000000e+00 -1.000000e+00 -1.000000e+00 4.000000e+02 5.000000e-01 -1.000000e+00 -1.000000e+00 4.994651e+01 0.000000e+00 -1.000000e+00 0.000000e+00 2.275013e-02 1.600000e+03 2.195159e+01 0.000000e+00 -9.990070e+05 3.000000e+00 -1.000000e+00 1.005164e+00 -1.0 0.000000e+00 0.000000e+00 -1.000000e+00 8.413447e-01 -1.000000e+00 -9.990070e+05 6.208224e-01 6.208224e-01 9.772499e-01 1.069797e+01 3.330271e+01 0.000000e+00 -1.000000e+00 1.586553e-01 0.000000e+00 1.810486e+01
1.809612e+01 -1.000000e+00 0.000000e+00 -1.000000e+00 -1.000000e+00 6.000000e+02 5.000000e-01 -1.000000e+00 -1.000000e+00 6.738891e+01 0.000000e+00 -1.000000e+00 0.000000e+00 2.275013e-02 1.600000e+03 2.728954e+01 0.000000e+00 -9.990070e+05 3.000000e+00 -1.000000e+00 1.004835e+00 -1.0 0.000000e+00 0.000000e+00 -1.000000e+00 8.413447e-01 -1.000000e+00 -9.990070e+05 6.404757e-01 6.404757e-01 9.772499e-01 1.279998e+01 4.288284e+01 0.000000e+00 -1.000000e+00 1.586553e-01 0.000000e+00 2.248734e+01
2.251240e+01 -1.000000e+00 0.000000e+00 -1.000000e+00 -1.000000e+00 8.000000e+02 5.000000e-01 -1.000000e+00 -1.000000e+00 7.395705e+01 0.000000e+00 -1.000000e+00 0.000000e+00 2.275013e-02 1.600000e+03 3.315090e+01 0.000000e+00 -9.990070e+05 3.000000e+00 -1.000000e+00 1.004224e+00 -1.0 0.000000e+00 0.000000e+00 -1.000000e+00 8.413447e-01 -1.000000e+00 -9.990070e+05 6.612933e-01 6.612933e-01 9.772499e-01 1.625993e+01 4.989891e+01 0.000000e+00 -1.000000e+00 1.586553e-01 0.000000e+00 2.741458e+01
1.547958e+01 -1.000000e+00 0.000000e+00 -1.000000e+00 -1.000000e+00 3.500000e+02 5.000000e-01 -1.000000e+00 -1.000000e+00 5.062318e+01 0.000000e+00 -1.000000e+00 0.000000e+00 2.275013e-02 1.650000e+03 2.275246e+01 0.000000e+00 -9.990070e+05 3.000000e+00 -1.000000e+00 1.005102e+00 -1.0 0.000000e+00 0.000000e+00 -1.000000e+00 8.413447e-01 -1.000000e+00 -9.990070e+05 6.266616e-01 6.266616e-01 9.772499e-01 1.117166e+01 3.421334e+01 0.000000e+00 -1.000000e+00 1.586553e-01 0.000000e+00 1.882961e+01
1.656449e+01 -1.000000e+00 0.000000e+00 -1.000000e+00 -1.000000e+00 5.500000e+02 5.000000e-01 -1.000000e+00 -1.000000e+00 5.484832e+01 0.000000e+00 -1.000000e+00 0.000000e+00 2.275013e-02 1.650000e+03 2.439603e+01 0.000000e+00 -9.990070e+05 3.000000e+00 -1.000000e+00 1.004995e+00 -1.0 0.000000e+00 0.000000e+00 -1.000000e+00 8.413447e-01 -1.000000e+00 -9.990070e+05 6.333292e-01 6.333292e-01 9.772499e-01 1.195509e+01 3.682351e+01 0.000000e+00 -1.000000e+00 1.586553e-01 0.000000e+00 2.017998e+01
2.817439e+01 -1.000000e+00 0.000000e+00 -1.000000e+00 -1.000000e+00 7.500000e+02 5.000000e-01 -1.000000e+00 -1.000000e+00 1.095918e+02 0.000000e+00 -1.000000e+00 0.000000e+00 2.275013e-02 1.650000e+03 4.255594e+01 0.000000e+00 -9.990070e+05 3.000000e+00 -1.000000e+00 1.003672e+00 -1.0 0.000000e+00 0.000000e+00 -1.000000e+00 8.413447e-01 -1.000000e+00 -9.990070e+05 6.760970e-01 6.760970e-01 9.772499e-01 1.999337e+01 6.807190e+01 0.000000e+00 -1.000000e+00 1.586553e-01 0.000000e+00 3.499725e+01
2.942559e+01 -1.000000e+00 0.000000e+00 -1.000000e+00 -1.000000e+00 1.000000e+02 5.000000e-01 -1.000000e+00 -1.000000e+00 9.695094e+01 0.000000e+00 -1.000000e+00 0.000000e+00 2.275013e-02 1.700000e+03 4.335404e+01 0.000000e+00 -9.990070e+05 3.000000e+00 -1.000000e+00 1.003459e+00 -1.0 0.000000e+00 0.000000e+00 -1.000000e+00 8.413447e-01 -1.000000e+00 -9.990070e+05 6.814459e-01 6.814459e-01 9.772499e-01 2.124573e+01 6.533108e+01 0.000000e+00 -1.000000e+00 1.586553e-01 0.000000e+00 3.585659e+01
2.368849e+01 -1.000000e+00 0.000000e+00 -1.000000e+00 -1.000000e+00 3.000000e+02 5.000000e-01 -1.000000e+00 -1.000000e+00 7.993998e+01 0.000000e+00 -1.000000e+00 0.000000e+00 2.275013e-02 1.700000e+03 3.497313e+01 0.000000e+00 -9.990070e+05 3.000000e+00 -1.000000e+00 1.004118e+00 -1.0 0.000000e+00 0.000000e+00 -1.000000e+00 8.413447e-01 -1.000000e+00 -9.990070e+05 6.642845e-01 6.642845e-01 9.772499e-01 1.702960e+01 5.315833e+01 0.000000e+00 -1.000000e+00 1.586553e-01 0.000000e+00 2.884555e+01
2.262244e+01 -1.000000e+00 0.000000e+00 -1.000000e+00 -1.000000e+00 5.000000e+02 5.000000e-01 -1.000000e+00 -1.000000e+00 7.466099e+01 0.000000e+00 -1.000000e+00 0.000000e+00 2.275013e-02 1.700000e+03 3.333849e+01 0.000000e+00 -9.990070e+05 3.000000e+00 -1.000000e+00 1.004222e+00 -1.0 0.000000e+00 0.000000e+00 -1.000000e+00 8.413447e-01 -1.000000e+00 -9.990070e+05 6.613450e-01 6.613450e-01 9.772499e-01 1.632176e+01 5.027329e+01 0.000000e+00 -1.000000e+00 1.586553e-01 0.000000e+00 2.754950e+01
2.565777e+01 -1.000000e+00 0.000000e+00 -1.000000e+00 -1.000000e+00 7.000000e+02 5.000000e-01 -1.000000e+00 -1.000000e+00 8.982190e+01 0.000000e+00 -1.000000e+00 0.000000e+00 2.275013e-02 1.700000e+03 3.810663e+01 0.000000e+00 -9.990070e+05 3.000000e+00 -1.000000e+00 1.003940e+00 -1.0 0.000000e+00 0.000000e+00 -1.000000e+00 8.413447e-01 -1.000000e+00 -9.990070e+05 6.691356e-01 6.691356e-01 9.772499e-01 1.828585e+01 5.879513e+01 0.000000e+00 -1.000000e+00 1.586553e-01 0.000000e+00 3.130019e+01
3.656413e+01 -1.000000e+00 0.000000e+00 -1.000000e+00 -1.000000e+00 9.000000e+02 5.000000e-01 -1.000000e+00 -1.000000e+00 1.238834e+02 0.000000e+00 -1.000000e+00 0.000000e+00 2.275013e-02 1.700000e+03 5.396548e+01 0.000000e+00 -9.990070e+05 3.000000e+00 -1.000000e+00 1.002921e+00 -1.0 0.000000e+00 0.000000e+00 -1.000000e+00 8.413447e-01 -1.000000e+00 -9.990070e+05 6.945125e-01 6.945125e-01 9.772499e-01 2.627101e+01 8.209162e+01 0.000000e+00 -1.000000e+00 1.586553e-01 0.000000e+00 4.448407e+01
3.408674e+01 -1.000000e+00 0.000000e+00 -1.000000e+00 -1.000000e+00 2.500000e+02 5.000000e-01 -1.000000e+00 -1.000000e+00 1.219315e+02 0.000000e+00 -1.000000e+00 0.000000e+00 2.275013e-02 1.750000e+03 5.064708e+01 0.000000e+00 -9.990070e+05 3.000000e+00 -1.000000e+00 1.003098e+00 -1.0 0.000000e+00 0.000000e+00 -1.000000e+00 8.413447e-01 -1.000000e+00 -9.990070e+05 6.902639e-01 6.902639e-01 9.772499e-01 2.431018e+01 7.871546e+01 0.000000e+00 -1.000000e+00 1.586553e-01 0.000000e+00 4.173416e+01
3.004455e+01 -1.000000e+00 0.000000e+00 -1.000000e+00 -1.000000e+00 4.500000e+02 5.000000e-01 -1.000000e+00 -1.000000e+00 9.838615e+01 0.000000e+00 -1.000000e+00 0.000000e+00 2.275013e-02 1.750000e+03 4.414726e+01 0.000000e+00 -9.990070e+05 3.000000e+00 -1.000000e+00 1.003394e+00 -1.0 0.000000e+00 0.000000e+00 -1.000000e+00 8.413447e-01 -1.000000e+00 -9.990070e+05 6.830469e-01 6.830469e-01 9.772499e-01 2.167455e+01 6.641507e+01 0.000000e+00 -1.000000e+00 1.586553e-01 0.000000e+00 3.653820e+01
3.085647e+01 -1.000000e+00 0.000000e+00 -1.000000e+00 -1.000000e+00 5.000000e+01 5.000000e-01 -1.000000e+00 -1.000000e+00 1.015575e+02 0.000000e+00 -1.000000e+00 0.000000e+00 2.275013e-02 1.750000e+03 4.545231e+01 0.000000e+00 -9.990070e+05 3.000000e+00 -1.000000e+00 1.003330e+00 -1.0 0.000000e+00 0.000000e+00 -1.000000e+00 8.413447e-01 -1.000000e+00 -9.990070e+05 6.846234e-01 6.846234e-01 9.772499e-01 2.227614e+01 6.846295e+01 0.000000e+00 -1.000000e+00 1.586553e-01 0.000000e+00 3.757665e+01
2.611812e+01 -1.000000e+00 0.000000e+00 -1.000000e+00 -1.000000e+00 6.500000e+02 5.000000e-01 -1.000000e+00 -1.000000e+00 8.596981e+01 0.000000e+00 -1.000000e+00 0.000000e+00 2.275013e-02 1.750000e+03 3.846196e+01 0.000000e+00 -9.990070e+05 3.000000e+00 -1.000000e+00 1.003802e+00 -1.0 0.000000e+00 0.000000e+00 -1.000000e+00 8.413447e-01 -1.000000e+00 -9.990070e+05 6.727595e-01 6.727595e-01 9.772499e-01 1.885683e+01 5.791613e+01 0.000000e+00 -1.000000e+00 1.586553e-01 0.000000e+00 3.178962e+01
4.126740e+01 -1.000000e+00 0.000000e+00 -1.000000e+00 -1.000000e+00 8.500000e+02 5.000000e-01 -1.000000e+00 -1.000000e+00 1.411370e+02 0.000000e+00 -1.000000e+00 0.000000e+00 2.275013e-02 1.750000e+03 6.088210e+01 0.000000e+00 -9.990070e+05 3.000000e+00 -1.000000e+00 1.002602e+00 -1.0 0.000000e+00 0.000000e+00 -1.000000e+00 8.413447e-01 -1.000000e+00 -9.990070e+05 7.021666e-01 7.021666e-01 9.772499e-01 2.965942e+01 9.306634e+01 0.000000e+00 -1.000000e+00 1.586553e-01 0.000000e+00 5.038228e+01
4.461252e+01 -1.000000e+00 0.000000e+00 -1.000000e+00 -1.000000e+00 0.000000e+00 5.000000e-01 -1.000000e+00 -1.000000e+00 1.495835e+02 0.000000e+00 -1.000000e+00 0.000000e+00 2.275013e-02 1.800000e+03 6.576789e+01 0.000000e+00 -9.990070e+05 3.000000e+00 -1.000000e+00 1.002421e+00 -1.0 0.000000e+00 0.000000e+00 -1.000000e+00 8.413447e-01 -1.000000e+00 -9.990070e+05 7.065006e-01 7.065006e-01 9.772499e-01 3.213977e+01 9.972625e+01 0.000000e+00 -1.000000e+00 1.586553e-01 0.000000e+00 5.438612e+01
3.300057e+01 -1.000000e+00 0.000000e+00 -1.000000e+00 -1.000000e+00 2.000000e+02 5.000000e-01 -1.000000e+00 -1.000000e+00 1.110505e+02 0.000000e+00 -1.000000e+00 0.000000e+00 2.275013e-02 1.800000e+03 4.859340e+01 0.000000e+00 -9.990070e+05 3.000000e+00 -1.000000e+00 1.003161e+00 -1.0 0.000000e+00 0.000000e+00 -1.000000e+00 8.413447e-01 -1.000000e+00 -9.990070e+05 6.887368e-01 6.887368e-01 9.772499e-01 2.378048e+01 7.374331e+01 0.000000e+00 -1.000000e+00 1.586553e-01 0.000000e+00 4.014468e+01
3.926686e+01 -1.000000e+00 0.000000e+00 -1.000000e+00 -1.000000e+00 4.000000e+02 5.000000e-01 -1.000000e+00 -1.000000e+00 1.298997e+02 0.000000e+00 -1.000000e+00 0.000000e+00 2.275013e-02 1.800000e+03 5.780492e+01 0.000000e+00 -9.990070e+05 3.000000e+00 -1.000000e+00 1.002706e+00 -1.0 0.000000e+00 0.000000e+00 -1.000000e+00 8.413447e-01 -1.000000e+00 -9.990070e+05 6.996639e-01 6.996639e-01 9.772499e-01 2.835228e+01 8.718030e+01 0.000000e+00 -1.000000e+00 1.586553e-01 0.000000e+00 4.780329e+01
3.667771e+01 -1.000000e+00 0.000000e+00 -1.000000e+00 -1.000000e+00 6.000000e+02 5.000000e-01 -1.000000e+00 -1.000000e+00 1.242051e+02 0.000000e+00 -1.000000e+00 0.000000e+00 2.275013e-02 1.800000e+03 5.408730e+01 0.000000e+00 -9.990070e+05 3.000000e+00 -1.000000e+00 1.002892e+00 -1.0 0.000000e+00 0.000000e+00 -1.000000e+00 8.413447e-01 -1.000000e+00 -9.990070e+05 6.952119e-01 6.952119e-01 9.772499e-01 2.638451e+01 8.230862e+01 0.000000e+00 -1.000000e+00 1.586553e-01 0.000000e+00 4.471304e+01
4.275450e+01 -1.000000e+00 0.000000e+00 -1.000000e+00 -1.000000e+00 8.000000e+02 5.000000e-01 -1.000000e+00 -1.000000e+00 1.400555e+02 0.000000e+00 -1.000000e+00 0.000000e+00 2.275013e-02 1.800000e+03 6.286110e+01 0.000000e+00 -9.990070e+05 3.000000e+00 -1.000000e+00 1.002508e+00 -1.0 0.000000e+00 0.000000e+00 -1.000000e+00 8.413447e-01 -1.000000e+00 -9.990070e+05 7.044088e-01 7.044088e-01 9.772499e-01 3.082657e+01 9.458626e+01 0.000000e+00 -1.000000e+00 1.586553e-01 0.000000e+00 5.198499e+01
4.277734e+01 -1.000000e+00 0.000000e+00 -1.000000e+00 -1.000000e+00 1.500000e+02 5.000000e-01 -1.000000e+00 -1.000000e+00 1.430101e+02 0.000000e+00 -1.000000e+00 0.000000e+00 2.275013e-02 1.850000e+03 6.310423e+01 0.000000e+00 -9.990070e+05 3.000000e+00 -1.000000e+00 1.002529e+00 -1.0 0.000000e+00 0.000000e+00 -1.000000e+00 8.413447e-01 -1.000000e+00 -9.990070e+05 7.039128e-01 7.039128e-01 9.772499e-01 3.080381e+01 9.556691e+01 0.000000e+00 -1.000000e+00 1.586553e-01 0.000000e+00 5.207586e+01
4.141730e+01 -1.000000e+00 0.000000e+00 -1.000000e+00 -1.000000e+00 3.500000e+02 5.000000e-01 -1.000000e+00 -1.000000e+00 1.372014e+02 0.000000e+00 -1.000000e+00 0.000000e+00 2.275013e-02 1.850000e+03 6.106440e+01 0.000000e+00 -9.990070e+05 3.000000e+00 -1.000000e+00 1.002592e+00 -1.0 0.000000e+00 0.000000e+00 -1.000000e+00 8.413447e-01 -1.000000e+00 -9.990070e+05 7.023917e-01 7.023917e-01 9.772499e-01 2.986627e+01 9.219814e+01 0.000000e+00 -1.000000e+00 1.586553e-01 0.000000e+00 5.044053e+01
4.032558e+01 -1.000000e+00 0.000000e+00 -1.000000e+00 -1.000000e+00 5.500000e+02 5.000000e-01 -1.000000e+00 -1.000000e+00 1.315519e+02 0.000000e+00 -1.000000e+00 0.000000e+00 2.275013e-02 1.850000e+03 5.921274e+01 0.000000e+00 -9.990070e+05 3.000000e+00 -1.000000e+00 1.002634e+00 -1.0 0.000000e+00 0.000000e+00 -1.000000e+00 8.413447e-01 -1.000000e+00 -9.990070e+05 7.013855e-01 7.013855e-01 9.772499e-01 2.909072e+01 8.898454e+01 0.000000e+00 -1.000000e+00 1.586553e-01 0.000000e+00 4.902028e+01
3.868988e+01 -1.000000e+00 0.000000e+00 -1.000000e+00 -1.000000e+00 7.500000e+02 5.000000e-01 -1.000000e+00 -1.000000e+00 1.313232e+02 0.000000e+00 -1.000000e+00 0.000000e+00 2.275013e-02 1.850000e+03 5.700864e+01 0.000000e+00 -9.990070e+05 3.000000e+00 -1.000000e+00 1.002774e+00 -1.0 0.000000e+00 0.000000e+00 -1.000000e+00 8.413447e-01 -1.000000e+00 -9.990070e+05 6.980284e-01 6.980284e-01 9.772499e-01 2.782015e+01 8.682605e+01 0.000000e+00 -1.000000e+00 1.586553e-01 0.000000e+00 4.701581e+01
6.463246e+01 -1.000000e+00 0.000000e+00 -1.000000e+00 -1.000000e+00 1.000000e+02 5.000000e-01 -1.000000e+00 -1.000000e+00 2.161354e+02 0.000000e+00 -1.000000e+00 0.000000e+00 2.275013e-02 1.900000e+03 9.524244e+01 0.000000e+00 -9.990070e+05 3.000000e+00 -1.000000e+00 1.001707e+00 -1.0 0.000000e+00 0.000000e+00 -1.000000e+00 8.413447e-01 -1.000000e+00 -9.990070e+05 7.242646e-01 7.242646e-01 9.772499e-01 4.660169e+01 1.442577e+02 0.000000e+00 -1.000000e+00 1.586553e-01 0.000000e+00 7.879108e+01
5.882636e+01 -1.000000e+00 0.000000e+00 -1.000000e+00 -1.000000e+00 3.000000e+02 5.000000e-01 -1.000000e+00 -1.000000e+00 1.944890e+02 0.000000e+00 -1.000000e+00 0.000000e+00 2.275013e-02 1.900000e+03 8.673842e+01 0.000000e+00 -9.990070e+05 3.000000e+00 -1.000000e+00 1.001875e+00 -1.0 0.000000e+00 0.000000e+00 -1.000000e+00 8.413447e-01 -1.000000e+00 -9.990070e+05 7.199590e-01 7.199590e-01 9.772499e-01 4.241419e+01 1.309038e+02 0.000000e+00 -1.000000e+00 1.586553e-01 0.000000e+00 7.163890e+01
5.022494e+01 -1.000000e+00 0.000000e+00 -1.000000e+00 -1.000000e+00 5.000000e+02 5.000000e-01 -1.000000e+00 -1.000000e+00 1.657380e+02 0.000000e+00 -1.000000e+00 0.000000e+00 2.275013e-02 1.900000e+03 7.396393e+01 0.000000e+00 -9.990070e+05 3.000000e+00 -1.000000e+00 1.002160e+00 -1.0 0.000000e+00 0.000000e+00 -1.000000e+00 8.413447e-01 -1.000000e+00 -9.990070e+05 7.128438e-01 7.128438e-01 9.772499e-01 3.627078e+01 1.114712e+02 0.000000e+00 -1.000000e+00 1.586553e-01 0.000000e+00 6.117045e+01
4.892792e+01 -1.000000e+00 0.000000e+00 -1.000000e+00 -1.000000e+00 7.000000e+02 5.000000e-01 -1.000000e+00 -1.000000e+00 1.599309e+02 0.000000e+00 -1.000000e+00 0.000000e+00 2.275013e-02 1.900000e+03 7.188368e+01 0.000000e+00 -9.990070e+05 3.000000e+00 -1.000000e+00 1.002210e+00 -1.0 0.000000e+00 0.000000e+00 -1.000000e+00 8.413447e-01 -1.000000e+00 -9.990070e+05 7.116270e-01 7.116270e-01 9.772499e-01 3.530549e+01 1.080761e+02 0.000000e+00 -1.000000e+00 1.586553e-01 0.000000e+00 5.949099e+01
7.029168e+01 -1.000000e+00 0.000000e+00 -1.000000e+00 -1.000000e+00 9.000000e+02 5.000000e-01 -1.000000e+00 -1.000000e+00 2.680218e+02 0.000000e+00 -1.000000e+00 0.000000e+00 2.275013e-02 1.900000e+03 1.065162e+02 0.000000e+00 -9.990070e+05 3.000000e+00 -1.000000e+00 1.001605e+00 -1.0 0.000000e+00 0.000000e+00 -1.000000e+00 8.413447e-01 -1.000000e+00 -9.990070e+05 7.269592e-01 7.269592e-01 9.772499e-01 4.986096e+01 1.687699e+02 0.000000e+00 -1.000000e+00 1.586553e-01 0.000000e+00 8.777672e+01
6.281291e+01 -1.000000e+00 0.000000e+00 -1.000000e+00 -1.000000e+00 2.500000e+02 5.000000e-01 -1.000000e+00 -1.000000e+00 2.052646e+02 0.000000e+00 -1.000000e+00 0.000000e+00 2.275013e-02 1.950000e+03 9.232085e+01 0.000000e+00 -9.990070e+05 3.000000e+00 -1.000000e+00 1.001750e+00 -1.0 0.000000e+00 0.000000e+00 -1.000000e+00 8.413447e-01 -1.000000e+00 -9.990070e+05 7.231320e-01 7.231320e-01 9.772499e-01 4.531540e+01 1.387903e+02 0.000000e+00 -1.000000e+00 1.586553e-01 0.000000e+00 7.634752e+01
6.772159e+01 -1.000000e+00 0.000000e+00 -1.000000e+00 -1.000000e+00 4.500000e+02 5.000000e-01 -1.000000e+00 -1.000000e+00 2.327485e+02 0.000000e+00 -1.000000e+00 0.000000e+00 2.275013e-02 1.950000e+03 1.003062e+02 0.000000e+00 -9.990070e+05 3.000000e+00 -1.000000e+00 1.001668e+00 -1.0 0.000000e+00 0.000000e+00 -1.000000e+00 8.413447e-01 -1.000000e+00 -9.990070e+05 7.252846e-01 7.252846e-01 9.772499e-01 4.846347e+01 1.536466e+02 0.000000e+00 -1.000000e+00 1.586553e-01 0.000000e+00 8.254698e+01
8.026409e+01 -1.000000e+00 0.000000e+00 -1.000000e+00 -1.000000e+00 5.000000e+01 5.000000e-01 -1.000000e+00 -1.000000e+00 2.613550e+02 0.000000e+00 -1.000000e+00 0.000000e+00 2.275013e-02 1.950000e+03 1.176968e+02 0.000000e+00 -9.990070e+05 3.000000e+00 -1.000000e+00 1.001380e+00 -1.0 0.000000e+00 0.000000e+00 -1.000000e+00 8.413447e-01 -1.000000e+00 -9.990070e+05 7.329878e-01 7.329878e-01 9.772499e-01 5.781646e+01 1.768268e+02 0.000000e+00 -1.000000e+00 1.586553e-01 0.000000e+00 9.739451e+01
5.831818e+01 -1.000000e+00 0.000000e+00 -1.000000e+00 -1.000000e+00 6.500000e+02 5.000000e-01 -1.000000e+00 -1.000000e+00 1.922038e+02 0.000000e+00 -1.000000e+00 0.000000e+00 2.275013e-02 1.950000e+03 8.586025e+01 0.000000e+00 -9.990070e+05 3.000000e+00 -1.000000e+00 1.001874e+00 -1.0 0.000000e+00 0.000000e+00 -1.000000e+00 8.413447e-01 -1.000000e+00 -9.990070e+05 7.199825e-01 7.199825e-01 9.772499e-01 4.212795e+01 1.293740e+02 0.000000e+00 -1.000000e+00 1.586553e-01 0.000000e+00 7.105626e+01
6.350462e+01 -1.000000e+00 0.000000e+00 -1.000000e+00 -1.000000e+00 8.500000e+02 5.000000e-01 -1.000000e+00 -1.000000e+00 2.101210e+02 0.000000e+00 -1.000000e+00 0.000000e+00 2.275013e-02 1.950000e+03 9.359218e+01 0.000000e+00 -9.990070e+05 3.000000e+00 -1.000000e+00 1.001738e+00 -1.0 0.000000e+00 0.000000e+00 -1.000000e+00 8.413447e-01 -1.000000e+00 -9.990070e+05 7.234397e-01 7.234397e-01 9.772499e-01 4.582051e+01 1.411956e+02 0.000000e+00 -1.000000e+00 1.586553e-01 0.000000e+00 7.732326e+01
1.021272e+02 -1.000000e+00 0.000000e+00 -1.000000e+00 -1.000000e+00 0.000000e+00 5.000000e-01 -1.000000e+00 -1.000000e+00 3.345334e+02 0.000000e+00 -1.000000e+00 0.000000e+00 2.275013e-02 2.000000e+03 1.501173e+02 0.000000e+00 -9.990070e+05 3.000000e+00 -1.000000e+00 1.001088e+00 -1.0 0.000000e+00 0.000000e+00 -1.000000e+00 8.413447e-01 -1.000000e+00 -9.990070e+05 7.413385e-01 7.413385e-01 9.772499e-01 7.368338e+01 2.258414e+02 0.000000e+00 -1.000000e+00 1.586553e-01 0.000000e+00 1.242174e+02
9.215330e+01 -1.000000e+00 0.000000e+00 -1.000000e+00 -1.000000e+00 2.000000e+02 5.000000e-01 -1.000000e+00 -1.000000e+00 2.993777e+02 0.000000e+00 -1.000000e+00 0.000000e+00 2.275013e-02 2.000000e+03 1.352805e+02 0.000000e+00 -9.990070e+05 3.000000e+00 -1.000000e+00 1.001204e+00 -1.0 0.000000e+00 0.000000e+00 -1.000000e+00 8.413447e-01 -1.000000e+00 -9.990070e+05 7.379321e-01 7.379321e-01 9.772499e-01 6.658575e+01 2.029134e+02 0.000000e+00 -1.000000e+00 1.586553e-01 0.000000e+00 1.119718e+02
9.512685e+01 -1.000000e+00 0.000000e+00 -1.000000e+00 -1.000000e+00 4.000000e+02 5.000000e-01 -1.000000e+00 -1.000000e+00 3.135522e+02 0.000000e+00 -1.000000e+00 0.000000e+00 2.275013e-02 2.000000e+03 1.398413e+02 0.000000e+00 -9.990070e+05 3.000000e+00 -1.000000e+00 1.001170e+00 -1.0 0.000000e+00 0.000000e+00 -1.000000e+00 8.413447e-01 -1.000000e+00 -9.990070e+05 7.389313e-01 7.389313e-01 9.772499e-01 6.864236e+01 2.108465e+02 0.000000e+00 -1.000000e+00 1.586553e-01 0.000000e+00 1.157499e+02
7.294506e+01 -1.000000e+00 0.000000e+00 -1.000000e+00 -1.000000e+00 6.000000e+02 5.000000e-01 -1.000000e+00 -1.000000e+00 2.392888e+02 0.000000e+00 -1.000000e+00 0.000000e+00 2.275013e-02 2.000000e+03 1.072267e+02 0.000000e+00 -9.990070e+05 3.000000e+00 -1.000000e+00 1.001513e+00 -1.0 0.000000e+00 0.000000e+00 -1.000000e+00 8.413447e-01 -1.000000e+00 -9.990070e+05 7.293511e-01 7.293511e-01 9.772499e-01 5.263061e+01 1.613642e+02 0.000000e+00 -1.000000e+00 1.586553e-01 0.000000e+00 8.871075e+01
8.387192e+01 -1.000000e+00 0.000000e+00 -1.000000e+00 -1.000000e+00 8.000000e+02 5.000000e-01 -1.000000e+00 -1.000000e+00 2.752178e+02 0.000000e+00 -1.000000e+00 0.000000e+00 2.275013e-02 2.000000e+03 1.234865e+02 0.000000e+00 -9.990070e+05 3.000000e+00 -1.000000e+00 1.001324e+00 -1.0 0.000000e+00 0.000000e+00 -1.000000e+00 8.413447e-01 -1.000000e+00 -9.990070e+05 7.345406e-01 7.345406e-01 9.772499e-01 6.056435e+01 1.858311e+02 0.000000e+00 -1.000000e+00 1.586553e-01 0.000000e+00 1.021028e+02
-1.000000e+00 -1.000000e+00 4.000000e+03 -1.000000e+00 -1.000000e+00 1.750000e+02 3.591251e-01 -1.000000e+00 -1.000000e+00 -1.000000e+00 0.000000e+00 -1.000000e+00 1.000000e+00 4.886487e-03 2.250000e+02 -1.000000e+00 1.000000e+00 -9.990070e+05 2.000000e+00 -1.000000e+00 6.905524e-01 -1.0 0.000000e+00 0.000000e+00 -1.000000e+00 7.812701e-01 -1.000000e+00 -9.990070e+05 3.190853e-01 3.190853e-01 9.683775e-01 -1.000000e+00 -1.000000e+00 0.000000e+00 -1.000000e+00 6.740044e-02 1.000000e+00 -1.000000e+00
-1.000000e+00 -1.000000e+00 0.000000e+00 -1.000000e+00 -1.000000e+00 3.870000e+02 4.182623e-01 -1.000000e+00 -1.000000e+00 -1.000000e+00 0.000000e+00 -1.000000e+00 0.000000e+00 8.642880e-03 4.120000e+02 -1.000000e+00 0.000000e+00 -9.990070e+05 3.000000e+00 -1.000000e+00 8.500261e-01 -1.0 0.000000e+00 0.000000e+00 -1.000000e+00 8.090499e-01 -1.000000e+00 -9.990070e+05 4.499075e-01 4.499075e-01 9.725210e-01 -1.000000e+00 -1.000000e+00 0.000000e+00 -1.000000e+00 9.633857e-02 0.000000e+00 -1.000000e+00
8.582466e-01 -1.000000e+00 0.000000e+00 -1.000000e+00 -1.000000e+00 3.750000e+02 7.679968e-02 -1.000000e+00 -1.000000e+00 1.000000e+02 0.000000e+00 -1.000000e+00 0.000000e+00 1.638629e-04 4.250000e+02 3.653626e+00 0.000000e+00 -9.990070e+05 3.000000e+00 -1.000000e+00 1.035231e-01 -1.0 0.000000e+00 0.000000e+00 -1.000000e+00 4.292427e-01 -1.000000e+00 -9.990070e+05 4.028369e-02 4.028369e-02 8.922483e-01 8.452853e-01 1.000000e+02 0.000000e+00 -1.000000e+00 5.621615e-03 0.000000e+00 1.142194e+00
6.901429e-01 -1.000000e+00 0.000000e+00 -1.000000e+00 -1.000000e+00 4.500000e+02 8.916104e-02 -1.000000e+00 -1.000000e+00 1.433854e+01 0.000000e+00 -1.000000e+00 0.000000e+00 2.164571e-04 5.500000e+02 1.393763e+00 0.000000e+00 -9.990070e+05 3.000000e+00 -1.000000e+00 1.138220e-01 -1.0 0.000000e+00 0.000000e+00 -1.000000e+00 4.655009e-01 -1.000000e+00 -9.990070e+05 4.201745e-02 4.201745e-02 9.043276e-01 4.362430e-01 3.687766e+00 0.000000e+00 -1.000000e+00 6.954518e-03 0.000000e+00 1.057484e+00
1.435437e+02 -1.000000e+00 0.000000e+00 -1.000000e+00 -1.000000e+00 0.000000e+00 3.530246e-01 -1.000000e+00 -1.000000e+00 1.927642e+02 0.000000e+00 -1.000000e+00 0.000000e+00 4.620425e-03 6.000000e+02 1.539772e+02 0.000000e+00 -9.990070e+05 3.000000e+00 -1.000000e+00 6.929022e-01 -1.0 0.000000e+00 0.000000e+00 -1.000000e+00 7.781015e-01 -1.000000e+00 -9.990070e+05 3.342058e-01 3.342058e-01 9.678993e-01 1.339714e+02 1.702098e+02 0.000000e+00 -1.000000e+00 6.495252e-02 0.000000e+00 1.579101e+02
3.444299e-01 -1.000000e+00 0.000000e+00 -1.000000e+00 -1.000000e+00 5.870000e+02 6.656508e-03 -1.000000e+00 -1.000000e+00 2.063374e+00 0.000000e+00 -1.000000e+00 0.000000e+00 2.434294e-06 6.120000e+02 5.516304e-01 0.000000e+00 -9.990070e+05 3.000000e+00 -1.000000e+00 5.694431e-03 -1.0 0.000000e+00 0.000000e+00 -1.000000e+00 8.660647e-02 -1.000000e+00 -9.990070e+05 2.016476e-03 2.016476e-03 4.721023e-01 2.321195e-01 1.003054e+00 0.000000e+00 -1.000000e+00 2.043663e-04 0.000000e+00 4.490830e-01
1.521094e-01 -1.000000e+00 0.000000e+00 -1.000000e+00 -1.000000e+00 5.750000e+02 5.089849e-06 -1.000000e+00 -1.000000e+00 6.173099e-01 0.000000e+00 -1.000000e+00 0.000000e+00 5.343025e-11 6.250000e+02 2.314753e-01 0.000000e+00 -9.990070e+05 3.000000e+00 -1.000000e+00 2.348189e-06 -1.0 0.000000e+00 0.000000e+00 -1.000000e+00 3.693749e-04 -1.000000e+00 -9.990070e+05 8.397422e-07 8.397422e-07 1.043564e-02 1.073817e-01 3.736035e-01 0.000000e+00 -1.000000e+00 2.681566e-08 0.000000e+00 1.884633e-01
6.861872e-01 -1.000000e+00 0.000000e+00 -1.000000e+00 -1.000000e+00 5.500000e+02 6.228641e-02 -1.000000e+00 -1.000000e+00 3.163326e+00 0.000000e+00 -1.000000e+00 0.000000e+00 1.115407e-04 6.500000e+02 1.060059e+00 0.000000e+00 -9.990070e+05 3.000000e+00 -1.000000e+00 6.423855e-02 -1.0 0.000000e+00 0.000000e+00 -1.000000e+00 3.807026e-01 -1.000000e+00 -9.990070e+05 2.118039e-02 2.118039e-02 8.726360e-01 4.746480e-01 1.770040e+00 0.000000e+00 -1.000000e+00 4.183089e-03 0.000000e+00 8.619093e-01
5.131351e+00 -1.000000e+00 0.000000e+00 -1.000000e+00 -1.000000e+00 5.000000e+02 4.446318e-01 -1.000000e+00 -1.000000e+00 7.662506e+01 0.000000e+00 -1.000000e+00 0.000000e+00 1.144827e-02 7.000000e+02 1.087675e+01 0.000000e+00 -9.990070e+05 3.000000e+00 -1.000000e+00 8.563429e-01 -1.0 0.000000e+00 0.000000e+00 -1.000000e+00 8.200812e-01 -1.000000e+00 -9.990070e+05 3.511818e-01 3.511818e-01 9.741454e-01 3.118710e+00 2.968934e+01 0.000000e+00 -1.000000e+00 1.130657e-01 0.000000e+00 8.253562e+00
7.249822e-01 -1.000000e+00 0.000000e+00 -1.000000e+00 -1.000000e+00 6.870000e+02 7.237304e-02 -1.000000e+00 -1.000000e+00 3.018440e+00 0.000000e+00 -1.000000e+00 0.000000e+00 1.468392e-04 7.120000e+02 1.112932e+00 0.000000e+00 -9.990070e+05 3.000000e+00 -1.000000e+00 7.720105e-02 -1.0 0.000000e+00 0.000000e+00 -1.000000e+00 4.151703e-01 -1.000000e+00 -9.990070e+05 2.558543e-02 2.558543e-02 8.870198e-01 5.114507e-01 1.814576e+00 0.000000e+00 -1.000000e+00 5.168117e-03 0.000000e+00 9.096026e-01
5.183833e+00 -1.000000e+00 0.000000e+00 -1.000000e+00 -1.000000e+00 4.500000e+02 4.908539e-01 -1.000000e+00 -1.000000e+00 1.729976e+01 0.000000e+00 -1.000000e+00 0.000000e+00 2.008075e-02 7.500000e+02 7.648309e+00 0.000000e+00 -9.990070e+05 3.000000e+00 -1.000000e+00 9.800375e-01 -1.0 0.000000e+00 0.000000e+00 -1.000000e+00 8.379795e-01 -1.000000e+00 -9.990070e+05 4.632484e-01 4.632484e-01 9.767606e-01 3.734437e+00 1.157712e+01 0.000000e+00 -1.000000e+00 1.500093e-01 0.000000e+00 6.322256e+00
9.455109e-01 -1.000000e+00 0.000000e+00 -1.000000e+00 -1.000000e+00 6.500000e+02 1.445479e-01 -1.000000e+00 -1.000000e+00 3.972164e+00 0.000000e+00 -1.000000e+00 0.000000e+00 5.511229e-04 7.500000e+02 1.462766e+00 0.000000e+00 -9.990070e+05 3.000000e+00 -1.000000e+00 1.721948e-01 -1.0 0.000000e+00 0.000000e+00 -1.000000e+00 5.859545e-01 -1.000000e+00 -9.990070e+05 5.573346e-02 5.573346e-02 9.346269e-01 6.633807e-01 2.389424e+00 0.000000e+00 -1.000000e+00 1.409723e-02 0.000000e+00 1.187962e+00
1.471868e+00 -1.000000e+00 0.000000e+00 -1.000000e+00 -1.000000e+00 0.000000e+00 2.850326e-01 -1.000000e+00 -1.000000e+00 6.984246e+00 0.000000e+00 -1.000000e+00 0.000000e+00 2.495077e-03 8.000000e+02 2.335425e+00 0.000000e+00 -9.990070e+05 3.000000e+00 -1.000000e+00 4.191914e-01 -1.0 0.000000e+00 0.000000e+00 -1.000000e+00 7.372550e-01 -1.000000e+00 -9.990070e+05 1.376998e-01 1.376998e-01 9.616061e-01 1.009925e+00 3.980894e+00 0.000000e+00 -1.000000e+00 4.254267e-02 0.000000e+00 1.881524e+00
4.795533e+00 -1.000000e+00 0.000000e+00 -1.000000e+00 -1.000000e+00 6.000000e+02 4.831745e-01 -1.000000e+00 -1.000000e+00 2.396662e+01 0.000000e+00 -1.000000e+00 0.000000e+00 1.815252e-02 8.000000e+02 7.690250e+00 0.000000e+00 -9.990070e+05 3.000000e+00 -1.000000e+00 9.601657e-01 -1.0 0.000000e+00 0.000000e+00 -1.000000e+00 8.351132e-01 -1.000000e+00 -9.990070e+05 4.284100e-01 4.284100e-01 9.763433e-01 3.332406e+00 1.336255e+01 0.000000e+00 -1.000000e+00 1.431115e-01 0.000000e+00 6.221728e+00
1.556070e+00 -1.000000e+00 0.000000e+00 -1.000000e+00 -1.000000e+00 7.870000e+02 3.207012e-01 -1.000000e+00 -1.000000e+00 5.469353e+00 0.000000e+00 -1.000000e+00 0.000000e+00 3.446926e-03 8.120000e+02 2.302566e+00 0.000000e+00 -9.990070e+05 3.000000e+00 -1.000000e+00 4.877519e-01 -1.0 0.000000e+00 0.000000e+00 -1.000000e+00 7.600889e-01 -1.000000e+00 -9.990070e+05 1.560770e-01 1.560770e-01 9.651555e-01 1.109909e+00 3.556389e+00 0.000000e+00 -1.000000e+00 5.328774e-02 0.000000e+00 1.894009e+00
7.639916e-01 -1.000000e+00 0.000000e+00 -1.000000e+00 -1.000000e+00 7.750000e+02 8.025066e-02 -1.000000e+00 -1.000000e+00 2.664816e+00 0.000000e+00 -1.000000e+00 0.000000e+00 1.777917e-04 8.250000e+02 1.132550e+00 0.000000e+00 -9.990070e+05 3.000000e+00 -1.000000e+00 8.286030e-02 -1.0 0.000000e+00 0.000000e+00 -1.000000e+00 4.398009e-01 -1.000000e+00 -9.990070e+05 2.640334e-02 2.640334e-02 8.959603e-01 5.439782e-01 1.744421e+00 0.000000e+00 -1.000000e+00 5.983942e-03 0.000000e+00 9.318900e-01
8.601154e+00 -1.000000e+00 0.000000e+00 -1.000000e+00 -1.000000e+00 5.500000e+02 4.956105e-01 -1.000000e+00 -1.000000e+00 7.110560e+01 0.000000e+00 -1.000000e+00 0.000000e+00 2.141377e-02 8.500000e+02 1.575001e+01 0.000000e+00 -9.990070e+05 3.000000e+00 -1.000000e+00 9.914017e-01 -1.0 0.000000e+00 0.000000e+00 -1.000000e+00 8.397360e-01 -1.000000e+00 -9.990070e+05 5.020240e-01 5.020240e-01 9.770161e-01 5.454383e+00 3.387209e+01 0.000000e+00 -1.000000e+00 1.544463e-01 0.000000e+00 1.234160e+01
2.052058e+00 -1.000000e+00 0.000000e+00 -1.000000e+00 -1.000000e+00 7.500000e+02 3.682645e-01 -1.000000e+00 -1.000000e+00 1.175681e+01 0.000000e+00 -1.000000e+00 0.000000e+00 5.317625e-03 8.500000e+02 3.392672e+00 0.000000e+00 -9.990070e+05 3.000000e+00 -1.000000e+00 6.206132e-01 -1.0 0.000000e+00 0.000000e+00 -1.000000e+00 7.858968e-01 -1.000000e+00 -9.990070e+05 2.134438e-01 2.134438e-01 9.690735e-01 1.348189e+00 6.161355e+00 0.000000e+00 -1.000000e+00 7.123257e-02 0.000000e+00 2.732356e+00
4.136897e+00 -1.000000e+00 0.000000e+00 -1.000000e+00 -1.000000e+00 5.000000e+02 4.756585e-01 -1.000000e+00 -1.000000e+00 2.074500e+01 0.000000e+00 -1.000000e+00 0.000000e+00 1.649754e-02 9.000000e+02 6.697748e+00 0.000000e+00 -9.990070e+05 3.000000e+00 -1.000000e+00 9.380603e-01 -1.0 0.000000e+00 0.000000e+00 -1.000000e+00 8.322697e-01 -1.000000e+00 -9.990070e+05 3.955154e-01 3.955154e-01 9.759288e-01 2.895000e+00 1.166122e+01 0.000000e+00 -1.000000e+00 1.366692e-01 0.000000e+00 5.381712e+00
3.449629e+00 -1.000000e+00 0.000000e+00 -1.000000e+00 -1.000000e+00 7.000000e+02 4.475555e-01 -1.000000e+00 -1.000000e+00 2.609914e+01 0.000000e+00 -1.000000e+00 0.000000e+00 1.182824e-02 9.000000e+02 6.104850e+00 0.000000e+00 -9.990070e+05 3.000000e+00 -1.000000e+00 8.515064e-01 -1.0 0.000000e+00 0.000000e+00 -1.000000e+00 8.212636e-01 -1.000000e+00 -9.990070e+05 3.229513e-01 3.229513e-01 9.743189e-01 2.268318e+00 1.229010e+01 0.000000e+00 -1.000000e+00 1.150977e-01 0.000000e+00 4.782847e+00
4.585464e+00 -1.000000e+00 0.000000e+00 -1.000000e+00 -1.000000e+00 8.870000e+02 4.771754e-01 -1.000000e+00 -1.000000e+00 2.767124e+01 0.000000e+00 -1.000000e+00 0.000000e+00 1.681478e-02 9.120000e+02 7.658505e+00 0.000000e+00 -9.990070e+05 3.000000e+00 -1.000000e+00 9.435603e-01 -1.0 0.000000e+00 0.000000e+00 -1.000000e+00 8.328467e-01 -1.000000e+00 -9.990070e+05 4.069896e-01 4.069896e-01 9.760130e-01 3.037488e+00 1.420399e+01 0.000000e+00 -1.000000e+00 1.379453e-01 0.000000e+00 6.207440e+00
1.183958e+00 -1.000000e+00 0.000000e+00 -1.000000e+00 -1.000000e+00 8.750000e+02 2.257669e-01 -1.000000e+00 -1.000000e+00 4.274689e+00 0.000000e+00 -1.000000e+00 0.000000e+00 1.417713e-03 9.250000e+02 1.770133e+00 0.000000e+00 -9.990070e+05 3.000000e+00 -1.000000e+00 2.957279e-01 -1.0 0.000000e+00 0.000000e+00 -1.000000e+00 6.892072e-01 -1.000000e+00 -9.990070e+05 9.302399e-02 9.302399e-02 9.538031e-01 8.424641e-01 2.762194e+00 0.000000e+00 -1.000000e+00 2.835118e-02 0.000000e+00 1.452529e+00
4.134301e+00 -1.000000e+00 0.000000e+00 -1.000000e+00 -1.000000e+00 4.500000e+02 4.784767e-01 -1.000000e+00 -1.000000e+00 1.619733e+01 0.000000e+00 -1.000000e+00 0.000000e+00 1.709347e-02 9.500000e+02 6.271599e+00 0.000000e+00 -9.990070e+05 3.000000e+00 -1.000000e+00 9.461182e-01 -1.0 0.000000e+00 0.000000e+00 -1.000000e+00 8.333404e-01 -1.000000e+00 -9.990070e+05 4.043795e-01 4.043795e-01 9.760849e-01 2.925236e+00 1.004426e+01 0.000000e+00 -1.000000e+00 1.390497e-01 0.000000e+00 5.136231e+00
1.020622e+01 -1.000000e+00 0.000000e+00 -1.000000e+00 -1.000000e+00 6.500000e+02 5.000000e-01 -1.000000e+00 -1.000000e+00 5.476871e+01 0.000000e+00 -1.000000e+00 0.000000e+00 2.275013e-02 9.500000e+02 1.666848e+01 0.000000e+00 -9.990070e+05 3.000000e+00 -1.000000e+00 1.002749e+00 -1.0 0.000000e+00 0.000000e+00 -1.000000e+00 8.413447e-01 -1.000000e+00 -9.990070e+05 5.584169e-01 5.584169e-01 9.772499e-01 7.029443e+00 2.954982e+01 0.000000e+00 -1.000000e+00 1.586553e-01 0.000000e+00 1.338291e+01
2.104820e+00 -1.000000e+00 0.000000e+00 -1.000000e+00 -1.000000e+00 8.500000e+02 3.977701e-01 -1.000000e+00 -1.000000e+00 7.617035e+00 0.000000e+00 -1.000000e+00 0.000000e+00 7.041265e-03 9.500000e+02 3.154546e+00 0.000000e+00 -9.990070e+05 3.000000e+00 -1.000000e+00 6.919660e-01 -1.0 0.000000e+00 0.000000e+00 -1.000000e+00 7.999583e-01 -1.000000e+00 -9.990070e+05 2.336428e-01 2.336428e-01 9.711739e-01 1.488035e+00 4.912289e+00 0.000000e+00 -1.000000e+00 8.511746e-02 0.000000e+00 2.584759e+00
