1.945489e-01 -1.000000e+00 0.000000e+00 -1.000000e+00 -1.000000e+00 0.000000e+00 1.914420e-09 -1.000000e+00 -1.000000e+00 5.329690e-01 0.000000e+00 -1.000000e+00 0.000000e+00 1.195573e-15 1.000000e+03 2.719529e-01 0.000000e+00 -9.990070e+05 3.000000e+00 -1.000000e+00 5.358465e-10 -1.0 0.000000e+00 0.000000e+00 -1.000000e+00 5.588910e-07 -1.000000e+00 -9.990070e+05 1.920656e-10 1.920656e-10 6.204197e-05 1.438313e-01 3.850369e-01 0.000000e+00 -1.000000e+00 2.471505e-12 0.000000e+00 2.332374e-01
7.526419e-01 -1.000000e+00 4.000000e+03 -1.000000e+00 -1.000000e+00 6.000000e+02 6.623829e-02 -1.000000e+00 -1.000000e+00 2.125688e+00 0.000000e+00 -1.000000e+00 1.000000e+00 1.247963e-04 1.000000e+03 1.060186e+00 1.000000e+00 -9.990070e+05 2.000000e+00 -1.000000e+00 6.936500e-02 -1.0 0.000000e+00 0.000000e+00 -1.000000e+00 3.946236e-01 -1.000000e+00 -9.990070e+05 2.294308e-02 2.294308e-02 8.787395e-01 5.613486e-01 1.513977e+00 0.000000e+00 -1.000000e+00 4.560902e-03 1.000000e+00 9.077860e-01
4.213123e+00 -1.000000e+00 0.000000e+00 -1.000000e+00 -1.000000e+00 8.000000e+02 4.858407e-01 -1.000000e+00 -1.000000e+00 1.160669e+01 0.000000e+00 -1.000000e+00 0.000000e+00 1.879280e-02 1.000000e+03 5.891819e+00 0.000000e+00 -9.990070e+05 3.000000e+00 -1.000000e+00 9.700532e-01 -1.0 0.000000e+00 0.000000e+00 -1.000000e+00 8.361127e-01 -1.000000e+00 -9.990070e+05 4.680177e-01 4.680177e-01 9.764889e-01 3.113956e+00 8.355025e+00 0.000000e+00 -1.000000e+00 1.454697e-01 0.000000e+00 5.054136e+00
4.283243e-01 -1.000000e+00 4.000000e+03 -1.000000e+00 -1.000000e+00 5.500000e+02 1.588455e-03 -1.000000e+00 -1.000000e+00 1.175454e+00 0.000000e+00 -1.000000e+00 1.000000e+00 2.495771e-07 1.050000e+03 5.987747e-01 1.000000e+00 -9.990070e+05 3.000000e+00 -1.000000e+00 1.017383e-03 -1.0 0.000000e+00 0.000000e+00 -1.000000e+00 3.092638e-02 -1.000000e+00 -9.990070e+05 3.418855e-04 3.418855e-04 2.467965e-01 3.183056e-01 8.491009e-01 0.000000e+00 -1.000000e+00 3.210201e-05 0.000000e+00 5.127376e-01
2.699361e+00 -1.000000e+00 0.000000e+00 -1.000000e+00 -1.000000e+00 7.500000e+02 4.523964e-01 -1.000000e+00 -1.000000e+00 7.459175e+00 0.000000e+00 -1.000000e+00 0.000000e+00 1.249463e-02 1.050000e+03 3.770668e+00 0.000000e+00 -9.990070e+05 3.000000e+00 -1.000000e+00 8.734796e-01 -1.0 0.000000e+00 0.000000e+00 -1.000000e+00 8.232049e-01 -1.000000e+00 -9.990070e+05 3.519881e-01 3.519881e-01 9.746035e-01 2.001685e+00 5.366825e+00 0.000000e+00 -1.000000e+00 1.185463e-01 0.000000e+00 3.236086e+00
3.056799e-01 -1.000000e+00 0.000000e+00 -1.000000e+00 -1.000000e+00 1.000000e+02 2.618201e-05 -1.000000e+00 -1.000000e+00 8.459792e-01 0.000000e+00 -1.000000e+00 0.000000e+00 5.491939e-10 1.100000e+03 4.279284e-01 0.000000e+00 -9.990070e+05 3.000000e+00 -1.000000e+00 1.179571e-05 -1.0 0.000000e+00 0.000000e+00 -1.000000e+00 1.353624e-03 -1.000000e+00 -9.990070e+05 4.043929e-06 4.043929e-06 2.749893e-02 2.267610e-01 6.091500e-01 0.000000e+00 -1.000000e+00 1.946647e-07 0.000000e+00 3.663804e-01
2.830753e-01 -1.000000e+00 0.000000e+00 -1.000000e+00 -1.000000e+00 3.000000e+02 6.163724e-06 -1.000000e+00 -1.000000e+00 7.765722e-01 0.000000e+00 -1.000000e+00 0.000000e+00 6.998284e-11 1.100000e+03 3.951430e-01 0.000000e+00 -9.990070e+05 3.000000e+00 -1.000000e+00 2.517423e-06 -1.0 0.000000e+00 0.000000e+00 -1.000000e+00 4.304191e-04 -1.000000e+00 -9.990070e+05 8.687946e-07 8.687946e-07 1.171237e-02 2.096661e-01 5.612594e-01 0.000000e+00 -1.000000e+00 3.376634e-08 0.000000e+00 3.390959e-01
3.668033e-01 -1.000000e+00 0.000000e+00 -1.000000e+00 -1.000000e+00 5.000000e+02 2.933632e-04 -1.000000e+00 -1.000000e+00 1.008710e+00 0.000000e+00 -1.000000e+00 0.000000e+00 1.897552e-08 1.100000e+03 5.122044e-01 0.000000e+00 -9.990070e+05 3.000000e+00 -1.000000e+00 1.605834e-04 -1.0 0.000000e+00 0.000000e+00 -1.000000e+00 8.764884e-03 -1.000000e+00 -9.990070e+05 5.448317e-05 5.448317e-05 1.049978e-01 2.719512e-01 7.280257e-01 0.000000e+00 -1.000000e+00 3.817272e-06 0.000000e+00 4.394592e-01
1.326371e+00 -1.000000e+00 0.000000e+00 -1.000000e+00 -1.000000e+00 7.000000e+02 2.800367e-01 -1.000000e+00 -1.000000e+00 3.675990e+00 0.000000e+00 -1.000000e+00 0.000000e+00 2.383329e-03 1.100000e+03 1.854816e+00 0.000000e+00 -9.990070e+05 3.000000e+00 -1.000000e+00 4.111453e-01 -1.0 0.000000e+00 0.000000e+00 -1.000000e+00 7.337518e-01 -1.000000e+00 -9.990070e+05 1.360414e-01 1.360414e-01 9.610535e-01 9.844193e-01 2.641397e+00 0.000000e+00 -1.000000e+00 4.118640e-02 0.000000e+00 1.590830e+00
6.056192e+00 -1.000000e+00 0.000000e+00 -1.000000e+00 -1.000000e+00 9.000000e+02 4.967963e-01 -1.000000e+00 -1.000000e+00 1.675147e+01 0.000000e+00 -1.000000e+00 0.000000e+00 2.176429e-02 1.100000e+03 8.474831e+00 0.000000e+00 -9.990070e+05 3.000000e+00 -1.000000e+00 9.944897e-01 -1.0 0.000000e+00 0.000000e+00 -1.000000e+00 8.401717e-01 -1.000000e+00 -9.990070e+05 5.423555e-01 5.423555e-01 9.770794e-01 4.474043e+00 1.205551e+01 0.000000e+00 -1.000000e+00 1.555724e-01 0.000000e+00 7.267007e+00
3.433252e-01 -1.000000e+00 0.000000e+00 -1.000000e+00 -1.000000e+00 2.500000e+02 1.197798e-04 -1.000000e+00 -1.000000e+00 9.407007e-01 0.000000e+00 -1.000000e+00 0.000000e+00 5.017932e-09 1.150000e+03 4.796228e-01 0.000000e+00 -9.990070e+05 3.000000e+00 -1.000000e+00 6.031291e-05 -1.0 0.000000e+00 0.000000e+00 -1.000000e+00 4.419212e-03 -1.000000e+00 -9.990070e+05 2.049867e-05 2.049867e-05 6.480854e-02 2.536868e-01 6.801729e-01 0.000000e+00 -1.000000e+00 1.256102e-06 0.000000e+00 4.114212e-01
3.890837e-01 -1.000000e+00 4.000000e+03 -1.000000e+00 -1.000000e+00 4.500000e+02 5.641624e-04 -1.000000e+00 -1.000000e+00 1.065756e+00 0.000000e+00 -1.000000e+00 1.000000e+00 5.085836e-08 1.150000e+03 5.430662e-01 1.000000e+00 -9.990070e+05 3.000000e+00 -1.000000e+00 3.249359e-04 -1.0 0.000000e+00 0.000000e+00 -1.000000e+00 1.435388e-02 -1.000000e+00 -9.990070e+05 1.095743e-04 1.095743e-04 1.475354e-01 2.880152e-01 7.707029e-01 0.000000e+00 -1.000000e+00 8.655940e-06 0.000000e+00 4.660553e-01
4.357660e-01 -1.000000e+00 0.000000e+00 -1.000000e+00 -1.000000e+00 5.000000e+01 1.909085e-03 -1.000000e+00 -1.000000e+00 1.198407e+00 0.000000e+00 -1.000000e+00 0.000000e+00 3.325079e-07 1.150000e+03 6.087205e-01 0.000000e+00 -9.990070e+05 3.000000e+00 -1.000000e+00 1.240367e-03 -1.0 0.000000e+00 0.000000e+00 -1.000000e+00 3.537641e-02 -1.000000e+00 -9.990070e+05 4.156166e-04 4.156166e-04 2.694798e-01 3.229868e-01 8.653063e-01 0.000000e+00 -1.000000e+00 4.060271e-05 0.000000e+00 5.220613e-01
7.466273e-01 -1.000000e+00 0.000000e+00 -1.000000e+00 -1.000000e+00 6.500000e+02 6.326808e-02 -1.000000e+00 -1.000000e+00 2.065501e+00 0.000000e+00 -1.000000e+00 0.000000e+00 1.147648e-04 1.150000e+03 1.047204e+00 0.000000e+00 -9.990070e+05 3.000000e+00 -1.000000e+00 6.520989e-02 -1.0 0.000000e+00 0.000000e+00 -1.000000e+00 3.842130e-01 -1.000000e+00 -9.990070e+05 2.144885e-02 2.144885e-02 8.742157e-01 5.566435e-01 1.485062e+00 0.000000e+00 -1.000000e+00 4.275951e-03 0.000000e+00 8.966781e-01
4.412684e+00 -1.000000e+00 0.000000e+00 -1.000000e+00 -1.000000e+00 8.500000e+02 4.878438e-01 -1.000000e+00 -1.000000e+00 1.209809e+01 0.000000e+00 -1.000000e+00 0.000000e+00 1.929380e-02 1.150000e+03 6.168062e+00 0.000000e+00 -9.990070e+05 3.000000e+00 -1.000000e+00 9.749755e-01 -1.0 0.000000e+00 0.000000e+00 -1.000000e+00 8.368605e-01 -1.000000e+00 -9.990070e+05 4.787145e-01 4.787145e-01 9.765978e-01 3.265741e+00 8.731517e+00 0.000000e+00 -1.000000e+00 1.472668e-01 0.000000e+00 5.292217e+00
6.075936e-01 -1.000000e+00 4.000000e+03 -1.000000e+00 -1.000000e+00 0.000000e+00 2.323792e-02 -1.000000e+00 -1.000000e+00 1.679533e+00 0.000000e+00 -1.000000e+00 1.000000e+00 1.959176e-05 1.200000e+03 8.499569e-01 1.000000e+00 -9.990070e+05 2.000000e+00 -1.000000e+00 2.044672e-02 -1.0 0.000000e+00 0.000000e+00 -1.000000e+00 2.039706e-01 -1.000000e+00 -9.990070e+05 6.751465e-03 6.751465e-03 7.293824e-01 4.504805e-01 1.209926e+00 0.000000e+00 -1.000000e+00 1.077403e-03 1.000000e+00 7.281935e-01
4.923668e-01 -1.000000e+00 0.000000e+00 -1.000000e+00 -1.000000e+00 2.000000e+02 5.523013e-03 -1.000000e+00 -1.000000e+00 1.352880e+00 0.000000e+00 -1.000000e+00 0.000000e+00 1.798569e-06 1.200000e+03 6.888842e-01 0.000000e+00 -9.990070e+05 3.000000e+00 -1.000000e+00 4.031299e-03 -1.0 0.000000e+00 0.000000e+00 -1.000000e+00 7.592371e-02 -1.000000e+00 -9.990070e+05 1.341833e-03 1.341833e-03 4.363657e-01 3.635894e-01 9.763450e-01 0.000000e+00 -1.000000e+00 1.601152e-04 0.000000e+00 5.904788e-01
4.543915e-01 -1.000000e+00 0.000000e+00 -1.000000e+00 -1.000000e+00 4.000000e+02 2.776462e-03 -1.000000e+00 -1.000000e+00 1.246963e+00 0.000000e+00 -1.000000e+00 0.000000e+00 5.992434e-07 1.200000e+03 6.347759e-01 0.000000e+00 -9.990070e+05 3.000000e+00 -1.000000e+00 1.876033e-03 -1.0 0.000000e+00 0.000000e+00 -1.000000e+00 4.643011e-02 -1.000000e+00 -9.990070e+05 6.271015e-04 6.271015e-04 3.211540e-01 3.360171e-01 9.010652e-01 0.000000e+00 -1.000000e+00 6.566754e-05 0.000000e+00 5.445160e-01
6.228565e-01 -1.000000e+00 0.000000e+00 -1.000000e+00 -1.000000e+00 6.000000e+02 2.621158e-02 -1.000000e+00 -1.000000e+00 1.708070e+00 0.000000e+00 -1.000000e+00 0.000000e+00 2.410165e-05 1.200000e+03 8.691777e-01 0.000000e+00 -9.990070e+05 3.000000e+00 -1.000000e+00 2.350246e-02 -1.0 0.000000e+00 0.000000e+00 -1.000000e+00 2.208688e-01 -1.000000e+00 -9.990070e+05 7.761845e-03 7.761845e-03 7.515240e-01 4.617805e-01 1.234365e+00 0.000000e+00 -1.000000e+00 1.268326e-03 0.000000e+00 7.459640e-01
2.311123e+00 -1.000000e+00 0.000000e+00 -1.000000e+00 -1.000000e+00 8.000000e+02 4.312618e-01 -1.000000e+00 -1.000000e+00 6.389370e+00 0.000000e+00 -1.000000e+00 0.000000e+00 9.899626e-03 1.200000e+03 3.233768e+00 0.000000e+00 -9.990070e+05 3.000000e+00 -1.000000e+00 8.075554e-01 -1.0 0.000000e+00 0.000000e+00 -1.000000e+00 8.145742e-01 -1.000000e+00 -9.990070e+05 3.061704e-01 3.061704e-01 9.733358e-01 1.716952e+00 4.598502e+00 0.000000e+00 -1.000000e+00 1.042373e-01 0.000000e+00 2.770937e+00
6.631452e-01 -1.000000e+00 4.000000e+03 -1.000000e+00 -1.000000e+00 1.500000e+02 3.689912e-02 -1.000000e+00 -1.000000e+00 1.830849e+00 0.000000e+00 -1.000000e+00 1.000000e+00 4.372868e-05 1.250000e+03 9.271728e-01 1.000000e+00 -9.990070e+05 3.000000e+00 -1.000000e+00 3.476177e-02 -1.0 0.000000e+00 0.000000e+00 -1.000000e+00 2.757512e-01 -1.000000e+00 -9.990070e+05 1.144595e-02 1.144595e-02 8.075824e-01 4.912986e-01 1.319958e+00 0.000000e+00 -1.000000e+00 2.022955e-03 0.000000e+00 7.948960e-01
5.816002e-01 -1.000000e+00 4.000000e+03 -1.000000e+00 -1.000000e+00 3.500000e+02 1.775535e-02 -1.000000e+00 -1.000000e+00 1.599715e+00 0.000000e+00 -1.000000e+00 1.000000e+00 1.238612e-05 1.250000e+03 8.129392e-01 1.000000e+00 -9.990070e+05 3.000000e+00 -1.000000e+00 1.503915e-02 -1.0 0.000000e+00 0.000000e+00 -1.000000e+00 1.703576e-01 -1.000000e+00 -9.990070e+05 4.972697e-03 4.972697e-03 6.763001e-01 4.301004e-01 1.155018e+00 0.000000e+00 -1.000000e+00 7.498338e-04 0.000000e+00 6.971264e-01
6.282676e-01 -1.000000e+00 0.000000e+00 -1.000000e+00 -1.000000e+00 5.500000e+02 2.770558e-02 -1.000000e+00 -1.000000e+00 1.729095e+00 0.000000e+00 -1.000000e+00 0.000000e+00 2.652497e-05 1.250000e+03 8.777239e-01 0.000000e+00 -9.990070e+05 3.000000e+00 -1.000000e+00 2.503521e-02 -1.0 0.000000e+00 0.000000e+00 -1.000000e+00 2.290587e-01 -1.000000e+00 -9.990070e+05 8.263712e-03 8.263712e-03 7.613200e-01 4.657869e-01 1.247838e+00 0.000000e+00 -1.000000e+00 1.367535e-03 0.000000e+00 7.527451e-01
1.210422e+00 -1.000000e+00 0.000000e+00 -1.000000e+00 -1.000000e+00 7.500000e+02 2.438532e-01 -1.000000e+00 -1.000000e+00 3.330922e+00 0.000000e+00 -1.000000e+00 0.000000e+00 1.695260e-03 1.250000e+03 1.697157e+00 0.000000e+00 -9.990070e+05 3.000000e+00 -1.000000e+00 3.390962e-01 -1.0 0.000000e+00 0.000000e+00 -1.000000e+00 7.055534e-01 -1.000000e+00 -9.990070e+05 1.113039e-01 1.113039e-01 9.565162e-01 9.019777e-01 2.404168e+00 0.000000e+00 -1.000000e+00 3.227620e-02 0.000000e+00 1.452640e+00
9.354607e-01 -1.000000e+00 0.000000e+00 -1.000000e+00 -1.000000e+00 1.000000e+02 1.366955e-01 -1.000000e+00 -1.000000e+00 2.578926e+00 0.000000e+00 -1.000000e+00 0.000000e+00 4.930261e-04 1.300000e+03 1.310114e+00 0.000000e+00 -9.990070e+05 3.000000e+00 -1.000000e+00 1.624106e-01 -1.0 0.000000e+00 0.000000e+00 -1.000000e+00 5.721897e-01 -1.000000e+00 -9.990070e+05 5.305845e-02 5.305845e-02 9.317100e-01 6.949240e-01 1.860763e+00 0.000000e+00 -1.000000e+00 1.296753e-02 0.000000e+00 1.120461e+00
7.821999e-01 -1.000000e+00 4.000000e+03 -1.000000e+00 -1.000000e+00 3.000000e+02 7.578922e-02 -1.000000e+00 -1.000000e+00 2.156901e+00 0.000000e+00 -1.000000e+00 1.000000e+00 1.598938e-04 1.300000e+03 1.095023e+00 1.000000e+00 -9.990070e+05 2.000000e+00 -1.000000e+00 8.029427e-02 -1.0 0.000000e+00 0.000000e+00 -1.000000e+00 4.260838e-01 -1.000000e+00 -9.990070e+05 2.631091e-02 2.631091e-02 8.911036e-01 5.807973e-01 1.555904e+00 0.000000e+00 -1.000000e+00 5.516976e-03 1.000000e+00 9.369643e-01
7.483400e-01 -1.000000e+00 0.000000e+00 -1.000000e+00 -1.000000e+00 5.000000e+02 6.335914e-02 -1.000000e+00 -1.000000e+00 2.052401e+00 0.000000e+00 -1.000000e+00 0.000000e+00 1.150662e-04 1.300000e+03 1.046239e+00 0.000000e+00 -9.990070e+05 3.000000e+00 -1.000000e+00 6.507267e-02 -1.0 0.000000e+00 0.000000e+00 -1.000000e+00 3.845368e-01 -1.000000e+00 -9.990070e+05 2.134572e-02 2.134572e-02 8.743600e-01 5.559022e-01 1.483746e+00 0.000000e+00 -1.000000e+00 4.284598e-03 0.000000e+00 8.957919e-01
9.785404e-01 -1.000000e+00 0.000000e+00 -1.000000e+00 -1.000000e+00 7.000000e+02 1.546218e-01 -1.000000e+00 -1.000000e+00 2.684671e+00 0.000000e+00 -1.000000e+00 0.000000e+00 6.313568e-04 1.300000e+03 1.370058e+00 0.000000e+00 -9.990070e+05 3.000000e+00 -1.000000e+00 1.889453e-01 -1.0 0.000000e+00 0.000000e+00 -1.000000e+00 6.023726e-01 -1.000000e+00 -9.990070e+05 6.172478e-02 6.172478e-02 9.379731e-01 7.284936e-01 1.940202e+00 0.000000e+00 -1.000000e+00 1.560523e-02 0.000000e+00 1.172575e+00
3.428169e+00 -1.000000e+00 0.000000e+00 -1.000000e+00 -1.000000e+00 9.000000e+02 4.742333e-01 -1.000000e+00 -1.000000e+00 9.495475e+00 0.000000e+00 -1.000000e+00 0.000000e+00 1.620672e-02 1.300000e+03 4.790873e+00 0.000000e+00 -9.990070e+05 3.000000e+00 -1.000000e+00 9.388913e-01 -1.0 0.000000e+00 0.000000e+00 -1.000000e+00 8.317261e-01 -1.000000e+00 -9.990070e+05 4.176571e-01 4.176571e-01 9.758495e-01 2.536335e+00 6.818213e+00 0.000000e+00 -1.000000e+00 1.354812e-01 0.000000e+00 4.113266e+00
1.077602e+00 -1.000000e+00 0.000000e+00 -1.000000e+00 -1.000000e+00 2.500000e+02 1.946079e-01 -1.000000e+00 -1.000000e+00 2.970817e+00 0.000000e+00 -1.000000e+00 0.000000e+00 1.020566e-03 1.350000e+03 1.511259e+00 0.000000e+00 -9.990070e+05 3.000000e+00 -1.000000e+00 2.520708e-01 -1.0 0.000000e+00 0.000000e+00 -1.000000e+00 6.563815e-01 -1.000000e+00 -9.990070e+05 8.236592e-02 8.236592e-02 9.481322e-01 8.018988e-01 2.143880e+00 0.000000e+00 -1.000000e+00 2.228429e-02 0.000000e+00 1.292537e+00
9.228704e-01 -1.000000e+00 4.000000e+03 -1.000000e+00 -1.000000e+00 4.500000e+02 1.323191e-01 -1.000000e+00 -1.000000e+00 2.552475e+00 0.000000e+00 -1.000000e+00 1.000000e+00 4.622743e-04 1.350000e+03 1.297150e+00 1.000000e+00 -9.990070e+05 2.000000e+00 -1.000000e+00 1.561231e-01 -1.0 0.000000e+00 0.000000e+00 -1.000000e+00 5.641187e-01 -1.000000e+00 -9.990070e+05 5.101479e-02 5.101479e-02 9.299481e-01 6.880864e-01 1.839428e+00 0.000000e+00 -1.000000e+00 1.235503e-02 1.000000e+00 1.109637e+00
1.281375e+00 -1.000000e+00 0.000000e+00 -1.000000e+00 -1.000000e+00 5.000000e+01 2.662832e-01 -1.000000e+00 -1.000000e+00 3.524564e+00 0.000000e+00 -1.000000e+00 0.000000e+00 2.098210e-03 1.350000e+03 1.791336e+00 0.000000e+00 -9.990070e+05 3.000000e+00 -1.000000e+00 3.825035e-01 -1.0 0.000000e+00 0.000000e+00 -1.000000e+00 7.236529e-01 -1.000000e+00 -9.990070e+05 1.259488e-01 1.259488e-01 9.594476e-01 9.503881e-01 2.545264e+00 0.000000e+00 -1.000000e+00 3.761853e-02 0.000000e+00 1.535142e+00
1.147209e+00 -1.000000e+00 0.000000e+00 -1.000000e+00 -1.000000e+00 6.500000e+02 2.209906e-01 -1.000000e+00 -1.000000e+00 3.149326e+00 0.000000e+00 -1.000000e+00 0.000000e+00 1.350591e-03 1.350000e+03 1.606370e+00 0.000000e+00 -9.990070e+05 3.000000e+00 -1.000000e+00 2.972382e-01 -1.0 0.000000e+00 0.000000e+00 -1.000000e+00 6.845881e-01 -1.000000e+00 -9.990070e+05 9.727589e-02 9.727589e-02 9.530240e-01 8.534609e-01 2.276373e+00 0.000000e+00 -1.000000e+00 2.736657e-02 0.000000e+00 1.374287e+00
2.011251e+00 -1.000000e+00 0.000000e+00 -1.000000e+00 -1.000000e+00 8.500000e+02 4.056960e-01 -1.000000e+00 -1.000000e+00 5.526184e+00 0.000000e+00 -1.000000e+00 0.000000e+00 7.613265e-03 1.350000e+03 2.808491e+00 0.000000e+00 -9.990070e+05 3.000000e+00 -1.000000e+00 7.289941e-01 -1.0 0.000000e+00 0.000000e+00 -1.000000e+00 8.035341e-01 -1.000000e+00 -9.990070e+05 2.629872e-01 2.629872e-01 9.717047e-01 1.492458e+00 3.988535e+00 0.000000e+00 -1.000000e+00 8.928968e-02 0.000000e+00 2.409018e+00
1.839609e+00 -1.000000e+00 0.000000e+00 -1.000000e+00 -1.000000e+00 0.000000e+00 3.849710e-01 -1.000000e+00 -1.000000e+00 5.067605e+00 0.000000e+00 -1.000000e+00 0.000000e+00 6.223185e-03 1.400000e+03 2.572750e+00 0.000000e+00 -9.990070e+05 3.000000e+00 -1.000000e+00 6.681588e-01 -1.0 0.000000e+00 0.000000e+00 -1.000000e+00 7.940118e-01 -1.000000e+00 -9.990070e+05 2.344290e-01 2.344290e-01 9.702883e-01 1.364746e+00 3.656740e+00 0.000000e+00 -1.000000e+00 7.879180e-02 0.000000e+00 2.203973e+00
1.474145e+00 -1.000000e+00 0.000000e+00 -1.000000e+00 -1.000000e+00 2.000000e+02 3.190437e-01 -1.000000e+00 -1.000000e+00 4.056560e+00 0.000000e+00 -1.000000e+00 0.000000e+00 3.395784e-03 1.400000e+03 2.060770e+00 0.000000e+00 -9.990070e+05 3.000000e+00 -1.000000e+00 4.968535e-01 -1.0 0.000000e+00 0.000000e+00 -1.000000e+00 7.591032e-01 -1.000000e+00 -9.990070e+05 1.662038e-01 1.662038e-01 9.650040e-01 1.093292e+00 2.928711e+00 0.000000e+00 -1.000000e+00 5.274310e-02 0.000000e+00 1.765951e+00
1.269679e+00 -1.000000e+00 0.000000e+00 -1.000000e+00 -1.000000e+00 4.000000e+02 2.621262e-01 -1.000000e+00 -1.000000e+00 3.482564e+00 0.000000e+00 -1.000000e+00 0.000000e+00 2.018057e-03 1.400000e+03 1.774560e+00 0.000000e+00 -9.990070e+05 3.000000e+00 -1.000000e+00 3.742319e-01 -1.0 0.000000e+00 0.000000e+00 -1.000000e+00 7.204597e-01 -1.000000e+00 -9.990070e+05 1.231313e-01 1.231313e-01 9.589355e-01 9.379186e-01 2.517448e+00 0.000000e+00 -1.000000e+00 3.658561e-02 0.000000e+00 1.521842e+00
1.257911e+00 -1.000000e+00 0.000000e+00 -1.000000e+00 -1.000000e+00 6.000000e+02 2.600540e-01 -1.000000e+00 -1.000000e+00 3.471455e+00 0.000000e+00 -1.000000e+00 0.000000e+00 1.979080e-03 1.400000e+03 1.767841e+00 0.000000e+00 -9.990070e+05 3.000000e+00 -1.000000e+00 3.701595e-01 -1.0 0.000000e+00 0.000000e+00 -1.000000e+00 7.188419e-01 -1.000000e+00 -9.990070e+05 1.217538e-01 1.217538e-01 9.586753e-01 9.390293e-01 2.503957e+00 0.000000e+00 -1.000000e+00 3.607825e-02 0.000000e+00 1.513025e+00
1.740892e+00 -1.000000e+00 0.000000e+00 -1.000000e+00 -1.000000e+00 8.000000e+02 3.708290e-01 -1.000000e+00 -1.000000e+00 4.782393e+00 0.000000e+00 -1.000000e+00 0.000000e+00 5.446216e-03 1.400000e+03 2.431718e+00 0.000000e+00 -9.990070e+05 3.000000e+00 -1.000000e+00 6.285288e-01 -1.0 0.000000e+00 0.000000e+00 -1.000000e+00 7.871704e-01 -1.000000e+00 -9.990070e+05 2.173675e-01 2.173675e-01 9.692647e-01 1.291097e+00 3.454330e+00 0.000000e+00 -1.000000e+00 7.234502e-02 0.000000e+00 2.085144e+00
2.151503e+00 -1.000000e+00 0.000000e+00 -1.000000e+00 -1.000000e+00 1.500000e+02 4.185414e-01 -1.000000e+00 -1.000000e+00 5.931545e+00 0.000000e+00 -1.000000e+00 0.000000e+00 8.667668e-03 1.450000e+03 3.009637e+00 0.000000e+00 -9.990070e+05 3.000000e+00 -1.000000e+00 7.679933e-01 -1.0 0.000000e+00 0.000000e+00 -1.000000e+00 8.091704e-01 -1.000000e+00 -9.990070e+05 2.831944e-01 2.831944e-01 9.725388e-01 1.596207e+00 4.278579e+00 0.000000e+00 -1.000000e+00 9.650150e-02 0.000000e+00 2.577852e+00
1.691872e+00 -1.000000e+00 0.000000e+00 -1.000000e+00 -1.000000e+00 3.500000e+02 3.626957e-01 -1.000000e+00 -1.000000e+00 4.662624e+00 0.000000e+00 -1.000000e+00 0.000000e+00 5.050070e-03 1.450000e+03 2.366542e+00 0.000000e+00 -9.990070e+05 3.000000e+00 -1.000000e+00 6.064373e-01 -1.0 0.000000e+00 0.000000e+00 -1.000000e+00 7.830944e-01 -1.000000e+00 -9.990070e+05 2.082484e-01 2.082484e-01 9.686522e-01 1.254911e+00 3.364458e+00 0.000000e+00 -1.000000e+00 6.887347e-02 0.000000e+00 2.027244e+00
1.564041e+00 -1.000000e+00 0.000000e+00 -1.000000e+00 -1.000000e+00 5.500000e+02 3.388718e-01 -1.000000e+00 -1.000000e+00 4.292062e+00 0.000000e+00 -1.000000e+00 0.000000e+00 4.061880e-03 1.450000e+03 2.183471e+00 0.000000e+00 -9.990070e+05 3.000000e+00 -1.000000e+00 5.448169e-01 -1.0 0.000000e+00 0.000000e+00 -1.000000e+00 7.704823e-01 -1.000000e+00 -9.990070e+05 1.840646e-01 1.840646e-01 9.667441e-01 1.158465e+00 3.101886e+00 0.000000e+00 -1.000000e+00 5.958841e-02 0.000000e+00 1.873602e+00
1.766587e+00 -1.000000e+00 0.000000e+00 -1.000000e+00 -1.000000e+00 7.500000e+02 3.747481e-01 -1.000000e+00 -1.000000e+00 4.845473e+00 0.000000e+00 -1.000000e+00 0.000000e+00 5.649661e-03 1.450000e+03 2.466647e+00 0.000000e+00 -9.990070e+05 3.000000e+00 -1.000000e+00 6.393243e-01 -1.0 0.000000e+00 0.000000e+00 -1.000000e+00 7.890965e-01 -1.000000e+00 -9.990070e+05 2.218957e-01 2.218957e-01 9.695534e-01 1.309825e+00 3.502793e+00 0.000000e+00 -1.000000e+00 7.407775e-02 0.000000e+00 2.115600e+00
2.911809e+00 -1.000000e+00 0.000000e+00 -1.000000e+00 -1.000000e+00 0.000000e+00 4.602653e-01 -1.000000e+00 -1.000000e+00 8.015946e+00 0.000000e+00 -1.000000e+00 0.000000e+00 1.368763e-02 1.500000e+03 4.068561e+00 0.000000e+00 -9.990070e+05 3.000000e+00 -1.000000e+00 8.976112e-01 -1.0 0.000000e+00 0.000000e+00 -1.000000e+00 8.263186e-01 -1.000000e+00 -9.990070e+05 3.726350e-01 3.726350e-01 9.750594e-01 2.156293e+00 5.786424e+00 0.000000e+00 -1.000000e+00 1.243821e-01 0.000000e+00 3.489845e+00
2.798300e+00 -1.000000e+00 0.000000e+00 -1.000000e+00 -1.000000e+00 1.000000e+02 4.560683e-01 -1.000000e+00 -1.000000e+00 7.727865e+00 0.000000e+00 -1.000000e+00 0.000000e+00 1.303345e-02 1.500000e+03 3.912263e+00 0.000000e+00 -9.990070e+05 3.000000e+00 -1.000000e+00 8.847662e-01 -1.0 0.000000e+00 0.000000e+00 -1.000000e+00 8.246642e-01 -1.000000e+00 -9.990070e+05 3.612248e-01 3.612248e-01 9.748173e-01 2.072819e+00 5.570632e+00 0.000000e+00 -1.000000e+00 1.212333e-01 0.000000e+00 3.354559e+00
2.330093e+00 -1.000000e+00 0.000000e+00 -1.000000e+00 -1.000000e+00 3.000000e+02 4.321894e-01 -1.000000e+00 -1.000000e+00 6.404263e+00 0.000000e+00 -1.000000e+00 0.000000e+00 9.997977e-03 1.500000e+03 3.256487e+00 0.000000e+00 -9.990070e+05 3.000000e+00 -1.000000e+00 8.103117e-01 -1.0 0.000000e+00 0.000000e+00 -1.000000e+00 8.149618e-01 -1.000000e+00 -9.990070e+05 3.076767e-01 3.076767e-01 9.733929e-01 1.727857e+00 4.626701e+00 0.000000e+00 -1.000000e+00 1.048260e-01 0.000000e+00 2.791552e+00
2.095062e+00 -1.000000e+00 0.000000e+00 -1.000000e+00 -1.000000e+00 5.000000e+02 4.135842e-01 -1.000000e+00 -1.000000e+00 5.755086e+00 0.000000e+00 -1.000000e+00 0.000000e+00 8.240411e-03 1.500000e+03 2.927179e+00 0.000000e+00 -9.990070e+05 3.000000e+00 -1.000000e+00 7.527910e-01 -1.0 0.000000e+00 0.000000e+00 -1.000000e+00 8.070176e-01 -1.000000e+00 -9.990070e+05 2.750482e-01 2.750482e-01 9.722206e-01 1.553587e+00 4.158179e+00 0.000000e+00 -1.000000e+00 9.364985e-02 0.000000e+00 2.509393e+00
2.094280e+00 -1.000000e+00 0.000000e+00 -1.000000e+00 -1.000000e+00 7.000000e+02 4.134621e-01 -1.000000e+00 -1.000000e+00 5.767850e+00 0.000000e+00 -1.000000e+00 0.000000e+00 8.230230e-03 1.500000e+03 2.927420e+00 0.000000e+00 -9.990070e+05 3.000000e+00 -1.000000e+00 7.524087e-01 -1.0 0.000000e+00 0.000000e+00 -1.000000e+00 8.069643e-01 -1.000000e+00 -9.990070e+05 2.748370e-01 2.748370e-01 9.722127e-01 1.552696e+00 4.162335e+00 0.000000e+00 -1.000000e+00 9.358076e-02 0.000000e+00 2.509357e+00
2.763299e+00 -1.000000e+00 0.000000e+00 -1.000000e+00 -1.000000e+00 9.000000e+02 4.548934e-01 -1.000000e+00 -1.000000e+00 7.592623e+00 0.000000e+00 -1.000000e+00 0.000000e+00 1.285775e-02 1.500000e+03 3.858734e+00 0.000000e+00 -9.990070e+05 3.000000e+00 -1.000000e+00 8.811482e-01 -1.0 0.000000e+00 0.000000e+00 -1.000000e+00 8.241984e-01 -1.000000e+00 -9.990070e+05 3.581690e-01 3.581690e-01 9.747491e-01 2.046192e+00 5.482944e+00 0.000000e+00 -1.000000e+00 1.203667e-01 0.000000e+00 3.310986e+00
3.082146e+00 -1.000000e+00 0.000000e+00 -1.000000e+00 -1.000000e+00 2.500000e+02 4.656665e-01 -1.000000e+00 -1.000000e+00 8.466751e+00 0.000000e+00 -1.000000e+00 0.000000e+00 1.459525e-02 1.550000e+03 4.304805e+00 0.000000e+00 -9.990070e+05 3.000000e+00 -1.000000e+00 9.138912e-01 -1.0 0.000000e+00 0.000000e+00 -1.000000e+00 8.284271e-01 -1.000000e+00 -9.990070e+05 3.885689e-01 3.885689e-01 9.753677e-01 2.282025e+00 6.116906e+00 0.000000e+00 -1.000000e+00 1.285588e-01 0.000000e+00 3.693430e+00
2.766572e+00 -1.000000e+00 0.000000e+00 -1.000000e+00 -1.000000e+00 4.500000e+02 4.549517e-01 -1.000000e+00 -1.000000e+00 7.606747e+00 0.000000e+00 -1.000000e+00 0.000000e+00 1.286639e-02 1.550000e+03 3.864485e+00 0.000000e+00 -9.990070e+05 3.000000e+00 -1.000000e+00 8.813237e-01 -1.0 0.000000e+00 0.000000e+00 -1.000000e+00 8.242216e-01 -1.000000e+00 -9.990070e+05 3.583068e-01 3.583068e-01 9.747525e-01 2.050019e+00 5.493978e+00 0.000000e+00 -1.000000e+00 1.204096e-01 0.000000e+00 3.314974e+00
3.738606e+00 -1.000000e+00 0.000000e+00 -1.000000e+00 -1.000000e+00 5.000000e+01 4.795846e-01 -1.000000e+00 -1.000000e+00 1.027364e+01 0.000000e+00 -1.000000e+00 0.000000e+00 1.733564e-02 1.550000e+03 5.229197e+00 0.000000e+00 -9.990070e+05 3.000000e+00 -1.000000e+00 9.537268e-01 -1.0 0.000000e+00 0.000000e+00 -1.000000e+00 8.337599e-01 -1.000000e+00 -9.990070e+05 4.387687e-01 4.387687e-01 9.761461e-01 2.758062e+00 7.416842e+00 0.000000e+00 -1.000000e+00 1.399970e-01 0.000000e+00 4.482999e+00
2.625150e+00 -1.000000e+00 0.000000e+00 -1.000000e+00 -1.000000e+00 6.500000e+02 4.488572e-01 -1.000000e+00 -1.000000e+00 7.216386e+00 0.000000e+00 -1.000000e+00 0.000000e+00 1.200275e-02 1.550000e+03 3.666069e+00 0.000000e+00 -9.990070e+05 3.000000e+00 -1.000000e+00 8.624208e-01 -1.0 0.000000e+00 0.000000e+00 -1.000000e+00 8.217876e-01 -1.000000e+00 -9.990070e+05 3.432244e-01 3.432244e-01 9.743958e-01 1.945156e+00 5.211714e+00 0.000000e+00 -1.000000e+00 1.160147e-01 0.000000e+00 3.145370e+00
2.932131e+00 -1.000000e+00 0.000000e+00 -1.000000e+00 -1.000000e+00 8.500000e+02 4.610548e-01 -1.000000e+00 -1.000000e+00 8.059150e+00 0.000000e+00 -1.000000e+00 0.000000e+00 1.381552e-02 1.550000e+03 4.094654e+00 0.000000e+00 -9.990070e+05 3.000000e+00 -1.000000e+00 9.000152e-01 -1.0 0.000000e+00 0.000000e+00 -1.000000e+00 8.266282e-01 -1.000000e+00 -9.990070e+05 3.748881e-01 3.748881e-01 9.751047e-01 2.171426e+00 5.819537e+00 0.000000e+00 -1.000000e+00 1.249837e-01 0.000000e+00 3.513364e+00
5.023981e+00 -1.000000e+00 0.000000e+00 -1.000000e+00 -1.000000e+00 0.000000e+00 4.922407e-01 -1.000000e+00 -1.000000e+00 1.378714e+01 0.000000e+00 -1.000000e+00 0.000000e+00 2.045772e-02 1.600000e+03 7.024654e+00 0.000000e+00 -9.990070e+05 3.000000e+00 -1.000000e+00 9.851478e-01 -1.0 0.000000e+00 0.000000e+00 -1.000000e+00 8.384930e-01 -1.000000e+00 -9.990070e+05 5.058460e-01 5.058460e-01 9.768353e-01 3.708601e+00 9.963851e+00 0.000000e+00 -1.000000e+00 1.512897e-01 0.000000e+00 6.023457e+00
4.102971e+00 -1.000000e+00 0.000000e+00 -1.000000e+00 -1.000000e+00 2.000000e+02 4.845177e-01 -1.000000e+00 -1.000000e+00 1.127055e+01 0.000000e+00 -1.000000e+00 0.000000e+00 1.847138e-02 1.600000e+03 5.741681e+00 0.000000e+00 -9.990070e+05 3.000000e+00 -1.000000e+00 9.667060e-01 -1.0 0.000000e+00 0.000000e+00 -1.000000e+00 8.356173e-01 -1.000000e+00 -9.990070e+05 4.612739e-01 4.612739e-01 9.764167e-01 3.035888e+00 8.129499e+00 0.000000e+00 -1.000000e+00 1.442947e-01 0.000000e+00 4.921619e+00
3.748875e+00 -1.000000e+00 0.000000e+00 -1.000000e+00 -1.000000e+00 4.000000e+02 4.797201e-01 -1.000000e+00 -1.000000e+00 1.030233e+01 0.000000e+00 -1.000000e+00 0.000000e+00 1.736556e-02 1.600000e+03 5.244214e+00 0.000000e+00 -9.990070e+05 3.000000e+00 -1.000000e+00 9.540921e-01 -1.0 0.000000e+00 0.000000e+00 -1.000000e+00 8.338111e-01 -1.000000e+00 -9.990070e+05 4.393371e-01 4.393371e-01 9.761536e-01 2.765436e+00 7.438381e+00 0.000000e+00 -1.000000e+00 1.401133e-01 0.000000e+00 4.495529e+00
3.494857e+00 -1.000000e+00 0.000000e+00 -1.000000e+00 -1.000000e+00 6.000000e+02 4.753665e-01 -1.000000e+00 -1.000000e+00 9.593881e+00 0.000000e+00 -1.000000e+00 0.000000e+00 1.643740e-02 1.600000e+03 4.885333e+00 0.000000e+00 -9.990070e+05 3.000000e+00 -1.000000e+00 9.420799e-01 -1.0 0.000000e+00 0.000000e+00 -1.000000e+00 8.321584e-01 -1.000000e+00 -9.990070e+05 4.218428e-01 4.218428e-01 9.759126e-01 2.581505e+00 6.932141e+00 0.000000e+00 -1.000000e+00 1.364250e-01 0.000000e+00 4.189290e+00
3.525382e+00 -1.000000e+00 0.000000e+00 -1.000000e+00 -1.000000e+00 8.000000e+02 4.759820e-01 -1.000000e+00 -1.000000e+00 9.664895e+00 0.000000e+00 -1.000000e+00 0.000000e+00 1.656453e-02 1.600000e+03 4.926948e+00 0.000000e+00 -9.990070e+05 3.000000e+00 -1.000000e+00 9.438052e-01 -1.0 0.000000e+00 0.000000e+00 -1.000000e+00 8.323929e-01 -1.000000e+00 -9.990070e+05 4.241936e-01 4.241936e-01 9.759468e-01 2.603563e+00 6.987078e+00 0.000000e+00 -1.000000e+00 1.369404e-01 0.000000e+00 4.225578e+00
5.803826e+00 -1.000000e+00 0.000000e+00 -1.000000e+00 -1.000000e+00 1.500000e+02 4.959149e-01 -1.000000e+00 -1.000000e+00 1.595869e+01 0.000000e+00 -1.000000e+00 0.000000e+00 2.150303e-02 1.650000e+03 8.121771e+00 0.000000e+00 -9.990070e+05 3.000000e+00 -1.000000e+00 9.927987e-01 -1.0 0.000000e+00 0.000000e+00 -1.000000e+00 8.398479e-01 -1.000000e+00 -9.990070e+05 5.342632e-01 5.342632e-01 9.770323e-01 4.286395e+00 1.151130e+01 0.000000e+00 -1.000000e+00 1.547346e-01 0.000000e+00 6.961117e+00
5.018399e+00 -1.000000e+00 0.000000e+00 -1.000000e+00 -1.000000e+00 3.500000e+02 4.921901e-01 -1.000000e+00 -1.000000e+00 1.380506e+01 0.000000e+00 -1.000000e+00 0.000000e+00 2.044380e-02 1.650000e+03 7.019796e+00 0.000000e+00 -9.990070e+05 3.000000e+00 -1.000000e+00 9.850371e-01 -1.0 0.000000e+00 0.000000e+00 -1.000000e+00 8.384743e-01 -1.000000e+00 -9.990070e+05 5.055122e-01 5.055122e-01 9.768326e-01 3.705031e+00 9.965998e+00 0.000000e+00 -1.000000e+00 1.512428e-01 0.000000e+00 6.017488e+00
4.421455e+00 -1.000000e+00 0.000000e+00 -1.000000e+00 -1.000000e+00 5.500000e+02 4.877615e-01 -1.000000e+00 -1.000000e+00 1.214992e+01 0.000000e+00 -1.000000e+00 0.000000e+00 1.927285e-02 1.650000e+03 6.184187e+00 0.000000e+00 -9.990070e+05 3.000000e+00 -1.000000e+00 9.747760e-01 -1.0 0.000000e+00 0.000000e+00 -1.000000e+00 8.368298e-01 -1.000000e+00 -9.990070e+05 4.782531e-01 4.782531e-01 9.765933e-01 3.263011e+00 8.774423e+00 0.000000e+00 -1.000000e+00 1.471925e-01 0.000000e+00 5.301551e+00
4.227653e+00 -1.000000e+00 0.000000e+00 -1.000000e+00 -1.000000e+00 7.500000e+02 4.858837e-01 -1.000000e+00 -1.000000e+00 1.161542e+01 0.000000e+00 -1.000000e+00 0.000000e+00 1.880336e-02 1.650000e+03 5.914253e+00 0.000000e+00 -9.990070e+05 3.000000e+00 -1.000000e+00 9.701552e-01 -1.0 0.000000e+00 0.000000e+00 -1.000000e+00 8.361288e-01 -1.000000e+00 -9.990070e+05 4.681819e-01 4.681819e-01 9.764912e-01 3.122680e+00 8.381464e+00 0.000000e+00 -1.000000e+00 1.455080e-01 0.000000e+00 5.069758e+00
7.409715e+00 -1.000000e+00 0.000000e+00 -1.000000e+00 -1.000000e+00 1.000000e+02 4.998326e-01 -1.000000e+00 -1.000000e+00 2.041452e+01 0.000000e+00 -1.000000e+00 0.000000e+00 2.269716e-02 1.700000e+03 1.037068e+01 0.000000e+00 -9.990070e+05 3.000000e+00 -1.000000e+00 9.997419e-01 -1.0 0.000000e+00 0.000000e+00 -1.000000e+00 8.412836e-01 -1.000000e+00 -9.990070e+05 5.765921e-01 5.765921e-01 9.772410e-01 5.465856e+00 1.471592e+01 0.000000e+00 -1.000000e+00 1.584927e-01 0.000000e+00 8.888420e+00
6.738624e+00 -1.000000e+00 0.000000e+00 -1.000000e+00 -1.000000e+00 3.000000e+02 4.986015e-01 -1.000000e+00 -1.000000e+00 1.849613e+01 0.000000e+00 -1.000000e+00 0.000000e+00 2.231266e-02 1.700000e+03 9.425620e+00 0.000000e+00 -9.990070e+05 3.000000e+00 -1.000000e+00 9.977321e-01 -1.0 0.000000e+00 0.000000e+00 -1.000000e+00 8.408334e-01 -1.000000e+00 -9.990070e+05 5.611071e-01 5.611071e-01 9.771756e-01 4.975938e+00 1.335658e+01 0.000000e+00 -1.000000e+00 1.573022e-01 0.000000e+00 8.080974e+00
5.812435e+00 -1.000000e+00 4.000000e+03 -1.000000e+00 -1.000000e+00 5.000000e+02 4.959501e-01 -1.000000e+00 -1.000000e+00 1.598750e+01 0.000000e+00 -1.000000e+00 1.000000e+00 2.151338e-02 1.700000e+03 8.133168e+00 1.000000e+00 -9.990070e+05 2.000000e+00 -1.000000e+00 9.928674e-01 -1.0 0.000000e+00 0.000000e+00 -1.000000e+00 8.398609e-01 -1.000000e+00 -9.990070e+05 5.345744e-01 5.345744e-01 9.770342e-01 4.291528e+00 1.153096e+01 0.000000e+00 -1.000000e+00 1.547680e-01 1.000000e+00 6.971038e+00
5.567640e+00 -1.000000e+00 0.000000e+00 -1.000000e+00 -1.000000e+00 7.000000e+02 4.950013e-01 -1.000000e+00 -1.000000e+00 1.528455e+01 0.000000e+00 -1.000000e+00 0.000000e+00 2.123661e-02 1.700000e+03 7.790044e+00 0.000000e+00 -9.990070e+05 3.000000e+00 -1.000000e+00 9.909824e-01 -1.0 0.000000e+00 0.000000e+00 -1.000000e+00 8.395118e-01 -1.000000e+00 -9.990070e+05 5.265071e-01 5.265071e-01 9.769835e-01 4.118055e+00 1.102777e+01 0.000000e+00 -1.000000e+00 1.538709e-01 0.000000e+00 6.677490e+00
5.574456e+00 -1.000000e+00 0.000000e+00 -1.000000e+00 -1.000000e+00 9.000000e+02 4.950338e-01 -1.000000e+00 -1.000000e+00 1.530466e+01 0.000000e+00 -1.000000e+00 0.000000e+00 2.124601e-02 1.700000e+03 7.799137e+00 0.000000e+00 -9.990070e+05 3.000000e+00 -1.000000e+00 9.910482e-01 -1.0 0.000000e+00 0.000000e+00 -1.000000e+00 8.395238e-01 -1.000000e+00 -9.990070e+05 5.267763e-01 5.267763e-01 9.769852e-01 4.122999e+00 1.104143e+01 0.000000e+00 -1.000000e+00 1.539016e-01 0.000000e+00 6.685482e+00
8.836648e+00 -1.000000e+00 0.000000e+00 -1.000000e+00 -1.000000e+00 2.500000e+02 5.000000e-01 -1.000000e+00 -1.000000e+00 2.432657e+01 0.000000e+00 -1.000000e+00 0.000000e+00 2.275013e-02 1.750000e+03 1.236852e+01 0.000000e+00 -9.990070e+05 3.000000e+00 -1.000000e+00 1.002064e+00 -1.0 0.000000e+00 0.000000e+00 -1.000000e+00 8.413447e-01 -1.000000e+00 -9.990070e+05 6.023981e-01 6.023981e-01 9.772499e-01 6.527025e+00 1.753360e+01 0.000000e+00 -1.000000e+00 1.586553e-01 0.000000e+00 1.059966e+01
7.555386e+00 -1.000000e+00 0.000000e+00 -1.000000e+00 -1.000000e+00 4.500000e+02 5.000000e-01 -1.000000e+00 -1.000000e+00 2.075178e+01 0.000000e+00 -1.000000e+00 0.000000e+00 2.275013e-02 1.750000e+03 1.056941e+01 0.000000e+00 -9.990070e+05 3.000000e+00 -1.000000e+00 1.000091e+00 -1.0 0.000000e+00 0.000000e+00 -1.000000e+00 8.413447e-01 -1.000000e+00 -9.990070e+05 5.798004e-01 5.798004e-01 9.772499e-01 5.578233e+00 1.498087e+01 0.000000e+00 -1.000000e+00 1.586553e-01 0.000000e+00 9.060412e+00
1.053666e+01 -1.000000e+00 0.000000e+00 -1.000000e+00 -1.000000e+00 5.000000e+01 5.000000e-01 -1.000000e+00 -1.000000e+00 2.902428e+01 0.000000e+00 -1.000000e+00 0.000000e+00 2.275013e-02 1.750000e+03 1.475060e+01 0.000000e+00 -9.990070e+05 3.000000e+00 -1.000000e+00 1.003106e+00 -1.0 0.000000e+00 0.000000e+00 -1.000000e+00 8.413447e-01 -1.000000e+00 -9.990070e+05 6.258657e-01 6.258657e-01 9.772499e-01 7.781323e+00 2.091388e+01 0.000000e+00 -1.000000e+00 1.586553e-01 0.000000e+00 1.264194e+01
7.113094e+00 -1.000000e+00 0.000000e+00 -1.000000e+00 -1.000000e+00 6.500000e+02 4.993285e-01 -1.000000e+00 -1.000000e+00 1.962993e+01 0.000000e+00 -1.000000e+00 0.000000e+00 2.253869e-02 1.750000e+03 9.961440e+00 0.000000e+00 -9.990070e+05 3.000000e+00 -1.000000e+00 9.989419e-01 -1.0 0.000000e+00 0.000000e+00 -1.000000e+00 8.410994e-01 -1.000000e+00 -9.990070e+05 5.699280e-01 5.699280e-01 9.772142e-01 5.253735e+00 1.412780e+01 0.000000e+00 -1.000000e+00 1.580042e-01 0.000000e+00 8.535424e+00
6.769950e+00 -1.000000e+00 0.000000e+00 -1.000000e+00 -1.000000e+00 8.500000e+02 4.986688e-01 -1.000000e+00 -1.000000e+00 1.860107e+01 0.000000e+00 -1.000000e+00 0.000000e+00 2.233346e-02 1.750000e+03 9.470989e+00 0.000000e+00 -9.990070e+05 3.000000e+00 -1.000000e+00 9.978467e-01 -1.0 0.000000e+00 0.000000e+00 -1.000000e+00 8.408581e-01 -1.000000e+00 -9.990070e+05 5.618912e-01 5.618912e-01 9.771792e-01 4.999285e+00 1.342364e+01 0.000000e+00 -1.000000e+00 1.573671e-01 0.000000e+00 8.118591e+00
1.348346e+01 -1.000000e+00 0.000000e+00 -1.000000e+00 -1.000000e+00 0.000000e+00 5.000000e-01 -1.000000e+00 -1.000000e+00 3.705614e+01 0.000000e+00 -1.000000e+00 0.000000e+00 2.275013e-02 1.800000e+03 1.886921e+01 0.000000e+00 -9.990070e+05 3.000000e+00 -1.000000e+00 1.003472e+00 -1.0 0.000000e+00 0.000000e+00 -1.000000e+00 8.413447e-01 -1.000000e+00 -9.990070e+05 6.543251e-01 6.543251e-01 9.772499e-01 9.961859e+00 2.673365e+01 0.000000e+00 -1.000000e+00 1.586553e-01 0.000000e+00 1.617492e+01
1.213943e+01 -1.000000e+00 0.000000e+00 -1.000000e+00 -1.000000e+00 2.000000e+02 5.000000e-01 -1.000000e+00 -1.000000e+00 3.345684e+01 0.000000e+00 -1.000000e+00 0.000000e+00 2.275013e-02 1.800000e+03 1.699728e+01 0.000000e+00 -9.990070e+05 3.000000e+00 -1.000000e+00 1.003422e+00 -1.0 0.000000e+00 0.000000e+00 -1.000000e+00 8.413447e-01 -1.000000e+00 -9.990070e+05 6.428107e-01 6.428107e-01 9.772499e-01 8.971145e+00 2.409215e+01 0.000000e+00 -1.000000e+00 1.586553e-01 0.000000e+00 1.456680e+01
1.029997e+01 -1.000000e+00 0.000000e+00 -1.000000e+00 -1.000000e+00 4.000000e+02 5.000000e-01 -1.000000e+00 -1.000000e+00 2.824505e+01 0.000000e+00 -1.000000e+00 0.000000e+00 2.275013e-02 1.800000e+03 1.440806e+01 0.000000e+00 -9.990070e+05 3.000000e+00 -1.000000e+00 1.003028e+00 -1.0 0.000000e+00 0.000000e+00 -1.000000e+00 8.413447e-01 -1.000000e+00 -9.990070e+05 6.232388e-01 6.232388e-01 9.772499e-01 7.623396e+00 2.038636e+01 0.000000e+00 -1.000000e+00 1.586553e-01 0.000000e+00 1.235157e+01
9.356301e+00 -1.000000e+00 0.000000e+00 -1.000000e+00 -1.000000e+00 6.000000e+02 5.000000e-01 -1.000000e+00 -1.000000e+00 2.577358e+01 0.000000e+00 -1.000000e+00 0.000000e+00 2.275013e-02 1.800000e+03 1.309486e+01 0.000000e+00 -9.990070e+05 3.000000e+00 -1.000000e+00 1.002503e+00 -1.0 0.000000e+00 0.000000e+00 -1.000000e+00 8.413447e-01 -1.000000e+00 -9.990070e+05 6.102960e-01 6.102960e-01 9.772499e-01 6.901941e+00 1.858064e+01 0.000000e+00 -1.000000e+00 1.586553e-01 0.000000e+00 1.122252e+01
8.741854e+00 -1.000000e+00 0.000000e+00 -1.000000e+00 -1.000000e+00 8.000000e+02 5.000000e-01 -1.000000e+00 -1.000000e+00 2.404191e+01 0.000000e+00 -1.000000e+00 0.000000e+00 2.275013e-02 1.800000e+03 1.223495e+01 0.000000e+00 -9.990070e+05 3.000000e+00 -1.000000e+00 1.001971e+00 -1.0 0.000000e+00 0.000000e+00 -1.000000e+00 8.413447e-01 -1.000000e+00 -9.990070e+05 6.009078e-01 6.009078e-01 9.772499e-01 6.462019e+00 1.733233e+01 0.000000e+00 -1.000000e+00 1.586553e-01 0.000000e+00 1.048566e+01
1.500592e+01 -1.000000e+00 0.000000e+00 -1.000000e+00 -1.000000e+00 1.500000e+02 5.000000e-01 -1.000000e+00 -1.000000e+00 4.116202e+01 0.000000e+00 -1.000000e+00 0.000000e+00 2.275013e-02 1.850000e+03 2.099141e+01 0.000000e+00 -9.990070e+05 3.000000e+00 -1.000000e+00 1.003416e+00 -1.0 0.000000e+00 0.000000e+00 -1.000000e+00 8.413447e-01 -1.000000e+00 -9.990070e+05 6.653534e-01 6.653534e-01 9.772499e-01 1.110084e+01 2.970940e+01 0.000000e+00 -1.000000e+00 1.586553e-01 0.000000e+00 1.799697e+01
1.416284e+01 -1.000000e+00 0.000000e+00 -1.000000e+00 -1.000000e+00 3.500000e+02 5.000000e-01 -1.000000e+00 -1.000000e+00 3.888728e+01 0.000000e+00 -1.000000e+00 0.000000e+00 2.275013e-02 1.850000e+03 1.981667e+01 0.000000e+00 -9.990070e+05 3.000000e+00 -1.000000e+00 1.003457e+00 -1.0 0.000000e+00 0.000000e+00 -1.000000e+00 8.413447e-01 -1.000000e+00 -9.990070e+05 6.595378e-01 6.595378e-01 9.772499e-01 1.047610e+01 2.805296e+01 0.000000e+00 -1.000000e+00 1.586553e-01 0.000000e+00 1.698837e+01
1.233462e+01 -1.000000e+00 0.000000e+00 -1.000000e+00 -1.000000e+00 5.500000e+02 5.000000e-01 -1.000000e+00 -1.000000e+00 3.398285e+01 0.000000e+00 -1.000000e+00 0.000000e+00 2.275013e-02 1.850000e+03 1.727002e+01 0.000000e+00 -9.990070e+05 3.000000e+00 -1.000000e+00 1.003438e+00 -1.0 0.000000e+00 0.000000e+00 -1.000000e+00 8.413447e-01 -1.000000e+00 -9.990070e+05 6.446123e-01 6.446123e-01 9.772499e-01 9.116382e+00 2.447516e+01 0.000000e+00 -1.000000e+00 1.586553e-01 0.000000e+00 1.480018e+01
1.102966e+01 -1.000000e+00 0.000000e+00 -1.000000e+00 -1.000000e+00 7.500000e+02 5.000000e-01 -1.000000e+00 -1.000000e+00 3.039148e+01 0.000000e+00 -1.000000e+00 0.000000e+00 2.275013e-02 1.850000e+03 1.543817e+01 0.000000e+00 -9.990070e+05 3.000000e+00 -1.000000e+00 1.003247e+00 -1.0 0.000000e+00 0.000000e+00 -1.000000e+00 8.413447e-01 -1.000000e+00 -9.990070e+05 6.315377e-01 6.315377e-01 9.772499e-01 8.138869e+00 2.190215e+01 0.000000e+00 -1.000000e+00 1.586553e-01 0.000000e+00 1.323169e+01
2.075120e+01 -1.000000e+00 0.000000e+00 -1.000000e+00 -1.000000e+00 1.000000e+02 5.000000e-01 -1.000000e+00 -1.000000e+00 5.734391e+01 0.000000e+00 -1.000000e+00 0.000000e+00 2.275013e-02 1.900000e+03 2.906626e+01 0.000000e+00 -9.990070e+05 3.000000e+00 -1.000000e+00 1.002927e+00 -1.0 0.000000e+00 0.000000e+00 -1.000000e+00 8.413447e-01 -1.000000e+00 -9.990070e+05 6.935611e-01 6.935611e-01 9.772499e-01 1.531619e+01 4.125078e+01 0.000000e+00 -1.000000e+00 1.586553e-01 0.000000e+00 2.490417e+01
1.769349e+01 -1.000000e+00 0.000000e+00 -1.000000e+00 -1.000000e+00 3.000000e+02 5.000000e-01 -1.000000e+00 -1.000000e+00 4.865353e+01 0.000000e+00 -1.000000e+00 0.000000e+00 2.275013e-02 1.900000e+03 2.476239e+01 0.000000e+00 -9.990070e+05 3.000000e+00 -1.000000e+00 1.003204e+00 -1.0 0.000000e+00 0.000000e+00 -1.000000e+00 8.413447e-01 -1.000000e+00 -9.990070e+05 6.805235e-01 6.805235e-01 9.772499e-01 1.308153e+01 3.507444e+01 0.000000e+00 -1.000000e+00 1.586553e-01 0.000000e+00 2.122486e+01
1.639792e+01 -1.000000e+00 0.000000e+00 -1.000000e+00 -1.000000e+00 5.000000e+02 5.000000e-01 -1.000000e+00 -1.000000e+00 4.506003e+01 0.000000e+00 -1.000000e+00 0.000000e+00 2.275013e-02 1.900000e+03 2.294533e+01 0.000000e+00 -9.990070e+05 3.000000e+00 -1.000000e+00 1.003316e+00 -1.0 0.000000e+00 0.000000e+00 -1.000000e+00 8.413447e-01 -1.000000e+00 -9.990070e+05 6.737177e-01 6.737177e-01 9.772499e-01 1.212241e+01 3.249902e+01 0.000000e+00 -1.000000e+00 1.586553e-01 0.000000e+00 1.966870e+01
1.483319e+01 -1.000000e+00 4.000000e+03 -1.000000e+00 -1.000000e+00 7.000000e+02 5.000000e-01 -1.000000e+00 -1.000000e+00 4.074307e+01 0.000000e+00 -1.000000e+00 1.000000e+00 2.275013e-02 1.900000e+03 2.075687e+01 1.000000e+00 -9.990070e+05 1.000000e+00 -1.000000e+00 1.003426e+00 -1.0 0.000000e+00 1.000000e+00 -1.000000e+00 8.413447e-01 -1.000000e+00 -9.990070e+05 6.641455e-01 6.641455e-01 9.772499e-01 1.097276e+01 2.938626e+01 0.000000e+00 -1.000000e+00 1.586553e-01 0.000000e+00 1.779043e+01
1.479133e+01 -1.000000e+00 0.000000e+00 -1.000000e+00 -1.000000e+00 9.000000e+02 5.000000e-01 -1.000000e+00 -1.000000e+00 4.073980e+01 0.000000e+00 -1.000000e+00 0.000000e+00 2.275013e-02 1.900000e+03 2.070558e+01 0.000000e+00 -9.990070e+05 3.000000e+00 -1.000000e+00 1.003429e+00 -1.0 0.000000e+00 0.000000e+00 -1.000000e+00 8.413447e-01 -1.000000e+00 -9.990070e+05 6.637550e-01 6.637550e-01 9.772499e-01 1.092508e+01 2.935485e+01 0.000000e+00 -1.000000e+00 1.586553e-01 0.000000e+00 1.774350e+01
2.431496e+01 -1.000000e+00 0.000000e+00 -1.000000e+00 -1.000000e+00 2.500000e+02 5.000000e-01 -1.000000e+00 -1.000000e+00 6.695158e+01 0.000000e+00 -1.000000e+00 0.000000e+00 2.275013e-02 1.950000e+03 3.403771e+01 0.000000e+00 -9.990070e+05 3.000000e+00 -1.000000e+00 1.002620e+00 -1.0 0.000000e+00 0.000000e+00 -1.000000e+00 8.413447e-01 -1.000000e+00 -9.990070e+05 7.054370e-01 7.054370e-01 9.772499e-01 1.797034e+01 4.823539e+01 0.000000e+00 -1.000000e+00 1.586553e-01 0.000000e+00 2.916822e+01
2.010791e+01 -1.000000e+00 0.000000e+00 -1.000000e+00 -1.000000e+00 4.500000e+02 5.000000e-01 -1.000000e+00 -1.000000e+00 5.530679e+01 0.000000e+00 -1.000000e+00 0.000000e+00 2.275013e-02 1.950000e+03 2.814649e+01 0.000000e+00 -9.990070e+05 3.000000e+00 -1.000000e+00 1.002983e+00 -1.0 0.000000e+00 0.000000e+00 -1.000000e+00 8.413447e-01 -1.000000e+00 -9.990070e+05 6.911731e-01 6.911731e-01 9.772499e-01 1.486561e+01 3.986848e+01 0.000000e+00 -1.000000e+00 1.586553e-01 0.000000e+00 2.412248e+01
2.669847e+01 -1.000000e+00 0.000000e+00 -1.000000e+00 -1.000000e+00 5.000000e+01 5.000000e-01 -1.000000e+00 -1.000000e+00 7.366601e+01 0.000000e+00 -1.000000e+00 0.000000e+00 2.275013e-02 1.950000e+03 3.738002e+01 0.000000e+00 -9.990070e+05 3.000000e+00 -1.000000e+00 1.002440e+00 -1.0 0.000000e+00 0.000000e+00 -1.000000e+00 8.413447e-01 -1.000000e+00 -9.990070e+05 7.118026e-01 7.118026e-01 9.772499e-01 1.971211e+01 5.303013e+01 0.000000e+00 -1.000000e+00 1.586553e-01 0.000000e+00 3.203520e+01
1.887158e+01 -1.000000e+00 0.000000e+00 -1.000000e+00 -1.000000e+00 6.500000e+02 5.000000e-01 -1.000000e+00 -1.000000e+00 5.189294e+01 0.000000e+00 -1.000000e+00 0.000000e+00 2.275013e-02 1.950000e+03 2.640689e+01 0.000000e+00 -9.990070e+05 3.000000e+00 -1.000000e+00 1.003096e+00 -1.0 0.000000e+00 0.000000e+00 -1.000000e+00 8.413447e-01 -1.000000e+00 -9.990070e+05 6.860524e-01 6.860524e-01 9.772499e-01 1.394694e+01 3.741538e+01 0.000000e+00 -1.000000e+00 1.586553e-01 0.000000e+00 2.263667e+01
1.799539e+01 -1.000000e+00 4.000000e+03 -1.000000e+00 -1.000000e+00 8.500000e+02 5.000000e-01 -1.000000e+00 -1.000000e+00 4.947393e+01 0.000000e+00 -1.000000e+00 1.000000e+00 2.275013e-02 1.950000e+03 2.518502e+01 1.000000e+00 -9.990070e+05 1.000000e+00 -1.000000e+00 1.003178e+00 -1.0 0.000000e+00 1.000000e+00 -1.000000e+00 8.413447e-01 -1.000000e+00 -9.990070e+05 6.819467e-01 6.819467e-01 9.772499e-01 1.329938e+01 3.567890e+01 0.000000e+00 -1.000000e+00 1.586553e-01 0.000000e+00 2.158651e+01
3.487090e+01 -1.000000e+00 0.000000e+00 -1.000000e+00 -1.000000e+00 0.000000e+00 5.000000e-01 -1.000000e+00 -1.000000e+00 9.570391e+01 0.000000e+00 -1.000000e+00 0.000000e+00 2.275013e-02 2.000000e+03 4.878702e+01 0.000000e+00 -9.990070e+05 3.000000e+00 -1.000000e+00 1.001952e+00 -1.0 0.000000e+00 0.000000e+00 -1.000000e+00 8.413447e-01 -1.000000e+00 -9.990070e+05 7.280662e-01 7.280662e-01 9.772499e-01 2.579877e+01 6.905135e+01 0.000000e+00 -1.000000e+00 1.586553e-01 0.000000e+00 4.182095e+01
3.215879e+01 -1.000000e+00 0.000000e+00 -1.000000e+00 -1.000000e+00 2.000000e+02 5.000000e-01 -1.000000e+00 -1.000000e+00 8.825481e+01 0.000000e+00 -1.000000e+00 0.000000e+00 2.275013e-02 2.000000e+03 4.499552e+01 0.000000e+00 -9.990070e+05 3.000000e+00 -1.000000e+00 1.002092e+00 -1.0 0.000000e+00 0.000000e+00 -1.000000e+00 8.413447e-01 -1.000000e+00 -9.990070e+05 7.234825e-01 7.234825e-01 9.772499e-01 2.380571e+01 6.369079e+01 0.000000e+00 -1.000000e+00 1.586553e-01 0.000000e+00 3.857107e+01
2.792876e+01 -1.000000e+00 0.000000e+00 -1.000000e+00 -1.000000e+00 4.000000e+02 5.000000e-01 -1.000000e+00 -1.000000e+00 7.695371e+01 0.000000e+00 -1.000000e+00 0.000000e+00 2.275013e-02 2.000000e+03 3.909782e+01 0.000000e+00 -9.990070e+05 3.000000e+00 -1.000000e+00 1.002355e+00 -1.0 0.000000e+00 0.000000e+00 -1.000000e+00 8.413447e-01 -1.000000e+00 -9.990070e+05 7.147344e-01 7.147344e-01 9.772499e-01 2.062814e+01 5.543568e+01 0.000000e+00 -1.000000e+00 1.586553e-01 0.000000e+00 3.350495e+01
2.431541e+01 -1.000000e+00 0.000000e+00 -1.000000e+00 -1.000000e+00 6.000000e+02 5.000000e-01 -1.000000e+00 -1.000000e+00 6.683129e+01 0.000000e+00 -1.000000e+00 0.000000e+00 2.275013e-02 2.000000e+03 3.402722e+01 0.000000e+00 -9.990070e+05 3.000000e+00 -1.000000e+00 1.002619e+00 -1.0 0.000000e+00 0.000000e+00 -1.000000e+00 8.413447e-01 -1.000000e+00 -9.990070e+05 7.054911e-01 7.054911e-01 9.772499e-01 1.798069e+01 4.818843e+01 0.000000e+00 -1.000000e+00 1.586553e-01 0.000000e+00 2.916409e+01
2.335014e+01 -1.000000e+00 0.000000e+00 -1.000000e+00 -1.000000e+00 8.000000e+02 5.000000e-01 -1.000000e+00 -1.000000e+00 6.412657e+01 0.000000e+00 -1.000000e+00 0.000000e+00 2.275013e-02 2.000000e+03 3.267234e+01 0.000000e+00 -9.990070e+05 3.000000e+00 -1.000000e+00 1.002697e+00 -1.0 0.000000e+00 0.000000e+00 -1.000000e+00 8.413447e-01 -1.000000e+00 -9.990070e+05 7.026065e-01 7.026065e-01 9.772499e-01 1.726801e+01 4.625995e+01 0.000000e+00 -1.000000e+00 1.586553e-01 0.000000e+00 2.800388e+01
-1.000000e+00 -1.000000e+00 0.000000e+00 -1.000000e+00 -1.000000e+00 0.000000e+00 -1.000000e+00 -1.000000e+00 -1.000000e+00 -1.000000e+00 0.000000e+00 -1.000000e+00 0.000000e+00 -1.000000e+00 2.000000e+02 -1.000000e+00 0.000000e+00 -9.990070e+05 3.000000e+00 -1.000000e+00 -1.000000e+00 -1.0 0.000000e+00 0.000000e+00 -1.000000e+00 -1.000000e+00 -1.000000e+00 -9.990070e+05 -1.000000e+00 -1.000000e+00 -1.000000e+00 -1.000000e+00 -1.000000e+00 0.000000e+00 -1.000000e+00 -1.000000e+00 0.000000e+00 -1.000000e+00
6.345504e+07 -1.000000e+00 4.000000e+03 -1.000000e+00 -1.000000e+00 1.750000e+02 3.003049e-01 -1.000000e+00 -1.000000e+00 6.345504e+07 0.000000e+00 -1.000000e+00 1.000000e+00 2.867087e-03 2.250000e+02 6.345504e+07 1.000000e+00 -9.990070e+05 3.000000e+00 -1.000000e+00 5.941513e-01 -1.0 0.000000e+00 0.000000e+00 -1.000000e+00 7.474716e-01 -1.000000e+00 -9.990070e+05 2.926662e-01 2.926662e-01 9.632049e-01 1.369926e-06 6.345504e+07 0.000000e+00 -1.000000e+00 4.690423e-02 0.000000e+00 1.875659e+06
3.153536e-01 -1.000000e+00 0.000000e+00 -1.000000e+00 -1.000000e+00 0.000000e+00 3.952247e-03 -1.000000e+00 -1.000000e+00 1.807367e+00 0.000000e+00 -1.000000e+00 0.000000e+00 1.050429e-06 4.000000e+02 4.995646e-01 0.000000e+00 -9.990070e+05 3.000000e+00 -1.000000e+00 4.633225e-03 -1.0 0.000000e+00 0.000000e+00 -1.000000e+00 5.984252e-02 -1.000000e+00 -9.990070e+05 1.909635e-03 1.909635e-03 3.769740e-01 2.143276e-01 8.905713e-01 0.000000e+00 -1.000000e+00 1.036230e-04 0.000000e+00 4.454007e-01
1.859080e-01 -1.000000e+00 0.000000e+00 -1.000000e+00 -1.000000e+00 3.870000e+02 2.099365e-04 -1.000000e+00 -1.000000e+00 9.643337e-01 0.000000e+00 -1.000000e+00 0.000000e+00 1.151542e-08 4.120000e+02 2.981835e-01 0.000000e+00 -9.990070e+05 3.000000e+00 -1.000000e+00 1.995239e-04 -1.0 0.000000e+00 0.000000e+00 -1.000000e+00 6.794553e-03 -1.000000e+00 -9.990070e+05 8.132732e-05 8.132732e-05 8.786854e-02 1.319316e-01 5.201345e-01 0.000000e+00 -1.000000e+00 2.516981e-06 0.000000e+00 2.633801e-01
3.812179e-01 -1.000000e+00 0.000000e+00 -1.000000e+00 -1.000000e+00 3.750000e+02 1.658786e-02 -1.000000e+00 -1.000000e+00 2.960066e+00 0.000000e+00 -1.000000e+00 0.000000e+00 1.104084e-05 4.250000e+02 6.637863e-01 0.000000e+00 -9.990070e+05 3.000000e+00 -1.000000e+00 2.229700e-02 -1.0 0.000000e+00 0.000000e+00 -1.000000e+00 1.627070e-01 -1.000000e+00 -9.990070e+05 9.354060e-03 9.354060e-03 6.622788e-01 2.454947e-01 1.342133e+00 0.000000e+00 -1.000000e+00 6.844941e-04 0.000000e+00 5.804513e-01
3.704450e-01 -1.000000e+00 0.000000e+00 -1.000000e+00 -1.000000e+00 4.500000e+02 7.594643e-04 -1.000000e+00 -1.000000e+00 1.108706e+00 0.000000e+00 -1.000000e+00 0.000000e+00 7.998580e-08 5.500000e+02 5.278489e-01 0.000000e+00 -9.990070e+05 3.000000e+00 -1.000000e+00 5.386361e-04 -1.0 0.000000e+00 0.000000e+00 -1.000000e+00 1.792515e-02 -1.000000e+00 -9.990070e+05 1.935805e-04 1.935805e-04 1.715686e-01 2.724978e-01 7.693419e-01 0.000000e+00 -1.000000e+00 1.258721e-05 0.000000e+00 4.584599e-01
9.233122e-02 -1.000000e+00 0.000000e+00 -1.000000e+00 -1.000000e+00 0.000000e+00 8.669739e-15 -1.000000e+00 -1.000000e+00 2.794731e-01 0.000000e+00 -1.000000e+00 0.000000e+00 1.715182e-22 6.000000e+02 1.309108e-01 0.000000e+00 -9.990070e+05 3.000000e+00 -1.000000e+00 2.364586e-15 -1.0 0.000000e+00 0.000000e+00 -1.000000e+00 1.405030e-11 -1.000000e+00 -9.990070e+05 9.220962e-16 9.220962e-16 8.542616e-09 6.782174e-02 1.918031e-01 0.000000e+00 -1.000000e+00 1.998295e-18 0.000000e+00 1.139398e-01
3.189858e-01 -1.000000e+00 0.000000e+00 -1.000000e+00 -1.000000e+00 5.870000e+02 1.426877e-04 -1.000000e+00 -1.000000e+00 9.471920e-01 0.000000e+00 -1.000000e+00 0.000000e+00 6.495938e-09 6.120000e+02 4.533802e-01 0.000000e+00 -9.990070e+05 3.000000e+00 -1.000000e+00 8.664791e-05 -1.0 0.000000e+00 0.000000e+00 -1.000000e+00 5.055715e-03 -1.000000e+00 -9.990070e+05 3.108049e-05 3.108049e-05 7.131562e-02 2.350775e-01 6.599590e-01 0.000000e+00 -1.000000e+00 1.559453e-06 0.000000e+00 3.914821e-01
4.450603e-01 -1.000000e+00 0.000000e+00 -1.000000e+00 -1.000000e+00 5.750000e+02 3.802277e-03 -1.000000e+00 -1.000000e+00 1.353296e+00 0.000000e+00 -1.000000e+00 0.000000e+00 9.874860e-07 6.250000e+02 6.309333e-01 0.000000e+00 -9.990070e+05 3.000000e+00 -1.000000e+00 3.076507e-03 -1.0 0.000000e+00 0.000000e+00 -1.000000e+00 5.820916e-02 -1.000000e+00 -9.990070e+05 1.092697e-03 1.092697e-03 3.705139e-01 3.278037e-01 9.262664e-01 0.000000e+00 -1.000000e+00 9.855750e-05 0.000000e+00 5.453692e-01
8.982488e-01 -1.000000e+00 0.000000e+00 -1.000000e+00 -1.000000e+00 5.500000e+02 1.213289e-01 -1.000000e+00 -1.000000e+00 2.544271e+00 0.000000e+00 -1.000000e+00 0.000000e+00 3.899932e-04 6.500000e+02 1.262467e+00 0.000000e+00 -9.990070e+05 3.000000e+00 -1.000000e+00 1.437549e-01 -1.0 0.000000e+00 0.000000e+00 -1.000000e+00 5.424733e-01 -1.000000e+00 -9.990070e+05 4.791622e-02 4.791622e-02 9.250156e-01 6.653345e-01 1.811676e+00 0.000000e+00 -1.000000e+00 1.087005e-02 0.000000e+00 1.086667e+00
6.306153e-01 -1.000000e+00 0.000000e+00 -1.000000e+00 -1.000000e+00 5.000000e+02 3.010658e-02 -1.000000e+00 -1.000000e+00 1.874730e+00 0.000000e+00 -1.000000e+00 0.000000e+00 3.063859e-05 7.000000e+02 8.890240e-01 0.000000e+00 -9.990070e+05 3.000000e+00 -1.000000e+00 2.902014e-02 -1.0 0.000000e+00 0.000000e+00 -1.000000e+00 2.418390e-01 -1.000000e+00 -9.990070e+05 9.878231e-03 9.878231e-03 7.755080e-01 4.670680e-01 1.292170e+00 0.000000e+00 -1.000000e+00 1.531395e-03 0.000000e+00 7.655180e-01
6.711422e-01 -1.000000e+00 0.000000e+00 -1.000000e+00 -1.000000e+00 6.870000e+02 3.998184e-02 -1.000000e+00 -1.000000e+00 1.882783e+00 0.000000e+00 -1.000000e+00 0.000000e+00 5.037367e-05 7.120000e+02 9.443969e-01 0.000000e+00 -9.990070e+05 3.000000e+00 -1.000000e+00 3.906852e-02 -1.0 0.000000e+00 0.000000e+00 -1.000000e+00 2.901813e-01 -1.000000e+00 -9.990070e+05 1.305717e-02 1.305717e-02 8.191684e-01 4.995472e-01 1.346847e+00 0.000000e+00 -1.000000e+00 2.258971e-03 0.000000e+00 8.101255e-01
8.727756e-01 -1.000000e+00 0.000000e+00 -1.000000e+00 -1.000000e+00 6.750000e+02 1.115797e-01 -1.000000e+00 -1.000000e+00 2.496840e+00 0.000000e+00 -1.000000e+00 0.000000e+00 3.315774e-04 7.250000e+02 1.229920e+00 0.000000e+00 -9.990070e+05 3.000000e+00 -1.000000e+00 1.290893e-01 -1.0 0.000000e+00 0.000000e+00 -1.000000e+00 5.214586e-01 -1.000000e+00 -9.990070e+05 4.277199e-02 4.277199e-02 9.199025e-01 6.470274e-01 1.771798e+00 0.000000e+00 -1.000000e+00 9.615719e-03 0.000000e+00 1.054284e+00
4.816204e-01 -1.000000e+00 0.000000e+00 -1.000000e+00 -1.000000e+00 4.500000e+02 4.893995e-03 -1.000000e+00 -1.000000e+00 1.338585e+00 0.000000e+00 -1.000000e+00 0.000000e+00 1.479910e-06 7.500000e+02 6.763783e-01 0.000000e+00 -9.990070e+05 3.000000e+00 -1.000000e+00 3.623112e-03 -1.0 0.000000e+00 0.000000e+00 -1.000000e+00 6.968739e-02 -1.000000e+00 -9.990070e+05 1.222259e-03 1.222259e-03 4.141898e-01 3.583588e-01 9.620360e-01 0.000000e+00 -1.000000e+00 1.367745e-04 0.000000e+00 5.800393e-01
1.205836e+00 -1.000000e+00 0.000000e+00 -1.000000e+00 -1.000000e+00 6.500000e+02 2.407350e-01 -1.000000e+00 -1.000000e+00 3.360799e+00 0.000000e+00 -1.000000e+00 0.000000e+00 1.644619e-03 7.500000e+02 1.688627e+00 0.000000e+00 -9.990070e+05 3.000000e+00 -1.000000e+00 3.338020e-01 -1.0 0.000000e+00 0.000000e+00 -1.000000e+00 7.028561e-01 -1.000000e+00 -9.990070e+05 1.097473e-01 1.097473e-01 9.560730e-01 8.908004e-01 2.406720e+00 0.000000e+00 -1.000000e+00 3.157642e-02 0.000000e+00 1.448600e+00
9.840746e-02 -1.000000e+00 0.000000e+00 -1.000000e+00 -1.000000e+00 0.000000e+00 1.162571e-17 -1.000000e+00 -1.000000e+00 2.732793e-01 0.000000e+00 -1.000000e+00 0.000000e+00 4.735631e-26 8.000000e+02 1.376910e-01 0.000000e+00 -9.990070e+05 3.000000e+00 -1.000000e+00 2.504278e-18 -1.0 0.000000e+00 0.000000e+00 -1.000000e+00 4.137799e-14 -1.000000e+00 -9.990070e+05 9.746809e-19 9.746809e-19 5.505282e-11 7.283971e-02 1.963094e-01 0.000000e+00 -1.000000e+00 1.217029e-21 0.000000e+00 1.185889e-01
1.154008e+00 -1.000000e+00 0.000000e+00 -1.000000e+00 -1.000000e+00 6.000000e+02 2.220391e-01 -1.000000e+00 -1.000000e+00 3.283756e+00 0.000000e+00 -1.000000e+00 0.000000e+00 1.365117e-03 8.000000e+02 1.622076e+00 0.000000e+00 -9.990070e+05 3.000000e+00 -1.000000e+00 3.009050e-01 -1.0 0.000000e+00 0.000000e+00 -1.000000e+00 6.856137e-01 -1.000000e+00 -9.990070e+05 9.918534e-02 9.918534e-02 9.531974e-01 8.542336e-01 2.331583e+00 0.000000e+00 -1.000000e+00 2.758093e-02 0.000000e+00 1.391571e+00
1.044690e+00 -1.000000e+00 0.000000e+00 -1.000000e+00 -1.000000e+00 7.870000e+02 1.810973e-01 -1.000000e+00 -1.000000e+00 2.900662e+00 0.000000e+00 -1.000000e+00 0.000000e+00 8.754459e-04 8.120000e+02 1.463969e+00 0.000000e+00 -9.990070e+05 3.000000e+00 -1.000000e+00 2.303443e-01 -1.0 0.000000e+00 0.000000e+00 -1.000000e+00 6.398717e-01 -1.000000e+00 -9.990070e+05 7.533665e-02 7.533665e-02 9.451487e-01 7.756030e-01 2.084887e+00 0.000000e+00 -1.000000e+00 1.989788e-02 0.000000e+00 1.252752e+00
1.290143e+00 -1.000000e+00 0.000000e+00 -1.000000e+00 -1.000000e+00 7.750000e+02 2.685732e-01 -1.000000e+00 -1.000000e+00 3.561684e+00 0.000000e+00 -1.000000e+00 0.000000e+00 2.143515e-03 8.250000e+02 1.804380e+00 0.000000e+00 -9.990070e+05 3.000000e+00 -1.000000e+00 3.874738e-01 -1.0 0.000000e+00 0.000000e+00 -1.000000e+00 7.253831e-01 -1.000000e+00 -9.990070e+05 1.278103e-01 1.278103e-01 9.597241e-01 9.523959e-01 2.562733e+00 0.000000e+00 -1.000000e+00 3.819633e-02 0.000000e+00 1.548007e+00
7.851659e-01 -1.000000e+00 0.000000e+00 -1.000000e+00 -1.000000e+00 5.500000e+02 7.693170e-02 -1.000000e+00 -1.000000e+00 2.173936e+00 0.000000e+00 -1.000000e+00 0.000000e+00 1.643851e-04 8.500000e+02 1.099656e+00 0.000000e+00 -9.990070e+05 3.000000e+00 -1.000000e+00 8.195038e-02 -1.0 0.000000e+00 0.000000e+00 -1.000000e+00 4.296531e-01 -1.000000e+00 -9.990070e+05 2.690794e-02 2.690794e-02 8.923959e-01 5.831964e-01 1.564428e+00 0.000000e+00 -1.000000e+00 5.635335e-03 0.000000e+00 9.412388e-01
2.011163e+00 -1.000000e+00 0.000000e+00 -1.000000e+00 -1.000000e+00 7.500000e+02 4.047047e-01 -1.000000e+00 -1.000000e+00 5.855271e+00 0.000000e+00 -1.000000e+00 0.000000e+00 7.538691e-03 8.500000e+02 2.849571e+00 0.000000e+00 -9.990070e+05 3.000000e+00 -1.000000e+00 7.260864e-01 -1.0 0.000000e+00 0.000000e+00 -1.000000e+00 8.030911e-01 -1.000000e+00 -9.990070e+05 2.616101e-01 2.616101e-01 9.716390e-01 1.496981e+00 4.115107e+00 0.000000e+00 -1.000000e+00 8.875666e-02 0.000000e+00 2.431446e+00
4.541460e-01 -1.000000e+00 4.000000e+03 -1.000000e+00 -1.000000e+00 5.000000e+02 2.829473e-03 -1.000000e+00 -1.000000e+00 1.253146e+00 0.000000e+00 -1.000000e+00 1.000000e+00 6.174384e-07 9.000000e+02 6.351113e-01 1.000000e+00 -9.990070e+05 3.000000e+00 -1.000000e+00 1.943892e-03 -1.0 0.000000e+00 0.000000e+00 -1.000000e+00 4.706857e-02 -1.000000e+00 -9.990070e+05 6.537115e-04 6.537115e-04 3.239659e-01 3.352362e-01 9.017995e-01 0.000000e+00 -1.000000e+00 6.728677e-05 0.000000e+00 5.448816e-01
1.996785e+00 -1.000000e+00 0.000000e+00 -1.000000e+00 -1.000000e+00 7.000000e+02 4.032955e-01 -1.000000e+00 -1.000000e+00 5.740914e+00 0.000000e+00 -1.000000e+00 0.000000e+00 7.434212e-03 9.000000e+02 2.825210e+00 0.000000e+00 -9.990070e+05 3.000000e+00 -1.000000e+00 7.222236e-01 -1.0 0.000000e+00 0.000000e+00 -1.000000e+00 8.024593e-01 -1.000000e+00 -9.990070e+05 2.600437e-01 2.600437e-01 9.715453e-01 1.486824e+00 4.057901e+00 0.000000e+00 -1.000000e+00 8.800449e-02 0.000000e+00 2.415161e+00
2.452497e+00 -1.000000e+00 0.000000e+00 -1.000000e+00 -1.000000e+00 8.870000e+02 4.399959e-01 -1.000000e+00 -1.000000e+00 6.987034e+00 0.000000e+00 -1.000000e+00 0.000000e+00 1.087783e-02 9.120000e+02 3.460472e+00 0.000000e+00 -9.990070e+05 3.000000e+00 -1.000000e+00 8.349956e-01 -1.0 0.000000e+00 0.000000e+00 -1.000000e+00 8.181907e-01 -1.000000e+00 -9.990070e+05 3.240190e-01 3.240190e-01 9.738678e-01 1.827899e+00 4.958833e+00 0.000000e+00 -1.000000e+00 1.099196e-01 0.000000e+00 2.960994e+00
3.049915e+00 -1.000000e+00 0.000000e+00 -1.000000e+00 -1.000000e+00 8.750000e+02 4.639615e-01 -1.000000e+00 -1.000000e+00 8.977661e+00 0.000000e+00 -1.000000e+00 0.000000e+00 1.430032e-02 9.250000e+02 4.329804e+00 0.000000e+00 -9.990070e+05 3.000000e+00 -1.000000e+00 9.090240e-01 -1.0 0.000000e+00 0.000000e+00 -1.000000e+00 8.277639e-01 -1.000000e+00 -9.990070e+05 3.842743e-01 3.842743e-01 9.752708e-01 2.263251e+00 6.280842e+00 0.000000e+00 -1.000000e+00 1.272250e-01 0.000000e+00 3.702041e+00
2.613057e-01 -1.000000e+00 0.000000e+00 -1.000000e+00 -1.000000e+00 4.500000e+02 1.776628e-06 -1.000000e+00 -1.000000e+00 7.201824e-01 0.000000e+00 -1.000000e+00 0.000000e+00 1.224407e-11 9.500000e+02 3.653456e-01 0.000000e+00 -9.990070e+05 3.000000e+00 -1.000000e+00 7.001050e-07 -1.0 0.000000e+00 0.000000e+00 -1.000000e+00 1.585364e-04 -1.000000e+00 -9.990070e+05 2.454141e-07 2.454141e-07 5.481222e-03 1.930941e-01 5.182483e-01 0.000000e+00 -1.000000e+00 7.590795e-09 0.000000e+00 3.134661e-01
1.577937e+00 -1.000000e+00 0.000000e+00 -1.000000e+00 -1.000000e+00 6.500000e+02 3.417909e-01 -1.000000e+00 -1.000000e+00 4.380644e+00 0.000000e+00 -1.000000e+00 0.000000e+00 4.170864e-03 9.500000e+02 2.205131e+00 0.000000e+00 -9.990070e+05 3.000000e+00 -1.000000e+00 5.525867e-01 -1.0 0.000000e+00 0.000000e+00 -1.000000e+00 7.720860e-01 -1.000000e+00 -9.990070e+05 1.873041e-01 1.873041e-01 9.669879e-01 1.169144e+00 3.143741e+00 0.000000e+00 -1.000000e+00 6.066031e-02 0.000000e+00 1.893520e+00
4.373116e+00 -1.000000e+00 0.000000e+00 -1.000000e+00 -1.000000e+00 8.500000e+02 4.873420e-01 -1.000000e+00 -1.000000e+00 1.208998e+01 0.000000e+00 -1.000000e+00 0.000000e+00 1.916664e-02 9.500000e+02 6.118175e+00 0.000000e+00 -9.990070e+05 3.000000e+00 -1.000000e+00 9.737631e-01 -1.0 0.000000e+00 0.000000e+00 -1.000000e+00 8.366734e-01 -1.000000e+00 -9.990070e+05 4.760193e-01 4.760193e-01 9.765705e-01 3.231409e+00 8.702655e+00 0.000000e+00 -1.000000e+00 1.468146e-01 0.000000e+00 5.247065e+00
