3.405934e-01 -1.000000e+00 0.000000e+00 -1.000000e+00 -1.000000e+00 0.000000e+00 6.696351e-04 -1.000000e+00 -1.000000e+00 1.101872e+00 0.000000e+00 -1.000000e+00 0.000000e+00 6.600538e-08 1.000000e+03 4.989777e-01 0.000000e+00 -9.990070e+05 3.000000e+00 -1.000000e+00 5.641780e-04 -1.0 0.000000e+00 0.000000e+00 -1.000000e+00 1.631825e-02 -1.000000e+00 -9.990070e+05 2.160500e-04 2.160500e-04 1.609949e-01 2.470763e-01 7.478672e-01 0.000000e+00 -1.000000e+00 1.073967e-05 0.000000e+00 4.391217e-01
2.573753e+00 -1.000000e+00 0.000000e+00 -1.000000e+00 -1.000000e+00 6.000000e+02 4.334600e-01 -1.000000e+00 -1.000000e+00 8.252682e+00 0.000000e+00 -1.000000e+00 0.000000e+00 1.013475e-02 1.000000e+03 3.758764e+00 0.000000e+00 -9.990070e+05 3.000000e+00 -1.000000e+00 8.413364e-01 -1.0 0.000000e+00 0.000000e+00 -1.000000e+00 8.154913e-01 -1.000000e+00 -9.990070e+05 3.691068e-01 3.691068e-01 9.734708e-01 1.872706e+00 5.612081e+00 0.000000e+00 -1.000000e+00 1.056380e-01 0.000000e+00 3.310104e+00
9.902264e+00 -1.000000e+00 4.000000e+03 -1.000000e+00 -1.000000e+00 8.000000e+02 4.989276e-01 -1.000000e+00 -1.000000e+00 3.834150e+01 0.000000e+00 -1.000000e+00 1.000000e+00 2.241368e-02 1.000000e+03 1.498829e+01 1.000000e+00 -9.990070e+05 1.000000e+00 -1.000000e+00 9.987685e-01 -1.0 0.000000e+00 1.000000e+00 -1.000000e+00 8.409528e-01 -1.000000e+00 -9.990070e+05 6.544788e-01 6.544788e-01 9.771929e-01 7.036974e+00 2.389238e+01 0.000000e+00 -1.000000e+00 1.576168e-01 0.000000e+00 1.305827e+01
1.758250e+00 -1.000000e+00 0.000000e+00 -1.000000e+00 -1.000000e+00 5.500000e+02 3.552245e-01 -1.000000e+00 -1.000000e+00 5.763229e+00 0.000000e+00 -1.000000e+00 0.000000e+00 4.714481e-03 1.050000e+03 2.577940e+00 0.000000e+00 -9.990070e+05 3.000000e+00 -1.000000e+00 6.269403e-01 -1.0 0.000000e+00 0.000000e+00 -1.000000e+00 7.792517e-01 -1.000000e+00 -9.990070e+05 2.449891e-01 2.449891e-01 9.680730e-01 1.275561e+00 3.884011e+00 0.000000e+00 -1.000000e+00 6.582543e-02 0.000000e+00 2.263316e+00
5.111281e+00 -1.000000e+00 0.000000e+00 -1.000000e+00 -1.000000e+00 7.500000e+02 4.863570e-01 -1.000000e+00 -1.000000e+00 1.719655e+01 0.000000e+00 -1.000000e+00 0.000000e+00 1.892025e-02 1.050000e+03 7.505105e+00 0.000000e+00 -9.990070e+05 3.000000e+00 -1.000000e+00 9.774802e-01 -1.0 0.000000e+00 0.000000e+00 -1.000000e+00 8.363057e-01 -1.000000e+00 -9.990070e+05 5.454884e-01 5.454884e-01 9.765170e-01 3.699373e+00 1.141311e+01 0.000000e+00 -1.000000e+00 1.459308e-01 0.000000e+00 6.583852e+00
3.464437e-01 -1.000000e+00 0.000000e+00 -1.000000e+00 -1.000000e+00 1.000000e+02 9.580520e-04 -1.000000e+00 -1.000000e+00 1.153796e+00 0.000000e+00 -1.000000e+00 0.000000e+00 1.141874e-07 1.100000e+03 5.078861e-01 0.000000e+00 -9.990070e+05 3.000000e+00 -1.000000e+00 8.365159e-04 -1.0 0.000000e+00 0.000000e+00 -1.000000e+00 2.130338e-02 -1.000000e+00 -9.990070e+05 3.212224e-04 3.212224e-04 1.927106e-01 2.509221e-01 7.694388e-01 0.000000e+00 -1.000000e+00 1.688328e-05 0.000000e+00 4.452735e-01
4.930582e-01 -1.000000e+00 4.000000e+03 -1.000000e+00 -1.000000e+00 3.000000e+02 1.119171e-02 -1.000000e+00 -1.000000e+00 1.643820e+00 0.000000e+00 -1.000000e+00 1.000000e+00 5.715359e-06 1.100000e+03 7.231488e-01 1.000000e+00 -9.990070e+05 3.000000e+00 -1.000000e+00 1.172121e-02 -1.0 0.000000e+00 0.000000e+00 -1.000000e+00 1.243545e-01 -1.000000e+00 -9.990070e+05 4.441349e-03 4.441349e-03 5.790514e-01 3.569108e-01 1.095867e+00 0.000000e+00 -1.000000e+00 4.052292e-04 0.000000e+00 6.338389e-01
1.526178e+00 -1.000000e+00 0.000000e+00 -1.000000e+00 -1.000000e+00 5.000000e+02 3.136434e-01 -1.000000e+00 -1.000000e+00 4.895503e+00 0.000000e+00 -1.000000e+00 0.000000e+00 3.234351e-03 1.100000e+03 2.227689e+00 0.000000e+00 -9.990070e+05 3.000000e+00 -1.000000e+00 5.255347e-01 -1.0 0.000000e+00 0.000000e+00 -1.000000e+00 7.558450e-01 -1.000000e+00 -9.990070e+05 2.002342e-01 2.002342e-01 9.645022e-01 1.103144e+00 3.334817e+00 0.000000e+00 -1.000000e+00 5.100144e-02 0.000000e+00 1.964961e+00
5.031771e+00 -1.000000e+00 0.000000e+00 -1.000000e+00 -1.000000e+00 7.000000e+02 4.850509e-01 -1.000000e+00 -1.000000e+00 1.794514e+01 0.000000e+00 -1.000000e+00 0.000000e+00 1.860001e-02 1.100000e+03 7.468406e+00 0.000000e+00 -9.990070e+05 3.000000e+00 -1.000000e+00 9.748275e-01 -1.0 0.000000e+00 0.000000e+00 -1.000000e+00 8.358171e-01 -1.000000e+00 -9.990070e+05 5.383740e-01 5.383740e-01 9.764458e-01 3.603841e+00 1.159622e+01 0.000000e+00 -1.000000e+00 1.447670e-01 0.000000e+00 6.565437e+00
7.765682e+00 -1.000000e+00 0.000000e+00 -1.000000e+00 -1.000000e+00 9.000000e+02 4.964362e-01 -1.000000e+00 -1.000000e+00 2.634078e+01 0.000000e+00 -1.000000e+00 0.000000e+00 2.165707e-02 1.100000e+03 1.143991e+01 0.000000e+00 -9.990070e+05 3.000000e+00 -1.000000e+00 9.953969e-01 -1.0 0.000000e+00 0.000000e+00 -1.000000e+00 8.400395e-01 -1.000000e+00 -9.990070e+05 6.225336e-01 6.225336e-01 9.770602e-01 5.609706e+00 1.746281e+01 0.000000e+00 -1.000000e+00 1.552297e-01 0.000000e+00 1.001156e+01
3.858831e-01 -1.000000e+00 0.000000e+00 -1.000000e+00 -1.000000e+00 2.500000e+02 2.017854e-03 -1.000000e+00 -1.000000e+00 1.255689e+00 0.000000e+00 -1.000000e+00 0.000000e+00 3.626388e-07 1.150000e+03 5.655777e-01 0.000000e+00 -9.990070e+05 3.000000e+00 -1.000000e+00 1.832193e-03 -1.0 0.000000e+00 0.000000e+00 -1.000000e+00 3.683462e-02 -1.000000e+00 -9.990070e+05 6.981711e-04 6.981711e-04 2.766537e-01 2.799387e-01 8.493657e-01 0.000000e+00 -1.000000e+00 4.358741e-05 0.000000e+00 4.981454e-01
8.990973e-01 -1.000000e+00 0.000000e+00 -1.000000e+00 -1.000000e+00 4.500000e+02 1.225476e-01 -1.000000e+00 -1.000000e+00 3.108962e+00 0.000000e+00 -1.000000e+00 0.000000e+00 3.976671e-04 1.150000e+03 1.323167e+00 0.000000e+00 -9.990070e+05 3.000000e+00 -1.000000e+00 1.663006e-01 -1.0 0.000000e+00 0.000000e+00 -1.000000e+00 5.449760e-01 -1.000000e+00 -9.990070e+05 6.206764e-02 6.206764e-02 9.256023e-01 6.471863e-01 2.036838e+00 0.000000e+00 -1.000000e+00 1.103099e-02 0.000000e+00 1.164434e+00
3.543503e-01 -1.000000e+00 0.000000e+00 -1.000000e+00 -1.000000e+00 5.000000e+01 7.782180e-04 -1.000000e+00 -1.000000e+00 1.116645e+00 0.000000e+00 -1.000000e+00 0.000000e+00 8.302499e-08 1.150000e+03 5.136755e-01 0.000000e+00 -9.990070e+05 3.000000e+00 -1.000000e+00 6.556959e-04 -1.0 0.000000e+00 0.000000e+00 -1.000000e+00 1.825386e-02 -1.000000e+00 -9.990070e+05 2.501021e-04 2.501021e-04 1.736876e-01 2.548732e-01 7.642730e-01 0.000000e+00 -1.000000e+00 1.298083e-05 0.000000e+00 4.534275e-01
2.729213e+00 -1.000000e+00 0.000000e+00 -1.000000e+00 -1.000000e+00 6.500000e+02 4.382899e-01 -1.000000e+00 -1.000000e+00 9.381341e+00 0.000000e+00 -1.000000e+00 0.000000e+00 1.067723e-02 1.150000e+03 4.028092e+00 0.000000e+00 -9.990070e+05 3.000000e+00 -1.000000e+00 8.549490e-01 -1.0 0.000000e+00 0.000000e+00 -1.000000e+00 8.174900e-01 -1.000000e+00 -9.990070e+05 3.799209e-01 3.799209e-01 9.737648e-01 1.966669e+00 6.173485e+00 0.000000e+00 -1.000000e+00 1.087849e-01 0.000000e+00 3.530074e+00
7.900908e+00 -1.000000e+00 0.000000e+00 -1.000000e+00 -1.000000e+00 8.500000e+02 4.969904e-01 -1.000000e+00 -1.000000e+00 2.479522e+01 0.000000e+00 -1.000000e+00 0.000000e+00 2.182240e-02 1.150000e+03 1.142954e+01 0.000000e+00 -9.990070e+05 3.000000e+00 -1.000000e+00 9.961940e-01 -1.0 0.000000e+00 0.000000e+00 -1.000000e+00 8.402430e-01 -1.000000e+00 -9.990070e+05 6.284951e-01 6.284951e-01 9.770898e-01 5.688793e+00 1.699486e+01 0.000000e+00 -1.000000e+00 1.557575e-01 0.000000e+00 1.010032e+01
3.613589e-01 -1.000000e+00 0.000000e+00 -1.000000e+00 -1.000000e+00 0.000000e+00 1.065375e-03 -1.000000e+00 -1.000000e+00 1.158510e+00 0.000000e+00 -1.000000e+00 0.000000e+00 1.344546e-07 1.200000e+03 5.272600e-01 0.000000e+00 -9.990070e+05 3.000000e+00 -1.000000e+00 9.211352e-04 -1.0 0.000000e+00 0.000000e+00 -1.000000e+00 2.304619e-02 -1.000000e+00 -9.990070e+05 3.514585e-04 3.514585e-04 2.031178e-01 2.616951e-01 7.887321e-01 0.000000e+00 -1.000000e+00 1.931479e-05 0.000000e+00 4.649820e-01
3.924827e-01 -1.000000e+00 0.000000e+00 -1.000000e+00 -1.000000e+00 2.000000e+02 2.239315e-03 -1.000000e+00 -1.000000e+00 1.270716e+00 0.000000e+00 -1.000000e+00 0.000000e+00 4.270029e-07 1.200000e+03 5.741713e-01 0.000000e+00 -9.990070e+05 3.000000e+00 -1.000000e+00 2.044530e-03 -1.0 0.000000e+00 0.000000e+00 -1.000000e+00 3.973351e-02 -1.000000e+00 -9.990070e+05 7.781055e-04 7.781055e-04 2.905714e-01 2.842009e-01 8.613347e-01 0.000000e+00 -1.000000e+00 4.981185e-05 0.000000e+00 5.060402e-01
6.663911e-01 -1.000000e+00 0.000000e+00 -1.000000e+00 -1.000000e+00 4.000000e+02 4.647944e-02 -1.000000e+00 -1.000000e+00 2.186406e+00 0.000000e+00 -1.000000e+00 0.000000e+00 6.581538e-05 1.200000e+03 9.776013e-01 0.000000e+00 -9.990070e+05 3.000000e+00 -1.000000e+00 5.555677e-02 -1.0 0.000000e+00 0.000000e+00 -1.000000e+00 3.189004e-01 -1.000000e+00 -9.990070e+05 2.078632e-02 2.078632e-02 8.392919e-01 4.839039e-01 1.471944e+00 0.000000e+00 -1.000000e+00 2.781303e-03 0.000000e+00 8.595175e-01
1.677412e+00 -1.000000e+00 0.000000e+00 -1.000000e+00 -1.000000e+00 6.000000e+02 3.430507e-01 -1.000000e+00 -1.000000e+00 5.444781e+00 0.000000e+00 -1.000000e+00 0.000000e+00 4.218856e-03 1.200000e+03 2.449541e+00 0.000000e+00 -9.990070e+05 3.000000e+00 -1.000000e+00 5.955698e-01 -1.0 0.000000e+00 0.000000e+00 -1.000000e+00 7.727728e-01 -1.000000e+00 -9.990070e+05 2.302005e-01 2.302005e-01 9.670922e-01 1.219362e+00 3.672576e+00 0.000000e+00 -1.000000e+00 6.112833e-02 0.000000e+00 2.150364e+00
5.947391e+00 -1.000000e+00 0.000000e+00 -1.000000e+00 -1.000000e+00 8.000000e+02 4.908353e-01 -1.000000e+00 -1.000000e+00 2.122974e+01 0.000000e+00 -1.000000e+00 0.000000e+00 2.007574e-02 1.200000e+03 8.831013e+00 0.000000e+00 -9.990070e+05 3.000000e+00 -1.000000e+00 9.861048e-01 -1.0 0.000000e+00 0.000000e+00 -1.000000e+00 8.379725e-01 -1.000000e+00 -9.990070e+05 5.740891e-01 5.740891e-01 9.767596e-01 4.269713e+00 1.375337e+01 0.000000e+00 -1.000000e+00 1.499921e-01 0.000000e+00 7.749464e+00
3.866741e-01 -1.000000e+00 0.000000e+00 -1.000000e+00 -1.000000e+00 1.500000e+02 1.814101e-03 -1.000000e+00 -1.000000e+00 1.233756e+00 0.000000e+00 -1.000000e+00 0.000000e+00 3.070124e-07 1.250000e+03 5.617217e-01 0.000000e+00 -9.990070e+05 3.000000e+00 -1.000000e+00 1.624238e-03 -1.0 0.000000e+00 0.000000e+00 -1.000000e+00 3.408278e-02 -1.000000e+00 -9.990070e+05 6.177499e-04 6.177499e-04 2.630126e-01 2.787255e-01 8.399354e-01 0.000000e+00 -1.000000e+00 3.803705e-05 0.000000e+00 4.961971e-01
5.339515e-01 -1.000000e+00 4.000000e+03 -1.000000e+00 -1.000000e+00 3.500000e+02 1.697142e-02 -1.000000e+00 -1.000000e+00 1.764876e+00 0.000000e+00 -1.000000e+00 1.000000e+00 1.147537e-05 1.250000e+03 7.830191e-01 1.000000e+00 -9.990070e+05 3.000000e+00 -1.000000e+00 1.840636e-02 -1.0 0.000000e+00 0.000000e+00 -1.000000e+00 1.652422e-01 -1.000000e+00 -9.990070e+05 6.949142e-03 6.949142e-03 6.670122e-01 3.871015e-01 1.182663e+00 0.000000e+00 -1.000000e+00 7.057796e-04 0.000000e+00 6.866996e-01
1.201625e+00 -1.000000e+00 4.000000e+03 -1.000000e+00 -1.000000e+00 5.500000e+02 2.286960e-01 -1.000000e+00 -1.000000e+00 3.961824e+00 0.000000e+00 -1.000000e+00 1.000000e+00 1.460097e-03 1.250000e+03 1.765265e+00 1.000000e+00 -9.990070e+05 2.000000e+00 -1.000000e+00 3.472252e-01 -1.0 0.000000e+00 0.000000e+00 -1.000000e+00 6.919742e-01 -1.000000e+00 -9.990070e+05 1.293746e-01 1.293746e-01 9.542671e-01 8.714589e-01 2.662213e+00 0.000000e+00 -1.000000e+00 2.896540e-02 1.000000e+00 1.551242e+00
4.354357e+00 -1.000000e+00 0.000000e+00 -1.000000e+00 -1.000000e+00 7.500000e+02 4.792967e-01 -1.000000e+00 -1.000000e+00 1.442630e+01 0.000000e+00 -1.000000e+00 0.000000e+00 1.727226e-02 1.250000e+03 6.404812e+00 0.000000e+00 -9.990070e+05 3.000000e+00 -1.000000e+00 9.622690e-01 -1.0 0.000000e+00 0.000000e+00 -1.000000e+00 8.336510e-01 -1.000000e+00 -9.990070e+05 5.088530e-01 5.088530e-01 9.761302e-01 3.153695e+00 9.677788e+00 0.000000e+00 -1.000000e+00 1.397502e-01 0.000000e+00 5.624954e+00
4.310678e-01 -1.000000e+00 0.000000e+00 -1.000000e+00 -1.000000e+00 1.000000e+02 4.012360e-03 -1.000000e+00 -1.000000e+00 1.363535e+00 0.000000e+00 -1.000000e+00 0.000000e+00 1.076087e-06 1.300000e+03 6.249949e-01 0.000000e+00 -9.990070e+05 3.000000e+00 -1.000000e+00 3.802702e-03 -1.0 0.000000e+00 0.000000e+00 -1.000000e+00 6.049172e-02 -1.000000e+00 -9.990070e+05 1.439249e-03 1.439249e-03 3.795179e-01 3.104488e-01 9.322681e-01 0.000000e+00 -1.000000e+00 1.056706e-04 0.000000e+00 5.523168e-01
4.692603e-01 -1.000000e+00 0.000000e+00 -1.000000e+00 -1.000000e+00 3.000000e+02 7.073160e-03 -1.000000e+00 -1.000000e+00 1.477947e+00 0.000000e+00 -1.000000e+00 0.000000e+00 2.687278e-06 1.300000e+03 6.796723e-01 0.000000e+00 -9.990070e+05 3.000000e+00 -1.000000e+00 7.017661e-03 -1.0 0.000000e+00 0.000000e+00 -1.000000e+00 9.037866e-02 -1.000000e+00 -9.990070e+05 2.647906e-03 2.647906e-03 4.840905e-01 3.379488e-01 1.012404e+00 0.000000e+00 -1.000000e+00 2.212930e-04 0.000000e+00 6.007323e-01
8.173963e-01 -1.000000e+00 0.000000e+00 -1.000000e+00 -1.000000e+00 5.000000e+02 9.383131e-02 -1.000000e+00 -1.000000e+00 2.648035e+00 0.000000e+00 -1.000000e+00 0.000000e+00 2.383036e-04 1.300000e+03 1.193317e+00 0.000000e+00 -9.990070e+05 3.000000e+00 -1.000000e+00 1.218937e-01 -1.0 0.000000e+00 0.000000e+00 -1.000000e+00 4.781312e-01 -1.000000e+00 -9.990070e+05 4.533974e-02 4.533974e-02 9.081312e-01 5.908345e-01 1.791207e+00 0.000000e+00 -1.000000e+00 7.483177e-03 0.000000e+00 1.052030e+00
3.187445e+00 -1.000000e+00 0.000000e+00 -1.000000e+00 -1.000000e+00 7.000000e+02 4.575591e-01 -1.000000e+00 -1.000000e+00 1.035444e+01 0.000000e+00 -1.000000e+00 0.000000e+00 1.326098e-02 1.300000e+03 4.674816e+00 0.000000e+00 -9.990070e+05 3.000000e+00 -1.000000e+00 9.078060e-01 -1.0 0.000000e+00 0.000000e+00 -1.000000e+00 8.252535e-01 -1.000000e+00 -9.990070e+05 4.292483e-01 4.292483e-01 9.749036e-01 2.313215e+00 7.015799e+00 0.000000e+00 -1.000000e+00 1.223422e-01 0.000000e+00 4.111127e+00
1.062559e+01 -1.000000e+00 0.000000e+00 -1.000000e+00 -1.000000e+00 9.000000e+02 4.998864e-01 -1.000000e+00 -1.000000e+00 3.489142e+01 0.000000e+00 -1.000000e+00 0.000000e+00 2.271416e-02 1.300000e+03 1.558163e+01 0.000000e+00 -9.990070e+05 3.000000e+00 -1.000000e+00 9.998773e-01 -1.0 0.000000e+00 0.000000e+00 -1.000000e+00 8.413032e-01 -1.000000e+00 -9.990070e+05 6.702821e-01 6.702821e-01 9.772438e-01 7.721732e+00 2.345878e+01 0.000000e+00 -1.000000e+00 1.585449e-01 0.000000e+00 1.370674e+01
4.924446e-01 -1.000000e+00 0.000000e+00 -1.000000e+00 -1.000000e+00 2.500000e+02 9.932836e-03 -1.000000e+00 -1.000000e+00 1.568974e+00 0.000000e+00 -1.000000e+00 0.000000e+00 4.690874e-06 1.350000e+03 7.156670e-01 0.000000e+00 -9.990070e+05 3.000000e+00 -1.000000e+00 1.016492e-02 -1.0 0.000000e+00 0.000000e+00 -1.000000e+00 1.145139e-01 -1.000000e+00 -9.990070e+05 3.831451e-03 3.831451e-03 5.538040e-01 3.554262e-01 1.069375e+00 0.000000e+00 -1.000000e+00 3.460237e-04 0.000000e+00 6.318212e-01
7.096239e-01 -1.000000e+00 0.000000e+00 -1.000000e+00 -1.000000e+00 4.500000e+02 5.795518e-02 -1.000000e+00 -1.000000e+00 2.276778e+00 0.000000e+00 -1.000000e+00 0.000000e+00 9.785515e-05 1.350000e+03 1.032992e+00 0.000000e+00 -9.990070e+05 3.000000e+00 -1.000000e+00 7.086973e-02 -1.0 0.000000e+00 0.000000e+00 -1.000000e+00 3.647850e-01 -1.000000e+00 -9.990070e+05 2.643658e-02 2.643658e-02 8.651005e-01 5.117088e-01 1.546934e+00 0.000000e+00 -1.000000e+00 3.781297e-03 0.000000e+00 9.116830e-01
4.881822e-01 -1.000000e+00 0.000000e+00 -1.000000e+00 -1.000000e+00 5.000000e+01 8.887060e-03 -1.000000e+00 -1.000000e+00 1.525099e+00 0.000000e+00 -1.000000e+00 0.000000e+00 3.905138e-06 1.350000e+03 7.059523e-01 0.000000e+00 -9.990070e+05 3.000000e+00 -1.000000e+00 8.971687e-03 -1.0 0.000000e+00 0.000000e+00 -1.000000e+00 1.060044e-01 -1.000000e+00 -9.990070e+05 3.377705e-03 3.377705e-03 5.305393e-01 3.519490e-01 1.049173e+00 0.000000e+00 -1.000000e+00 2.987653e-04 0.000000e+00 6.242057e-01
1.880007e+00 -1.000000e+00 0.000000e+00 -1.000000e+00 -1.000000e+00 6.500000e+02 3.739047e-01 -1.000000e+00 -1.000000e+00 6.037783e+00 0.000000e+00 -1.000000e+00 0.000000e+00 5.605153e-03 1.350000e+03 2.749866e+00 0.000000e+00 -9.990070e+05 3.000000e+00 -1.000000e+00 6.751806e-01 -1.0 0.000000e+00 0.000000e+00 -1.000000e+00 7.886840e-01 -1.000000e+00 -9.990070e+05 2.678463e-01 2.678463e-01 9.694916e-01 1.366944e+00 4.109313e+00 0.000000e+00 -1.000000e+00 7.370149e-02 0.000000e+00 2.419892e+00
6.370474e+00 -1.000000e+00 0.000000e+00 -1.000000e+00 -1.000000e+00 8.500000e+02 4.925207e-01 -1.000000e+00 -1.000000e+00 2.187671e+01 0.000000e+00 -1.000000e+00 0.000000e+00 2.053495e-02 1.350000e+03 9.391715e+00 0.000000e+00 -9.990070e+05 3.000000e+00 -1.000000e+00 9.891058e-01 -1.0 0.000000e+00 0.000000e+00 -1.000000e+00 8.385966e-01 -1.000000e+00 -9.990070e+05 5.868044e-01 5.868044e-01 9.768504e-01 4.589166e+00 1.439594e+01 0.000000e+00 -1.000000e+00 1.515495e-01 0.000000e+00 8.234359e+00
5.965935e-01 -1.000000e+00 0.000000e+00 -1.000000e+00 -1.000000e+00 0.000000e+00 2.693494e-02 -1.000000e+00 -1.000000e+00 1.862623e+00 0.000000e+00 -1.000000e+00 0.000000e+00 2.526187e-05 1.400000e+03 8.629468e-01 0.000000e+00 -9.990070e+05 3.000000e+00 -1.000000e+00 3.020586e-02 -1.0 0.000000e+00 0.000000e+00 -1.000000e+00 2.248579e-01 -1.000000e+00 -9.990070e+05 1.130324e-02 1.130324e-02 7.563674e-01 4.303401e-01 1.281993e+00 0.000000e+00 -1.000000e+00 1.316093e-03 0.000000e+00 7.629255e-01
5.377238e-01 -1.000000e+00 0.000000e+00 -1.000000e+00 -1.000000e+00 2.000000e+02 1.602158e-02 -1.000000e+00 -1.000000e+00 1.695084e+00 0.000000e+00 -1.000000e+00 0.000000e+00 1.041266e-05 1.400000e+03 7.790299e-01 0.000000e+00 -9.990070e+05 3.000000e+00 -1.000000e+00 1.708940e-02 -1.0 0.000000e+00 0.000000e+00 -1.000000e+00 1.589237e-01 -1.000000e+00 -9.990070e+05 6.417763e-03 6.417763e-03 6.550505e-01 3.877850e-01 1.160755e+00 0.000000e+00 -1.000000e+00 6.533982e-04 0.000000e+00 6.883950e-01
6.644361e-01 -1.000000e+00 0.000000e+00 -1.000000e+00 -1.000000e+00 4.000000e+02 4.442210e-02 -1.000000e+00 -1.000000e+00 2.114073e+00 0.000000e+00 -1.000000e+00 0.000000e+00 6.071541e-05 1.400000e+03 9.647315e-01 0.000000e+00 -9.990070e+05 3.000000e+00 -1.000000e+00 5.264532e-02 -1.0 0.000000e+00 0.000000e+00 -1.000000e+00 3.100415e-01 -1.000000e+00 -9.990070e+05 1.966022e-02 1.966022e-02 8.334618e-01 4.791503e-01 1.441233e+00 0.000000e+00 -1.000000e+00 2.612356e-03 0.000000e+00 8.519777e-01
1.203726e+00 -1.000000e+00 4.000000e+03 -1.000000e+00 -1.000000e+00 6.000000e+02 2.305110e-01 -1.000000e+00 -1.000000e+00 3.881342e+00 0.000000e+00 -1.000000e+00 1.000000e+00 1.486839e-03 1.400000e+03 1.761958e+00 1.000000e+00 -9.990070e+05 2.000000e+00 -1.000000e+00 3.503328e-01 -1.0 0.000000e+00 0.000000e+00 -1.000000e+00 6.936645e-01 -1.000000e+00 -9.990070e+05 1.304127e-01 1.304127e-01 9.545495e-01 8.750398e-01 2.636759e+00 0.000000e+00 -1.000000e+00 2.935005e-02 1.000000e+00 1.550975e+00
5.105003e+00 -1.000000e+00 0.000000e+00 -1.000000e+00 -1.000000e+00 8.000000e+02 4.865478e-01 -1.000000e+00 -1.000000e+00 1.665012e+01 0.000000e+00 -1.000000e+00 0.000000e+00 1.896764e-02 1.400000e+03 7.493241e+00 0.000000e+00 -9.990070e+05 3.000000e+00 -1.000000e+00 9.778440e-01 -1.0 0.000000e+00 0.000000e+00 -1.000000e+00 8.363770e-01 -1.000000e+00 -9.990070e+05 5.463107e-01 5.463107e-01 9.765274e-01 3.705639e+00 1.125832e+01 0.000000e+00 -1.000000e+00 1.461015e-01 0.000000e+00 6.593310e+00
6.372494e-01 -1.000000e+00 0.000000e+00 -1.000000e+00 -1.000000e+00 1.500000e+02 3.675753e-02 -1.000000e+00 -1.000000e+00 2.002327e+00 0.000000e+00 -1.000000e+00 0.000000e+00 4.343400e-05 1.450000e+03 9.229775e-01 0.000000e+00 -9.990070e+05 3.000000e+00 -1.000000e+00 4.261083e-02 -1.0 0.000000e+00 0.000000e+00 -1.000000e+00 2.750749e-01 -1.000000e+00 -9.990070e+05 1.591926e-02 1.591926e-02 8.070121e-01 4.597210e-01 1.373815e+00 0.000000e+00 -1.000000e+00 2.012303e-03 0.000000e+00 8.156111e-01
6.703322e-01 -1.000000e+00 0.000000e+00 -1.000000e+00 -1.000000e+00 3.500000e+02 4.583148e-02 -1.000000e+00 -1.000000e+00 2.114657e+00 0.000000e+00 -1.000000e+00 0.000000e+00 6.418808e-05 1.450000e+03 9.736402e-01 0.000000e+00 -9.990070e+05 3.000000e+00 -1.000000e+00 5.445273e-02 -1.0 0.000000e+00 0.000000e+00 -1.000000e+00 3.161327e-01 -1.000000e+00 -9.990070e+05 2.031902e-02 2.031902e-02 8.375040e-01 4.854186e-01 1.448860e+00 0.000000e+00 -1.000000e+00 2.727743e-03 0.000000e+00 8.592825e-01
9.852330e-01 -1.000000e+00 0.000000e+00 -1.000000e+00 -1.000000e+00 5.500000e+02 1.543142e-01 -1.000000e+00 -1.000000e+00 3.112140e+00 0.000000e+00 -1.000000e+00 0.000000e+00 6.288090e-04 1.450000e+03 1.431578e+00 0.000000e+00 -9.990070e+05 3.000000e+00 -1.000000e+00 2.156637e-01 -1.0 0.000000e+00 0.000000e+00 -1.000000e+00 6.018906e-01 -1.000000e+00 -9.990070e+05 7.992855e-02 7.992855e-02 9.378768e-01 7.127907e-01 2.132220e+00 0.000000e+00 -1.000000e+00 1.555820e-02 0.000000e+00 1.263492e+00
2.686703e+00 -1.000000e+00 0.000000e+00 -1.000000e+00 -1.000000e+00 7.500000e+02 4.383622e-01 -1.000000e+00 -1.000000e+00 8.753441e+00 0.000000e+00 -1.000000e+00 0.000000e+00 1.068564e-02 1.450000e+03 3.933687e+00 0.000000e+00 -9.990070e+05 3.000000e+00 -1.000000e+00 8.548441e-01 -1.0 0.000000e+00 0.000000e+00 -1.000000e+00 8.175197e-01 -1.000000e+00 -9.990070e+05 3.793075e-01 3.793075e-01 9.737692e-01 1.949996e+00 5.908948e+00 0.000000e+00 -1.000000e+00 1.088327e-01 0.000000e+00 3.452878e+00
7.767546e-01 -1.000000e+00 0.000000e+00 -1.000000e+00 -1.000000e+00 0.000000e+00 7.846608e-02 -1.000000e+00 -1.000000e+00 2.428291e+00 0.000000e+00 -1.000000e+00 0.000000e+00 1.705166e-04 1.500000e+03 1.124154e+00 0.000000e+00 -9.990070e+05 3.000000e+00 -1.000000e+00 9.933680e-02 -1.0 0.000000e+00 0.000000e+00 -1.000000e+00 4.343850e-01 -1.000000e+00 -9.990070e+05 3.692459e-02 3.692459e-02 8.940778e-01 5.606712e-01 1.670299e+00 0.000000e+00 -1.000000e+00 5.795620e-03 0.000000e+00 9.935876e-01
7.464237e-01 -1.000000e+00 0.000000e+00 -1.000000e+00 -1.000000e+00 1.000000e+02 6.831016e-02 -1.000000e+00 -1.000000e+00 2.330005e+00 0.000000e+00 -1.000000e+00 0.000000e+00 1.320406e-04 1.500000e+03 1.079657e+00 0.000000e+00 -9.990070e+05 3.000000e+00 -1.000000e+00 8.499230e-02 -1.0 0.000000e+00 0.000000e+00 -1.000000e+00 4.017036e-01 -1.000000e+00 -9.990070e+05 3.162029e-02 3.162029e-02 8.816855e-01 5.386776e-01 1.603544e+00 0.000000e+00 -1.000000e+00 4.763181e-03 0.000000e+00 9.544589e-01
7.506134e-01 -1.000000e+00 0.000000e+00 -1.000000e+00 -1.000000e+00 3.000000e+02 6.991125e-02 -1.000000e+00 -1.000000e+00 2.355455e+00 0.000000e+00 -1.000000e+00 0.000000e+00 1.377784e-04 1.500000e+03 1.087421e+00 0.000000e+00 -9.990070e+05 3.000000e+00 -1.000000e+00 8.725161e-02 -1.0 0.000000e+00 0.000000e+00 -1.000000e+00 4.070753e-01 -1.000000e+00 -9.990070e+05 3.246078e-02 3.246078e-02 8.838543e-01 5.421079e-01 1.617224e+00 0.000000e+00 -1.000000e+00 4.921456e-03 0.000000e+00 9.607254e-01
9.780588e-01 -1.000000e+00 0.000000e+00 -1.000000e+00 -1.000000e+00 5.000000e+02 1.520475e-01 -1.000000e+00 -1.000000e+00 3.114468e+00 0.000000e+00 -1.000000e+00 0.000000e+00 6.102274e-04 1.500000e+03 1.424720e+00 0.000000e+00 -9.990070e+05 3.000000e+00 -1.000000e+00 2.119785e-01 -1.0 0.000000e+00 0.000000e+00 -1.000000e+00 5.983023e-01 -1.000000e+00 -9.990070e+05 7.857179e-02 7.857179e-02 9.371563e-01 7.088904e-01 2.125875e+00 0.000000e+00 -1.000000e+00 1.521351e-02 0.000000e+00 1.256219e+00
1.894056e+00 -1.000000e+00 0.000000e+00 -1.000000e+00 -1.000000e+00 7.000000e+02 3.749924e-01 -1.000000e+00 -1.000000e+00 6.191916e+00 0.000000e+00 -1.000000e+00 0.000000e+00 5.662633e-03 1.500000e+03 2.777082e+00 0.000000e+00 -9.990070e+05 3.000000e+00 -1.000000e+00 6.781616e-01 -1.0 0.000000e+00 0.000000e+00 -1.000000e+00 7.892158e-01 -1.000000e+00 -9.990070e+05 2.694048e-01 2.694048e-01 9.695713e-01 1.375338e+00 4.176959e+00 0.000000e+00 -1.000000e+00 7.418712e-02 0.000000e+00 2.441198e+00
7.650119e+00 -1.000000e+00 0.000000e+00 -1.000000e+00 -1.000000e+00 9.000000e+02 4.963137e-01 -1.000000e+00 -1.000000e+00 2.558731e+01 0.000000e+00 -1.000000e+00 0.000000e+00 2.162074e-02 1.500000e+03 1.124042e+01 0.000000e+00 -9.990070e+05 3.000000e+00 -1.000000e+00 9.952147e-01 -1.0 0.000000e+00 0.000000e+00 -1.000000e+00 8.399945e-01 -1.000000e+00 -9.990070e+05 6.211142e-01 6.211142e-01 9.770536e-01 5.540677e+00 1.705639e+01 0.000000e+00 -1.000000e+00 1.551132e-01 0.000000e+00 9.845095e+00
8.709379e-01 -1.000000e+00 0.000000e+00 -1.000000e+00 -1.000000e+00 2.500000e+02 1.119563e-01 -1.000000e+00 -1.000000e+00 2.732184e+00 0.000000e+00 -1.000000e+00 0.000000e+00 3.337377e-04 1.550000e+03 1.262179e+00 0.000000e+00 -9.990070e+05 3.000000e+00 -1.000000e+00 1.487192e-01 -1.0 0.000000e+00 0.000000e+00 -1.000000e+00 5.223047e-01 -1.000000e+00 -9.990070e+05 5.516570e-02 5.516570e-02 9.201151e-01 6.295337e-01 1.876329e+00 0.000000e+00 -1.000000e+00 9.663090e-03 0.000000e+00 1.114880e+00
9.624282e-01 -1.000000e+00 0.000000e+00 -1.000000e+00 -1.000000e+00 4.500000e+02 1.459868e-01 -1.000000e+00 -1.000000e+00 3.024953e+00 0.000000e+00 -1.000000e+00 0.000000e+00 5.621843e-04 1.550000e+03 1.397216e+00 0.000000e+00 -9.990070e+05 3.000000e+00 -1.000000e+00 2.020407e-01 -1.0 0.000000e+00 0.000000e+00 -1.000000e+00 5.883820e-01 -1.000000e+00 -9.990070e+05 7.486223e-02 7.486223e-02 9.351305e-01 6.972343e-01 2.076554e+00 0.000000e+00 -1.000000e+00 1.430855e-02 0.000000e+00 1.233218e+00
9.347540e-01 -1.000000e+00 0.000000e+00 -1.000000e+00 -1.000000e+00 5.000000e+01 1.354324e-01 -1.000000e+00 -1.000000e+00 2.920381e+00 0.000000e+00 -1.000000e+00 0.000000e+00 4.840332e-04 1.550000e+03 1.353901e+00 0.000000e+00 -9.990070e+05 3.000000e+00 -1.000000e+00 1.851141e-01 -1.0 0.000000e+00 0.000000e+00 -1.000000e+00 5.698907e-01 -1.000000e+00 -9.990070e+05 6.859138e-02 6.859138e-02 9.312121e-01 6.760059e-01 2.009803e+00 0.000000e+00 -1.000000e+00 1.278951e-02 0.000000e+00 1.196109e+00
1.542570e+00 -1.000000e+00 0.000000e+00 -1.000000e+00 -1.000000e+00 6.500000e+02 3.186829e-01 -1.000000e+00 -1.000000e+00 4.925004e+00 0.000000e+00 -1.000000e+00 0.000000e+00 3.384753e-03 1.550000e+03 2.251875e+00 0.000000e+00 -9.990070e+05 3.000000e+00 -1.000000e+00 5.365939e-01 -1.0 0.000000e+00 0.000000e+00 -1.000000e+00 7.588877e-01 -1.000000e+00 -9.990070e+05 2.044970e-01 2.044970e-01 9.649709e-01 1.122676e+00 3.356989e+00 0.000000e+00 -1.000000e+00 5.262518e-02 0.000000e+00 1.981768e+00
4.319434e+00 -1.000000e+00 0.000000e+00 -1.000000e+00 -1.000000e+00 8.500000e+02 4.794393e-01 -1.000000e+00 -1.000000e+00 1.397528e+01 0.000000e+00 -1.000000e+00 0.000000e+00 1.730362e-02 1.550000e+03 6.314654e+00 0.000000e+00 -9.990070e+05 3.000000e+00 -1.000000e+00 9.625599e-01 -1.0 0.000000e+00 0.000000e+00 -1.000000e+00 8.337049e-01 -1.000000e+00 -9.990070e+05 5.092437e-01 5.092437e-01 9.761381e-01 3.131932e+00 9.469181e+00 0.000000e+00 -1.000000e+00 1.398724e-01 0.000000e+00 5.562695e+00
1.064957e+00 -1.000000e+00 0.000000e+00 -1.000000e+00 -1.000000e+00 0.000000e+00 1.833787e-01 -1.000000e+00 -1.000000e+00 3.336355e+00 0.000000e+00 -1.000000e+00 0.000000e+00 8.989150e-04 1.600000e+03 1.545748e+00 0.000000e+00 -9.990070e+05 3.000000e+00 -1.000000e+00 2.645272e-01 -1.0 0.000000e+00 0.000000e+00 -1.000000e+00 6.427714e-01 -1.000000e+00 -9.990070e+05 9.804260e-02 9.804260e-02 9.456798e-01 7.721138e-01 2.294375e+00 0.000000e+00 -1.000000e+00 2.029119e-02 0.000000e+00 1.364238e+00
1.042399e+00 -1.000000e+00 0.000000e+00 -1.000000e+00 -1.000000e+00 2.000000e+02 1.752471e-01 -1.000000e+00 -1.000000e+00 3.272842e+00 0.000000e+00 -1.000000e+00 0.000000e+00 8.171094e-04 1.600000e+03 1.513291e+00 0.000000e+00 -9.990070e+05 3.000000e+00 -1.000000e+00 2.505703e-01 -1.0 0.000000e+00 0.000000e+00 -1.000000e+00 6.322138e-01 -1.000000e+00 -9.990070e+05 9.285132e-02 9.285132e-02 9.437308e-01 7.554224e-01 2.248046e+00 0.000000e+00 -1.000000e+00 1.890677e-02 0.000000e+00 1.335583e+00
1.111408e+00 -1.000000e+00 4.000000e+03 -1.000000e+00 -1.000000e+00 4.000000e+02 1.996479e-01 -1.000000e+00 -1.000000e+00 3.488412e+00 0.000000e+00 -1.000000e+00 1.000000e+00 1.078630e-03 1.600000e+03 1.614416e+00 1.000000e+00 -9.990070e+05 2.000000e+00 -1.000000e+00 2.931670e-01 -1.0 0.000000e+00 0.000000e+00 -1.000000e+00 6.621553e-01 -1.000000e+00 -9.990070e+05 1.087518e-01 1.087518e-01 9.491535e-01 8.057844e-01 2.397822e+00 0.000000e+00 -1.000000e+00 2.321069e-02 1.000000e+00 1.424540e+00
1.453506e+00 -1.000000e+00 0.000000e+00 -1.000000e+00 -1.000000e+00 6.000000e+02 2.987401e-01 -1.000000e+00 -1.000000e+00 4.606555e+00 0.000000e+00 -1.000000e+00 0.000000e+00 2.826720e-03 1.600000e+03 2.116028e+00 0.000000e+00 -9.990070e+05 3.000000e+00 -1.000000e+00 4.908987e-01 -1.0 0.000000e+00 0.000000e+00 -1.000000e+00 7.464571e-01 -1.000000e+00 -9.990070e+05 1.855062e-01 1.855062e-01 9.630469e-01 1.053900e+00 3.152189e+00 0.000000e+00 -1.000000e+00 4.644174e-02 0.000000e+00 1.865959e+00
2.848971e+00 -1.000000e+00 0.000000e+00 -1.000000e+00 -1.000000e+00 8.000000e+02 4.460930e-01 -1.000000e+00 -1.000000e+00 9.200215e+00 0.000000e+00 -1.000000e+00 0.000000e+00 1.163614e-02 1.600000e+03 4.167506e+00 0.000000e+00 -9.990070e+05 3.000000e+00 -1.000000e+00 8.764513e-01 -1.0 0.000000e+00 0.000000e+00 -1.000000e+00 8.206731e-01 -1.000000e+00 -9.990070e+05 3.978635e-01 3.978635e-01 9.742323e-01 2.070322e+00 6.239229e+00 0.000000e+00 -1.000000e+00 1.140765e-01 0.000000e+00 3.663599e+00
1.243768e+00 -1.000000e+00 4.000000e+03 -1.000000e+00 -1.000000e+00 1.500000e+02 2.428391e-01 -1.000000e+00 -1.000000e+00 3.879311e+00 0.000000e+00 -1.000000e+00 1.000000e+00 1.678656e-03 1.650000e+03 1.803983e+00 1.000000e+00 -9.990070e+05 2.000000e+00 -1.000000e+00 3.738910e-01 -1.0 0.000000e+00 0.000000e+00 -1.000000e+00 7.046814e-01 -1.000000e+00 -9.990070e+05 1.393012e-01 1.393012e-01 9.563731e-01 9.021316e-01 2.673655e+00 0.000000e+00 -1.000000e+00 3.204752e-02 1.000000e+00 1.592527e+00
1.266521e+00 -1.000000e+00 4.000000e+03 -1.000000e+00 -1.000000e+00 3.500000e+02 2.498046e-01 -1.000000e+00 -1.000000e+00 3.968114e+00 0.000000e+00 -1.000000e+00 1.000000e+00 1.795373e-03 1.650000e+03 1.840032e+00 1.000000e+00 -9.990070e+05 3.000000e+00 -1.000000e+00 3.876419e-01 -1.0 0.000000e+00 0.000000e+00 -1.000000e+00 7.105721e-01 -1.000000e+00 -9.990070e+05 1.445902e-01 1.445902e-01 9.573363e-01 9.196881e-01 2.729612e+00 0.000000e+00 -1.000000e+00 3.363985e-02 0.000000e+00 1.623179e+00
1.450607e+00 -1.000000e+00 0.000000e+00 -1.000000e+00 -1.000000e+00 5.500000e+02 2.982487e-01 -1.000000e+00 -1.000000e+00 4.538526e+00 0.000000e+00 -1.000000e+00 0.000000e+00 2.814154e-03 1.650000e+03 2.103924e+00 0.000000e+00 -9.990070e+05 3.000000e+00 -1.000000e+00 4.897245e-01 -1.0 0.000000e+00 0.000000e+00 -1.000000e+00 7.461370e-01 -1.000000e+00 -9.990070e+05 1.849864e-01 1.849864e-01 9.629971e-01 1.050647e+00 3.122852e+00 0.000000e+00 -1.000000e+00 4.629726e-02 0.000000e+00 1.857532e+00
2.251157e+00 -1.000000e+00 0.000000e+00 -1.000000e+00 -1.000000e+00 7.500000e+02 4.123290e-01 -1.000000e+00 -1.000000e+00 7.170753e+00 0.000000e+00 -1.000000e+00 0.000000e+00 8.136439e-03 1.650000e+03 3.284698e+00 0.000000e+00 -9.990070e+05 3.000000e+00 -1.000000e+00 7.810250e-01 -1.0 0.000000e+00 0.000000e+00 -1.000000e+00 8.064681e-01 -1.000000e+00 -9.990070e+05 3.266919e-01 3.266919e-01 9.721393e-01 1.636988e+00 4.895389e+00 0.000000e+00 -1.000000e+00 9.294170e-02 0.000000e+00 2.893729e+00
1.500191e+00 -1.000000e+00 0.000000e+00 -1.000000e+00 -1.000000e+00 1.000000e+02 3.097173e-01 -1.000000e+00 -1.000000e+00 4.678666e+00 0.000000e+00 -1.000000e+00 0.000000e+00 3.121761e-03 1.700000e+03 2.174444e+00 0.000000e+00 -9.990070e+05 3.000000e+00 -1.000000e+00 5.156811e-01 -1.0 0.000000e+00 0.000000e+00 -1.000000e+00 7.534298e-01 -1.000000e+00 -9.990070e+05 1.956695e-01 1.956695e-01 9.641292e-01 1.086953e+00 3.223902e+00 0.000000e+00 -1.000000e+00 4.976589e-02 0.000000e+00 1.920191e+00
1.501716e+00 -1.000000e+00 0.000000e+00 -1.000000e+00 -1.000000e+00 3.000000e+02 3.099980e-01 -1.000000e+00 -1.000000e+00 4.691647e+00 0.000000e+00 -1.000000e+00 0.000000e+00 3.129682e-03 1.700000e+03 2.177754e+00 0.000000e+00 -9.990070e+05 3.000000e+00 -1.000000e+00 5.163300e-01 -1.0 0.000000e+00 0.000000e+00 -1.000000e+00 7.536038e-01 -1.000000e+00 -9.990070e+05 1.959417e-01 1.959417e-01 9.641561e-01 1.088179e+00 3.230429e+00 0.000000e+00 -1.000000e+00 4.985338e-02 0.000000e+00 1.922721e+00
1.611376e+00 -1.000000e+00 0.000000e+00 -1.000000e+00 -1.000000e+00 5.000000e+02 3.323932e-01 -1.000000e+00 -1.000000e+00 5.043475e+00 0.000000e+00 -1.000000e+00 0.000000e+00 3.830571e-03 1.700000e+03 2.339016e+00 0.000000e+00 -9.990070e+05 3.000000e+00 -1.000000e+00 5.692190e-01 -1.0 0.000000e+00 0.000000e+00 -1.000000e+00 7.668601e-01 -1.000000e+00 -9.990070e+05 2.184483e-01 2.184483e-01 9.661922e-01 1.168671e+00 3.470444e+00 0.000000e+00 -1.000000e+00 5.727022e-02 0.000000e+00 2.064240e+00
2.200132e+00 -1.000000e+00 0.000000e+00 -1.000000e+00 -1.000000e+00 7.000000e+02 4.082450e-01 -1.000000e+00 -1.000000e+00 6.926347e+00 0.000000e+00 -1.000000e+00 0.000000e+00 7.809247e-03 1.700000e+03 3.203640e+00 0.000000e+00 -9.990070e+05 3.000000e+00 -1.000000e+00 7.694785e-01 -1.0 0.000000e+00 0.000000e+00 -1.000000e+00 8.046678e-01 -1.000000e+00 -9.990070e+05 3.195174e-01 3.195174e-01 9.718727e-01 1.599371e+00 4.757975e+00 0.000000e+00 -1.000000e+00 9.067542e-02 0.000000e+00 2.823876e+00
4.276847e+00 -1.000000e+00 0.000000e+00 -1.000000e+00 -1.000000e+00 9.000000e+02 4.789670e-01 -1.000000e+00 -1.000000e+00 1.350528e+01 0.000000e+00 -1.000000e+00 0.000000e+00 1.720009e-02 1.700000e+03 6.210928e+00 0.000000e+00 -9.990070e+05 3.000000e+00 -1.000000e+00 9.614838e-01 -1.0 0.000000e+00 0.000000e+00 -1.000000e+00 8.335262e-01 -1.000000e+00 -9.990070e+05 5.070386e-01 5.070386e-01 9.761120e-01 3.089397e+00 9.255260e+00 0.000000e+00 -1.000000e+00 1.394681e-01 0.000000e+00 5.483606e+00
1.903836e+00 -1.000000e+00 0.000000e+00 -1.000000e+00 -1.000000e+00 2.500000e+02 3.777140e-01 -1.000000e+00 -1.000000e+00 5.946147e+00 0.000000e+00 -1.000000e+00 0.000000e+00 5.809460e-03 1.750000e+03 2.762920e+00 0.000000e+00 -9.990070e+05 3.000000e+00 -1.000000e+00 6.852464e-01 -1.0 0.000000e+00 0.000000e+00 -1.000000e+00 7.905385e-01 -1.000000e+00 -9.990070e+05 2.728192e-01 2.728192e-01 9.697693e-01 1.381476e+00 4.095939e+00 0.000000e+00 -1.000000e+00 7.541599e-02 0.000000e+00 2.438410e+00
1.869794e+00 -1.000000e+00 0.000000e+00 -1.000000e+00 -1.000000e+00 4.500000e+02 3.733342e-01 -1.000000e+00 -1.000000e+00 5.839657e+00 0.000000e+00 -1.000000e+00 0.000000e+00 5.575274e-03 1.750000e+03 2.713652e+00 0.000000e+00 -9.990070e+05 3.000000e+00 -1.000000e+00 6.735253e-01 -1.0 0.000000e+00 0.000000e+00 -1.000000e+00 7.884044e-01 -1.000000e+00 -9.990070e+05 2.669108e-01 2.669108e-01 9.694497e-01 1.356760e+00 4.022907e+00 0.000000e+00 -1.000000e+00 7.344802e-02 0.000000e+00 2.394909e+00
1.938058e+00 -1.000000e+00 0.000000e+00 -1.000000e+00 -1.000000e+00 5.000000e+01 3.819565e-01 -1.000000e+00 -1.000000e+00 6.052382e+00 0.000000e+00 -1.000000e+00 0.000000e+00 6.047267e-03 1.750000e+03 2.812248e+00 0.000000e+00 -9.990070e+05 3.000000e+00 -1.000000e+00 6.967096e-01 -1.0 0.000000e+00 0.000000e+00 -1.000000e+00 7.925783e-01 -1.000000e+00 -9.990070e+05 2.787257e-01 2.787257e-01 9.700743e-01 1.406446e+00 4.168729e+00 0.000000e+00 -1.000000e+00 7.737171e-02 0.000000e+00 2.482137e+00
2.169823e+00 -1.000000e+00 0.000000e+00 -1.000000e+00 -1.000000e+00 6.500000e+02 4.057441e-01 -1.000000e+00 -1.000000e+00 6.815983e+00 0.000000e+00 -1.000000e+00 0.000000e+00 7.616908e-03 1.750000e+03 3.154970e+00 0.000000e+00 -9.990070e+05 3.000000e+00 -1.000000e+00 7.624402e-01 -1.0 0.000000e+00 0.000000e+00 -1.000000e+00 8.035555e-01 -1.000000e+00 -9.990070e+05 3.152633e-01 3.152633e-01 9.717079e-01 1.576399e+00 4.683195e+00 0.000000e+00 -1.000000e+00 8.931564e-02 0.000000e+00 2.782448e+00
3.483470e+00 -1.000000e+00 0.000000e+00 -1.000000e+00 -1.000000e+00 8.500000e+02 4.657963e-01 -1.000000e+00 -1.000000e+00 1.109640e+01 0.000000e+00 -1.000000e+00 0.000000e+00 1.461803e-02 1.750000e+03 5.073646e+00 0.000000e+00 -9.990070e+05 3.000000e+00 -1.000000e+00 9.293854e-01 -1.0 0.000000e+00 0.000000e+00 -1.000000e+00 8.284775e-01 -1.000000e+00 -9.990070e+05 4.551926e-01 4.551926e-01 9.753751e-01 2.524183e+00 7.571956e+00 0.000000e+00 -1.000000e+00 1.286609e-01 0.000000e+00 4.473856e+00
2.373645e+00 -1.000000e+00 4.000000e+03 -1.000000e+00 -1.000000e+00 0.000000e+00 4.217586e-01 -1.000000e+00 -1.000000e+00 7.412541e+00 0.000000e+00 -1.000000e+00 1.000000e+00 8.959929e-03 1.800000e+03 3.446793e+00 1.000000e+00 -9.990070e+05 2.000000e+00 -1.000000e+00 8.077029e-01 -1.0 0.000000e+00 0.000000e+00 -1.000000e+00 8.105532e-01 -1.000000e+00 -9.990070e+05 3.440895e-01 3.440895e-01 9.727430e-01 1.724270e+00 5.107450e+00 0.000000e+00 -1.000000e+00 9.840001e-02 1.000000e+00 3.041025e+00
2.368736e+00 -1.000000e+00 4.000000e+03 -1.000000e+00 -1.000000e+00 2.000000e+02 4.214694e-01 -1.000000e+00 -1.000000e+00 7.384577e+00 0.000000e+00 -1.000000e+00 1.000000e+00 8.933153e-03 1.800000e+03 3.437660e+00 1.000000e+00 -9.990070e+05 2.000000e+00 -1.000000e+00 8.068850e-01 -1.0 0.000000e+00 0.000000e+00 -1.000000e+00 8.104293e-01 -1.000000e+00 -9.990070e+05 3.435368e-01 3.435368e-01 9.727247e-01 1.720366e+00 5.091598e+00 0.000000e+00 -1.000000e+00 9.822778e-02 1.000000e+00 3.033681e+00
2.251686e+00 -1.000000e+00 0.000000e+00 -1.000000e+00 -1.000000e+00 4.000000e+02 4.126982e-01 -1.000000e+00 -1.000000e+00 7.040406e+00 0.000000e+00 -1.000000e+00 0.000000e+00 8.166852e-03 1.800000e+03 3.271130e+00 0.000000e+00 -9.990070e+05 3.000000e+00 -1.000000e+00 7.820252e-01 -1.0 0.000000e+00 0.000000e+00 -1.000000e+00 8.066300e-01 -1.000000e+00 -9.990070e+05 3.272711e-01 3.272711e-01 9.721632e-01 1.635879e+00 4.848823e+00 0.000000e+00 -1.000000e+00 9.314944e-02 0.000000e+00 2.885558e+00
2.535317e+00 -1.000000e+00 0.000000e+00 -1.000000e+00 -1.000000e+00 6.000000e+02 4.318320e-01 -1.000000e+00 -1.000000e+00 7.926634e+00 0.000000e+00 -1.000000e+00 0.000000e+00 9.959938e-03 1.800000e+03 3.683041e+00 0.000000e+00 -9.990070e+05 3.000000e+00 -1.000000e+00 8.362956e-01 -1.0 0.000000e+00 0.000000e+00 -1.000000e+00 8.148126e-01 -1.000000e+00 -9.990070e+05 3.645846e-01 3.645846e-01 9.733709e-01 1.841906e+00 5.459289e+00 0.000000e+00 -1.000000e+00 1.045988e-01 0.000000e+00 3.248998e+00
3.361903e+00 -1.000000e+00 0.000000e+00 -1.000000e+00 -1.000000e+00 8.000000e+02 4.629772e-01 -1.000000e+00 -1.000000e+00 1.059759e+01 0.000000e+00 -1.000000e+00 0.000000e+00 1.413365e-02 1.800000e+03 4.876452e+00 0.000000e+00 -9.990070e+05 3.000000e+00 -1.000000e+00 9.220765e-01 -1.0 0.000000e+00 0.000000e+00 -1.000000e+00 8.273801e-01 -1.000000e+00 -9.990070e+05 4.457769e-01 4.457769e-01 9.752147e-01 2.429500e+00 7.260787e+00 0.000000e+00 -1.000000e+00 1.264614e-01 0.000000e+00 4.306668e+00
2.763983e+00 -1.000000e+00 0.000000e+00 -1.000000e+00 -1.000000e+00 1.500000e+02 4.434749e-01 -1.000000e+00 -1.000000e+00 8.615893e+00 0.000000e+00 -1.000000e+00 0.000000e+00 1.130233e-02 1.850000e+03 4.013254e+00 0.000000e+00 -9.990070e+05 3.000000e+00 -1.000000e+00 8.691080e-01 -1.0 0.000000e+00 0.000000e+00 -1.000000e+00 8.196113e-01 -1.000000e+00 -9.990070e+05 3.912208e-01 3.912208e-01 9.740764e-01 2.009192e+00 5.942037e+00 0.000000e+00 -1.000000e+00 1.122719e-01 0.000000e+00 3.540833e+00
2.741079e+00 -1.000000e+00 0.000000e+00 -1.000000e+00 -1.000000e+00 3.500000e+02 4.423916e-01 -1.000000e+00 -1.000000e+00 8.551893e+00 0.000000e+00 -1.000000e+00 0.000000e+00 1.116787e-02 1.850000e+03 3.980482e+00 0.000000e+00 -9.990070e+05 3.000000e+00 -1.000000e+00 8.660733e-01 -1.0 0.000000e+00 0.000000e+00 -1.000000e+00 8.191701e-01 -1.000000e+00 -9.990070e+05 3.885771e-01 3.885771e-01 9.740116e-01 1.992021e+00 5.895647e+00 0.000000e+00 -1.000000e+00 1.115339e-01 0.000000e+00 3.511725e+00
2.954957e+00 -1.000000e+00 0.000000e+00 -1.000000e+00 -1.000000e+00 5.500000e+02 4.510475e-01 -1.000000e+00 -1.000000e+00 9.244193e+00 0.000000e+00 -1.000000e+00 0.000000e+00 1.230408e-02 1.850000e+03 4.293454e+00 0.000000e+00 -9.990070e+05 3.000000e+00 -1.000000e+00 8.900916e-01 -1.0 0.000000e+00 0.000000e+00 -1.000000e+00 8.226660e-01 -1.000000e+00 -9.990070e+05 4.106645e-01 4.106645e-01 9.745245e-01 2.147407e+00 6.364405e+00 0.000000e+00 -1.000000e+00 1.175747e-01 0.000000e+00 3.787111e+00
3.407885e+00 -1.000000e+00 0.000000e+00 -1.000000e+00 -1.000000e+00 7.500000e+02 4.641262e-01 -1.000000e+00 -1.000000e+00 1.064437e+01 0.000000e+00 -1.000000e+00 0.000000e+00 1.432845e-02 1.850000e+03 4.926324e+00 0.000000e+00 -9.990070e+05 3.000000e+00 -1.000000e+00 9.250656e-01 -1.0 0.000000e+00 0.000000e+00 -1.000000e+00 8.278281e-01 -1.000000e+00 -9.990070e+05 4.495361e-01 4.495361e-01 9.752802e-01 2.455809e+00 7.321894e+00 0.000000e+00 -1.000000e+00 1.273532e-01 0.000000e+00 4.356291e+00
3.607458e+00 -1.000000e+00 0.000000e+00 -1.000000e+00 -1.000000e+00 1.000000e+02 4.687025e-01 -1.000000e+00 -1.000000e+00 1.119887e+01 0.000000e+00 -1.000000e+00 0.000000e+00 1.514080e-02 1.900000e+03 5.207886e+00 0.000000e+00 -9.990070e+05 3.000000e+00 -1.000000e+00 9.367711e-01 -1.0 0.000000e+00 0.000000e+00 -1.000000e+00 8.296024e-01 -1.000000e+00 -9.990070e+05 4.653709e-01 4.653709e-01 9.755395e-01 2.599724e+00 7.721347e+00 0.000000e+00 -1.000000e+00 1.309696e-01 0.000000e+00 4.605545e+00
3.373622e+00 -1.000000e+00 0.000000e+00 -1.000000e+00 -1.000000e+00 3.000000e+02 4.634551e-01 -1.000000e+00 -1.000000e+00 1.046398e+01 0.000000e+00 -1.000000e+00 0.000000e+00 1.421424e-02 1.900000e+03 4.871220e+00 0.000000e+00 -9.990070e+05 3.000000e+00 -1.000000e+00 9.233213e-01 -1.0 0.000000e+00 0.000000e+00 -1.000000e+00 8.275665e-01 -1.000000e+00 -9.990070e+05 4.473276e-01 4.473276e-01 9.752419e-01 2.433252e+00 7.215648e+00 0.000000e+00 -1.000000e+00 1.268315e-01 0.000000e+00 4.305053e+00
3.448137e+00 -1.000000e+00 0.000000e+00 -1.000000e+00 -1.000000e+00 5.000000e+02 4.651645e-01 -1.000000e+00 -1.000000e+00 1.072512e+01 0.000000e+00 -1.000000e+00 0.000000e+00 1.450757e-02 1.900000e+03 4.980989e+00 0.000000e+00 -9.990070e+05 3.000000e+00 -1.000000e+00 9.277502e-01 -1.0 0.000000e+00 0.000000e+00 -1.000000e+00 8.282321e-01 -1.000000e+00 -9.990070e+05 4.530036e-01 4.530036e-01 9.753392e-01 2.483698e+00 7.389087e+00 0.000000e+00 -1.000000e+00 1.281646e-01 0.000000e+00 4.403429e+00
3.797680e+00 -1.000000e+00 0.000000e+00 -1.000000e+00 -1.000000e+00 7.000000e+02 4.722020e-01 -1.000000e+00 -1.000000e+00 1.185089e+01 0.000000e+00 -1.000000e+00 0.000000e+00 1.580394e-02 1.900000e+03 5.490521e+00 0.000000e+00 -9.990070e+05 3.000000e+00 -1.000000e+00 9.454604e-01 -1.0 0.000000e+00 0.000000e+00 -1.000000e+00 8.309487e-01 -1.000000e+00 -9.990070e+05 4.784689e-01 4.784689e-01 9.757360e-01 2.739536e+00 8.154919e+00 0.000000e+00 -1.000000e+00 1.338061e-01 0.000000e+00 4.854530e+00
5.202374e+00 -1.000000e+00 0.000000e+00 -1.000000e+00 -1.000000e+00 9.000000e+02 4.874747e-01 -1.000000e+00 -1.000000e+00 1.624185e+01 0.000000e+00 -1.000000e+00 0.000000e+00 1.920014e-02 1.900000e+03 7.527391e+00 0.000000e+00 -9.990070e+05 3.000000e+00 -1.000000e+00 9.796884e-01 -1.0 0.000000e+00 0.000000e+00 -1.000000e+00 8.367229e-01 -1.000000e+00 -9.990070e+05 5.517164e-01 5.517164e-01 9.765777e-01 3.754379e+00 1.116145e+01 0.000000e+00 -1.000000e+00 1.469340e-01 0.000000e+00 6.638264e+00
4.338424e+00 -1.000000e+00 0.000000e+00 -1.000000e+00 -1.000000e+00 2.500000e+02 4.799587e-01 -1.000000e+00 -1.000000e+00 1.347531e+01 0.000000e+00 -1.000000e+00 0.000000e+00 1.741844e-02 1.950000e+03 6.263493e+00 0.000000e+00 -9.990070e+05 3.000000e+00 -1.000000e+00 9.637234e-01 -1.0 0.000000e+00 0.000000e+00 -1.000000e+00 8.339013e-01 -1.000000e+00 -9.990070e+05 5.115987e-01 5.115987e-01 9.761667e-01 3.125781e+00 9.288977e+00 0.000000e+00 -1.000000e+00 1.403184e-01 0.000000e+00 5.539458e+00
4.062295e+00 -1.000000e+00 0.000000e+00 -1.000000e+00 -1.000000e+00 4.500000e+02 4.764246e-01 -1.000000e+00 -1.000000e+00 1.262300e+01 0.000000e+00 -1.000000e+00 0.000000e+00 1.665675e-02 1.950000e+03 5.864050e+00 0.000000e+00 -9.990070e+05 3.000000e+00 -1.000000e+00 9.555935e-01 -1.0 0.000000e+00 0.000000e+00 -1.000000e+00 8.325613e-01 -1.000000e+00 -9.990070e+05 4.957116e-01 4.957116e-01 9.759713e-01 2.928122e+00 8.700831e+00 0.000000e+00 -1.000000e+00 1.373122e-01 0.000000e+00 5.188044e+00
4.601619e+00 -1.000000e+00 0.000000e+00 -1.000000e+00 -1.000000e+00 5.000000e+01 4.827415e-01 -1.000000e+00 -1.000000e+00 1.428430e+01 0.000000e+00 -1.000000e+00 0.000000e+00 1.805130e-02 1.950000e+03 6.644825e+00 0.000000e+00 -9.990070e+05 3.000000e+00 -1.000000e+00 9.698654e-01 -1.0 0.000000e+00 0.000000e+00 -1.000000e+00 8.349504e-01 -1.000000e+00 -9.990070e+05 5.252895e-01 5.252895e-01 9.763196e-01 3.317599e+00 9.847456e+00 0.000000e+00 -1.000000e+00 1.427322e-01 0.000000e+00 5.873595e+00
4.398731e+00 -1.000000e+00 0.000000e+00 -1.000000e+00 -1.000000e+00 6.500000e+02 4.806082e-01 -1.000000e+00 -1.000000e+00 1.368438e+01 0.000000e+00 -1.000000e+00 0.000000e+00 1.756345e-02 1.950000e+03 6.352882e+00 0.000000e+00 -9.990070e+05 3.000000e+00 -1.000000e+00 9.651782e-01 -1.0 0.000000e+00 0.000000e+00 -1.000000e+00 8.341466e-01 -1.000000e+00 -9.990070e+05 5.146884e-01 5.146884e-01 9.762025e-01 3.169089e+00 9.427479e+00 0.000000e+00 -1.000000e+00 1.408780e-01 0.000000e+00 5.618194e+00
5.549162e+00 -1.000000e+00 0.000000e+00 -1.000000e+00 -1.000000e+00 8.500000e+02 4.895602e-01 -1.000000e+00 -1.000000e+00 1.735373e+01 0.000000e+00 -1.000000e+00 0.000000e+00 1.973737e-02 1.950000e+03 8.026895e+00 0.000000e+00 -9.990070e+05 3.000000e+00 -1.000000e+00 9.837267e-01 -1.0 0.000000e+00 0.000000e+00 -1.000000e+00 8.374993e-01 -1.000000e+00 -9.990070e+05 5.650526e-01 5.650526e-01 9.766907e-01 3.995927e+00 1.191792e+01 0.000000e+00 -1.000000e+00 1.488244e-01 0.000000e+00 7.089391e+00
5.770370e+00 -1.000000e+00 0.000000e+00 -1.000000e+00 -1.000000e+00 0.000000e+00 4.907548e-01 -1.000000e+00 -1.000000e+00 1.791408e+01 0.000000e+00 -1.000000e+00 0.000000e+00 2.005416e-02 2.000000e+03 8.335507e+00 0.000000e+00 -9.990070e+05 3.000000e+00 -1.000000e+00 9.859478e-01 -1.0 0.000000e+00 0.000000e+00 -1.000000e+00 8.379427e-01 -1.000000e+00 -9.990070e+05 5.733088e-01 5.733088e-01 9.767552e-01 4.163622e+00 1.234302e+01 0.000000e+00 -1.000000e+00 1.499182e-01 0.000000e+00 7.361247e+00
5.360603e+00 -1.000000e+00 0.000000e+00 -1.000000e+00 -1.000000e+00 2.000000e+02 4.885525e-01 -1.000000e+00 -1.000000e+00 1.664137e+01 0.000000e+00 -1.000000e+00 0.000000e+00 1.947533e-02 2.000000e+03 7.748810e+00 0.000000e+00 -9.990070e+05 3.000000e+00 -1.000000e+00 9.818000e-01 -1.0 0.000000e+00 0.000000e+00 -1.000000e+00 8.371245e-01 -1.000000e+00 -9.990070e+05 5.584539e-01 5.584539e-01 9.766362e-01 3.876576e+00 1.146682e+01 0.000000e+00 -1.000000e+00 1.479080e-01 0.000000e+00 6.831403e+00
5.141949e+00 -1.000000e+00 0.000000e+00 -1.000000e+00 -1.000000e+00 4.000000e+02 4.871375e-01 -1.000000e+00 -1.000000e+00 1.597170e+01 0.000000e+00 -1.000000e+00 0.000000e+00 1.911512e-02 2.000000e+03 7.431749e+00 0.000000e+00 -9.990070e+05 3.000000e+00 -1.000000e+00 9.790181e-01 -1.0 0.000000e+00 0.000000e+00 -1.000000e+00 8.365971e-01 -1.000000e+00 -9.990070e+05 5.496786e-01 5.496786e-01 9.765594e-01 3.715034e+00 1.099967e+01 0.000000e+00 -1.000000e+00 1.466306e-01 0.000000e+00 6.556165e+00
5.289718e+00 -1.000000e+00 0.000000e+00 -1.000000e+00 -1.000000e+00 6.000000e+02 4.880927e-01 -1.000000e+00 -1.000000e+00 1.644069e+01 0.000000e+00 -1.000000e+00 0.000000e+00 1.935731e-02 2.000000e+03 7.648494e+00 0.000000e+00 -9.990070e+05 3.000000e+00 -1.000000e+00 9.809054e-01 -1.0 0.000000e+00 0.000000e+00 -1.000000e+00 8.369533e-01 -1.000000e+00 -9.990070e+05 5.555390e-01 5.555390e-01 9.766113e-01 3.823935e+00 1.132322e+01 0.000000e+00 -1.000000e+00 1.474917e-01 0.000000e+00 6.742346e+00
5.953120e+00 -1.000000e+00 0.000000e+00 -1.000000e+00 -1.000000e+00 8.000000e+02 4.915650e-01 -1.000000e+00 -1.000000e+00 1.854417e+01 0.000000e+00 -1.000000e+00 0.000000e+00 2.027287e-02 2.000000e+03 8.602945e+00 0.000000e+00 -9.990070e+05 3.000000e+00 -1.000000e+00 9.874126e-01 -1.0 0.000000e+00 0.000000e+00 -1.000000e+00 8.382429e-01 -1.000000e+00 -9.990070e+05 5.792048e-01 5.792048e-01 9.767989e-01 4.287926e+00 1.276542e+01 0.000000e+00 -1.000000e+00 1.506645e-01 0.000000e+00 7.603069e+00
3.462103e-01 -1.000000e+00 4.000000e+03 -1.000000e+00 -1.000000e+00 0.000000e+00 3.136951e-01 -1.000000e+00 -1.000000e+00 1.100000e+02 0.000000e+00 -1.000000e+00 1.000000e+00 3.235861e-03 4.000000e+02 1.100000e+02 1.000000e+00 -9.990070e+05 3.000000e+00 -1.000000e+00 5.911175e-01 -1.0 0.000000e+00 0.000000e+00 -1.000000e+00 7.558765e-01 -1.000000e+00 -9.990070e+05 2.702783e-01 2.702783e-01 9.645071e-01 0.000000e+00 1.100000e+02 0.000000e+00 -1.000000e+00 5.101789e-02 0.000000e+00 3.091553e+01
0.000000e+00 -1.000000e+00 0.000000e+00 -1.000000e+00 -1.000000e+00 3.870000e+02 3.578550e-02 -1.000000e+00 -1.000000e+00 1.000000e+02 0.000000e+00 -1.000000e+00 0.000000e+00 4.143609e-05 4.120000e+02 5.058261e-01 0.000000e+00 -9.990070e+05 3.000000e+00 -1.000000e+00 5.331952e-02 -1.0 0.000000e+00 0.000000e+00 -1.000000e+00 2.703990e-01 -1.000000e+00 -9.990070e+05 2.296181e-02 2.296181e-02 8.029978e-01 0.000000e+00 1.000000e+02 0.000000e+00 -1.000000e+00 1.939634e-03 0.000000e+00 0.000000e+00
0.000000e+00 -1.000000e+00 4.000000e+03 -1.000000e+00 -1.000000e+00 3.750000e+02 3.170854e-01 -1.000000e+00 -1.000000e+00 1.100000e+02 0.000000e+00 -1.000000e+00 1.000000e+00 3.336342e-03 4.250000e+02 1.011983e+01 1.000000e+00 -9.990070e+05 3.000000e+00 -1.000000e+00 5.921564e-01 -1.0 0.000000e+00 0.000000e+00 -1.000000e+00 7.579301e-01 -1.000000e+00 -9.990070e+05 2.665439e-01 2.665439e-01 9.648235e-01 0.000000e+00 1.100000e+02 0.000000e+00 -1.000000e+00 5.210580e-02 0.000000e+00 7.057498e+00
3.775198e+00 -1.000000e+00 0.000000e+00 -1.000000e+00 -1.000000e+00 4.500000e+02 3.750587e-01 -1.000000e+00 -1.000000e+00 8.858148e+01 0.000000e+00 -1.000000e+00 0.000000e+00 5.666158e-03 5.500000e+02 9.488807e+00 0.000000e+00 -9.990070e+05 3.000000e+00 -1.000000e+00 7.181649e-01 -1.0 0.000000e+00 0.000000e+00 -1.000000e+00 7.892482e-01 -1.000000e+00 -9.990070e+05 3.252285e-01 3.252285e-01 9.695761e-01 1.589968e+00 3.159477e+01 0.000000e+00 -1.000000e+00 7.421682e-02 0.000000e+00 7.870246e+00
3.298991e-01 -1.000000e+00 0.000000e+00 -1.000000e+00 -1.000000e+00 0.000000e+00 3.877822e-03 -1.000000e+00 -1.000000e+00 1.755794e+00 0.000000e+00 -1.000000e+00 0.000000e+00 1.019001e-06 6.000000e+02 5.189826e-01 0.000000e+00 -9.990070e+05 3.000000e+00 -1.000000e+00 4.227724e-03 -1.0 0.000000e+00 0.000000e+00 -1.000000e+00 5.903443e-02 -1.000000e+00 -9.990070e+05 1.694642e-03 1.694642e-03 3.737887e-01 2.343507e-01 8.934906e-01 0.000000e+00 -1.000000e+00 1.011014e-04 0.000000e+00 4.556098e-01
4.527569e-01 -1.000000e+00 0.000000e+00 -1.000000e+00 -1.000000e+00 5.870000e+02 1.476221e-02 -1.000000e+00 -1.000000e+00 2.203773e+00 0.000000e+00 -1.000000e+00 0.000000e+00 9.073139e-06 6.120000e+02 7.068624e-01 0.000000e+00 -9.990070e+05 3.000000e+00 -1.000000e+00 1.776219e-02 -1.0 0.000000e+00 0.000000e+00 -1.000000e+00 1.503267e-01 -1.000000e+00 -9.990070e+05 7.101014e-03 7.101014e-03 6.378691e-01 3.177985e-01 1.216848e+00 0.000000e+00 -1.000000e+00 5.856827e-04 0.000000e+00 6.198952e-01
1.317282e+00 -1.000000e+00 4.000000e+03 -1.000000e+00 -1.000000e+00 5.750000e+02 2.419206e-01 -1.000000e+00 -1.000000e+00 7.122354e+00 0.000000e+00 -1.000000e+00 1.000000e+00 1.663729e-03 6.250000e+02 2.141011e+00 1.000000e+00 -9.990070e+05 3.000000e+00 -1.000000e+00 3.888077e-01 -1.0 0.000000e+00 0.000000e+00 -1.000000e+00 7.038873e-01 -1.000000e+00 -9.990070e+05 1.525520e-01 1.525520e-01 9.562426e-01 9.086990e-01 3.831423e+00 0.000000e+00 -1.000000e+00 3.184131e-02 0.000000e+00 1.861849e+00
1.157193e+00 -1.000000e+00 0.000000e+00 -1.000000e+00 -1.000000e+00 5.500000e+02 2.079022e-01 -1.000000e+00 -1.000000e+00 4.931592e+00 0.000000e+00 -1.000000e+00 0.000000e+00 1.178640e-03 6.500000e+02 1.794414e+00 0.000000e+00 -9.990070e+05 3.000000e+00 -1.000000e+00 3.190137e-01 -1.0 0.000000e+00 0.000000e+00 -1.000000e+00 6.712004e-01 -1.000000e+00 -9.990070e+05 1.228778e-01 1.228778e-01 9.507322e-01 8.194377e-01 2.951305e+00 0.000000e+00 -1.000000e+00 2.477227e-02 0.000000e+00 1.570554e+00
1.750578e+00 -1.000000e+00 4.000000e+03 -1.000000e+00 -1.000000e+00 5.000000e+02 3.233753e-01 -1.000000e+00 -1.000000e+00 9.569300e+00 0.000000e+00 -1.000000e+00 1.000000e+00 3.531071e-03 7.000000e+02 2.862019e+00 1.000000e+00 -9.990070e+05 2.000000e+00 -1.000000e+00 5.608670e-01 -1.0 0.000000e+00 0.000000e+00 -1.000000e+00 7.616653e-01 -1.000000e+00 -9.990070e+05 2.229019e-01 2.229019e-01 9.653974e-01 1.186744e+00 5.104883e+00 0.000000e+00 -1.000000e+00 5.417661e-02 1.000000e+00 2.478478e+00
7.938106e-01 -1.000000e+00 0.000000e+00 -1.000000e+00 -1.000000e+00 6.870000e+02 8.858729e-02 -1.000000e+00 -1.000000e+00 2.944103e+00 0.000000e+00 -1.000000e+00 0.000000e+00 2.138488e-04 7.120000e+02 1.187868e+00 0.000000e+00 -9.990070e+05 3.000000e+00 -1.000000e+00 1.173988e-01 -1.0 0.000000e+00 0.000000e+00 -1.000000e+00 4.639107e-01 -1.000000e+00 -9.990070e+05 4.457460e-02 4.457460e-02 9.038351e-01 5.667042e-01 1.860822e+00 0.000000e+00 -1.000000e+00 6.890513e-03 0.000000e+00 1.042098e+00
8.427569e-01 -1.000000e+00 4.000000e+03 -1.000000e+00 -1.000000e+00 6.750000e+02 1.058705e-01 -1.000000e+00 -1.000000e+00 3.091860e+00 0.000000e+00 -1.000000e+00 1.000000e+00 2.997686e-04 7.250000e+02 1.267264e+00 1.000000e+00 -9.990070e+05 2.000000e+00 -1.000000e+00 1.433965e-01 -1.0 0.000000e+00 0.000000e+00 -1.000000e+00 5.082777e-01 -1.000000e+00 -9.990070e+05 5.435453e-02 5.435453e-02 9.165106e-01 5.989931e-01 1.979720e+00 0.000000e+00 -1.000000e+00 8.908481e-03 1.000000e+00 1.112632e+00
1.002984e+00 -1.000000e+00 0.000000e+00 -1.000000e+00 -1.000000e+00 4.500000e+02 1.606445e-01 -1.000000e+00 -1.000000e+00 3.352425e+00 0.000000e+00 -1.000000e+00 0.000000e+00 6.825212e-04 7.500000e+02 1.476842e+00 0.000000e+00 -9.990070e+05 3.000000e+00 -1.000000e+00 2.289053e-01 -1.0 0.000000e+00 0.000000e+00 -1.000000e+00 6.115795e-01 -1.000000e+00 -9.990070e+05 8.580577e-02 8.580577e-02 9.397916e-01 7.257165e-01 2.237640e+00 0.000000e+00 -1.000000e+00 1.653905e-02 0.000000e+00 1.299809e+00
1.317615e+00 -1.000000e+00 4.000000e+03 -1.000000e+00 -1.000000e+00 6.500000e+02 2.597802e-01 -1.000000e+00 -1.000000e+00 4.494591e+00 0.000000e+00 -1.000000e+00 1.000000e+00 1.973977e-03 7.500000e+02 1.939867e+00 1.000000e+00 -9.990070e+05 2.000000e+00 -1.000000e+00 4.122683e-01 -1.0 0.000000e+00 0.000000e+00 -1.000000e+00 7.186268e-01 -1.000000e+00 -9.990070e+05 1.562500e-01 1.562500e-01 9.586406e-01 9.513470e-01 2.962653e+00 0.000000e+00 -1.000000e+00 3.601157e-02 1.000000e+00 1.704851e+00
3.695468e-01 -1.000000e+00 0.000000e+00 -1.000000e+00 -1.000000e+00 0.000000e+00 1.772726e-03 -1.000000e+00 -1.000000e+00 1.250749e+00 0.000000e+00 -1.000000e+00 0.000000e+00 2.961479e-07 8.000000e+02 5.429709e-01 0.000000e+00 -9.990070e+05 3.000000e+00 -1.000000e+00 1.632088e-03 -1.0 0.000000e+00 0.000000e+00 -1.000000e+00 3.351305e-02 -1.000000e+00 -9.990070e+05 6.276585e-04 6.276585e-04 2.601324e-01 2.662457e-01 8.275534e-01 0.000000e+00 -1.000000e+00 3.693165e-05 0.000000e+00 4.785704e-01
2.570069e+00 -1.000000e+00 4.000000e+03 -1.000000e+00 -1.000000e+00 6.000000e+02 4.282061e-01 -1.000000e+00 -1.000000e+00 9.355650e+00 0.000000e+00 -1.000000e+00 1.000000e+00 9.584297e-03 8.000000e+02 3.857940e+00 1.000000e+00 -9.990070e+05 2.000000e+00 -1.000000e+00 8.277918e-01 -1.0 0.000000e+00 0.000000e+00 -1.000000e+00 8.132913e-01 -1.000000e+00 -9.990070e+05 3.608433e-01 3.608433e-01 9.731468e-01 1.825134e+00 6.006598e+00 0.000000e+00 -1.000000e+00 1.023221e-01 1.000000e+00 3.377752e+00
9.950679e-01 -1.000000e+00 0.000000e+00 -1.000000e+00 -1.000000e+00 7.870000e+02 1.568728e-01 -1.000000e+00 -1.000000e+00 3.345697e+00 0.000000e+00 -1.000000e+00 0.000000e+00 6.501932e-04 8.120000e+02 1.463817e+00 0.000000e+00 -9.990070e+05 3.000000e+00 -1.000000e+00 2.219229e-01 -1.0 0.000000e+00 0.000000e+00 -1.000000e+00 6.058646e-01 -1.000000e+00 -9.990070e+05 8.294931e-02 8.294931e-02 9.386675e-01 7.185280e-01 2.224917e+00 0.000000e+00 -1.000000e+00 1.595139e-02 0.000000e+00 1.283554e+00
2.214742e+00 -1.000000e+00 0.000000e+00 -1.000000e+00 -1.000000e+00 7.750000e+02 4.068059e-01 -1.000000e+00 -1.000000e+00 7.367026e+00 0.000000e+00 -1.000000e+00 0.000000e+00 7.697847e-03 8.250000e+02 3.253296e+00 0.000000e+00 -9.990070e+05 3.000000e+00 -1.000000e+00 7.668706e-01 -1.0 0.000000e+00 0.000000e+00 -1.000000e+00 8.040287e-01 -1.000000e+00 -9.990070e+05 3.195077e-01 3.195077e-01 9.717780e-01 1.603971e+00 4.923407e+00 0.000000e+00 -1.000000e+00 8.989039e-02 0.000000e+00 2.856203e+00
1.735981e+00 -1.000000e+00 0.000000e+00 -1.000000e+00 -1.000000e+00 5.500000e+02 3.495364e-01 -1.000000e+00 -1.000000e+00 5.825233e+00 0.000000e+00 -1.000000e+00 0.000000e+00 4.475463e-03 8.500000e+02 2.557602e+00 0.000000e+00 -9.990070e+05 3.000000e+00 -1.000000e+00 6.136336e-01 -1.0 0.000000e+00 0.000000e+00 -1.000000e+00 7.762593e-01 -1.000000e+00 -9.990070e+05 2.396220e-01 2.396220e-01 9.676207e-01 1.254249e+00 3.883709e+00 0.000000e+00 -1.000000e+00 6.359055e-02 0.000000e+00 2.242924e+00
2.119699e+00 -1.000000e+00 0.000000e+00 -1.000000e+00 -1.000000e+00 7.500000e+02 3.991664e-01 -1.000000e+00 -1.000000e+00 6.973248e+00 0.000000e+00 -1.000000e+00 0.000000e+00 7.138125e-03 8.500000e+02 3.104754e+00 0.000000e+00 -9.990070e+05 3.000000e+00 -1.000000e+00 7.452444e-01 -1.0 0.000000e+00 0.000000e+00 -1.000000e+00 8.005940e-01 -1.000000e+00 -9.990070e+05 3.064042e-01 3.064042e-01 9.712684e-01 1.538240e+00 4.680133e+00 0.000000e+00 -1.000000e+00 8.583780e-02 0.000000e+00 2.726963e+00
1.874343e+00 -1.000000e+00 0.000000e+00 -1.000000e+00 -1.000000e+00 5.000000e+02 3.613788e-01 -1.000000e+00 -1.000000e+00 7.475419e+00 0.000000e+00 -1.000000e+00 0.000000e+00 4.989038e-03 9.000000e+02 2.848151e+00 0.000000e+00 -9.990070e+05 3.000000e+00 -1.000000e+00 6.450628e-01 -1.0 0.000000e+00 0.000000e+00 -1.000000e+00 7.824241e-01 -1.000000e+00 -9.990070e+05 2.552295e-01 2.552295e-01 9.685513e-01 1.330751e+00 4.607994e+00 0.000000e+00 -1.000000e+00 6.832667e-02 0.000000e+00 2.490034e+00
3.737109e+00 -1.000000e+00 0.000000e+00 -1.000000e+00 -1.000000e+00 7.000000e+02 4.697816e-01 -1.000000e+00 -1.000000e+00 1.280301e+01 0.000000e+00 -1.000000e+00 0.000000e+00 1.534127e-02 9.000000e+02 5.498649e+00 0.000000e+00 -9.990070e+05 3.000000e+00 -1.000000e+00 9.398369e-01 -1.0 0.000000e+00 0.000000e+00 -1.000000e+00 8.300186e-01 -1.000000e+00 -9.990070e+05 4.712754e-01 4.712754e-01 9.756002e-01 2.699879e+00 8.413607e+00 0.000000e+00 -1.000000e+00 1.318377e-01 0.000000e+00 4.830278e+00
1.918343e+00 -1.000000e+00 0.000000e+00 -1.000000e+00 -1.000000e+00 8.870000e+02 3.732628e-01 -1.000000e+00 -1.000000e+00 7.230275e+00 0.000000e+00 -1.000000e+00 0.000000e+00 5.571547e-03 9.120000e+02 2.882856e+00 0.000000e+00 -9.990070e+05 3.000000e+00 -1.000000e+00 6.747683e-01 -1.0 0.000000e+00 0.000000e+00 -1.000000e+00 7.883693e-01 -1.000000e+00 -9.990070e+05 2.686821e-01 2.686821e-01 9.694445e-01 1.371798e+00 4.578702e+00 0.000000e+00 -1.000000e+00 7.341635e-02 0.000000e+00 2.514223e+00
2.719243e+00 -1.000000e+00 0.000000e+00 -1.000000e+00 -1.000000e+00 8.750000e+02 4.363760e-01 -1.000000e+00 -1.000000e+00 1.014562e+01 0.000000e+00 -1.000000e+00 0.000000e+00 1.045789e-02 9.250000e+02 4.090948e+00 0.000000e+00 -9.990070e+05 3.000000e+00 -1.000000e+00 8.501249e-01 -1.0 0.000000e+00 0.000000e+00 -1.000000e+00 8.167007e-01 -1.000000e+00 -9.990070e+05 3.769456e-01 3.769456e-01 9.736487e-01 1.937414e+00 6.438679e+00 0.000000e+00 -1.000000e+00 1.075265e-01 0.000000e+00 3.568791e+00
1.386867e+00 -1.000000e+00 4.000000e+03 -1.000000e+00 -1.000000e+00 4.500000e+02 2.772794e-01 -1.000000e+00 -1.000000e+00 4.791015e+00 0.000000e+00 -1.000000e+00 1.000000e+00 2.323590e-03 9.500000e+02 2.043821e+00 1.000000e+00 -9.990070e+05 2.000000e+00 -1.000000e+00 4.462172e-01 -1.0 0.000000e+00 0.000000e+00 -1.000000e+00 7.317819e-01 -1.000000e+00 -9.990070e+05 1.685354e-01 1.685354e-01 9.607418e-01 9.983905e-01 3.142549e+00 0.000000e+00 -1.000000e+00 4.045195e-02 1.000000e+00 1.796723e+00
4.499577e+00 -1.000000e+00 0.000000e+00 -1.000000e+00 -1.000000e+00 6.500000e+02 4.799327e-01 -1.000000e+00 -1.000000e+00 1.640105e+01 0.000000e+00 -1.000000e+00 0.000000e+00 1.741266e-02 9.500000e+02 6.735960e+00 0.000000e+00 -9.990070e+05 3.000000e+00 -1.000000e+00 9.638663e-01 -1.0 0.000000e+00 0.000000e+00 -1.000000e+00 8.338915e-01 -1.000000e+00 -9.990070e+05 5.132132e-01 5.132132e-01 9.761653e-01 3.207821e+00 1.051453e+01 0.000000e+00 -1.000000e+00 1.402960e-01 0.000000e+00 5.904903e+00
3.575756e+00 -1.000000e+00 0.000000e+00 -1.000000e+00 -1.000000e+00 8.500000e+02 4.659566e-01 -1.000000e+00 -1.000000e+00 1.242049e+01 0.000000e+00 -1.000000e+00 0.000000e+00 1.464623e-02 9.500000e+02 5.271565e+00 0.000000e+00 -9.990070e+05 3.000000e+00 -1.000000e+00 9.301632e-01 -1.0 0.000000e+00 0.000000e+00 -1.000000e+00 8.285397e-01 -1.000000e+00 -9.990070e+05 4.574928e-01 4.574928e-01 9.753842e-01 2.575250e+00 8.106768e+00 0.000000e+00 -1.000000e+00 1.287872e-01 0.000000e+00 4.632937e+00
