1.688244e-01 -1.000000e+00 0.000000e+00 -1.000000e+00 -1.000000e+00 0.000000e+00 4.596005e-10 -1.000000e+00 -1.000000e+00 4.795417e-01 0.000000e+00 -1.000000e+00 0.000000e+00 1.836340e-16 1.000000e+03 2.378632e-01 0.000000e+00 -9.990070e+05 3.000000e+00 -1.000000e+00 3.184979e-13 -1.0 0.000000e+00 0.000000e+00 -1.000000e+00 1.674027e-07 -1.000000e+00 -9.990070e+05 2.661508e-14 2.661508e-14 2.313011e-05 1.246741e-01 3.416275e-01 0.000000e+00 -1.000000e+00 4.748392e-13 0.000000e+00 1.307171e-01
2.347415e-01 -1.000000e+00 0.000000e+00 -1.000000e+00 -1.000000e+00 6.000000e+02 8.258482e-07 -1.000000e+00 -1.000000e+00 6.642971e-01 0.000000e+00 -1.000000e+00 0.000000e+00 4.233531e-12 1.000000e+03 3.301455e-01 0.000000e+00 -9.990070e+05 3.000000e+00 -1.000000e+00 2.086854e-09 -1.0 0.000000e+00 0.000000e+00 -1.000000e+00 8.524386e-05 -1.000000e+00 -9.990070e+05 1.443187e-10 1.443187e-10 3.398817e-03 1.733313e-01 4.731033e-01 0.000000e+00 -1.000000e+00 3.044922e-09 0.000000e+00 1.816828e-01
1.880647e+00 -1.000000e+00 0.000000e+00 -1.000000e+00 -1.000000e+00 8.000000e+02 4.994664e-01 -1.000000e+00 -1.000000e+00 5.451100e+00 0.000000e+00 -1.000000e+00 0.000000e+00 2.258189e-02 1.000000e+03 2.665811e+00 0.000000e+00 -9.990070e+05 3.000000e+00 -1.000000e+00 9.936695e-01 -1.0 0.000000e+00 0.000000e+00 -1.000000e+00 8.411498e-01 -1.000000e+00 -9.990070e+05 3.682393e-02 3.682393e-02 9.772215e-01 1.392750e+00 3.850864e+00 0.000000e+00 -1.000000e+00 1.581377e-01 0.000000e+00 1.458520e+00
2.264792e-01 -1.000000e+00 0.000000e+00 -1.000000e+00 -1.000000e+00 5.500000e+02 3.365969e-07 -1.000000e+00 -1.000000e+00 6.386983e-01 0.000000e+00 -1.000000e+00 0.000000e+00 1.232219e-12 1.050000e+03 3.186772e-01 0.000000e+00 -9.990070e+05 3.000000e+00 -1.000000e+00 6.282490e-10 -1.0 0.000000e+00 0.000000e+00 -1.000000e+00 4.101067e-05 -1.000000e+00 -9.990070e+05 4.251826e-11 4.251826e-11 1.924059e-03 1.670993e-01 4.562460e-01 0.000000e+00 -1.000000e+00 1.049391e-09 0.000000e+00 1.749776e-01
6.998187e-01 -1.000000e+00 0.000000e+00 -1.000000e+00 -1.000000e+00 7.500000e+02 9.079049e-02 -1.000000e+00 -1.000000e+00 1.992265e+00 0.000000e+00 -1.000000e+00 0.000000e+00 2.239546e-04 1.050000e+03 9.854919e-01 0.000000e+00 -9.990070e+05 3.000000e+00 -1.000000e+00 1.425511e-02 -1.0 0.000000e+00 0.000000e+00 -1.000000e+00 4.699705e-01 -1.000000e+00 -9.990070e+05 5.574238e-04 5.574238e-04 9.056952e-01 5.172528e-01 1.416487e+00 0.000000e+00 -1.000000e+00 7.137418e-03 0.000000e+00 5.416314e-01
3.195281e-01 -1.000000e+00 0.000000e+00 -1.000000e+00 -1.000000e+00 1.000000e+02 1.280686e-04 -1.000000e+00 -1.000000e+00 9.019866e-01 0.000000e+00 -1.000000e+00 0.000000e+00 5.537978e-09 1.100000e+03 4.497271e-01 0.000000e+00 -9.990070e+05 3.000000e+00 -1.000000e+00 9.834976e-07 -1.0 0.000000e+00 0.000000e+00 -1.000000e+00 4.652715e-03 -1.000000e+00 -9.990070e+05 5.257293e-08 5.257293e-08 6.722848e-02 2.357419e-01 6.440804e-01 0.000000e+00 -1.000000e+00 1.364348e-06 0.000000e+00 2.471487e-01
2.828270e-01 -1.000000e+00 0.000000e+00 -1.000000e+00 -1.000000e+00 3.000000e+02 1.844651e-05 -1.000000e+00 -1.000000e+00 7.943613e-01 0.000000e+00 -1.000000e+00 0.000000e+00 3.322942e-10 1.100000e+03 3.976788e-01 0.000000e+00 -9.990070e+05 3.000000e+00 -1.000000e+00 8.305796e-08 -1.0 0.000000e+00 0.000000e+00 -1.000000e+00 1.027416e-03 -1.000000e+00 -9.990070e+05 4.836660e-09 4.836660e-09 2.243569e-02 2.085125e-01 5.682015e-01 0.000000e+00 -1.000000e+00 1.271481e-07 0.000000e+00 2.186452e-01
2.656025e-01 -1.000000e+00 0.000000e+00 -1.000000e+00 -1.000000e+00 5.000000e+02 7.383865e-06 -1.000000e+00 -1.000000e+00 7.504000e-01 0.000000e+00 -1.000000e+00 0.000000e+00 9.032755e-11 1.100000e+03 3.737791e-01 0.000000e+00 -9.990070e+05 3.000000e+00 -1.000000e+00 2.666065e-08 -1.0 0.000000e+00 0.000000e+00 -1.000000e+00 4.971040e-04 -1.000000e+00 -9.990070e+05 1.614175e-09 1.614175e-09 1.305329e-02 1.960297e-01 5.355196e-01 0.000000e+00 -1.000000e+00 4.198028e-08 0.000000e+00 2.053844e-01
4.493063e-01 -1.000000e+00 0.000000e+00 -1.000000e+00 -1.000000e+00 7.000000e+02 5.497731e-03 -1.000000e+00 -1.000000e+00 1.267883e+00 0.000000e+00 -1.000000e+00 0.000000e+00 1.785283e-06 1.100000e+03 6.319505e-01 0.000000e+00 -9.990070e+05 3.000000e+00 -1.000000e+00 1.786155e-04 -1.0 0.000000e+00 0.000000e+00 -1.000000e+00 7.567765e-02 -1.000000e+00 -9.990070e+05 8.272686e-06 8.272686e-06 4.355099e-01 3.315262e-01 9.045600e-01 0.000000e+00 -1.000000e+00 1.591596e-04 0.000000e+00 3.475462e-01
3.376476e+00 -1.000000e+00 0.000000e+00 -1.000000e+00 -1.000000e+00 9.000000e+02 5.000000e-01 -1.000000e+00 -1.000000e+00 9.779836e+00 0.000000e+00 -1.000000e+00 0.000000e+00 2.275013e-02 1.100000e+03 4.775564e+00 0.000000e+00 -9.990070e+05 3.000000e+00 -1.000000e+00 1.460390e+00 -1.0 0.000000e+00 0.000000e+00 -1.000000e+00 8.413447e-01 -1.000000e+00 -9.990070e+05 1.010766e-01 1.010766e-01 9.772499e-01 2.503564e+00 6.875636e+00 0.000000e+00 -1.000000e+00 1.586553e-01 0.000000e+00 2.610540e+00
3.810761e-01 -1.000000e+00 0.000000e+00 -1.000000e+00 -1.000000e+00 2.500000e+02 1.108648e-03 -1.000000e+00 -1.000000e+00 1.074221e+00 0.000000e+00 -1.000000e+00 0.000000e+00 1.429652e-07 1.150000e+03 5.361502e-01 0.000000e+00 -9.990070e+05 3.000000e+00 -1.000000e+00 1.791622e-05 -1.0 0.000000e+00 0.000000e+00 -1.000000e+00 2.373470e-02 -1.000000e+00 -9.990070e+05 8.742948e-07 8.742948e-07 2.071456e-01 2.810799e-01 7.672553e-01 0.000000e+00 -1.000000e+00 2.031533e-05 0.000000e+00 2.947218e-01
3.581104e-01 -1.000000e+00 4.000000e+03 -1.000000e+00 -1.000000e+00 4.500000e+02 5.276802e-04 -1.000000e+00 -1.000000e+00 1.005941e+00 0.000000e+00 -1.000000e+00 1.000000e+00 4.595344e-08 1.150000e+03 5.034837e-01 1.000000e+00 -9.990070e+05 3.000000e+00 -1.000000e+00 6.245552e-06 -1.0 0.000000e+00 0.000000e+00 -1.000000e+00 1.365181e-02 -1.000000e+00 -9.990070e+05 3.073142e-07 3.073142e-07 1.425654e-01 2.640962e-01 7.195442e-01 0.000000e+00 -1.000000e+00 7.958514e-06 0.000000e+00 2.761406e-01
4.205030e-01 -1.000000e+00 4.000000e+03 -1.000000e+00 -1.000000e+00 5.000000e+01 3.057928e-03 -1.000000e+00 -1.000000e+00 1.184856e+00 0.000000e+00 -1.000000e+00 1.000000e+00 6.982348e-07 1.150000e+03 5.916877e-01 1.000000e+00 -9.990070e+05 3.000000e+00 -1.000000e+00 7.294243e-05 -1.0 0.000000e+00 0.000000e+00 -1.000000e+00 4.977928e-02 -1.000000e+00 -9.990070e+05 3.343210e-06 3.343210e-06 3.357191e-01 3.102253e-01 8.468892e-01 0.000000e+00 -1.000000e+00 7.437002e-05 0.000000e+00 3.250320e-01
4.115110e-01 -1.000000e+00 0.000000e+00 -1.000000e+00 -1.000000e+00 6.500000e+02 2.437933e-03 -1.000000e+00 -1.000000e+00 1.160024e+00 0.000000e+00 -1.000000e+00 0.000000e+00 4.880797e-07 1.150000e+03 5.787524e-01 0.000000e+00 -9.990070e+05 3.000000e+00 -1.000000e+00 5.525009e-05 -1.0 0.000000e+00 0.000000e+00 -1.000000e+00 4.226095e-02 -1.000000e+00 -9.990070e+05 2.646468e-06 2.646468e-06 3.023579e-01 3.036481e-01 8.282257e-01 0.000000e+00 -1.000000e+00 5.555411e-05 0.000000e+00 3.180581e-01
1.169967e+00 -1.000000e+00 0.000000e+00 -1.000000e+00 -1.000000e+00 8.500000e+02 3.611977e-01 -1.000000e+00 -1.000000e+00 3.413981e+00 0.000000e+00 -1.000000e+00 0.000000e+00 4.980706e-03 1.150000e+03 1.659315e+00 0.000000e+00 -9.990070e+05 3.000000e+00 -1.000000e+00 2.521350e-01 -1.0 0.000000e+00 0.000000e+00 -1.000000e+00 7.823316e-01 -1.000000e+00 -9.990070e+05 9.036302e-03 9.036302e-03 9.685374e-01 8.687793e-01 2.399683e+00 0.000000e+00 -1.000000e+00 6.825177e-02 0.000000e+00 9.095848e-01
6.583288e-01 -1.000000e+00 0.000000e+00 -1.000000e+00 -1.000000e+00 0.000000e+00 6.893373e-02 -1.000000e+00 -1.000000e+00 1.856181e+00 0.000000e+00 -1.000000e+00 0.000000e+00 1.342608e-04 1.200000e+03 9.263097e-01 0.000000e+00 -9.990070e+05 3.000000e+00 -1.000000e+00 8.676909e-03 -1.0 0.000000e+00 0.000000e+00 -1.000000e+00 4.038059e-01 -1.000000e+00 -9.990070e+05 3.332726e-04 3.332726e-04 8.825410e-01 4.857322e-01 1.326115e+00 0.000000e+00 -1.000000e+00 4.824622e-03 0.000000e+00 5.089023e-01
5.530755e-01 -1.000000e+00 4.000000e+03 -1.000000e+00 -1.000000e+00 2.000000e+02 2.620157e-02 -1.000000e+00 -1.000000e+00 1.558983e+00 0.000000e+00 -1.000000e+00 1.000000e+00 2.408577e-05 1.200000e+03 7.781615e-01 1.000000e+00 -9.990070e+05 3.000000e+00 -1.000000e+00 1.806435e-03 -1.0 0.000000e+00 0.000000e+00 -1.000000e+00 2.208133e-01 -1.000000e+00 -9.990070e+05 7.392051e-05 7.392051e-05 7.514556e-01 4.079402e-01 1.113587e+00 0.000000e+00 -1.000000e+00 1.267669e-03 0.000000e+00 4.276963e-01
5.081004e-01 -1.000000e+00 4.000000e+03 -1.000000e+00 -1.000000e+00 4.000000e+02 1.468049e-02 -1.000000e+00 -1.000000e+00 1.427830e+00 0.000000e+00 -1.000000e+00 1.000000e+00 8.988985e-06 1.200000e+03 7.145272e-01 1.000000e+00 -9.990070e+05 3.000000e+00 -1.000000e+00 7.287939e-04 -1.0 0.000000e+00 0.000000e+00 -1.000000e+00 1.497598e-01 -1.000000e+00 -9.990070e+05 3.050950e-05 3.050950e-05 6.366980e-01 3.747464e-01 1.021495e+00 0.000000e+00 -1.000000e+00 5.813592e-04 0.000000e+00 3.925983e-01
4.827791e-01 -1.000000e+00 0.000000e+00 -1.000000e+00 -1.000000e+00 6.000000e+02 9.992391e-03 -1.000000e+00 -1.000000e+00 1.357495e+00 0.000000e+00 -1.000000e+00 0.000000e+00 4.737419e-06 1.200000e+03 6.790470e-01 0.000000e+00 -9.990070e+05 3.000000e+00 -1.000000e+00 4.077824e-04 -1.0 0.000000e+00 0.000000e+00 -1.000000e+00 1.149889e-01 -1.000000e+00 -9.990070e+05 1.745060e-05 1.745060e-05 5.550628e-01 3.559787e-01 9.707964e-01 0.000000e+00 -1.000000e+00 3.487687e-04 0.000000e+00 3.730031e-01
7.330888e-01 -1.000000e+00 0.000000e+00 -1.000000e+00 -1.000000e+00 8.000000e+02 1.096540e-01 -1.000000e+00 -1.000000e+00 2.076438e+00 0.000000e+00 -1.000000e+00 0.000000e+00 3.206534e-04 1.200000e+03 1.031445e+00 0.000000e+00 -9.990070e+05 3.000000e+00 -1.000000e+00 1.977497e-02 -1.0 0.000000e+00 0.000000e+00 -1.000000e+00 5.170882e-01 -1.000000e+00 -9.990070e+05 7.609303e-04 7.609303e-04 9.187946e-01 5.415484e-01 1.479564e+00 0.000000e+00 -1.000000e+00 9.374921e-03 0.000000e+00 5.678325e-01
7.567573e-01 -1.000000e+00 0.000000e+00 -1.000000e+00 -1.000000e+00 1.500000e+02 1.250590e-01 -1.000000e+00 -1.000000e+00 2.127625e+00 0.000000e+00 -1.000000e+00 0.000000e+00 4.137464e-04 1.250000e+03 1.064189e+00 0.000000e+00 -9.990070e+05 3.000000e+00 -1.000000e+00 2.444421e-02 -1.0 0.000000e+00 0.000000e+00 -1.000000e+00 5.500504e-01 -1.000000e+00 -9.990070e+05 8.998393e-04 8.998393e-04 9.267783e-01 5.581896e-01 1.521630e+00 0.000000e+00 -1.000000e+00 1.136557e-02 0.000000e+00 5.852549e-01
6.676702e-01 -1.000000e+00 0.000000e+00 -1.000000e+00 -1.000000e+00 3.500000e+02 7.357446e-02 -1.000000e+00 -1.000000e+00 1.880271e+00 0.000000e+00 -1.000000e+00 0.000000e+00 1.513663e-04 1.250000e+03 9.394003e-01 0.000000e+00 -9.990070e+05 3.000000e+00 -1.000000e+00 9.672078e-03 -1.0 0.000000e+00 0.000000e+00 -1.000000e+00 4.190501e-01 -1.000000e+00 -9.990070e+05 3.691084e-04 3.691084e-04 8.884951e-01 4.923116e-01 1.343725e+00 0.000000e+00 -1.000000e+00 5.289939e-03 0.000000e+00 5.161241e-01
6.436560e-01 -1.000000e+00 0.000000e+00 -1.000000e+00 -1.000000e+00 5.500000e+02 6.177004e-02 -1.000000e+00 -1.000000e+00 1.813692e+00 0.000000e+00 -1.000000e+00 0.000000e+00 1.098630e-04 1.250000e+03 9.056212e-01 0.000000e+00 -9.990070e+05 3.000000e+00 -1.000000e+00 7.192628e-03 -1.0 0.000000e+00 0.000000e+00 -1.000000e+00 3.788420e-01 -1.000000e+00 -9.990070e+05 2.770306e-04 2.770306e-04 8.717871e-01 4.747928e-01 1.296029e+00 0.000000e+00 -1.000000e+00 4.134508e-03 0.000000e+00 4.973075e-01
7.530062e-01 -1.000000e+00 4.000000e+03 -1.000000e+00 -1.000000e+00 7.500000e+02 1.230838e-01 -1.000000e+00 -1.000000e+00 2.128109e+00 0.000000e+00 -1.000000e+00 1.000000e+00 4.010697e-04 1.250000e+03 1.059861e+00 1.000000e+00 -9.990070e+05 2.000000e+00 -1.000000e+00 2.379349e-02 -1.0 0.000000e+00 0.000000e+00 -1.000000e+00 5.460686e-01 -1.000000e+00 -9.990070e+05 8.793100e-04 8.793100e-04 9.258570e-01 5.558213e-01 1.518909e+00 0.000000e+00 -1.000000e+00 1.110209e-02 1.000000e+00 5.818072e-01
1.091603e+00 -1.000000e+00 0.000000e+00 -1.000000e+00 -1.000000e+00 1.000000e+02 3.294062e-01 -1.000000e+00 -1.000000e+00 3.082469e+00 0.000000e+00 -1.000000e+00 0.000000e+00 3.728581e-03 1.300000e+03 1.536423e+00 0.000000e+00 -9.990070e+05 3.000000e+00 -1.000000e+00 1.886138e-01 -1.0 0.000000e+00 0.000000e+00 -1.000000e+00 7.651596e-01 -1.000000e+00 -9.990070e+05 6.410076e-03 6.410076e-03 9.659325e-01 8.054348e-01 2.200770e+00 0.000000e+00 -1.000000e+00 5.622874e-02 0.000000e+00 8.437910e-01
9.293150e-01 -1.000000e+00 0.000000e+00 -1.000000e+00 -1.000000e+00 3.000000e+02 2.380270e-01 -1.000000e+00 -1.000000e+00 2.631440e+00 0.000000e+00 -1.000000e+00 0.000000e+00 1.601616e-03 1.300000e+03 1.308753e+00 0.000000e+00 -9.990070e+05 3.000000e+00 -1.000000e+00 8.596221e-02 -1.0 0.000000e+00 0.000000e+00 -1.000000e+00 7.004745e-01 -1.000000e+00 -9.990070e+05 3.024545e-03 3.024545e-03 9.556803e-01 6.858614e-01 1.876878e+00 0.000000e+00 -1.000000e+00 3.097668e-02 0.000000e+00 7.181395e-01
8.274940e-01 -1.000000e+00 4.000000e+03 -1.000000e+00 -1.000000e+00 5.000000e+02 1.715071e-01 -1.000000e+00 -1.000000e+00 2.330950e+00 0.000000e+00 -1.000000e+00 1.000000e+00 7.811684e-04 1.300000e+03 1.164298e+00 1.000000e+00 -9.990070e+05 2.000000e+00 -1.000000e+00 4.392307e-02 -1.0 0.000000e+00 0.000000e+00 -1.000000e+00 6.271428e-01 -1.000000e+00 -9.990070e+05 1.573241e-03 1.573241e-03 9.427793e-01 6.103096e-01 1.665909e+00 0.000000e+00 -1.000000e+00 1.828608e-02 1.000000e+00 6.394081e-01
8.662993e-01 -1.000000e+00 0.000000e+00 -1.000000e+00 -1.000000e+00 7.000000e+02 1.972403e-01 -1.000000e+00 -1.000000e+00 2.437342e+00 0.000000e+00 -1.000000e+00 0.000000e+00 1.050617e-03 1.300000e+03 1.218468e+00 0.000000e+00 -9.990070e+05 3.000000e+00 -1.000000e+00 5.781970e-02 -1.0 0.000000e+00 0.000000e+00 -1.000000e+00 6.594218e-01 -1.000000e+00 -9.990070e+05 2.047448e-03 2.047448e-03 9.486713e-01 6.390076e-01 1.742760e+00 0.000000e+00 -1.000000e+00 2.276564e-02 0.000000e+00 6.695831e-01
1.364890e+00 -1.000000e+00 0.000000e+00 -1.000000e+00 -1.000000e+00 9.000000e+02 4.260063e-01 -1.000000e+00 -1.000000e+00 3.889033e+00 0.000000e+00 -1.000000e+00 0.000000e+00 9.365219e-03 1.300000e+03 1.920229e+00 0.000000e+00 -9.990070e+05 3.000000e+00 -1.000000e+00 4.467120e-01 -1.0 0.000000e+00 0.000000e+00 -1.000000e+00 8.123619e-01 -1.000000e+00 -9.990070e+05 1.506474e-02 1.506474e-02 9.730098e-01 1.009650e+00 2.759981e+00 0.000000e+00 -1.000000e+00 1.009661e-01 0.000000e+00 1.057207e+00
1.288315e+00 -1.000000e+00 0.000000e+00 -1.000000e+00 -1.000000e+00 2.500000e+02 4.050319e-01 -1.000000e+00 -1.000000e+00 3.679942e+00 0.000000e+00 -1.000000e+00 0.000000e+00 7.563203e-03 1.350000e+03 1.816219e+00 0.000000e+00 -9.990070e+05 3.000000e+00 -1.000000e+00 3.657777e-01 -1.0 0.000000e+00 0.000000e+00 -1.000000e+00 8.032374e-01 -1.000000e+00 -9.990070e+05 1.229372e-02 1.229372e-02 9.716607e-01 9.524216e-01 2.614452e+00 0.000000e+00 -1.000000e+00 8.893222e-02 0.000000e+00 9.954380e-01
1.133358e+00 -1.000000e+00 0.000000e+00 -1.000000e+00 -1.000000e+00 4.500000e+02 3.488090e-01 -1.000000e+00 -1.000000e+00 3.188026e+00 0.000000e+00 -1.000000e+00 0.000000e+00 4.445866e-03 1.350000e+03 1.594134e+00 0.000000e+00 -9.990070e+05 3.000000e+00 -1.000000e+00 2.220659e-01 -1.0 0.000000e+00 0.000000e+00 -1.000000e+00 7.758723e-01 -1.000000e+00 -9.990070e+05 7.480626e-03 7.480626e-03 9.675621e-01 8.359636e-01 2.279902e+00 0.000000e+00 -1.000000e+00 6.330994e-02 0.000000e+00 8.761991e-01
1.474984e+00 -1.000000e+00 0.000000e+00 -1.000000e+00 -1.000000e+00 5.000000e+01 4.505190e-01 -1.000000e+00 -1.000000e+00 4.177966e+00 0.000000e+00 -1.000000e+00 0.000000e+00 1.223047e-02 1.350000e+03 2.076576e+00 0.000000e+00 -9.990070e+05 3.000000e+00 -1.000000e+00 5.704576e-01 -1.0 0.000000e+00 0.000000e+00 -1.000000e+00 8.224544e-01 -1.000000e+00 -9.990070e+05 1.901122e-02 1.901122e-02 9.744935e-01 1.089135e+00 2.978958e+00 0.000000e+00 -1.000000e+00 1.171963e-01 0.000000e+00 1.139545e+00
1.098649e+00 -1.000000e+00 0.000000e+00 -1.000000e+00 -1.000000e+00 6.500000e+02 3.328098e-01 -1.000000e+00 -1.000000e+00 3.106773e+00 0.000000e+00 -1.000000e+00 0.000000e+00 3.845022e-03 1.350000e+03 1.546487e+00 0.000000e+00 -9.990070e+05 3.000000e+00 -1.000000e+00 1.940420e-01 -1.0 0.000000e+00 0.000000e+00 -1.000000e+00 7.670957e-01 -1.000000e+00 -9.990070e+05 6.581455e-03 6.581455e-03 9.662282e-01 8.105918e-01 2.215860e+00 0.000000e+00 -1.000000e+00 5.741681e-02 0.000000e+00 8.490062e-01
1.237626e+00 -1.000000e+00 0.000000e+00 -1.000000e+00 -1.000000e+00 8.500000e+02 3.892999e-01 -1.000000e+00 -1.000000e+00 3.480176e+00 0.000000e+00 -1.000000e+00 0.000000e+00 6.486497e-03 1.350000e+03 1.740582e+00 0.000000e+00 -9.990070e+05 3.000000e+00 -1.000000e+00 3.161523e-01 -1.0 0.000000e+00 0.000000e+00 -1.000000e+00 7.960479e-01 -1.000000e+00 -9.990070e+05 1.055234e-02 1.055234e-02 9.705920e-01 9.126363e-01 2.488411e+00 0.000000e+00 -1.000000e+00 8.087662e-02 0.000000e+00 9.572328e-01
1.911915e+00 -1.000000e+00 0.000000e+00 -1.000000e+00 -1.000000e+00 0.000000e+00 5.000000e-01 -1.000000e+00 -1.000000e+00 5.375578e+00 0.000000e+00 -1.000000e+00 0.000000e+00 2.275013e-02 1.400000e+03 2.688701e+00 0.000000e+00 -9.990070e+05 3.000000e+00 -1.000000e+00 1.039917e+00 -1.0 0.000000e+00 0.000000e+00 -1.000000e+00 8.413447e-01 -1.000000e+00 -9.990070e+05 3.776125e-02 3.776125e-02 9.772499e-01 1.410093e+00 3.844154e+00 0.000000e+00 -1.000000e+00 1.586553e-01 0.000000e+00 1.479166e+00
1.688961e+00 -1.000000e+00 0.000000e+00 -1.000000e+00 -1.000000e+00 2.000000e+02 4.824515e-01 -1.000000e+00 -1.000000e+00 4.785117e+00 0.000000e+00 -1.000000e+00 0.000000e+00 1.798391e-02 1.400000e+03 2.378162e+00 0.000000e+00 -9.990070e+05 3.000000e+00 -1.000000e+00 8.120312e-01 -1.0 0.000000e+00 0.000000e+00 -1.000000e+00 8.348413e-01 -1.000000e+00 -9.990070e+05 2.785716e-02 2.785716e-02 9.763037e-01 1.247101e+00 3.412049e+00 0.000000e+00 -1.000000e+00 1.424786e-01 0.000000e+00 1.305317e+00
1.472478e+00 -1.000000e+00 0.000000e+00 -1.000000e+00 -1.000000e+00 4.000000e+02 4.501106e-01 -1.000000e+00 -1.000000e+00 4.141987e+00 0.000000e+00 -1.000000e+00 0.000000e+00 1.217399e-02 1.400000e+03 2.071060e+00 0.000000e+00 -9.990070e+05 3.000000e+00 -1.000000e+00 5.679916e-01 -1.0 0.000000e+00 0.000000e+00 -1.000000e+00 8.222908e-01 -1.000000e+00 -9.990070e+05 1.892042e-02 1.892042e-02 9.744695e-01 1.086113e+00 2.961971e+00 0.000000e+00 -1.000000e+00 1.169048e-01 0.000000e+00 1.138686e+00
1.485488e+00 -1.000000e+00 0.000000e+00 -1.000000e+00 -1.000000e+00 6.000000e+02 4.525290e-01 -1.000000e+00 -1.000000e+00 4.186212e+00 0.000000e+00 -1.000000e+00 0.000000e+00 1.251357e-02 1.400000e+03 2.090198e+00 0.000000e+00 -9.990070e+05 3.000000e+00 -1.000000e+00 5.825514e-01 -1.0 0.000000e+00 0.000000e+00 -1.000000e+00 8.232578e-01 -1.000000e+00 -9.990070e+05 1.940584e-02 1.940584e-02 9.746113e-01 1.095830e+00 2.991563e+00 0.000000e+00 -1.000000e+00 1.186422e-01 0.000000e+00 1.148163e+00
1.542625e+00 -1.000000e+00 0.000000e+00 -1.000000e+00 -1.000000e+00 8.000000e+02 4.625045e-01 -1.000000e+00 -1.000000e+00 4.336477e+00 0.000000e+00 -1.000000e+00 0.000000e+00 1.405454e-02 1.400000e+03 2.169041e+00 0.000000e+00 -9.990070e+05 3.000000e+00 -1.000000e+00 6.485428e-01 -1.0 0.000000e+00 0.000000e+00 -1.000000e+00 8.271955e-01 -1.000000e+00 -9.990070e+05 2.175152e-02 2.175152e-02 9.751877e-01 1.137828e+00 3.100965e+00 0.000000e+00 -1.000000e+00 1.260964e-01 0.000000e+00 1.193602e+00
2.472221e+00 -1.000000e+00 0.000000e+00 -1.000000e+00 -1.000000e+00 1.500000e+02 5.000000e-01 -1.000000e+00 -1.000000e+00 6.962795e+00 0.000000e+00 -1.000000e+00 0.000000e+00 2.275013e-02 1.450000e+03 3.477709e+00 0.000000e+00 -9.990070e+05 3.000000e+00 -1.000000e+00 1.380340e+00 -1.0 0.000000e+00 0.000000e+00 -1.000000e+00 8.413447e-01 -1.000000e+00 -9.990070e+05 6.314579e-02 6.314579e-02 9.772499e-01 1.824019e+00 4.976695e+00 0.000000e+00 -1.000000e+00 1.586553e-01 0.000000e+00 1.912253e+00
1.977439e+00 -1.000000e+00 0.000000e+00 -1.000000e+00 -1.000000e+00 3.500000e+02 5.000000e-01 -1.000000e+00 -1.000000e+00 5.564739e+00 0.000000e+00 -1.000000e+00 0.000000e+00 2.275013e-02 1.450000e+03 2.781463e+00 0.000000e+00 -9.990070e+05 3.000000e+00 -1.000000e+00 1.097003e+00 -1.0 0.000000e+00 0.000000e+00 -1.000000e+00 8.413447e-01 -1.000000e+00 -9.990070e+05 4.069313e-02 4.069313e-02 9.772499e-01 1.458731e+00 3.978897e+00 0.000000e+00 -1.000000e+00 1.586553e-01 0.000000e+00 1.529194e+00
1.937752e+00 -1.000000e+00 0.000000e+00 -1.000000e+00 -1.000000e+00 5.500000e+02 5.000000e-01 -1.000000e+00 -1.000000e+00 5.456021e+00 0.000000e+00 -1.000000e+00 0.000000e+00 2.275013e-02 1.450000e+03 2.726202e+00 0.000000e+00 -9.990070e+05 3.000000e+00 -1.000000e+00 1.062381e+00 -1.0 0.000000e+00 0.000000e+00 -1.000000e+00 8.413447e-01 -1.000000e+00 -9.990070e+05 3.886749e-02 3.886749e-02 9.772499e-01 1.429450e+00 3.900811e+00 0.000000e+00 -1.000000e+00 1.586553e-01 0.000000e+00 1.498148e+00
1.870252e+00 -1.000000e+00 0.000000e+00 -1.000000e+00 -1.000000e+00 7.500000e+02 5.000000e-01 -1.000000e+00 -1.000000e+00 5.259331e+00 0.000000e+00 -1.000000e+00 0.000000e+00 2.275013e-02 1.450000e+03 2.630338e+00 0.000000e+00 -9.990070e+05 3.000000e+00 -1.000000e+00 1.001327e+00 -1.0 0.000000e+00 0.000000e+00 -1.000000e+00 8.413447e-01 -1.000000e+00 -9.990070e+05 3.585171e-02 3.585171e-02 9.772499e-01 1.379307e+00 3.760922e+00 0.000000e+00 -1.000000e+00 1.586553e-01 0.000000e+00 1.446494e+00
3.282149e+00 -1.000000e+00 0.000000e+00 -1.000000e+00 -1.000000e+00 0.000000e+00 5.000000e-01 -1.000000e+00 -1.000000e+00 9.242046e+00 0.000000e+00 -1.000000e+00 0.000000e+00 2.275013e-02 1.500000e+03 4.617510e+00 0.000000e+00 -9.990070e+05 3.000000e+00 -1.000000e+00 1.468960e+00 -1.0 0.000000e+00 0.000000e+00 -1.000000e+00 8.413447e-01 -1.000000e+00 -9.990070e+05 9.707686e-02 9.707686e-02 9.772499e-01 2.421302e+00 6.607181e+00 0.000000e+00 -1.000000e+00 1.586553e-01 0.000000e+00 2.538081e+00
3.166438e+00 -1.000000e+00 0.000000e+00 -1.000000e+00 -1.000000e+00 1.000000e+02 5.000000e-01 -1.000000e+00 -1.000000e+00 8.927691e+00 0.000000e+00 -1.000000e+00 0.000000e+00 2.275013e-02 1.500000e+03 4.455282e+00 0.000000e+00 -9.990070e+05 3.000000e+00 -1.000000e+00 1.470308e+00 -1.0 0.000000e+00 0.000000e+00 -1.000000e+00 8.413447e-01 -1.000000e+00 -9.990070e+05 9.254813e-02 9.254813e-02 9.772499e-01 2.336488e+00 6.378632e+00 0.000000e+00 -1.000000e+00 1.586553e-01 0.000000e+00 2.449082e+00
2.777959e+00 -1.000000e+00 0.000000e+00 -1.000000e+00 -1.000000e+00 3.000000e+02 5.000000e-01 -1.000000e+00 -1.000000e+00 7.834035e+00 0.000000e+00 -1.000000e+00 0.000000e+00 2.275013e-02 1.500000e+03 3.909383e+00 0.000000e+00 -9.990070e+05 3.000000e+00 -1.000000e+00 1.449041e+00 -1.0 0.000000e+00 0.000000e+00 -1.000000e+00 8.413447e-01 -1.000000e+00 -9.990070e+05 7.639206e-02 7.639206e-02 9.772499e-01 2.049666e+00 5.597615e+00 0.000000e+00 -1.000000e+00 1.586553e-01 0.000000e+00 2.147988e+00
2.574700e+00 -1.000000e+00 0.000000e+00 -1.000000e+00 -1.000000e+00 5.000000e+02 5.000000e-01 -1.000000e+00 -1.000000e+00 7.287591e+00 0.000000e+00 -1.000000e+00 0.000000e+00 2.275013e-02 1.500000e+03 3.625554e+00 0.000000e+00 -9.990070e+05 3.000000e+00 -1.000000e+00 1.409269e+00 -1.0 0.000000e+00 0.000000e+00 -1.000000e+00 8.413447e-01 -1.000000e+00 -9.990070e+05 6.754361e-02 6.754361e-02 9.772499e-01 1.900525e+00 5.199392e+00 0.000000e+00 -1.000000e+00 1.586553e-01 0.000000e+00 1.989566e+00
2.492345e+00 -1.000000e+00 0.000000e+00 -1.000000e+00 -1.000000e+00 7.000000e+02 5.000000e-01 -1.000000e+00 -1.000000e+00 7.023290e+00 0.000000e+00 -1.000000e+00 0.000000e+00 2.275013e-02 1.500000e+03 3.506441e+00 0.000000e+00 -9.990070e+05 3.000000e+00 -1.000000e+00 1.386882e+00 -1.0 0.000000e+00 0.000000e+00 -1.000000e+00 8.413447e-01 -1.000000e+00 -9.990070e+05 6.401894e-02 6.401894e-02 9.772499e-01 1.838957e+00 5.018966e+00 0.000000e+00 -1.000000e+00 1.586553e-01 0.000000e+00 1.927408e+00
2.567720e+00 -1.000000e+00 0.000000e+00 -1.000000e+00 -1.000000e+00 9.000000e+02 5.000000e-01 -1.000000e+00 -1.000000e+00 7.230508e+00 0.000000e+00 -1.000000e+00 0.000000e+00 2.275013e-02 1.500000e+03 3.612310e+00 0.000000e+00 -9.990070e+05 3.000000e+00 -1.000000e+00 1.408793e+00 -1.0 0.000000e+00 0.000000e+00 -1.000000e+00 8.413447e-01 -1.000000e+00 -9.990070e+05 6.733027e-02 6.733027e-02 9.772499e-01 1.894298e+00 5.168939e+00 0.000000e+00 -1.000000e+00 1.586553e-01 0.000000e+00 1.985400e+00
3.817429e+00 -1.000000e+00 0.000000e+00 -1.000000e+00 -1.000000e+00 2.500000e+02 5.000000e-01 -1.000000e+00 -1.000000e+00 1.080521e+01 0.000000e+00 -1.000000e+00 0.000000e+00 2.275013e-02 1.550000e+03 5.374753e+00 0.000000e+00 -9.990070e+05 3.000000e+00 -1.000000e+00 1.436043e+00 -1.0 0.000000e+00 0.000000e+00 -1.000000e+00 8.413447e-01 -1.000000e+00 -9.990070e+05 1.169683e-01 1.169683e-01 9.772499e-01 2.818190e+00 7.707928e+00 0.000000e+00 -1.000000e+00 1.586553e-01 0.000000e+00 2.951520e+00
3.500423e+00 -1.000000e+00 0.000000e+00 -1.000000e+00 -1.000000e+00 4.500000e+02 5.000000e-01 -1.000000e+00 -1.000000e+00 9.868883e+00 0.000000e+00 -1.000000e+00 0.000000e+00 2.275013e-02 1.550000e+03 4.925735e+00 0.000000e+00 -9.990070e+05 3.000000e+00 -1.000000e+00 1.456920e+00 -1.0 0.000000e+00 0.000000e+00 -1.000000e+00 8.413447e-01 -1.000000e+00 -9.990070e+05 1.054896e-01 1.054896e-01 9.772499e-01 2.582678e+00 7.052008e+00 0.000000e+00 -1.000000e+00 1.586553e-01 0.000000e+00 2.706690e+00
4.403571e+00 -1.000000e+00 0.000000e+00 -1.000000e+00 -1.000000e+00 5.000000e+01 5.000000e-01 -1.000000e+00 -1.000000e+00 1.241335e+01 0.000000e+00 -1.000000e+00 0.000000e+00 2.275013e-02 1.550000e+03 6.195715e+00 0.000000e+00 -9.990070e+05 3.000000e+00 -1.000000e+00 1.389739e+00 -1.0 0.000000e+00 0.000000e+00 -1.000000e+00 8.413447e-01 -1.000000e+00 -9.990070e+05 1.364220e-01 1.364220e-01 9.772499e-01 3.249203e+00 8.869453e+00 0.000000e+00 -1.000000e+00 1.586553e-01 0.000000e+00 3.405844e+00
3.161762e+00 -1.000000e+00 0.000000e+00 -1.000000e+00 -1.000000e+00 6.500000e+02 5.000000e-01 -1.000000e+00 -1.000000e+00 8.894893e+00 0.000000e+00 -1.000000e+00 0.000000e+00 2.275013e-02 1.550000e+03 4.446934e+00 0.000000e+00 -9.990070e+05 3.000000e+00 -1.000000e+00 1.470639e+00 -1.0 0.000000e+00 0.000000e+00 -1.000000e+00 8.413447e-01 -1.000000e+00 -9.990070e+05 9.240000e-02 9.240000e-02 9.772499e-01 2.332423e+00 6.360590e+00 0.000000e+00 -1.000000e+00 1.586553e-01 0.000000e+00 2.445948e+00
3.113216e+00 -1.000000e+00 0.000000e+00 -1.000000e+00 -1.000000e+00 8.500000e+02 5.000000e-01 -1.000000e+00 -1.000000e+00 8.763310e+00 0.000000e+00 -1.000000e+00 0.000000e+00 2.275013e-02 1.550000e+03 4.379118e+00 0.000000e+00 -9.990070e+05 3.000000e+00 -1.000000e+00 1.470627e+00 -1.0 0.000000e+00 0.000000e+00 -1.000000e+00 8.413447e-01 -1.000000e+00 -9.990070e+05 9.041979e-02 9.041979e-02 9.772499e-01 2.296737e+00 6.265123e+00 0.000000e+00 -1.000000e+00 1.586553e-01 0.000000e+00 2.407847e+00
5.462344e+00 -1.000000e+00 0.000000e+00 -1.000000e+00 -1.000000e+00 0.000000e+00 5.000000e-01 -1.000000e+00 -1.000000e+00 1.544456e+01 0.000000e+00 -1.000000e+00 0.000000e+00 2.275013e-02 1.600000e+03 7.689850e+00 0.000000e+00 -9.990070e+05 3.000000e+00 -1.000000e+00 1.313185e+00 -1.0 0.000000e+00 0.000000e+00 -1.000000e+00 8.413447e-01 -1.000000e+00 -9.990070e+05 1.660481e-01 1.660481e-01 9.772499e-01 4.031104e+00 1.102123e+01 0.000000e+00 -1.000000e+00 1.586553e-01 0.000000e+00 4.225951e+00
5.362030e+00 -1.000000e+00 0.000000e+00 -1.000000e+00 -1.000000e+00 2.000000e+02 5.000000e-01 -1.000000e+00 -1.000000e+00 1.516792e+01 0.000000e+00 -1.000000e+00 0.000000e+00 2.275013e-02 1.600000e+03 7.549701e+00 0.000000e+00 -9.990070e+05 3.000000e+00 -1.000000e+00 1.319923e+00 -1.0 0.000000e+00 0.000000e+00 -1.000000e+00 8.413447e-01 -1.000000e+00 -9.990070e+05 1.633913e-01 1.633913e-01 9.772499e-01 3.957158e+00 1.082247e+01 0.000000e+00 -1.000000e+00 1.586553e-01 0.000000e+00 4.145301e+00
4.575586e+00 -1.000000e+00 0.000000e+00 -1.000000e+00 -1.000000e+00 4.000000e+02 5.000000e-01 -1.000000e+00 -1.000000e+00 1.290510e+01 0.000000e+00 -1.000000e+00 0.000000e+00 2.275013e-02 1.600000e+03 6.438271e+00 0.000000e+00 -9.990070e+05 3.000000e+00 -1.000000e+00 1.376001e+00 -1.0 0.000000e+00 0.000000e+00 -1.000000e+00 8.413447e-01 -1.000000e+00 -9.990070e+05 1.417021e-01 1.417021e-01 9.772499e-01 3.376368e+00 9.218822e+00 0.000000e+00 -1.000000e+00 1.586553e-01 0.000000e+00 3.539471e+00
4.002940e+00 -1.000000e+00 0.000000e+00 -1.000000e+00 -1.000000e+00 6.000000e+02 5.000000e-01 -1.000000e+00 -1.000000e+00 1.141437e+01 0.000000e+00 -1.000000e+00 0.000000e+00 2.275013e-02 1.600000e+03 5.641752e+00 0.000000e+00 -9.990070e+05 3.000000e+00 -1.000000e+00 1.421683e+00 -1.0 0.000000e+00 0.000000e+00 -1.000000e+00 8.413447e-01 -1.000000e+00 -9.990070e+05 1.233178e-01 1.233178e-01 9.772499e-01 2.958294e+00 8.116828e+00 0.000000e+00 -1.000000e+00 1.586553e-01 0.000000e+00 3.094058e+00
4.313852e+00 -1.000000e+00 0.000000e+00 -1.000000e+00 -1.000000e+00 8.000000e+02 5.000000e-01 -1.000000e+00 -1.000000e+00 1.217266e+01 0.000000e+00 -1.000000e+00 0.000000e+00 2.275013e-02 1.600000e+03 6.071114e+00 0.000000e+00 -9.990070e+05 3.000000e+00 -1.000000e+00 1.397204e+00 -1.0 0.000000e+00 0.000000e+00 -1.000000e+00 8.413447e-01 -1.000000e+00 -9.990070e+05 1.335229e-01 1.335229e-01 9.772499e-01 3.183166e+00 8.694853e+00 0.000000e+00 -1.000000e+00 1.586553e-01 0.000000e+00 3.335066e+00
6.741739e+00 -1.000000e+00 0.000000e+00 -1.000000e+00 -1.000000e+00 1.500000e+02 5.000000e-01 -1.000000e+00 -1.000000e+00 1.902772e+01 0.000000e+00 -1.000000e+00 0.000000e+00 2.275013e-02 1.650000e+03 9.490596e+00 0.000000e+00 -9.990070e+05 3.000000e+00 -1.000000e+00 1.246322e+00 -1.0 0.000000e+00 0.000000e+00 -1.000000e+00 8.413447e-01 -1.000000e+00 -9.990070e+05 1.947130e-01 1.947130e-01 9.772499e-01 4.971621e+00 1.358771e+01 0.000000e+00 -1.000000e+00 1.586553e-01 0.000000e+00 5.214895e+00
6.058606e+00 -1.000000e+00 0.000000e+00 -1.000000e+00 -1.000000e+00 3.500000e+02 5.000000e-01 -1.000000e+00 -1.000000e+00 1.708225e+01 0.000000e+00 -1.000000e+00 0.000000e+00 2.275013e-02 1.650000e+03 8.524563e+00 0.000000e+00 -9.990070e+05 3.000000e+00 -1.000000e+00 1.278550e+00 -1.0 0.000000e+00 0.000000e+00 -1.000000e+00 8.413447e-01 -1.000000e+00 -9.990070e+05 1.803674e-01 1.803674e-01 9.772499e-01 4.469466e+00 1.220157e+01 0.000000e+00 -1.000000e+00 1.586553e-01 0.000000e+00 4.688045e+00
5.547166e+00 -1.000000e+00 0.000000e+00 -1.000000e+00 -1.000000e+00 5.500000e+02 5.000000e-01 -1.000000e+00 -1.000000e+00 1.584994e+01 0.000000e+00 -1.000000e+00 0.000000e+00 2.275013e-02 1.650000e+03 7.821619e+00 0.000000e+00 -9.990070e+05 3.000000e+00 -1.000000e+00 1.308263e+00 -1.0 0.000000e+00 0.000000e+00 -1.000000e+00 8.413447e-01 -1.000000e+00 -9.990070e+05 1.680091e-01 1.680091e-01 9.772499e-01 4.099015e+00 1.126091e+01 0.000000e+00 -1.000000e+00 1.586553e-01 0.000000e+00 4.288656e+00
5.311841e+00 -1.000000e+00 0.000000e+00 -1.000000e+00 -1.000000e+00 7.500000e+02 5.000000e-01 -1.000000e+00 -1.000000e+00 1.500524e+01 0.000000e+00 -1.000000e+00 0.000000e+00 2.275013e-02 1.650000e+03 7.477150e+00 0.000000e+00 -9.990070e+05 3.000000e+00 -1.000000e+00 1.323137e+00 -1.0 0.000000e+00 0.000000e+00 -1.000000e+00 8.413447e-01 -1.000000e+00 -9.990070e+05 1.621256e-01 1.621256e-01 9.772499e-01 3.919600e+00 1.071241e+01 0.000000e+00 -1.000000e+00 1.586553e-01 0.000000e+00 4.106839e+00
8.638827e+00 -1.000000e+00 0.000000e+00 -1.000000e+00 -1.000000e+00 1.000000e+02 5.000000e-01 -1.000000e+00 -1.000000e+00 2.450747e+01 0.000000e+00 -1.000000e+00 0.000000e+00 2.275013e-02 1.700000e+03 1.216913e+01 0.000000e+00 -9.990070e+05 3.000000e+00 -1.000000e+00 1.183138e+00 -1.0 0.000000e+00 0.000000e+00 -1.000000e+00 8.413447e-01 -1.000000e+00 -9.990070e+05 2.274027e-01 2.274027e-01 9.772499e-01 6.378473e+00 1.746821e+01 0.000000e+00 -1.000000e+00 1.586553e-01 0.000000e+00 6.679271e+00
8.131971e+00 -1.000000e+00 0.000000e+00 -1.000000e+00 -1.000000e+00 3.000000e+02 5.000000e-01 -1.000000e+00 -1.000000e+00 2.303385e+01 0.000000e+00 -1.000000e+00 0.000000e+00 2.275013e-02 1.700000e+03 1.144913e+01 0.000000e+00 -9.990070e+05 3.000000e+00 -1.000000e+00 1.196839e+00 -1.0 0.000000e+00 0.000000e+00 -1.000000e+00 8.413447e-01 -1.000000e+00 -9.990070e+05 2.196559e-01 2.196559e-01 9.772499e-01 6.004063e+00 1.642377e+01 0.000000e+00 -1.000000e+00 1.586553e-01 0.000000e+00 6.287576e+00
8.202541e+00 -1.000000e+00 0.000000e+00 -1.000000e+00 -1.000000e+00 5.000000e+02 5.000000e-01 -1.000000e+00 -1.000000e+00 2.316908e+01 0.000000e+00 -1.000000e+00 0.000000e+00 2.275013e-02 1.700000e+03 1.154440e+01 0.000000e+00 -9.990070e+05 3.000000e+00 -1.000000e+00 1.194661e+00 -1.0 0.000000e+00 0.000000e+00 -1.000000e+00 8.413447e-01 -1.000000e+00 -9.990070e+05 2.208581e-01 2.208581e-01 9.772499e-01 6.053543e+00 1.653962e+01 0.000000e+00 -1.000000e+00 1.586553e-01 0.000000e+00 6.346226e+00
7.198106e+00 -1.000000e+00 0.000000e+00 -1.000000e+00 -1.000000e+00 7.000000e+02 5.000000e-01 -1.000000e+00 -1.000000e+00 2.041722e+01 0.000000e+00 -1.000000e+00 0.000000e+00 2.275013e-02 1.700000e+03 1.013981e+01 0.000000e+00 -9.990070e+05 3.000000e+00 -1.000000e+00 1.228109e+00 -1.0 0.000000e+00 0.000000e+00 -1.000000e+00 8.413447e-01 -1.000000e+00 -9.990070e+05 2.034168e-01 2.034168e-01 9.772499e-01 5.313870e+00 1.455313e+01 0.000000e+00 -1.000000e+00 1.586553e-01 0.000000e+00 5.565631e+00
6.814301e+00 -1.000000e+00 0.000000e+00 -1.000000e+00 -1.000000e+00 9.000000e+02 5.000000e-01 -1.000000e+00 -1.000000e+00 1.920680e+01 0.000000e+00 -1.000000e+00 0.000000e+00 2.275013e-02 1.700000e+03 9.589584e+00 0.000000e+00 -9.990070e+05 3.000000e+00 -1.000000e+00 1.243128e+00 -1.0 0.000000e+00 0.000000e+00 -1.000000e+00 8.413447e-01 -1.000000e+00 -9.990070e+05 1.962110e-01 1.962110e-01 9.772499e-01 5.024555e+00 1.372122e+01 0.000000e+00 -1.000000e+00 1.586553e-01 0.000000e+00 5.271020e+00
1.081633e+01 -1.000000e+00 0.000000e+00 -1.000000e+00 -1.000000e+00 2.500000e+02 5.000000e-01 -1.000000e+00 -1.000000e+00 3.047730e+01 0.000000e+00 -1.000000e+00 0.000000e+00 2.275013e-02 1.750000e+03 1.521984e+01 0.000000e+00 -9.990070e+05 3.000000e+00 -1.000000e+00 1.139500e+00 -1.0 0.000000e+00 0.000000e+00 -1.000000e+00 8.413447e-01 -1.000000e+00 -9.990070e+05 2.554394e-01 2.554394e-01 9.772499e-01 7.975722e+00 2.177488e+01 0.000000e+00 -1.000000e+00 1.586553e-01 0.000000e+00 8.369572e+00
9.442745e+00 -1.000000e+00 0.000000e+00 -1.000000e+00 -1.000000e+00 4.500000e+02 5.000000e-01 -1.000000e+00 -1.000000e+00 2.710544e+01 0.000000e+00 -1.000000e+00 0.000000e+00 2.275013e-02 1.750000e+03 1.333265e+01 0.000000e+00 -9.990070e+05 3.000000e+00 -1.000000e+00 1.164949e+00 -1.0 0.000000e+00 0.000000e+00 -1.000000e+00 8.413447e-01 -1.000000e+00 -9.990070e+05 2.383599e-01 2.383599e-01 9.772499e-01 6.983282e+00 1.922269e+01 0.000000e+00 -1.000000e+00 1.586553e-01 0.000000e+00 7.300165e+00
1.230915e+01 -1.000000e+00 0.000000e+00 -1.000000e+00 -1.000000e+00 5.000000e+01 5.000000e-01 -1.000000e+00 -1.000000e+00 3.466453e+01 0.000000e+00 -1.000000e+00 0.000000e+00 2.275013e-02 1.750000e+03 1.731551e+01 0.000000e+00 -9.990070e+05 3.000000e+00 -1.000000e+00 1.119185e+00 -1.0 0.000000e+00 0.000000e+00 -1.000000e+00 8.413447e-01 -1.000000e+00 -9.990070e+05 2.709200e-01 2.709200e-01 9.772499e-01 9.080137e+00 2.477498e+01 0.000000e+00 -1.000000e+00 1.586553e-01 0.000000e+00 9.525790e+00
9.145937e+00 -1.000000e+00 0.000000e+00 -1.000000e+00 -1.000000e+00 6.500000e+02 5.000000e-01 -1.000000e+00 -1.000000e+00 2.588911e+01 0.000000e+00 -1.000000e+00 0.000000e+00 2.275013e-02 1.750000e+03 1.288024e+01 0.000000e+00 -9.990070e+05 3.000000e+00 -1.000000e+00 1.170939e+00 -1.0 0.000000e+00 0.000000e+00 -1.000000e+00 8.413447e-01 -1.000000e+00 -9.990070e+05 2.346842e-01 2.346842e-01 9.772499e-01 6.749970e+00 1.847059e+01 0.000000e+00 -1.000000e+00 1.586553e-01 0.000000e+00 7.071850e+00
8.866069e+00 -1.000000e+00 0.000000e+00 -1.000000e+00 -1.000000e+00 8.500000e+02 5.000000e-01 -1.000000e+00 -1.000000e+00 2.501422e+01 0.000000e+00 -1.000000e+00 0.000000e+00 2.275013e-02 1.750000e+03 1.247848e+01 0.000000e+00 -9.990070e+05 3.000000e+00 -1.000000e+00 1.177333e+00 -1.0 0.000000e+00 0.000000e+00 -1.000000e+00 8.413447e-01 -1.000000e+00 -9.990070e+05 2.308154e-01 2.308154e-01 9.772499e-01 6.541377e+00 1.786963e+01 0.000000e+00 -1.000000e+00 1.586553e-01 0.000000e+00 6.856265e+00
1.618122e+01 -1.000000e+00 0.000000e+00 -1.000000e+00 -1.000000e+00 0.000000e+00 5.000000e-01 -1.000000e+00 -1.000000e+00 4.566545e+01 0.000000e+00 -1.000000e+00 0.000000e+00 2.275013e-02 1.800000e+03 2.278731e+01 0.000000e+00 -9.990070e+05 3.000000e+00 -1.000000e+00 1.086003e+00 -1.0 0.000000e+00 0.000000e+00 -1.000000e+00 8.413447e-01 -1.000000e+00 -9.990070e+05 3.012116e-01 3.012116e-01 9.772499e-01 1.191077e+01 3.257874e+01 0.000000e+00 -1.000000e+00 1.586553e-01 0.000000e+00 1.252549e+01
1.324370e+01 -1.000000e+00 0.000000e+00 -1.000000e+00 -1.000000e+00 2.000000e+02 5.000000e-01 -1.000000e+00 -1.000000e+00 3.733259e+01 0.000000e+00 -1.000000e+00 0.000000e+00 2.275013e-02 1.800000e+03 1.863993e+01 0.000000e+00 -9.990070e+05 3.000000e+00 -1.000000e+00 1.109185e+00 -1.0 0.000000e+00 0.000000e+00 -1.000000e+00 8.413447e-01 -1.000000e+00 -9.990070e+05 2.793121e-01 2.793121e-01 9.772499e-01 9.757856e+00 2.665508e+01 0.000000e+00 -1.000000e+00 1.586553e-01 0.000000e+00 1.024993e+01
1.294899e+01 -1.000000e+00 0.000000e+00 -1.000000e+00 -1.000000e+00 4.000000e+02 5.000000e-01 -1.000000e+00 -1.000000e+00 3.662158e+01 0.000000e+00 -1.000000e+00 0.000000e+00 2.275013e-02 1.800000e+03 1.823787e+01 0.000000e+00 -9.990070e+05 3.000000e+00 -1.000000e+00 1.112355e+00 -1.0 0.000000e+00 0.000000e+00 -1.000000e+00 8.413447e-01 -1.000000e+00 -9.990070e+05 2.765952e-01 2.765952e-01 9.772499e-01 9.541651e+00 2.611304e+01 0.000000e+00 -1.000000e+00 1.586553e-01 0.000000e+00 1.002177e+01
1.185277e+01 -1.000000e+00 0.000000e+00 -1.000000e+00 -1.000000e+00 6.000000e+02 5.000000e-01 -1.000000e+00 -1.000000e+00 3.359731e+01 0.000000e+00 -1.000000e+00 0.000000e+00 2.275013e-02 1.800000e+03 1.669140e+01 0.000000e+00 -9.990070e+05 3.000000e+00 -1.000000e+00 1.124945e+00 -1.0 0.000000e+00 0.000000e+00 -1.000000e+00 8.413447e-01 -1.000000e+00 -9.990070e+05 2.663364e-01 2.663364e-01 9.772499e-01 8.751227e+00 2.394897e+01 0.000000e+00 -1.000000e+00 1.586553e-01 0.000000e+00 9.168868e+00
1.178110e+01 -1.000000e+00 0.000000e+00 -1.000000e+00 -1.000000e+00 8.000000e+02 5.000000e-01 -1.000000e+00 -1.000000e+00 3.319833e+01 0.000000e+00 -1.000000e+00 0.000000e+00 2.275013e-02 1.800000e+03 1.657709e+01 0.000000e+00 -9.990070e+05 3.000000e+00 -1.000000e+00 1.125783e+00 -1.0 0.000000e+00 0.000000e+00 -1.000000e+00 8.413447e-01 -1.000000e+00 -9.990070e+05 2.656842e-01 2.656842e-01 9.772499e-01 8.689794e+00 2.372330e+01 0.000000e+00 -1.000000e+00 1.586553e-01 0.000000e+00 9.114988e+00
1.718544e+01 -1.000000e+00 0.000000e+00 -1.000000e+00 -1.000000e+00 1.500000e+02 5.000000e-01 -1.000000e+00 -1.000000e+00 4.843305e+01 0.000000e+00 -1.000000e+00 0.000000e+00 2.275013e-02 1.850000e+03 2.419235e+01 0.000000e+00 -9.990070e+05 3.000000e+00 -1.000000e+00 1.079930e+00 -1.0 0.000000e+00 0.000000e+00 -1.000000e+00 8.413447e-01 -1.000000e+00 -9.990070e+05 3.076791e-01 3.076791e-01 9.772499e-01 1.264869e+01 3.456515e+01 0.000000e+00 -1.000000e+00 1.586553e-01 0.000000e+00 1.330974e+01
1.717764e+01 -1.000000e+00 0.000000e+00 -1.000000e+00 -1.000000e+00 3.500000e+02 5.000000e-01 -1.000000e+00 -1.000000e+00 4.841564e+01 0.000000e+00 -1.000000e+00 0.000000e+00 2.275013e-02 1.850000e+03 2.418412e+01 0.000000e+00 -9.990070e+05 3.000000e+00 -1.000000e+00 1.080030e+00 -1.0 0.000000e+00 0.000000e+00 -1.000000e+00 8.413447e-01 -1.000000e+00 -9.990070e+05 3.075650e-01 3.075650e-01 9.772499e-01 1.264080e+01 3.455553e+01 0.000000e+00 -1.000000e+00 1.586553e-01 0.000000e+00 1.329732e+01
1.590231e+01 -1.000000e+00 0.000000e+00 -1.000000e+00 -1.000000e+00 5.500000e+02 5.000000e-01 -1.000000e+00 -1.000000e+00 4.484601e+01 0.000000e+00 -1.000000e+00 0.000000e+00 2.275013e-02 1.850000e+03 2.239033e+01 0.000000e+00 -9.990070e+05 3.000000e+00 -1.000000e+00 1.087764e+00 -1.0 0.000000e+00 0.000000e+00 -1.000000e+00 8.413447e-01 -1.000000e+00 -9.990070e+05 2.994026e-01 2.994026e-01 9.772499e-01 1.170679e+01 3.200536e+01 0.000000e+00 -1.000000e+00 1.586553e-01 0.000000e+00 1.230905e+01
1.504569e+01 -1.000000e+00 0.000000e+00 -1.000000e+00 -1.000000e+00 7.500000e+02 5.000000e-01 -1.000000e+00 -1.000000e+00 4.239479e+01 0.000000e+00 -1.000000e+00 0.000000e+00 2.275013e-02 1.850000e+03 2.117778e+01 0.000000e+00 -9.990070e+05 3.000000e+00 -1.000000e+00 1.093682e+00 -1.0 0.000000e+00 0.000000e+00 -1.000000e+00 8.413447e-01 -1.000000e+00 -9.990070e+05 2.935162e-01 2.935162e-01 9.772499e-01 1.107866e+01 3.026636e+01 0.000000e+00 -1.000000e+00 1.586553e-01 0.000000e+00 1.164739e+01
2.302053e+01 -1.000000e+00 0.000000e+00 -1.000000e+00 -1.000000e+00 1.000000e+02 5.000000e-01 -1.000000e+00 -1.000000e+00 6.578404e+01 0.000000e+00 -1.000000e+00 0.000000e+00 2.275013e-02 1.900000e+03 3.249304e+01 0.000000e+00 -9.990070e+05 3.000000e+00 -1.000000e+00 1.056835e+00 -1.0 0.000000e+00 0.000000e+00 -1.000000e+00 8.413447e-01 -1.000000e+00 -9.990070e+05 3.360515e-01 3.360515e-01 9.772499e-01 1.693252e+01 4.668531e+01 0.000000e+00 -1.000000e+00 1.586553e-01 0.000000e+00 1.783742e+01
2.105218e+01 -1.000000e+00 0.000000e+00 -1.000000e+00 -1.000000e+00 3.000000e+02 5.000000e-01 -1.000000e+00 -1.000000e+00 6.014202e+01 0.000000e+00 -1.000000e+00 0.000000e+00 2.275013e-02 1.900000e+03 2.971289e+01 0.000000e+00 -9.990070e+05 3.000000e+00 -1.000000e+00 1.063133e+00 -1.0 0.000000e+00 0.000000e+00 -1.000000e+00 8.413447e-01 -1.000000e+00 -9.990070e+05 3.275851e-01 3.275851e-01 9.772499e-01 1.548636e+01 4.269585e+01 0.000000e+00 -1.000000e+00 1.586553e-01 0.000000e+00 1.630459e+01
2.136734e+01 -1.000000e+00 0.000000e+00 -1.000000e+00 -1.000000e+00 5.000000e+02 5.000000e-01 -1.000000e+00 -1.000000e+00 6.017511e+01 0.000000e+00 -1.000000e+00 0.000000e+00 2.275013e-02 1.900000e+03 3.008279e+01 0.000000e+00 -9.990070e+05 3.000000e+00 -1.000000e+00 1.061825e+00 -1.0 0.000000e+00 0.000000e+00 -1.000000e+00 8.413447e-01 -1.000000e+00 -9.990070e+05 3.293028e-01 3.293028e-01 9.772499e-01 1.571148e+01 4.298431e+01 0.000000e+00 -1.000000e+00 1.586553e-01 0.000000e+00 1.654911e+01
1.995319e+01 -1.000000e+00 0.000000e+00 -1.000000e+00 -1.000000e+00 7.000000e+02 5.000000e-01 -1.000000e+00 -1.000000e+00 5.664964e+01 0.000000e+00 -1.000000e+00 0.000000e+00 2.275013e-02 1.900000e+03 2.813533e+01 0.000000e+00 -9.990070e+05 3.000000e+00 -1.000000e+00 1.067223e+00 -1.0 0.000000e+00 0.000000e+00 -1.000000e+00 8.413447e-01 -1.000000e+00 -9.990070e+05 3.224137e-01 3.224137e-01 9.772499e-01 1.467431e+01 4.031971e+01 0.000000e+00 -1.000000e+00 1.586553e-01 0.000000e+00 1.544700e+01
1.938164e+01 -1.000000e+00 0.000000e+00 -1.000000e+00 -1.000000e+00 9.000000e+02 5.000000e-01 -1.000000e+00 -1.000000e+00 5.482049e+01 0.000000e+00 -1.000000e+00 0.000000e+00 2.275013e-02 1.900000e+03 2.731042e+01 0.000000e+00 -9.990070e+05 3.000000e+00 -1.000000e+00 1.069483e+00 -1.0 0.000000e+00 0.000000e+00 -1.000000e+00 8.413447e-01 -1.000000e+00 -9.990070e+05 3.196561e-01 3.196561e-01 9.772499e-01 1.425593e+01 3.908128e+01 0.000000e+00 -1.000000e+00 1.586553e-01 0.000000e+00 1.500401e+01
3.012555e+01 -1.000000e+00 0.000000e+00 -1.000000e+00 -1.000000e+00 2.500000e+02 5.000000e-01 -1.000000e+00 -1.000000e+00 8.504973e+01 0.000000e+00 -1.000000e+00 0.000000e+00 2.275013e-02 1.950000e+03 4.244309e+01 0.000000e+00 -9.990070e+05 3.000000e+00 -1.000000e+00 1.041538e+00 -1.0 0.000000e+00 0.000000e+00 -1.000000e+00 8.413447e-01 -1.000000e+00 -9.990070e+05 3.596702e-01 3.596702e-01 9.772499e-01 2.212876e+01 6.072669e+01 0.000000e+00 -1.000000e+00 1.586553e-01 0.000000e+00 2.333808e+01
2.755858e+01 -1.000000e+00 0.000000e+00 -1.000000e+00 -1.000000e+00 4.500000e+02 5.000000e-01 -1.000000e+00 -1.000000e+00 7.757773e+01 0.000000e+00 -1.000000e+00 0.000000e+00 2.275013e-02 1.950000e+03 3.880192e+01 0.000000e+00 -9.990070e+05 3.000000e+00 -1.000000e+00 1.045959e+00 -1.0 0.000000e+00 0.000000e+00 -1.000000e+00 8.413447e-01 -1.000000e+00 -9.990070e+05 3.523078e-01 3.523078e-01 9.772499e-01 2.025109e+01 5.545123e+01 0.000000e+00 -1.000000e+00 1.586553e-01 0.000000e+00 2.135454e+01
3.217616e+01 -1.000000e+00 0.000000e+00 -1.000000e+00 -1.000000e+00 5.000000e+01 5.000000e-01 -1.000000e+00 -1.000000e+00 9.063431e+01 0.000000e+00 -1.000000e+00 0.000000e+00 2.275013e-02 1.950000e+03 4.531625e+01 0.000000e+00 -9.990070e+05 3.000000e+00 -1.000000e+00 1.038487e+00 -1.0 0.000000e+00 0.000000e+00 -1.000000e+00 8.413447e-01 -1.000000e+00 -9.990070e+05 3.650459e-01 3.650459e-01 9.772499e-01 2.364856e+01 6.478603e+01 0.000000e+00 -1.000000e+00 1.586553e-01 0.000000e+00 2.493208e+01
2.451788e+01 -1.000000e+00 0.000000e+00 -1.000000e+00 -1.000000e+00 6.500000e+02 5.000000e-01 -1.000000e+00 -1.000000e+00 6.916164e+01 0.000000e+00 -1.000000e+00 0.000000e+00 2.275013e-02 1.950000e+03 3.454001e+01 0.000000e+00 -9.990070e+05 3.000000e+00 -1.000000e+00 1.052733e+00 -1.0 0.000000e+00 0.000000e+00 -1.000000e+00 8.413447e-01 -1.000000e+00 -9.990070e+05 3.419015e-01 3.419015e-01 9.772499e-01 1.801434e+01 4.939785e+01 0.000000e+00 -1.000000e+00 1.586553e-01 0.000000e+00 1.898746e+01
2.456692e+01 -1.000000e+00 0.000000e+00 -1.000000e+00 -1.000000e+00 8.500000e+02 5.000000e-01 -1.000000e+00 -1.000000e+00 6.944749e+01 0.000000e+00 -1.000000e+00 0.000000e+00 2.275013e-02 1.950000e+03 3.462307e+01 0.000000e+00 -9.990070e+05 3.000000e+00 -1.000000e+00 1.052653e+00 -1.0 0.000000e+00 0.000000e+00 -1.000000e+00 8.413447e-01 -1.000000e+00 -9.990070e+05 3.420183e-01 3.420183e-01 9.772499e-01 1.805128e+01 4.955410e+01 0.000000e+00 -1.000000e+00 1.586553e-01 0.000000e+00 1.902266e+01
4.305781e+01 -1.000000e+00 0.000000e+00 -1.000000e+00 -1.000000e+00 0.000000e+00 5.000000e-01 -1.000000e+00 -1.000000e+00 1.217225e+02 0.000000e+00 -1.000000e+00 0.000000e+00 2.275013e-02 2.000000e+03 6.076801e+01 0.000000e+00 -9.990070e+05 3.000000e+00 -1.000000e+00 1.027616e+00 -1.0 0.000000e+00 0.000000e+00 -1.000000e+00 8.413447e-01 -1.000000e+00 -9.990070e+05 3.869236e-01 3.869236e-01 9.772499e-01 3.191187e+01 8.697745e+01 0.000000e+00 -1.000000e+00 1.586553e-01 0.000000e+00 3.328185e+01
3.681351e+01 -1.000000e+00 0.000000e+00 -1.000000e+00 -1.000000e+00 2.000000e+02 5.000000e-01 -1.000000e+00 -1.000000e+00 1.040416e+02 0.000000e+00 -1.000000e+00 0.000000e+00 2.275013e-02 2.000000e+03 5.189525e+01 0.000000e+00 -9.990070e+05 3.000000e+00 -1.000000e+00 1.033025e+00 -1.0 0.000000e+00 0.000000e+00 -1.000000e+00 8.413447e-01 -1.000000e+00 -9.990070e+05 3.754452e-01 3.754452e-01 9.772499e-01 2.716238e+01 7.429870e+01 0.000000e+00 -1.000000e+00 1.586553e-01 0.000000e+00 2.854145e+01
3.383006e+01 -1.000000e+00 0.000000e+00 -1.000000e+00 -1.000000e+00 4.000000e+02 5.000000e-01 -1.000000e+00 -1.000000e+00 9.555383e+01 0.000000e+00 -1.000000e+00 0.000000e+00 2.275013e-02 2.000000e+03 4.767101e+01 0.000000e+00 -9.990070e+05 3.000000e+00 -1.000000e+00 1.036373e+00 -1.0 0.000000e+00 0.000000e+00 -1.000000e+00 8.413447e-01 -1.000000e+00 -9.990070e+05 3.689760e-01 3.689760e-01 9.772499e-01 2.485336e+01 6.822448e+01 0.000000e+00 -1.000000e+00 1.586553e-01 0.000000e+00 2.621041e+01
3.450519e+01 -1.000000e+00 0.000000e+00 -1.000000e+00 -1.000000e+00 6.000000e+02 5.000000e-01 -1.000000e+00 -1.000000e+00 9.721720e+01 0.000000e+00 -1.000000e+00 0.000000e+00 2.275013e-02 2.000000e+03 4.860165e+01 0.000000e+00 -9.990070e+05 3.000000e+00 -1.000000e+00 1.035542e+00 -1.0 0.000000e+00 0.000000e+00 -1.000000e+00 8.413447e-01 -1.000000e+00 -9.990070e+05 3.705225e-01 3.705225e-01 9.772499e-01 2.536896e+01 6.949642e+01 0.000000e+00 -1.000000e+00 1.586553e-01 0.000000e+00 2.673349e+01
3.115864e+01 -1.000000e+00 0.000000e+00 -1.000000e+00 -1.000000e+00 8.000000e+02 5.000000e-01 -1.000000e+00 -1.000000e+00 8.781839e+01 0.000000e+00 -1.000000e+00 0.000000e+00 2.275013e-02 2.000000e+03 4.389063e+01 0.000000e+00 -9.990070e+05 3.000000e+00 -1.000000e+00 1.039952e+00 -1.0 0.000000e+00 0.000000e+00 -1.000000e+00 8.413447e-01 -1.000000e+00 -9.990070e+05 3.624386e-01 3.624386e-01 9.772499e-01 2.290159e+01 6.276568e+01 0.000000e+00 -1.000000e+00 1.586553e-01 0.000000e+00 2.413785e+01
-1.000000e+00 -1.000000e+00 4.000000e+03 -1.000000e+00 -1.000000e+00 1.500000e+02 4.104828e-01 -1.000000e+00 -1.000000e+00 -1.000000e+00 0.000000e+00 -1.000000e+00 1.000000e+00 7.986459e-03 2.500000e+02 -1.000000e+00 1.000000e+00 -9.990070e+05 2.000000e+00 -1.000000e+00 7.564142e-01 -1.0 0.000000e+00 0.000000e+00 -1.000000e+00 8.056567e-01 -1.000000e+00 -9.990070e+05 2.907315e-01 2.907315e-01 9.720192e-01 -1.000000e+00 -1.000000e+00 0.000000e+00 -1.000000e+00 9.191007e-02 1.000000e+00 -1.000000e+00
2.656745e-02 -1.000000e+00 0.000000e+00 -1.000000e+00 -1.000000e+00 0.000000e+00 1.243499e-11 -1.000000e+00 -1.000000e+00 1.199333e-01 0.000000e+00 -1.000000e+00 0.000000e+00 1.708044e-18 4.000000e+02 4.052953e-02 0.000000e+00 -9.990070e+05 3.000000e+00 -1.000000e+00 5.311146e-14 -1.0 0.000000e+00 0.000000e+00 -1.000000e+00 7.692316e-09 -1.000000e+00 -9.990070e+05 8.652275e-15 8.652275e-15 1.796488e-06 1.884656e-02 6.736440e-02 0.000000e+00 -1.000000e+00 7.540838e-15 0.000000e+00 2.288598e-02
6.751546e-01 -1.000000e+00 4.000000e+03 -1.000000e+00 -1.000000e+00 3.870000e+02 1.130044e-01 -1.000000e+00 -1.000000e+00 2.777324e+01 0.000000e+00 -1.000000e+00 1.000000e+00 3.397888e-04 4.120000e+02 1.541115e+00 1.000000e+00 -9.990070e+05 3.000000e+00 -1.000000e+00 6.387676e-02 -1.0 0.000000e+00 0.000000e+00 -1.000000e+00 5.246440e-01 -1.000000e+00 -9.990070e+05 1.052266e-02 1.052266e-02 9.207000e-01 4.282585e-01 1.154856e+01 0.000000e+00 -1.000000e+00 9.795354e-03 0.000000e+00 6.775018e-01
1.825098e+00 -1.000000e+00 0.000000e+00 -1.000000e+00 -1.000000e+00 3.750000e+02 3.416903e-01 -1.000000e+00 -1.000000e+00 3.164069e+01 0.000000e+00 -1.000000e+00 0.000000e+00 4.167056e-03 4.250000e+02 3.874902e+00 0.000000e+00 -9.990070e+05 3.000000e+00 -1.000000e+00 3.922314e-01 -1.0 0.000000e+00 0.000000e+00 -1.000000e+00 7.720310e-01 -1.000000e+00 -9.990070e+05 6.595580e-02 6.595580e-02 9.669796e-01 1.135915e+00 1.375053e+01 0.000000e+00 -1.000000e+00 6.062307e-02 0.000000e+00 1.908000e+00
4.525507e-01 -1.000000e+00 0.000000e+00 -1.000000e+00 -1.000000e+00 4.500000e+02 1.672408e-02 -1.000000e+00 -1.000000e+00 1.906393e+00 0.000000e+00 -1.000000e+00 0.000000e+00 1.119433e-05 5.500000e+02 6.893153e-01 0.000000e+00 -9.990070e+05 3.000000e+00 -1.000000e+00 2.426037e-03 -1.0 0.000000e+00 0.000000e+00 -1.000000e+00 1.636099e-01 -1.000000e+00 -9.990070e+05 2.459552e-04 2.459552e-04 6.639746e-01 3.231976e-01 1.132397e+00 0.000000e+00 -1.000000e+00 6.920332e-04 0.000000e+00 3.851949e-01
1.707781e-02 -1.000000e+00 0.000000e+00 -1.000000e+00 -1.000000e+00 0.000000e+00 1.783372e-63 -1.000000e+00 -1.000000e+00 4.993336e-02 0.000000e+00 -1.000000e+00 0.000000e+00 5.317572e-79 6.000000e+02 2.427278e-02 0.000000e+00 -9.990070e+05 3.000000e+00 -1.000000e+00 1.628751e-70 -1.0 0.000000e+00 0.000000e+00 -1.000000e+00 2.316024e-56 -1.000000e+00 -9.990070e+05 2.425051e-71 2.425051e-71 1.110831e-49 1.267252e-02 3.507356e-02 0.000000e+00 -1.000000e+00 5.069353e-71 0.000000e+00 1.337440e-02
1.788310e+00 -1.000000e+00 0.000000e+00 -1.000000e+00 -1.000000e+00 5.870000e+02 4.723185e-01 -1.000000e+00 -1.000000e+00 6.154646e+00 0.000000e+00 -1.000000e+00 0.000000e+00 1.582667e-02 6.120000e+02 2.631653e+00 0.000000e+00 -9.990070e+05 3.000000e+00 -1.000000e+00 7.503780e-01 -1.0 0.000000e+00 0.000000e+00 -1.000000e+00 8.309934e-01 -1.000000e+00 -9.990070e+05 3.693236e-02 3.693236e-02 9.757426e-01 1.302164e+00 4.027064e+00 0.000000e+00 -1.000000e+00 1.339016e-01 0.000000e+00 1.458977e+00
2.561071e+00 -1.000000e+00 0.000000e+00 -1.000000e+00 -1.000000e+00 5.750000e+02 5.000000e-01 -1.000000e+00 -1.000000e+00 1.142769e+01 0.000000e+00 -1.000000e+00 0.000000e+00 2.275013e-02 6.250000e+02 4.060379e+00 0.000000e+00 -9.990070e+05 3.000000e+00 -1.000000e+00 1.157918e+00 -1.0 0.000000e+00 0.000000e+00 -1.000000e+00 8.413447e-01 -1.000000e+00 -9.990070e+05 7.071983e-02 7.071983e-02 9.772499e-01 1.800180e+00 6.846929e+00 0.000000e+00 -1.000000e+00 1.586553e-01 0.000000e+00 2.187360e+00
7.743483e-01 -1.000000e+00 0.000000e+00 -1.000000e+00 -1.000000e+00 5.500000e+02 1.297520e-01 -1.000000e+00 -1.000000e+00 2.547053e+00 0.000000e+00 -1.000000e+00 0.000000e+00 4.447643e-04 6.500000e+02 1.125601e+00 0.000000e+00 -9.990070e+05 3.000000e+00 -1.000000e+00 3.375001e-02 -1.0 0.000000e+00 0.000000e+00 -1.000000e+00 5.592436e-01 -1.000000e+00 -9.990070e+05 1.836548e-03 1.836548e-03 9.288643e-01 5.674250e-01 1.690746e+00 0.000000e+00 -1.000000e+00 1.200138e-02 0.000000e+00 6.236293e-01
3.126008e-01 -1.000000e+00 4.000000e+03 -1.000000e+00 -1.000000e+00 5.000000e+02 2.334796e-04 -1.000000e+00 -1.000000e+00 9.447738e-01 0.000000e+00 -1.000000e+00 1.000000e+00 1.349063e-08 7.000000e+02 4.471836e-01 1.000000e+00 -9.990070e+05 3.000000e+00 -1.000000e+00 3.175518e-06 -1.0 0.000000e+00 0.000000e+00 -1.000000e+00 7.368123e-03 -1.000000e+00 -9.990070e+05 2.066376e-07 2.066376e-07 9.300942e-02 2.298052e-01 6.548221e-01 0.000000e+00 -1.000000e+00 2.872508e-06 0.000000e+00 2.466310e-01
1.000113e+01 -1.000000e+00 0.000000e+00 -1.000000e+00 -1.000000e+00 6.870000e+02 5.000000e-01 -1.000000e+00 -1.000000e+00 6.642397e+01 0.000000e+00 -1.000000e+00 0.000000e+00 2.275013e-02 7.120000e+02 1.813643e+01 0.000000e+00 -9.990070e+05 3.000000e+00 -1.000000e+00 1.195194e+00 -1.0 0.000000e+00 0.000000e+00 -1.000000e+00 8.413447e-01 -1.000000e+00 -9.990070e+05 2.187056e-01 2.187056e-01 9.772499e-01 6.388517e+00 3.750135e+01 0.000000e+00 -1.000000e+00 1.586553e-01 0.000000e+00 9.157173e+00
3.579510e+00 -1.000000e+00 0.000000e+00 -1.000000e+00 -1.000000e+00 6.750000e+02 5.000000e-01 -1.000000e+00 -1.000000e+00 1.160075e+01 0.000000e+00 -1.000000e+00 0.000000e+00 2.275013e-02 7.250000e+02 5.175336e+00 0.000000e+00 -9.990070e+05 3.000000e+00 -1.000000e+00 1.426664e+00 -1.0 0.000000e+00 0.000000e+00 -1.000000e+00 8.413447e-01 -1.000000e+00 -9.990070e+05 1.097503e-01 1.097503e-01 9.772499e-01 2.616783e+00 7.767326e+00 0.000000e+00 -1.000000e+00 1.586553e-01 0.000000e+00 2.856202e+00
1.181651e-01 -1.000000e+00 0.000000e+00 -1.000000e+00 -1.000000e+00 4.500000e+02 4.101958e-13 -1.000000e+00 -1.000000e+00 3.493956e-01 0.000000e+00 -1.000000e+00 0.000000e+00 2.200139e-20 7.500000e+02 1.678786e-01 0.000000e+00 -9.990070e+05 3.000000e+00 -1.000000e+00 2.263849e-16 -1.0 0.000000e+00 0.000000e+00 -1.000000e+00 4.048305e-10 -1.000000e+00 -9.990070e+05 2.545874e-17 2.545874e-17 1.503309e-07 8.763823e-02 2.437335e-01 0.000000e+00 -1.000000e+00 1.555651e-16 0.000000e+00 9.231859e-02
2.487702e+00 -1.000000e+00 0.000000e+00 -1.000000e+00 -1.000000e+00 6.500000e+02 5.000000e-01 -1.000000e+00 -1.000000e+00 9.704392e+00 0.000000e+00 -1.000000e+00 0.000000e+00 2.275013e-02 7.500000e+02 3.740883e+00 0.000000e+00 -9.990070e+05 3.000000e+00 -1.000000e+00 1.243773e+00 -1.0 0.000000e+00 0.000000e+00 -1.000000e+00 8.413447e-01 -1.000000e+00 -9.990070e+05 6.269184e-02 6.269184e-02 9.772499e-01 1.783984e+00 5.958111e+00 0.000000e+00 -1.000000e+00 1.586553e-01 0.000000e+00 1.984514e+00
5.352920e-02 -1.000000e+00 0.000000e+00 -1.000000e+00 -1.000000e+00 0.000000e+00 1.201269e-29 -1.000000e+00 -1.000000e+00 1.509497e-01 0.000000e+00 -1.000000e+00 0.000000e+00 2.086641e-40 8.000000e+02 7.542646e-02 0.000000e+00 -9.990070e+05 3.000000e+00 -1.000000e+00 3.623192e-35 -1.0 0.000000e+00 0.000000e+00 -1.000000e+00 6.500355e-25 -1.000000e+00 -9.990070e+05 3.864546e-36 3.864546e-36 1.305656e-20 3.953578e-02 1.081127e-01 0.000000e+00 -1.000000e+00 8.228249e-35 0.000000e+00 4.143525e-02
6.525833e-01 -1.000000e+00 0.000000e+00 -1.000000e+00 -1.000000e+00 6.000000e+02 6.626572e-02 -1.000000e+00 -1.000000e+00 2.106654e+00 0.000000e+00 -1.000000e+00 0.000000e+00 1.248908e-04 8.000000e+02 9.437011e-01 0.000000e+00 -9.990070e+05 3.000000e+00 -1.000000e+00 1.158138e-02 -1.0 0.000000e+00 0.000000e+00 -1.000000e+00 3.947183e-01 -1.000000e+00 -9.990070e+05 6.933873e-04 6.933873e-04 8.787796e-01 4.775084e-01 1.418613e+00 0.000000e+00 -1.000000e+00 4.563560e-03 0.000000e+00 5.239540e-01
7.105975e+00 -1.000000e+00 0.000000e+00 -1.000000e+00 -1.000000e+00 7.870000e+02 5.000000e-01 -1.000000e+00 -1.000000e+00 2.206333e+01 0.000000e+00 -1.000000e+00 0.000000e+00 2.275013e-02 8.120000e+02 1.015332e+01 0.000000e+00 -9.990070e+05 3.000000e+00 -1.000000e+00 1.235491e+00 -1.0 0.000000e+00 0.000000e+00 -1.000000e+00 8.413447e-01 -1.000000e+00 -9.990070e+05 1.997392e-01 1.997392e-01 9.772499e-01 5.204291e+00 1.500252e+01 0.000000e+00 -1.000000e+00 1.586553e-01 0.000000e+00 5.524890e+00
8.283175e+00 -1.000000e+00 0.000000e+00 -1.000000e+00 -1.000000e+00 7.750000e+02 5.000000e-01 -1.000000e+00 -1.000000e+00 4.150759e+01 0.000000e+00 -1.000000e+00 0.000000e+00 2.275013e-02 8.250000e+02 1.340114e+01 0.000000e+00 -9.990070e+05 3.000000e+00 -1.000000e+00 1.216913e+00 -1.0 0.000000e+00 0.000000e+00 -1.000000e+00 8.413447e-01 -1.000000e+00 -9.990070e+05 2.086766e-01 2.086766e-01 9.772499e-01 5.738323e+00 2.380740e+01 0.000000e+00 -1.000000e+00 1.586553e-01 0.000000e+00 6.944079e+00
2.441849e-01 -1.000000e+00 0.000000e+00 -1.000000e+00 -1.000000e+00 5.500000e+02 2.976206e-06 -1.000000e+00 -1.000000e+00 7.056052e-01 0.000000e+00 -1.000000e+00 0.000000e+00 2.515591e-11 8.500000e+02 3.455854e-01 0.000000e+00 -9.990070e+05 3.000000e+00 -1.000000e+00 1.042887e-08 -1.0 0.000000e+00 0.000000e+00 -1.000000e+00 2.402314e-04 -1.000000e+00 -9.990070e+05 7.077401e-10 7.077401e-10 7.529846e-03 1.809277e-01 4.986721e-01 0.000000e+00 -1.000000e+00 1.407654e-08 0.000000e+00 1.897201e-01
3.948901e+00 -1.000000e+00 0.000000e+00 -1.000000e+00 -1.000000e+00 7.500000e+02 5.000000e-01 -1.000000e+00 -1.000000e+00 1.255807e+01 0.000000e+00 -1.000000e+00 0.000000e+00 2.275013e-02 8.500000e+02 5.650593e+00 0.000000e+00 -9.990070e+05 3.000000e+00 -1.000000e+00 1.418643e+00 -1.0 0.000000e+00 0.000000e+00 -1.000000e+00 8.413447e-01 -1.000000e+00 -9.990070e+05 1.223143e-01 1.223143e-01 9.772499e-01 2.903658e+00 8.485411e+00 0.000000e+00 -1.000000e+00 1.586553e-01 0.000000e+00 3.142143e+00
1.337585e-01 -1.000000e+00 4.000000e+03 -1.000000e+00 -1.000000e+00 5.000000e+02 1.444990e-12 -1.000000e+00 -1.000000e+00 3.828994e-01 0.000000e+00 -1.000000e+00 1.000000e+00 1.089053e-19 9.000000e+02 1.884580e-01 1.000000e+00 -9.990070e+05 3.000000e+00 -1.000000e+00 7.263903e-16 -1.0 0.000000e+00 0.000000e+00 -1.000000e+00 1.204307e-09 -1.000000e+00 -9.990070e+05 7.566563e-17 7.566563e-17 3.780926e-07 9.894763e-02 2.713017e-01 0.000000e+00 -1.000000e+00 6.494269e-16 0.000000e+00 1.037185e-01
1.099727e+00 -1.000000e+00 0.000000e+00 -1.000000e+00 -1.000000e+00 7.000000e+02 3.296034e-01 -1.000000e+00 -1.000000e+00 3.199593e+00 0.000000e+00 -1.000000e+00 0.000000e+00 3.735229e-03 9.000000e+02 1.561664e+00 0.000000e+00 -9.990070e+05 3.000000e+00 -1.000000e+00 1.937993e-01 -1.0 0.000000e+00 0.000000e+00 -1.000000e+00 7.652725e-01 -1.000000e+00 -9.990070e+05 7.066601e-03 7.066601e-03 9.659497e-01 8.150565e-01 2.257896e+00 0.000000e+00 -1.000000e+00 5.629699e-02 0.000000e+00 8.549289e-01
1.827701e+01 -1.000000e+00 0.000000e+00 -1.000000e+00 -1.000000e+00 8.870000e+02 5.000000e-01 -1.000000e+00 -1.000000e+00 7.152936e+01 0.000000e+00 -1.000000e+00 0.000000e+00 2.275013e-02 9.120000e+02 2.750980e+01 0.000000e+00 -9.990070e+05 3.000000e+00 -1.000000e+00 1.078722e+00 -1.0 0.000000e+00 0.000000e+00 -1.000000e+00 8.413447e-01 -1.000000e+00 -9.990070e+05 3.095626e-01 3.095626e-01 9.772499e-01 1.319226e+01 4.434108e+01 0.000000e+00 -1.000000e+00 1.586553e-01 0.000000e+00 1.501393e+01
9.588720e+00 -1.000000e+00 0.000000e+00 -1.000000e+00 -1.000000e+00 8.750000e+02 5.000000e-01 -1.000000e+00 -1.000000e+00 3.087997e+01 0.000000e+00 -1.000000e+00 0.000000e+00 2.275013e-02 9.250000e+02 1.385520e+01 0.000000e+00 -9.990070e+05 3.000000e+00 -1.000000e+00 1.164289e+00 -1.0 0.000000e+00 0.000000e+00 -1.000000e+00 8.413447e-01 -1.000000e+00 -9.990070e+05 2.388903e-01 2.388903e-01 9.772499e-01 6.989383e+00 2.085000e+01 0.000000e+00 -1.000000e+00 1.586553e-01 0.000000e+00 7.531962e+00
1.278891e-01 -1.000000e+00 0.000000e+00 -1.000000e+00 -1.000000e+00 4.500000e+02 1.801304e-13 -1.000000e+00 -1.000000e+00 3.620056e-01 0.000000e+00 -1.000000e+00 0.000000e+00 7.767196e-21 9.500000e+02 1.799544e-01 0.000000e+00 -9.990070e+05 3.000000e+00 -1.000000e+00 7.431653e-17 -1.0 0.000000e+00 0.000000e+00 -1.000000e+00 1.981452e-10 -1.000000e+00 -9.990070e+05 8.039752e-18 8.039752e-18 8.195461e-08 9.443246e-02 2.579618e-01 0.000000e+00 -1.000000e+00 6.126175e-17 0.000000e+00 9.898996e-02
3.643116e-01 -1.000000e+00 0.000000e+00 -1.000000e+00 -1.000000e+00 6.500000e+02 8.002213e-04 -1.000000e+00 -1.000000e+00 1.048598e+00 0.000000e+00 -1.000000e+00 0.000000e+00 8.664271e-08 9.500000e+02 5.149515e-01 0.000000e+00 -9.990070e+05 3.000000e+00 -1.000000e+00 1.344472e-05 -1.0 0.000000e+00 0.000000e+00 -1.000000e+00 1.863675e-02 -1.000000e+00 -9.990070e+05 7.399740e-07 7.399740e-07 1.761382e-01 2.697703e-01 7.426634e-01 0.000000e+00 -1.000000e+00 1.344599e-05 0.000000e+00 2.832458e-01
8.143265e+00 -1.000000e+00 0.000000e+00 -1.000000e+00 -1.000000e+00 8.500000e+02 5.000000e-01 -1.000000e+00 -1.000000e+00 3.046958e+01 0.000000e+00 -1.000000e+00 0.000000e+00 2.275013e-02 9.500000e+02 1.209585e+01 0.000000e+00 -9.990070e+05 3.000000e+00 -1.000000e+00 1.207668e+00 -1.0 0.000000e+00 0.000000e+00 -1.000000e+00 8.413447e-01 -1.000000e+00 -9.990070e+05 2.137945e-01 2.137945e-01 9.772499e-01 5.872887e+00 1.909517e+01 0.000000e+00 -1.000000e+00 1.586553e-01 0.000000e+00 6.435845e+00
