8.109117e-01 -1.000000e+00 0.000000e+00 -1.000000e+00 -1.000000e+00 0.000000e+00 8.771243e-02 -1.000000e+00 -1.000000e+00 2.433974e+00 0.000000e+00 -1.000000e+00 0.000000e+00 2.099033e-04 1.000000e+03 1.160561e+00 0.000000e+00 -9.990070e+05 3.000000e+00 -1.000000e+00 1.206199e-01 -1.0 0.000000e+00 0.000000e+00 -1.000000e+00 4.614693e-01 -1.000000e+00 -9.990070e+05 4.707929e-02 4.707929e-02 9.030729e-01 5.862742e-01 1.694253e+00 0.000000e+00 -1.000000e+00 6.793315e-03 0.000000e+00 1.045140e+00
3.462435e+00 -1.000000e+00 0.000000e+00 -1.000000e+00 -1.000000e+00 6.000000e+02 4.614873e-01 -1.000000e+00 -1.000000e+00 1.106124e+01 0.000000e+00 -1.000000e+00 0.000000e+00 1.388626e-02 1.000000e+03 5.011584e+00 0.000000e+00 -9.990070e+05 3.000000e+00 -1.000000e+00 9.261909e-01 -1.0 0.000000e+00 0.000000e+00 -1.000000e+00 8.267976e-01 -1.000000e+00 -9.990070e+05 4.757419e-01 4.757419e-01 9.751295e-01 2.516876e+00 7.460249e+00 0.000000e+00 -1.000000e+00 1.253146e-01 0.000000e+00 4.508513e+00
3.160928e+00 -1.000000e+00 0.000000e+00 -1.000000e+00 -1.000000e+00 8.000000e+02 4.535965e-01 -1.000000e+00 -1.000000e+00 9.498259e+00 0.000000e+00 -1.000000e+00 0.000000e+00 1.266744e-02 1.000000e+03 4.521906e+00 0.000000e+00 -9.990070e+05 3.000000e+00 -1.000000e+00 9.064218e-01 -1.0 0.000000e+00 0.000000e+00 -1.000000e+00 8.236830e-01 -1.000000e+00 -9.990070e+05 4.507600e-01 4.507600e-01 9.746736e-01 2.284710e+00 6.607838e+00 0.000000e+00 -1.000000e+00 1.194176e-01 0.000000e+00 4.073786e+00
4.964626e+00 -1.000000e+00 0.000000e+00 -1.000000e+00 -1.000000e+00 5.500000e+02 4.815506e-01 -1.000000e+00 -1.000000e+00 1.730207e+01 0.000000e+00 -1.000000e+00 0.000000e+00 1.777675e-02 1.050000e+03 7.334146e+00 0.000000e+00 -9.990070e+05 3.000000e+00 -1.000000e+00 9.711636e-01 -1.0 0.000000e+00 0.000000e+00 -1.000000e+00 8.345021e-01 -1.000000e+00 -9.990070e+05 5.577207e-01 5.577207e-01 9.762543e-01 3.548423e+00 1.128345e+01 0.000000e+00 -1.000000e+00 1.416941e-01 0.000000e+00 6.589467e+00
6.293124e+00 -1.000000e+00 0.000000e+00 -1.000000e+00 -1.000000e+00 7.500000e+02 4.908938e-01 -1.000000e+00 -1.000000e+00 1.858925e+01 0.000000e+00 -1.000000e+00 0.000000e+00 2.009145e-02 1.050000e+03 9.008143e+00 0.000000e+00 -9.990070e+05 3.000000e+00 -1.000000e+00 9.880101e-01 -1.0 0.000000e+00 0.000000e+00 -1.000000e+00 8.379942e-01 -1.000000e+00 -9.990070e+05 6.135037e-01 6.135037e-01 9.767627e-01 4.584418e+00 1.305532e+01 0.000000e+00 -1.000000e+00 1.500459e-01 0.000000e+00 8.123581e+00
1.243913e+00 -1.000000e+00 4.000000e+03 -1.000000e+00 -1.000000e+00 1.000000e+02 2.402101e-01 -1.000000e+00 -1.000000e+00 3.701376e+00 0.000000e+00 -1.000000e+00 1.000000e+00 1.636212e-03 1.100000e+03 1.781384e+00 1.000000e+00 -9.990070e+05 2.000000e+00 -1.000000e+00 3.864629e-01 -1.0 0.000000e+00 0.000000e+00 -1.000000e+00 7.023973e-01 -1.000000e+00 -9.990070e+05 1.520689e-01 1.520689e-01 9.559975e-01 9.005418e-01 2.590627e+00 0.000000e+00 -1.000000e+00 3.145958e-02 1.000000e+00 1.602864e+00
1.471514e+00 -1.000000e+00 0.000000e+00 -1.000000e+00 -1.000000e+00 3.000000e+02 3.003228e-01 -1.000000e+00 -1.000000e+00 4.365146e+00 0.000000e+00 -1.000000e+00 0.000000e+00 2.867551e-03 1.100000e+03 2.101236e+00 0.000000e+00 -9.990070e+05 3.000000e+00 -1.000000e+00 5.139593e-01 -1.0 0.000000e+00 0.000000e+00 -1.000000e+00 7.474832e-01 -1.000000e+00 -9.990070e+05 2.058251e-01 2.058251e-01 9.632067e-01 1.064261e+00 3.059705e+00 0.000000e+00 -1.000000e+00 4.690954e-02 0.000000e+00 1.895511e+00
3.095103e+00 -1.000000e+00 0.000000e+00 -1.000000e+00 -1.000000e+00 5.000000e+02 4.509238e-01 -1.000000e+00 -1.000000e+00 9.492311e+00 0.000000e+00 -1.000000e+00 0.000000e+00 1.228680e-02 1.100000e+03 4.468970e+00 0.000000e+00 -9.990070e+05 3.000000e+00 -1.000000e+00 8.996893e-01 -1.0 0.000000e+00 0.000000e+00 -1.000000e+00 8.226165e-01 -1.000000e+00 -9.990070e+05 4.434076e-01 4.434076e-01 9.745173e-01 2.236897e+00 6.564280e+00 0.000000e+00 -1.000000e+00 1.174860e-01 0.000000e+00 4.027223e+00
7.864439e+00 -1.000000e+00 0.000000e+00 -1.000000e+00 -1.000000e+00 7.000000e+02 4.951681e-01 -1.000000e+00 -1.000000e+00 2.555875e+01 0.000000e+00 -1.000000e+00 0.000000e+00 2.128492e-02 1.100000e+03 1.149962e+01 0.000000e+00 -9.990070e+05 3.000000e+00 -1.000000e+00 9.944192e-01 -1.0 0.000000e+00 0.000000e+00 -1.000000e+00 8.395732e-01 -1.000000e+00 -9.990070e+05 6.506727e-01 6.506727e-01 9.769924e-01 5.709877e+00 1.727089e+01 0.000000e+00 -1.000000e+00 1.540283e-01 0.000000e+00 1.033675e+01
6.584427e+00 -1.000000e+00 0.000000e+00 -1.000000e+00 -1.000000e+00 9.000000e+02 4.916870e-01 -1.000000e+00 -1.000000e+00 2.002437e+01 0.000000e+00 -1.000000e+00 0.000000e+00 2.030608e-02 1.100000e+03 9.471237e+00 0.000000e+00 -9.990070e+05 3.000000e+00 -1.000000e+00 9.892822e-01 -1.0 0.000000e+00 0.000000e+00 -1.000000e+00 8.382881e-01 -1.000000e+00 -9.990070e+05 6.197222e-01 6.197222e-01 9.768055e-01 4.737664e+00 1.390980e+01 0.000000e+00 -1.000000e+00 1.507772e-01 0.000000e+00 8.546193e+00
1.324960e+00 -1.000000e+00 4.000000e+03 -1.000000e+00 -1.000000e+00 2.500000e+02 2.632527e-01 -1.000000e+00 -1.000000e+00 3.995908e+00 0.000000e+00 -1.000000e+00 1.000000e+00 2.039517e-03 1.150000e+03 1.900224e+00 1.000000e+00 -9.990070e+05 3.000000e+00 -1.000000e+00 4.333570e-01 -1.0 0.000000e+00 0.000000e+00 -1.000000e+00 7.213318e-01 -1.000000e+00 -9.990070e+05 1.713539e-01 1.713539e-01 9.590756e-01 9.575045e-01 2.776218e+00 0.000000e+00 -1.000000e+00 3.686352e-02 0.000000e+00 1.708167e+00
2.048754e+00 -1.000000e+00 0.000000e+00 -1.000000e+00 -1.000000e+00 4.500000e+02 3.897220e-01 -1.000000e+00 -1.000000e+00 6.408898e+00 0.000000e+00 -1.000000e+00 0.000000e+00 6.512868e-03 1.150000e+03 2.967300e+00 0.000000e+00 -9.990070e+05 3.000000e+00 -1.000000e+00 7.353256e-01 -1.0 0.000000e+00 0.000000e+00 -1.000000e+00 7.962450e-01 -1.000000e+00 -9.990070e+05 3.161286e-01 3.161286e-01 9.706213e-01 1.486583e+00 4.387134e+00 0.000000e+00 -1.000000e+00 8.108279e-02 0.000000e+00 2.672215e+00
1.540848e+00 -1.000000e+00 0.000000e+00 -1.000000e+00 -1.000000e+00 5.000000e+01 3.144807e-01 -1.000000e+00 -1.000000e+00 4.653899e+00 0.000000e+00 -1.000000e+00 0.000000e+00 3.258873e-03 1.150000e+03 2.211589e+00 0.000000e+00 -9.990070e+05 3.000000e+00 -1.000000e+00 5.464623e-01 -1.0 0.000000e+00 0.000000e+00 -1.000000e+00 7.563549e-01 -1.000000e+00 -9.990070e+05 2.202995e-01 2.202995e-01 9.645808e-01 1.109173e+00 3.241245e+00 0.000000e+00 -1.000000e+00 5.126824e-02 0.000000e+00 1.995632e+00
6.975781e+00 -1.000000e+00 0.000000e+00 -1.000000e+00 -1.000000e+00 6.500000e+02 4.928899e-01 -1.000000e+00 -1.000000e+00 2.096696e+01 0.000000e+00 -1.000000e+00 0.000000e+00 2.063743e-02 1.150000e+03 1.001547e+01 0.000000e+00 -9.990070e+05 3.000000e+00 -1.000000e+00 9.911384e-01 -1.0 0.000000e+00 0.000000e+00 -1.000000e+00 8.387331e-01 -1.000000e+00 -9.990070e+05 6.295432e-01 6.295432e-01 9.768702e-01 5.016341e+00 1.464615e+01 0.000000e+00 -1.000000e+00 1.518929e-01 0.000000e+00 9.024722e+00
9.233517e+00 -1.000000e+00 0.000000e+00 -1.000000e+00 -1.000000e+00 8.500000e+02 4.972840e-01 -1.000000e+00 -1.000000e+00 2.901214e+01 0.000000e+00 -1.000000e+00 0.000000e+00 2.191066e-02 1.150000e+03 1.331802e+01 0.000000e+00 -9.990070e+05 3.000000e+00 -1.000000e+00 9.971388e-01 -1.0 0.000000e+00 0.000000e+00 -1.000000e+00 8.403507e-01 -1.000000e+00 -9.990070e+05 6.746530e-01 6.746530e-01 9.771054e-01 6.650949e+00 1.978964e+01 0.000000e+00 -1.000000e+00 1.560379e-01 0.000000e+00 1.200474e+01
2.210376e+00 -1.000000e+00 0.000000e+00 -1.000000e+00 -1.000000e+00 0.000000e+00 4.048661e-01 -1.000000e+00 -1.000000e+00 6.568857e+00 0.000000e+00 -1.000000e+00 0.000000e+00 7.550771e-03 1.200000e+03 3.171588e+00 0.000000e+00 -9.990070e+05 3.000000e+00 -1.000000e+00 7.760475e-01 -1.0 0.000000e+00 0.000000e+00 -1.000000e+00 8.031633e-01 -1.000000e+00 -9.990070e+05 3.413142e-01 3.413142e-01 9.716497e-01 1.607864e+00 4.608991e+00 0.000000e+00 -1.000000e+00 8.884322e-02 0.000000e+00 2.858715e+00
1.640525e+00 -1.000000e+00 0.000000e+00 -1.000000e+00 -1.000000e+00 2.000000e+02 3.350382e-01 -1.000000e+00 -1.000000e+00 4.778608e+00 0.000000e+00 -1.000000e+00 0.000000e+00 3.923296e-03 1.200000e+03 2.339321e+00 0.000000e+00 -9.990070e+05 3.000000e+00 -1.000000e+00 5.950843e-01 -1.0 0.000000e+00 0.000000e+00 -1.000000e+00 7.683496e-01 -1.000000e+00 -9.990070e+05 2.425527e-01 2.425527e-01 9.664194e-01 1.193680e+00 3.375249e+00 0.000000e+00 -1.000000e+00 5.820670e-02 0.000000e+00 2.107707e+00
1.867488e+00 -1.000000e+00 0.000000e+00 -1.000000e+00 -1.000000e+00 4.000000e+02 3.688654e-01 -1.000000e+00 -1.000000e+00 5.508165e+00 0.000000e+00 -1.000000e+00 0.000000e+00 5.347442e-03 1.200000e+03 2.665290e+00 0.000000e+00 -9.990070e+05 3.000000e+00 -1.000000e+00 6.803053e-01 -1.0 0.000000e+00 0.000000e+00 -1.000000e+00 7.861961e-01 -1.000000e+00 -9.990070e+05 2.852869e-01 2.852869e-01 9.691185e-01 1.351907e+00 3.872278e+00 0.000000e+00 -1.000000e+00 7.149174e-02 0.000000e+00 2.401775e+00
4.948356e+00 -1.000000e+00 0.000000e+00 -1.000000e+00 -1.000000e+00 6.000000e+02 4.820778e-01 -1.000000e+00 -1.000000e+00 1.605111e+01 0.000000e+00 -1.000000e+00 0.000000e+00 1.789759e-02 1.200000e+03 7.219449e+00 0.000000e+00 -9.990070e+05 3.000000e+00 -1.000000e+00 9.721397e-01 -1.0 0.000000e+00 0.000000e+00 -1.000000e+00 8.347007e-01 -1.000000e+00 -9.990070e+05 5.597629e-01 5.597629e-01 9.762832e-01 3.573832e+00 1.081016e+01 0.000000e+00 -1.000000e+00 1.421527e-01 0.000000e+00 6.473196e+00
1.240307e+01 -1.000000e+00 0.000000e+00 -1.000000e+00 -1.000000e+00 8.000000e+02 4.996900e-01 -1.000000e+00 -1.000000e+00 3.717425e+01 0.000000e+00 -1.000000e+00 0.000000e+00 2.265218e-02 1.200000e+03 1.778854e+01 0.000000e+00 -9.990070e+05 3.000000e+00 -1.000000e+00 9.997224e-01 -1.0 0.000000e+00 0.000000e+00 -1.000000e+00 8.412315e-01 -1.000000e+00 -9.990070e+05 7.133159e-01 7.133159e-01 9.772334e-01 9.000904e+00 2.591283e+01 0.000000e+00 -1.000000e+00 1.583543e-01 0.000000e+00 1.602110e+01
2.251239e+00 -1.000000e+00 0.000000e+00 -1.000000e+00 -1.000000e+00 1.500000e+02 4.092843e-01 -1.000000e+00 -1.000000e+00 6.596538e+00 0.000000e+00 -1.000000e+00 0.000000e+00 7.890938e-03 1.250000e+03 3.220754e+00 0.000000e+00 -9.990070e+05 3.000000e+00 -1.000000e+00 7.879842e-01 -1.0 0.000000e+00 0.000000e+00 -1.000000e+00 8.051278e-01 -1.000000e+00 -9.990070e+05 3.491766e-01 3.491766e-01 9.719409e-01 1.644758e+00 4.657655e+00 0.000000e+00 -1.000000e+00 9.124671e-02 0.000000e+00 2.908552e+00
2.528293e+00 -1.000000e+00 0.000000e+00 -1.000000e+00 -1.000000e+00 3.500000e+02 4.266089e-01 -1.000000e+00 -1.000000e+00 7.758027e+00 0.000000e+00 -1.000000e+00 0.000000e+00 9.424588e-03 1.250000e+03 3.644029e+00 0.000000e+00 -9.990070e+05 3.000000e+00 -1.000000e+00 8.352386e-01 -1.0 0.000000e+00 0.000000e+00 -1.000000e+00 8.126170e-01 -1.000000e+00 -9.990070e+05 3.839018e-01 3.839018e-01 9.730475e-01 1.826889e+00 5.360411e+00 0.000000e+00 -1.000000e+00 1.013357e-01 0.000000e+00 3.287960e+00
3.030710e+00 -1.000000e+00 0.000000e+00 -1.000000e+00 -1.000000e+00 5.500000e+02 4.497720e-01 -1.000000e+00 -1.000000e+00 8.920693e+00 0.000000e+00 -1.000000e+00 0.000000e+00 1.212741e-02 1.250000e+03 4.337308e+00 0.000000e+00 -9.990070e+05 3.000000e+00 -1.000000e+00 8.966184e-01 -1.0 0.000000e+00 0.000000e+00 -1.000000e+00 8.221550e-01 -1.000000e+00 -9.990070e+05 4.398167e-01 4.398167e-01 9.744496e-01 2.206170e+00 6.277399e+00 0.000000e+00 -1.000000e+00 1.166636e-01 0.000000e+00 3.910805e+00
9.470136e+00 -1.000000e+00 0.000000e+00 -1.000000e+00 -1.000000e+00 7.500000e+02 4.974915e-01 -1.000000e+00 -1.000000e+00 3.120349e+01 0.000000e+00 -1.000000e+00 0.000000e+00 2.197335e-02 1.250000e+03 1.386595e+01 0.000000e+00 -9.990070e+05 3.000000e+00 -1.000000e+00 9.973860e-01 -1.0 0.000000e+00 0.000000e+00 -1.000000e+00 8.404268e-01 -1.000000e+00 -9.990070e+05 6.773838e-01 6.773838e-01 9.771165e-01 6.859840e+00 2.085541e+01 0.000000e+00 -1.000000e+00 1.562364e-01 0.000000e+00 1.246512e+01
2.650268e+00 -1.000000e+00 4.000000e+03 -1.000000e+00 -1.000000e+00 1.000000e+02 4.338569e-01 -1.000000e+00 -1.000000e+00 7.804064e+00 0.000000e+00 -1.000000e+00 1.000000e+00 1.017796e-02 1.300000e+03 3.792811e+00 1.000000e+00 -9.990070e+05 2.000000e+00 -1.000000e+00 8.546042e-01 -1.0 0.000000e+00 0.000000e+00 -1.000000e+00 8.156564e-01 -1.000000e+00 -9.990070e+05 3.995865e-01 3.995865e-01 9.734951e-01 1.929674e+00 5.490233e+00 0.000000e+00 -1.000000e+00 1.058930e-01 1.000000e+00 3.418831e+00
2.506010e+00 -1.000000e+00 0.000000e+00 -1.000000e+00 -1.000000e+00 3.000000e+02 4.267918e-01 -1.000000e+00 -1.000000e+00 7.284366e+00 0.000000e+00 -1.000000e+00 0.000000e+00 9.442703e-03 1.300000e+03 3.579380e+00 0.000000e+00 -9.990070e+05 3.000000e+00 -1.000000e+00 8.355152e-01 -1.0 0.000000e+00 0.000000e+00 -1.000000e+00 8.126944e-01 -1.000000e+00 -9.990070e+05 3.837978e-01 3.837978e-01 9.730589e-01 1.832511e+00 5.167678e+00 0.000000e+00 -1.000000e+00 1.014481e-01 0.000000e+00 3.235258e+00
2.835714e+00 -1.000000e+00 0.000000e+00 -1.000000e+00 -1.000000e+00 5.000000e+02 4.424189e-01 -1.000000e+00 -1.000000e+00 8.324356e+00 0.000000e+00 -1.000000e+00 0.000000e+00 1.117122e-02 1.300000e+03 4.055359e+00 0.000000e+00 -9.990070e+05 3.000000e+00 -1.000000e+00 8.773685e-01 -1.0 0.000000e+00 0.000000e+00 -1.000000e+00 8.191812e-01 -1.000000e+00 -9.990070e+05 4.201557e-01 4.201557e-01 9.740133e-01 2.065587e+00 5.862663e+00 0.000000e+00 -1.000000e+00 1.115524e-01 0.000000e+00 3.655084e+00
5.961328e+00 -1.000000e+00 0.000000e+00 -1.000000e+00 -1.000000e+00 7.000000e+02 4.893335e-01 -1.000000e+00 -1.000000e+00 1.784672e+01 0.000000e+00 -1.000000e+00 0.000000e+00 1.967802e-02 1.300000e+03 8.552304e+00 0.000000e+00 -9.990070e+05 3.000000e+00 -1.000000e+00 9.854183e-01 -1.0 0.000000e+00 0.000000e+00 -1.000000e+00 8.374150e-01 -1.000000e+00 -9.990070e+05 6.021045e-01 6.021045e-01 9.766785e-01 4.330415e+00 1.245545e+01 0.000000e+00 -1.000000e+00 1.486178e-01 0.000000e+00 7.702076e+00
1.766250e+01 -1.000000e+00 0.000000e+00 -1.000000e+00 -1.000000e+00 9.000000e+02 5.000000e-01 -1.000000e+00 -1.000000e+00 5.565492e+01 0.000000e+00 -1.000000e+00 0.000000e+00 2.275013e-02 1.300000e+03 2.559986e+01 0.000000e+00 -9.990070e+05 3.000000e+00 -1.000000e+00 1.000659e+00 -1.0 0.000000e+00 0.000000e+00 -1.000000e+00 8.413447e-01 -1.000000e+00 -9.990070e+05 7.471240e-01 7.471240e-01 9.772499e-01 1.263893e+01 3.798733e+01 0.000000e+00 -1.000000e+00 1.586553e-01 0.000000e+00 2.301681e+01
3.280328e+00 -1.000000e+00 0.000000e+00 -1.000000e+00 -1.000000e+00 2.500000e+02 4.577520e-01 -1.000000e+00 -1.000000e+00 9.618161e+00 0.000000e+00 -1.000000e+00 0.000000e+00 1.329080e-02 1.350000e+03 4.694708e+00 0.000000e+00 -9.990070e+05 3.000000e+00 -1.000000e+00 9.168322e-01 -1.0 0.000000e+00 0.000000e+00 -1.000000e+00 8.253296e-01 -1.000000e+00 -9.990070e+05 4.631132e-01 4.631132e-01 9.749147e-01 2.396012e+00 6.790563e+00 0.000000e+00 -1.000000e+00 1.224865e-01 0.000000e+00 4.237887e+00
2.906282e+00 -1.000000e+00 0.000000e+00 -1.000000e+00 -1.000000e+00 4.500000e+02 4.454696e-01 -1.000000e+00 -1.000000e+00 8.535970e+00 0.000000e+00 -1.000000e+00 0.000000e+00 1.155550e-02 1.350000e+03 4.156112e+00 0.000000e+00 -9.990070e+05 3.000000e+00 -1.000000e+00 8.853903e-01 -1.0 0.000000e+00 0.000000e+00 -1.000000e+00 8.204208e-01 -1.000000e+00 -9.990070e+05 4.280404e-01 4.280404e-01 9.741952e-01 2.119868e+00 6.008854e+00 0.000000e+00 -1.000000e+00 1.136441e-01 0.000000e+00 3.748760e+00
3.680487e+00 -1.000000e+00 0.000000e+00 -1.000000e+00 -1.000000e+00 5.000000e+01 4.667202e-01 -1.000000e+00 -1.000000e+00 1.078754e+01 0.000000e+00 -1.000000e+00 0.000000e+00 1.478158e-02 1.350000e+03 5.257755e+00 0.000000e+00 -9.990070e+05 3.000000e+00 -1.000000e+00 9.386331e-01 -1.0 0.000000e+00 0.000000e+00 -1.000000e+00 8.288358e-01 -1.000000e+00 -9.990070e+05 4.933869e-01 4.933869e-01 9.754275e-01 2.676474e+00 7.597717e+00 0.000000e+00 -1.000000e+00 1.293903e-01 0.000000e+00 4.734915e+00
5.590849e+00 -1.000000e+00 0.000000e+00 -1.000000e+00 -1.000000e+00 6.500000e+02 4.874252e-01 -1.000000e+00 -1.000000e+00 1.665574e+01 0.000000e+00 -1.000000e+00 0.000000e+00 1.918765e-02 1.350000e+03 8.003737e+00 0.000000e+00 -9.990070e+05 3.000000e+00 -1.000000e+00 9.821056e-01 -1.0 0.000000e+00 0.000000e+00 -1.000000e+00 8.367045e-01 -1.000000e+00 -9.990070e+05 5.894828e-01 5.894828e-01 9.765750e-01 4.053581e+00 1.163463e+01 0.000000e+00 -1.000000e+00 1.468895e-01 0.000000e+00 7.203236e+00
1.395055e+01 -1.000000e+00 0.000000e+00 -1.000000e+00 -1.000000e+00 8.500000e+02 5.000000e-01 -1.000000e+00 -1.000000e+00 4.305578e+01 0.000000e+00 -1.000000e+00 0.000000e+00 2.275013e-02 1.350000e+03 2.011747e+01 0.000000e+00 -9.990070e+05 3.000000e+00 -1.000000e+00 1.000169e+00 -1.0 0.000000e+00 0.000000e+00 -1.000000e+00 8.413447e-01 -1.000000e+00 -9.990070e+05 7.252766e-01 7.252766e-01 9.772499e-01 1.005167e+01 2.962998e+01 0.000000e+00 -1.000000e+00 1.586553e-01 0.000000e+00 1.808156e+01
4.911188e+00 -1.000000e+00 0.000000e+00 -1.000000e+00 -1.000000e+00 0.000000e+00 4.830965e-01 -1.000000e+00 -1.000000e+00 1.431972e+01 0.000000e+00 -1.000000e+00 0.000000e+00 1.813422e-02 1.400000e+03 7.015744e+00 0.000000e+00 -9.990070e+05 3.000000e+00 -1.000000e+00 9.740916e-01 -1.0 0.000000e+00 0.000000e+00 -1.000000e+00 8.350839e-01 -1.000000e+00 -9.990070e+05 5.647425e-01 5.647425e-01 9.763390e-01 3.592117e+00 1.013617e+01 0.000000e+00 -1.000000e+00 1.430431e-01 0.000000e+00 6.342031e+00
3.739056e+00 -1.000000e+00 0.000000e+00 -1.000000e+00 -1.000000e+00 2.000000e+02 4.681628e-01 -1.000000e+00 -1.000000e+00 1.082765e+01 0.000000e+00 -1.000000e+00 0.000000e+00 1.504186e-02 1.400000e+03 5.334351e+00 0.000000e+00 -9.990070e+05 3.000000e+00 -1.000000e+00 9.420050e-01 -1.0 0.000000e+00 0.000000e+00 -1.000000e+00 8.293940e-01 -1.000000e+00 -9.990070e+05 4.986761e-01 4.986761e-01 9.755090e-01 2.728373e+00 7.671605e+00 0.000000e+00 -1.000000e+00 1.305377e-01 0.000000e+00 4.811849e+00
3.504747e+00 -1.000000e+00 0.000000e+00 -1.000000e+00 -1.000000e+00 4.000000e+02 4.628908e-01 -1.000000e+00 -1.000000e+00 1.042810e+01 0.000000e+00 -1.000000e+00 0.000000e+00 1.411915e-02 1.400000e+03 4.996347e+00 0.000000e+00 -9.990070e+05 3.000000e+00 -1.000000e+00 9.295126e-01 -1.0 0.000000e+00 0.000000e+00 -1.000000e+00 8.273464e-01 -1.000000e+00 -9.990070e+05 4.800497e-01 4.800497e-01 9.752098e-01 2.535504e+00 7.280159e+00 0.000000e+00 -1.000000e+00 1.263946e-01 0.000000e+00 4.509369e+00
4.395764e+00 -1.000000e+00 0.000000e+00 -1.000000e+00 -1.000000e+00 6.000000e+02 4.776844e-01 -1.000000e+00 -1.000000e+00 1.292205e+01 0.000000e+00 -1.000000e+00 0.000000e+00 1.692306e-02 1.400000e+03 6.285350e+00 0.000000e+00 -9.990070e+05 3.000000e+00 -1.000000e+00 9.631387e-01 -1.0 0.000000e+00 0.000000e+00 -1.000000e+00 8.330400e-01 -1.000000e+00 -9.990070e+05 5.378583e-01 5.378583e-01 9.760411e-01 3.198619e+00 9.086438e+00 0.000000e+00 -1.000000e+00 1.383762e-01 0.000000e+00 5.664345e+00
9.881386e+00 -1.000000e+00 0.000000e+00 -1.000000e+00 -1.000000e+00 8.000000e+02 4.979758e-01 -1.000000e+00 -1.000000e+00 3.054071e+01 0.000000e+00 -1.000000e+00 0.000000e+00 2.212056e-02 1.400000e+03 1.423019e+01 0.000000e+00 -9.990070e+05 3.000000e+00 -1.000000e+00 9.979460e-01 -1.0 0.000000e+00 0.000000e+00 -1.000000e+00 8.406043e-01 -1.000000e+00 -9.990070e+05 6.839646e-01 6.839646e-01 9.771423e-01 7.111725e+00 2.096439e+01 0.000000e+00 -1.000000e+00 1.567006e-01 0.000000e+00 1.279791e+01
5.993831e+00 -1.000000e+00 0.000000e+00 -1.000000e+00 -1.000000e+00 1.500000e+02 4.896226e-01 -1.000000e+00 -1.000000e+00 1.770320e+01 0.000000e+00 -1.000000e+00 0.000000e+00 1.975375e-02 1.450000e+03 8.578630e+00 0.000000e+00 -9.990070e+05 3.000000e+00 -1.000000e+00 9.859088e-01 -1.0 0.000000e+00 0.000000e+00 -1.000000e+00 8.375224e-01 -1.000000e+00 -9.990070e+05 6.041767e-01 6.041767e-01 9.766941e-01 4.365724e+00 1.243044e+01 0.000000e+00 -1.000000e+00 1.488813e-01 0.000000e+00 7.736503e+00
4.621776e+00 -1.000000e+00 0.000000e+00 -1.000000e+00 -1.000000e+00 3.500000e+02 4.804758e-01 -1.000000e+00 -1.000000e+00 1.341927e+01 0.000000e+00 -1.000000e+00 0.000000e+00 1.753376e-02 1.450000e+03 6.601376e+00 0.000000e+00 -9.990070e+05 3.000000e+00 -1.000000e+00 9.688973e-01 -1.0 0.000000e+00 0.000000e+00 -1.000000e+00 8.340967e-01 -1.000000e+00 -9.990070e+05 5.511647e-01 5.511647e-01 9.761952e-01 3.381593e+00 9.525034e+00 0.000000e+00 -1.000000e+00 1.407637e-01 0.000000e+00 5.966750e+00
4.473343e+00 -1.000000e+00 0.000000e+00 -1.000000e+00 -1.000000e+00 5.500000e+02 4.788270e-01 -1.000000e+00 -1.000000e+00 1.303335e+01 0.000000e+00 -1.000000e+00 0.000000e+00 1.716955e-02 1.450000e+03 6.395625e+00 0.000000e+00 -9.990070e+05 3.000000e+00 -1.000000e+00 9.655230e-01 -1.0 0.000000e+00 0.000000e+00 -1.000000e+00 8.334732e-01 -1.000000e+00 -9.990070e+05 5.431809e-01 5.431809e-01 9.761043e-01 3.270125e+00 9.231299e+00 0.000000e+00 -1.000000e+00 1.393485e-01 0.000000e+00 5.775112e+00
8.802528e+00 -1.000000e+00 0.000000e+00 -1.000000e+00 -1.000000e+00 7.500000e+02 4.967684e-01 -1.000000e+00 -1.000000e+00 2.626449e+01 0.000000e+00 -1.000000e+00 0.000000e+00 2.175596e-02 1.450000e+03 1.263019e+01 0.000000e+00 -9.990070e+05 3.000000e+00 -1.000000e+00 9.965077e-01 -1.0 0.000000e+00 0.000000e+00 -1.000000e+00 8.401615e-01 -1.000000e+00 -9.990070e+05 6.681723e-01 6.681723e-01 9.770779e-01 6.382577e+00 1.836811e+01 0.000000e+00 -1.000000e+00 1.555459e-01 0.000000e+00 1.137118e+01
7.134480e+00 -1.000000e+00 0.000000e+00 -1.000000e+00 -1.000000e+00 0.000000e+00 4.937578e-01 -1.000000e+00 -1.000000e+00 2.069241e+01 0.000000e+00 -1.000000e+00 0.000000e+00 2.088096e-02 1.500000e+03 1.018560e+01 0.000000e+00 -9.990070e+05 3.000000e+00 -1.000000e+00 9.924184e-01 -1.0 0.000000e+00 0.000000e+00 -1.000000e+00 8.390535e-01 -1.000000e+00 -9.990070e+05 6.368756e-01 6.368756e-01 9.769168e-01 5.219331e+00 1.469289e+01 0.000000e+00 -1.000000e+00 1.527029e-01 0.000000e+00 9.206924e+00
6.229744e+00 -1.000000e+00 0.000000e+00 -1.000000e+00 -1.000000e+00 1.000000e+02 4.908119e-01 -1.000000e+00 -1.000000e+00 1.807153e+01 0.000000e+00 -1.000000e+00 0.000000e+00 2.006948e-02 1.500000e+03 8.902972e+00 0.000000e+00 -9.990070e+05 3.000000e+00 -1.000000e+00 9.878710e-01 -1.0 0.000000e+00 0.000000e+00 -1.000000e+00 8.379639e-01 -1.000000e+00 -9.990070e+05 6.127434e-01 6.127434e-01 9.767583e-01 4.561801e+00 1.283756e+01 0.000000e+00 -1.000000e+00 1.499707e-01 0.000000e+00 8.045571e+00
6.136678e+00 -1.000000e+00 0.000000e+00 -1.000000e+00 -1.000000e+00 3.000000e+02 4.904086e-01 -1.000000e+00 -1.000000e+00 1.793137e+01 0.000000e+00 -1.000000e+00 0.000000e+00 1.996166e-02 1.500000e+03 8.780287e+00 0.000000e+00 -9.990070e+05 3.000000e+00 -1.000000e+00 9.872129e-01 -1.0 0.000000e+00 0.000000e+00 -1.000000e+00 8.378143e-01 -1.000000e+00 -9.990070e+05 6.097710e-01 6.097710e-01 9.767366e-01 4.492132e+00 1.268681e+01 0.000000e+00 -1.000000e+00 1.496003e-01 0.000000e+00 7.933589e+00
5.435521e+00 -1.000000e+00 0.000000e+00 -1.000000e+00 -1.000000e+00 5.000000e+02 4.868231e-01 -1.000000e+00 -1.000000e+00 1.577967e+01 0.000000e+00 -1.000000e+00 0.000000e+00 1.903630e-02 1.500000e+03 7.770983e+00 0.000000e+00 -9.990070e+05 3.000000e+00 -1.000000e+00 9.810229e-01 -1.0 0.000000e+00 0.000000e+00 -1.000000e+00 8.364798e-01 -1.000000e+00 -9.990070e+05 5.856372e-01 5.856372e-01 9.765423e-01 3.977318e+00 1.120745e+01 0.000000e+00 -1.000000e+00 1.463483e-01 0.000000e+00 7.019997e+00
7.126789e+00 -1.000000e+00 0.000000e+00 -1.000000e+00 -1.000000e+00 7.000000e+02 4.937074e-01 -1.000000e+00 -1.000000e+00 2.086980e+01 0.000000e+00 -1.000000e+00 0.000000e+00 2.086672e-02 1.500000e+03 1.020084e+01 0.000000e+00 -9.990070e+05 3.000000e+00 -1.000000e+00 9.923449e-01 -1.0 0.000000e+00 0.000000e+00 -1.000000e+00 8.390349e-01 -1.000000e+00 -9.990070e+05 6.364208e-01 6.364208e-01 9.769141e-01 5.214204e+00 1.475011e+01 0.000000e+00 -1.000000e+00 1.526558e-01 0.000000e+00 9.213494e+00
1.754163e+01 -1.000000e+00 0.000000e+00 -1.000000e+00 -1.000000e+00 9.000000e+02 5.000000e-01 -1.000000e+00 -1.000000e+00 5.267930e+01 0.000000e+00 -1.000000e+00 0.000000e+00 2.275013e-02 1.500000e+03 2.518324e+01 0.000000e+00 -9.990070e+05 3.000000e+00 -1.000000e+00 1.000676e+00 -1.0 0.000000e+00 0.000000e+00 -1.000000e+00 8.413447e-01 -1.000000e+00 -9.990070e+05 7.482028e-01 7.482028e-01 9.772499e-01 1.275823e+01 3.670894e+01 0.000000e+00 -1.000000e+00 1.586553e-01 0.000000e+00 2.269996e+01
7.834524e+00 -1.000000e+00 0.000000e+00 -1.000000e+00 -1.000000e+00 2.500000e+02 4.953257e-01 -1.000000e+00 -1.000000e+00 2.272230e+01 0.000000e+00 -1.000000e+00 0.000000e+00 2.133069e-02 1.550000e+03 1.119162e+01 0.000000e+00 -9.990070e+05 3.000000e+00 -1.000000e+00 9.946298e-01 -1.0 0.000000e+00 0.000000e+00 -1.000000e+00 8.396312e-01 -1.000000e+00 -9.990070e+05 6.521151e-01 6.521151e-01 9.770008e-01 5.727578e+00 1.612418e+01 0.000000e+00 -1.000000e+00 1.541770e-01 0.000000e+00 1.010382e+01
7.336418e+00 -1.000000e+00 0.000000e+00 -1.000000e+00 -1.000000e+00 4.500000e+02 4.941943e-01 -1.000000e+00 -1.000000e+00 2.134593e+01 0.000000e+00 -1.000000e+00 0.000000e+00 2.100490e-02 1.550000e+03 1.047973e+01 0.000000e+00 -9.990070e+05 3.000000e+00 -1.000000e+00 9.930539e-01 -1.0 0.000000e+00 0.000000e+00 -1.000000e+00 8.392145e-01 -1.000000e+00 -9.990070e+05 6.410532e-01 6.410532e-01 9.769402e-01 5.352222e+00 1.510536e+01 0.000000e+00 -1.000000e+00 1.531119e-01 0.000000e+00 9.453743e+00
9.485367e+00 -1.000000e+00 0.000000e+00 -1.000000e+00 -1.000000e+00 5.000000e+01 4.977590e-01 -1.000000e+00 -1.000000e+00 2.747732e+01 0.000000e+00 -1.000000e+00 0.000000e+00 2.205449e-02 1.550000e+03 1.354986e+01 0.000000e+00 -9.990070e+05 3.000000e+00 -1.000000e+00 9.976971e-01 -1.0 0.000000e+00 0.000000e+00 -1.000000e+00 8.405249e-01 -1.000000e+00 -9.990070e+05 6.808541e-01 6.808541e-01 9.771307e-01 6.940432e+00 1.951945e+01 0.000000e+00 -1.000000e+00 1.564926e-01 0.000000e+00 1.224012e+01
7.073781e+00 -1.000000e+00 0.000000e+00 -1.000000e+00 -1.000000e+00 6.500000e+02 4.935139e-01 -1.000000e+00 -1.000000e+00 2.075287e+01 0.000000e+00 -1.000000e+00 0.000000e+00 2.081215e-02 1.550000e+03 1.012646e+01 0.000000e+00 -9.990070e+05 3.000000e+00 -1.000000e+00 9.920620e-01 -1.0 0.000000e+00 0.000000e+00 -1.000000e+00 8.389635e-01 -1.000000e+00 -9.990070e+05 6.347321e-01 6.347321e-01 9.769037e-01 5.164715e+00 1.465159e+01 0.000000e+00 -1.000000e+00 1.524749e-01 0.000000e+00 9.141274e+00
1.370335e+01 -1.000000e+00 0.000000e+00 -1.000000e+00 -1.000000e+00 8.500000e+02 5.000000e-01 -1.000000e+00 -1.000000e+00 4.053639e+01 0.000000e+00 -1.000000e+00 0.000000e+00 2.275013e-02 1.550000e+03 1.963792e+01 0.000000e+00 -9.990070e+05 3.000000e+00 -1.000000e+00 1.000156e+00 -1.0 0.000000e+00 0.000000e+00 -1.000000e+00 8.413447e-01 -1.000000e+00 -9.990070e+05 7.247685e-01 7.247685e-01 9.772499e-01 9.997630e+00 2.849059e+01 0.000000e+00 -1.000000e+00 1.586553e-01 0.000000e+00 1.772548e+01
1.135174e+01 -1.000000e+00 0.000000e+00 -1.000000e+00 -1.000000e+00 0.000000e+00 4.992218e-01 -1.000000e+00 -1.000000e+00 3.295755e+01 0.000000e+00 -1.000000e+00 0.000000e+00 2.250531e-02 1.600000e+03 1.622778e+01 0.000000e+00 -9.990070e+05 3.000000e+00 -1.000000e+00 9.992740e-01 -1.0 0.000000e+00 0.000000e+00 -1.000000e+00 8.410604e-01 -1.000000e+00 -9.990070e+05 7.039911e-01 7.039911e-01 9.772085e-01 8.308336e+00 2.340326e+01 0.000000e+00 -1.000000e+00 1.579010e-01 0.000000e+00 1.465935e+01
1.052907e+01 -1.000000e+00 0.000000e+00 -1.000000e+00 -1.000000e+00 2.000000e+02 4.986818e-01 -1.000000e+00 -1.000000e+00 3.056603e+01 0.000000e+00 -1.000000e+00 0.000000e+00 2.233749e-02 1.600000e+03 1.504194e+01 0.000000e+00 -9.990070e+05 3.000000e+00 -1.000000e+00 9.987201e-01 -1.0 0.000000e+00 0.000000e+00 -1.000000e+00 8.408628e-01 -1.000000e+00 -9.990070e+05 6.946212e-01 6.946212e-01 9.771798e-01 7.700873e+00 2.168120e+01 0.000000e+00 -1.000000e+00 1.573796e-01 0.000000e+00 1.358653e+01
9.226504e+00 -1.000000e+00 0.000000e+00 -1.000000e+00 -1.000000e+00 4.000000e+02 4.974509e-01 -1.000000e+00 -1.000000e+00 2.685200e+01 0.000000e+00 -1.000000e+00 0.000000e+00 2.196108e-02 1.600000e+03 1.319161e+01 0.000000e+00 -9.990070e+05 3.000000e+00 -1.000000e+00 9.973364e-01 -1.0 0.000000e+00 0.000000e+00 -1.000000e+00 8.404119e-01 -1.000000e+00 -9.990070e+05 6.767012e-01 6.767012e-01 9.771143e-01 6.748231e+00 1.903598e+01 0.000000e+00 -1.000000e+00 1.561976e-01 0.000000e+00 1.191266e+01
9.387249e+00 -1.000000e+00 0.000000e+00 -1.000000e+00 -1.000000e+00 6.000000e+02 4.975484e-01 -1.000000e+00 -1.000000e+00 2.821584e+01 0.000000e+00 -1.000000e+00 0.000000e+00 2.199058e-02 1.600000e+03 1.345911e+01 0.000000e+00 -9.990070e+05 3.000000e+00 -1.000000e+00 9.974520e-01 -1.0 0.000000e+00 0.000000e+00 -1.000000e+00 8.404477e-01 -1.000000e+00 -9.990070e+05 6.780434e-01 6.780434e-01 9.771195e-01 6.802784e+00 1.962674e+01 0.000000e+00 -1.000000e+00 1.562909e-01 0.000000e+00 1.211662e+01
1.038174e+01 -1.000000e+00 0.000000e+00 -1.000000e+00 -1.000000e+00 8.000000e+02 4.985363e-01 -1.000000e+00 -1.000000e+00 3.027781e+01 0.000000e+00 -1.000000e+00 0.000000e+00 2.229255e-02 1.600000e+03 1.484332e+01 0.000000e+00 -9.990070e+05 3.000000e+00 -1.000000e+00 9.985650e-01 -1.0 0.000000e+00 0.000000e+00 -1.000000e+00 8.408096e-01 -1.000000e+00 -9.990070e+05 6.923049e-01 6.923049e-01 9.771721e-01 7.576645e+00 2.142485e+01 0.000000e+00 -1.000000e+00 1.572395e-01 0.000000e+00 1.339310e+01
1.261249e+01 -1.000000e+00 0.000000e+00 -1.000000e+00 -1.000000e+00 1.500000e+02 4.998339e-01 -1.000000e+00 -1.000000e+00 3.656645e+01 0.000000e+00 -1.000000e+00 0.000000e+00 2.269758e-02 1.650000e+03 1.800287e+01 0.000000e+00 -9.990070e+05 3.000000e+00 -1.000000e+00 9.998532e-01 -1.0 0.000000e+00 0.000000e+00 -1.000000e+00 8.412841e-01 -1.000000e+00 -9.990070e+05 7.163302e-01 7.163302e-01 9.772410e-01 9.227003e+00 2.596717e+01 0.000000e+00 -1.000000e+00 1.584940e-01 0.000000e+00 1.627501e+01
1.183880e+01 -1.000000e+00 0.000000e+00 -1.000000e+00 -1.000000e+00 3.500000e+02 4.994836e-01 -1.000000e+00 -1.000000e+00 3.466353e+01 0.000000e+00 -1.000000e+00 0.000000e+00 2.258728e-02 1.650000e+03 1.694043e+01 0.000000e+00 -9.990070e+05 3.000000e+00 -1.000000e+00 9.995287e-01 -1.0 0.000000e+00 0.000000e+00 -1.000000e+00 8.411561e-01 -1.000000e+00 -9.990070e+05 7.090212e-01 7.090212e-01 9.772225e-01 8.660189e+00 2.449444e+01 0.000000e+00 -1.000000e+00 1.581543e-01 0.000000e+00 1.530661e+01
1.056597e+01 -1.000000e+00 0.000000e+00 -1.000000e+00 -1.000000e+00 5.500000e+02 4.986953e-01 -1.000000e+00 -1.000000e+00 3.066503e+01 0.000000e+00 -1.000000e+00 0.000000e+00 2.234167e-02 1.650000e+03 1.509839e+01 0.000000e+00 -9.990070e+05 3.000000e+00 -1.000000e+00 9.987345e-01 -1.0 0.000000e+00 0.000000e+00 -1.000000e+00 8.408678e-01 -1.000000e+00 -9.990070e+05 6.948588e-01 6.948588e-01 9.771806e-01 7.721769e+00 2.176054e+01 0.000000e+00 -1.000000e+00 1.573927e-01 0.000000e+00 1.363147e+01
1.301093e+01 -1.000000e+00 0.000000e+00 -1.000000e+00 -1.000000e+00 7.500000e+02 4.999392e-01 -1.000000e+00 -1.000000e+00 3.911854e+01 0.000000e+00 -1.000000e+00 0.000000e+00 2.273087e-02 1.650000e+03 1.864962e+01 0.000000e+00 -9.990070e+05 3.000000e+00 -1.000000e+00 9.999469e-01 -1.0 0.000000e+00 0.000000e+00 -1.000000e+00 8.413225e-01 -1.000000e+00 -9.990070e+05 7.187633e-01 7.187633e-01 9.772466e-01 9.464129e+00 2.718155e+01 0.000000e+00 -1.000000e+00 1.585962e-01 0.000000e+00 1.679932e+01
1.910364e+01 -1.000000e+00 0.000000e+00 -1.000000e+00 -1.000000e+00 1.000000e+02 5.000000e-01 -1.000000e+00 -1.000000e+00 5.545687e+01 0.000000e+00 -1.000000e+00 0.000000e+00 2.275013e-02 1.700000e+03 2.727985e+01 0.000000e+00 -9.990070e+05 3.000000e+00 -1.000000e+00 1.000765e+00 -1.0 0.000000e+00 0.000000e+00 -1.000000e+00 8.413447e-01 -1.000000e+00 -9.990070e+05 7.563773e-01 7.563773e-01 9.772499e-01 1.397664e+01 3.936070e+01 0.000000e+00 -1.000000e+00 1.586553e-01 0.000000e+00 2.465975e+01
1.678492e+01 -1.000000e+00 0.000000e+00 -1.000000e+00 -1.000000e+00 3.000000e+02 5.000000e-01 -1.000000e+00 -1.000000e+00 4.900890e+01 0.000000e+00 -1.000000e+00 0.000000e+00 2.275013e-02 1.700000e+03 2.401187e+01 0.000000e+00 -9.990070e+05 3.000000e+00 -1.000000e+00 1.000633e+00 -1.0 0.000000e+00 0.000000e+00 -1.000000e+00 8.413447e-01 -1.000000e+00 -9.990070e+05 7.452029e-01 7.452029e-01 9.772499e-01 1.228691e+01 3.468863e+01 0.000000e+00 -1.000000e+00 1.586553e-01 0.000000e+00 2.170087e+01
1.419232e+01 -1.000000e+00 0.000000e+00 -1.000000e+00 -1.000000e+00 5.000000e+02 5.000000e-01 -1.000000e+00 -1.000000e+00 4.128592e+01 0.000000e+00 -1.000000e+00 0.000000e+00 2.275013e-02 1.700000e+03 2.028078e+01 0.000000e+00 -9.990070e+05 3.000000e+00 -1.000000e+00 1.000278e+00 -1.0 0.000000e+00 0.000000e+00 -1.000000e+00 8.413447e-01 -1.000000e+00 -9.990070e+05 7.288245e-01 7.288245e-01 9.772499e-01 1.038011e+01 2.928355e+01 0.000000e+00 -1.000000e+00 1.586553e-01 0.000000e+00 1.832897e+01
1.468997e+01 -1.000000e+00 0.000000e+00 -1.000000e+00 -1.000000e+00 7.000000e+02 5.000000e-01 -1.000000e+00 -1.000000e+00 4.275560e+01 0.000000e+00 -1.000000e+00 0.000000e+00 2.275013e-02 1.700000e+03 2.100162e+01 0.000000e+00 -9.990070e+05 3.000000e+00 -1.000000e+00 1.000374e+00 -1.0 0.000000e+00 0.000000e+00 -1.000000e+00 8.413447e-01 -1.000000e+00 -9.990070e+05 7.324195e-01 7.324195e-01 9.772499e-01 1.075072e+01 3.031959e+01 0.000000e+00 -1.000000e+00 1.586553e-01 0.000000e+00 1.897881e+01
1.915965e+01 -1.000000e+00 0.000000e+00 -1.000000e+00 -1.000000e+00 9.000000e+02 5.000000e-01 -1.000000e+00 -1.000000e+00 5.562550e+01 0.000000e+00 -1.000000e+00 0.000000e+00 2.275013e-02 1.700000e+03 2.736237e+01 0.000000e+00 -9.990070e+05 3.000000e+00 -1.000000e+00 1.000767e+00 -1.0 0.000000e+00 0.000000e+00 -1.000000e+00 8.413447e-01 -1.000000e+00 -9.990070e+05 7.565761e-01 7.565761e-01 9.772499e-01 1.401721e+01 3.948003e+01 0.000000e+00 -1.000000e+00 1.586553e-01 0.000000e+00 2.473165e+01
1.963868e+01 -1.000000e+00 0.000000e+00 -1.000000e+00 -1.000000e+00 2.500000e+02 5.000000e-01 -1.000000e+00 -1.000000e+00 5.727284e+01 0.000000e+00 -1.000000e+00 0.000000e+00 2.275013e-02 1.750000e+03 2.809732e+01 0.000000e+00 -9.990070e+05 3.000000e+00 -1.000000e+00 1.000782e+00 -1.0 0.000000e+00 0.000000e+00 -1.000000e+00 8.413447e-01 -1.000000e+00 -9.990070e+05 7.585746e-01 7.585746e-01 9.772499e-01 1.437509e+01 4.058368e+01 0.000000e+00 -1.000000e+00 1.586553e-01 0.000000e+00 2.538886e+01
1.910243e+01 -1.000000e+00 0.000000e+00 -1.000000e+00 -1.000000e+00 4.500000e+02 5.000000e-01 -1.000000e+00 -1.000000e+00 5.527111e+01 0.000000e+00 -1.000000e+00 0.000000e+00 2.275013e-02 1.750000e+03 2.724031e+01 0.000000e+00 -9.990070e+05 3.000000e+00 -1.000000e+00 1.000765e+00 -1.0 0.000000e+00 0.000000e+00 -1.000000e+00 8.413447e-01 -1.000000e+00 -9.990070e+05 7.564055e-01 7.564055e-01 9.772499e-01 1.396963e+01 3.927722e+01 0.000000e+00 -1.000000e+00 1.586553e-01 0.000000e+00 2.463186e+01
2.193271e+01 -1.000000e+00 0.000000e+00 -1.000000e+00 -1.000000e+00 5.000000e+01 5.000000e-01 -1.000000e+00 -1.000000e+00 6.351573e+01 0.000000e+00 -1.000000e+00 0.000000e+00 2.275013e-02 1.750000e+03 3.128478e+01 0.000000e+00 -9.990070e+05 3.000000e+00 -1.000000e+00 1.000823e+00 -1.0 0.000000e+00 0.000000e+00 -1.000000e+00 8.413447e-01 -1.000000e+00 -9.990070e+05 7.671987e-01 7.671987e-01 9.772499e-01 1.603805e+01 4.512069e+01 0.000000e+00 -1.000000e+00 1.586553e-01 0.000000e+00 2.828557e+01
1.694807e+01 -1.000000e+00 0.000000e+00 -1.000000e+00 -1.000000e+00 6.500000e+02 5.000000e-01 -1.000000e+00 -1.000000e+00 4.922025e+01 0.000000e+00 -1.000000e+00 0.000000e+00 2.275013e-02 1.750000e+03 2.420470e+01 0.000000e+00 -9.990070e+05 3.000000e+00 -1.000000e+00 1.000646e+00 -1.0 0.000000e+00 0.000000e+00 -1.000000e+00 8.413447e-01 -1.000000e+00 -9.990070e+05 7.460600e-01 7.460600e-01 9.772499e-01 1.240195e+01 3.492050e+01 0.000000e+00 -1.000000e+00 1.586553e-01 0.000000e+00 2.187818e+01
2.023032e+01 -1.000000e+00 0.000000e+00 -1.000000e+00 -1.000000e+00 8.500000e+02 5.000000e-01 -1.000000e+00 -1.000000e+00 5.925623e+01 0.000000e+00 -1.000000e+00 0.000000e+00 2.275013e-02 1.750000e+03 2.895368e+01 0.000000e+00 -9.990070e+05 3.000000e+00 -1.000000e+00 1.000796e+00 -1.0 0.000000e+00 0.000000e+00 -1.000000e+00 8.413447e-01 -1.000000e+00 -9.990070e+05 7.608246e-01 7.608246e-01 9.772499e-01 1.479491e+01 4.186723e+01 0.000000e+00 -1.000000e+00 1.586553e-01 0.000000e+00 2.614969e+01
2.803505e+01 -1.000000e+00 0.000000e+00 -1.000000e+00 -1.000000e+00 0.000000e+00 5.000000e-01 -1.000000e+00 -1.000000e+00 8.141795e+01 0.000000e+00 -1.000000e+00 0.000000e+00 2.275013e-02 1.800000e+03 4.000338e+01 0.000000e+00 -9.990070e+05 3.000000e+00 -1.000000e+00 1.000806e+00 -1.0 0.000000e+00 0.000000e+00 -1.000000e+00 8.413447e-01 -1.000000e+00 -9.990070e+05 7.839309e-01 7.839309e-01 9.772499e-01 2.049320e+01 5.775060e+01 0.000000e+00 -1.000000e+00 1.586553e-01 0.000000e+00 3.616641e+01
2.360897e+01 -1.000000e+00 0.000000e+00 -1.000000e+00 -1.000000e+00 2.000000e+02 5.000000e-01 -1.000000e+00 -1.000000e+00 6.936304e+01 0.000000e+00 -1.000000e+00 0.000000e+00 2.275013e-02 1.800000e+03 3.378677e+01 0.000000e+00 -9.990070e+05 3.000000e+00 -1.000000e+00 1.000830e+00 -1.0 0.000000e+00 0.000000e+00 -1.000000e+00 8.413447e-01 -1.000000e+00 -9.990070e+05 7.723463e-01 7.723463e-01 9.772499e-01 1.725869e+01 4.888274e+01 0.000000e+00 -1.000000e+00 1.586553e-01 0.000000e+00 3.050622e+01
2.507617e+01 -1.000000e+00 0.000000e+00 -1.000000e+00 -1.000000e+00 4.000000e+02 5.000000e-01 -1.000000e+00 -1.000000e+00 7.285302e+01 0.000000e+00 -1.000000e+00 0.000000e+00 2.275013e-02 1.800000e+03 3.582456e+01 0.000000e+00 -9.990070e+05 3.000000e+00 -1.000000e+00 1.000827e+00 -1.0 0.000000e+00 0.000000e+00 -1.000000e+00 8.413447e-01 -1.000000e+00 -9.990070e+05 7.767034e-01 7.767034e-01 9.772499e-01 1.834684e+01 5.169956e+01 0.000000e+00 -1.000000e+00 1.586553e-01 0.000000e+00 3.238013e+01
2.333017e+01 -1.000000e+00 0.000000e+00 -1.000000e+00 -1.000000e+00 6.000000e+02 5.000000e-01 -1.000000e+00 -1.000000e+00 6.906031e+01 0.000000e+00 -1.000000e+00 0.000000e+00 2.275013e-02 1.800000e+03 3.340903e+01 0.000000e+00 -9.990070e+05 3.000000e+00 -1.000000e+00 1.000830e+00 -1.0 0.000000e+00 0.000000e+00 -1.000000e+00 8.413447e-01 -1.000000e+00 -9.990070e+05 7.714147e-01 7.714147e-01 9.772499e-01 1.703582e+01 4.844497e+01 0.000000e+00 -1.000000e+00 1.586553e-01 0.000000e+00 3.015454e+01
2.147084e+01 -1.000000e+00 0.000000e+00 -1.000000e+00 -1.000000e+00 8.000000e+02 5.000000e-01 -1.000000e+00 -1.000000e+00 6.311217e+01 0.000000e+00 -1.000000e+00 0.000000e+00 2.275013e-02 1.800000e+03 3.074066e+01 0.000000e+00 -9.990070e+05 3.000000e+00 -1.000000e+00 1.000817e+00 -1.0 0.000000e+00 0.000000e+00 -1.000000e+00 8.413447e-01 -1.000000e+00 -9.990070e+05 7.653155e-01 7.653155e-01 9.772499e-01 1.568761e+01 4.449594e+01 0.000000e+00 -1.000000e+00 1.586553e-01 0.000000e+00 2.775378e+01
2.989837e+01 -1.000000e+00 0.000000e+00 -1.000000e+00 -1.000000e+00 1.500000e+02 5.000000e-01 -1.000000e+00 -1.000000e+00 8.689345e+01 0.000000e+00 -1.000000e+00 0.000000e+00 2.275013e-02 1.850000e+03 4.268828e+01 0.000000e+00 -9.990070e+05 3.000000e+00 -1.000000e+00 1.000787e+00 -1.0 0.000000e+00 0.000000e+00 -1.000000e+00 8.413447e-01 -1.000000e+00 -9.990070e+05 7.878563e-01 7.878563e-01 9.772499e-01 2.186188e+01 6.162995e+01 0.000000e+00 -1.000000e+00 1.586553e-01 0.000000e+00 3.858748e+01
2.982685e+01 -1.000000e+00 0.000000e+00 -1.000000e+00 -1.000000e+00 3.500000e+02 5.000000e-01 -1.000000e+00 -1.000000e+00 8.683231e+01 0.000000e+00 -1.000000e+00 0.000000e+00 2.275013e-02 1.850000e+03 4.259727e+01 0.000000e+00 -9.990070e+05 3.000000e+00 -1.000000e+00 1.000787e+00 -1.0 0.000000e+00 0.000000e+00 -1.000000e+00 8.413447e-01 -1.000000e+00 -9.990070e+05 7.876933e-01 7.876933e-01 9.772499e-01 2.180693e+01 6.153015e+01 0.000000e+00 -1.000000e+00 1.586553e-01 0.000000e+00 3.850425e+01
2.811330e+01 -1.000000e+00 0.000000e+00 -1.000000e+00 -1.000000e+00 5.500000e+02 5.000000e-01 -1.000000e+00 -1.000000e+00 8.158553e+01 0.000000e+00 -1.000000e+00 0.000000e+00 2.275013e-02 1.850000e+03 4.010597e+01 0.000000e+00 -9.990070e+05 3.000000e+00 -1.000000e+00 1.000805e+00 -1.0 0.000000e+00 0.000000e+00 -1.000000e+00 8.413447e-01 -1.000000e+00 -9.990070e+05 7.841704e-01 7.841704e-01 9.772499e-01 2.055578e+01 5.788007e+01 0.000000e+00 -1.000000e+00 1.586553e-01 0.000000e+00 3.626345e+01
2.660376e+01 -1.000000e+00 0.000000e+00 -1.000000e+00 -1.000000e+00 7.500000e+02 5.000000e-01 -1.000000e+00 -1.000000e+00 7.816381e+01 0.000000e+00 -1.000000e+00 0.000000e+00 2.275013e-02 1.850000e+03 3.807644e+01 0.000000e+00 -9.990070e+05 3.000000e+00 -1.000000e+00 1.000818e+00 -1.0 0.000000e+00 0.000000e+00 -1.000000e+00 8.413447e-01 -1.000000e+00 -9.990070e+05 7.804287e-01 7.804287e-01 9.772499e-01 1.944357e+01 5.507555e+01 0.000000e+00 -1.000000e+00 1.586553e-01 0.000000e+00 3.437916e+01
4.668057e+01 -1.000000e+00 0.000000e+00 -1.000000e+00 -1.000000e+00 1.000000e+02 5.000000e-01 -1.000000e+00 -1.000000e+00 1.352667e+02 0.000000e+00 -1.000000e+00 0.000000e+00 2.275013e-02 1.900000e+03 6.654695e+01 0.000000e+00 -9.990070e+05 3.000000e+00 -1.000000e+00 1.000598e+00 -1.0 0.000000e+00 0.000000e+00 -1.000000e+00 8.413447e-01 -1.000000e+00 -9.990070e+05 8.107500e-01 8.107500e-01 9.772499e-01 3.410848e+01 9.603058e+01 0.000000e+00 -1.000000e+00 1.586553e-01 0.000000e+00 6.017259e+01
4.435683e+01 -1.000000e+00 0.000000e+00 -1.000000e+00 -1.000000e+00 3.000000e+02 5.000000e-01 -1.000000e+00 -1.000000e+00 1.293158e+02 0.000000e+00 -1.000000e+00 0.000000e+00 2.275013e-02 1.900000e+03 6.342155e+01 0.000000e+00 -9.990070e+05 3.000000e+00 -1.000000e+00 1.000621e+00 -1.0 0.000000e+00 0.000000e+00 -1.000000e+00 8.413447e-01 -1.000000e+00 -9.990070e+05 8.084696e-01 8.084696e-01 9.772499e-01 3.245199e+01 9.161619e+01 0.000000e+00 -1.000000e+00 1.586553e-01 0.000000e+00 5.731375e+01
3.825548e+01 -1.000000e+00 0.000000e+00 -1.000000e+00 -1.000000e+00 5.000000e+02 5.000000e-01 -1.000000e+00 -1.000000e+00 1.107316e+02 0.000000e+00 -1.000000e+00 0.000000e+00 2.275013e-02 1.900000e+03 5.450593e+01 0.000000e+00 -9.990070e+05 3.000000e+00 -1.000000e+00 1.000688e+00 -1.0 0.000000e+00 0.000000e+00 -1.000000e+00 8.413447e-01 -1.000000e+00 -9.990070e+05 8.014340e-01 8.014340e-01 9.772499e-01 2.795388e+01 7.863000e+01 0.000000e+00 -1.000000e+00 1.586553e-01 0.000000e+00 4.929474e+01
3.560976e+01 -1.000000e+00 4.000000e+03 -1.000000e+00 -1.000000e+00 7.000000e+02 5.000000e-01 -1.000000e+00 -1.000000e+00 1.036714e+02 0.000000e+00 -1.000000e+00 1.000000e+00 2.275013e-02 1.900000e+03 5.084279e+01 1.000000e+00 -9.990070e+05 1.000000e+00 -1.000000e+00 1.000719e+00 -1.0 0.000000e+00 1.000000e+00 -1.000000e+00 8.413447e-01 -1.000000e+00 -9.990070e+05 7.977491e-01 7.977491e-01 9.772499e-01 2.604111e+01 7.343601e+01 0.000000e+00 -1.000000e+00 1.586553e-01 0.000000e+00 4.596621e+01
3.858169e+01 -1.000000e+00 0.000000e+00 -1.000000e+00 -1.000000e+00 9.000000e+02 5.000000e-01 -1.000000e+00 -1.000000e+00 1.133003e+02 0.000000e+00 -1.000000e+00 0.000000e+00 2.275013e-02 1.900000e+03 5.524601e+01 0.000000e+00 -9.990070e+05 3.000000e+00 -1.000000e+00 1.000684e+00 -1.0 0.000000e+00 0.000000e+00 -1.000000e+00 8.413447e-01 -1.000000e+00 -9.990070e+05 8.017834e-01 8.017834e-01 9.772499e-01 2.821310e+01 7.996303e+01 0.000000e+00 -1.000000e+00 1.586553e-01 0.000000e+00 4.991063e+01
5.115759e+01 -1.000000e+00 0.000000e+00 -1.000000e+00 -1.000000e+00 2.500000e+02 5.000000e-01 -1.000000e+00 -1.000000e+00 1.481203e+02 0.000000e+00 -1.000000e+00 0.000000e+00 2.275013e-02 1.950000e+03 7.290702e+01 0.000000e+00 -9.990070e+05 3.000000e+00 -1.000000e+00 1.000557e+00 -1.0 0.000000e+00 0.000000e+00 -1.000000e+00 8.413447e-01 -1.000000e+00 -9.990070e+05 8.146551e-01 8.146551e-01 9.772499e-01 3.737812e+01 1.051871e+02 0.000000e+00 -1.000000e+00 1.586553e-01 0.000000e+00 6.592792e+01
4.807256e+01 -1.000000e+00 0.000000e+00 -1.000000e+00 -1.000000e+00 4.500000e+02 5.000000e-01 -1.000000e+00 -1.000000e+00 1.390753e+02 0.000000e+00 -1.000000e+00 0.000000e+00 2.275013e-02 1.950000e+03 6.848495e+01 0.000000e+00 -9.990070e+05 3.000000e+00 -1.000000e+00 1.000585e+00 -1.0 0.000000e+00 0.000000e+00 -1.000000e+00 8.413447e-01 -1.000000e+00 -9.990070e+05 8.120591e-01 8.120591e-01 9.772499e-01 3.512323e+01 9.878666e+01 0.000000e+00 -1.000000e+00 1.586553e-01 0.000000e+00 6.193702e+01
5.730459e+01 -1.000000e+00 0.000000e+00 -1.000000e+00 -1.000000e+00 5.000000e+01 5.000000e-01 -1.000000e+00 -1.000000e+00 1.659091e+02 0.000000e+00 -1.000000e+00 0.000000e+00 2.275013e-02 1.950000e+03 8.171341e+01 0.000000e+00 -9.990070e+05 3.000000e+00 -1.000000e+00 1.000508e+00 -1.0 0.000000e+00 0.000000e+00 -1.000000e+00 8.413447e-01 -1.000000e+00 -9.990070e+05 8.191867e-01 8.191867e-01 9.772499e-01 4.189424e+01 1.178615e+02 0.000000e+00 -1.000000e+00 1.586553e-01 0.000000e+00 7.388594e+01
4.473279e+01 -1.000000e+00 0.000000e+00 -1.000000e+00 -1.000000e+00 6.500000e+02 5.000000e-01 -1.000000e+00 -1.000000e+00 1.302209e+02 0.000000e+00 -1.000000e+00 0.000000e+00 2.275013e-02 1.950000e+03 6.390505e+01 0.000000e+00 -9.990070e+05 3.000000e+00 -1.000000e+00 1.000617e+00 -1.0 0.000000e+00 0.000000e+00 -1.000000e+00 8.413447e-01 -1.000000e+00 -9.990070e+05 8.088931e-01 8.088931e-01 9.772499e-01 3.272414e+01 9.227892e+01 0.000000e+00 -1.000000e+00 1.586553e-01 0.000000e+00 5.776289e+01
3.806537e+01 -1.000000e+00 0.000000e+00 -1.000000e+00 -1.000000e+00 8.500000e+02 5.000000e-01 -1.000000e+00 -1.000000e+00 1.108673e+02 0.000000e+00 -1.000000e+00 0.000000e+00 2.275013e-02 1.950000e+03 5.436210e+01 0.000000e+00 -9.990070e+05 3.000000e+00 -1.000000e+00 1.000690e+00 -1.0 0.000000e+00 0.000000e+00 -1.000000e+00 8.413447e-01 -1.000000e+00 -9.990070e+05 8.011445e-01 8.011445e-01 9.772499e-01 2.783954e+01 7.850344e+01 0.000000e+00 -1.000000e+00 1.586553e-01 0.000000e+00 4.913616e+01
7.430511e+01 -1.000000e+00 0.000000e+00 -1.000000e+00 -1.000000e+00 0.000000e+00 5.000000e-01 -1.000000e+00 -1.000000e+00 2.154419e+02 0.000000e+00 -1.000000e+00 0.000000e+00 2.275013e-02 2.000000e+03 1.060080e+02 0.000000e+00 -9.990070e+05 3.000000e+00 -1.000000e+00 1.000406e+00 -1.0 0.000000e+00 0.000000e+00 -1.000000e+00 8.413447e-01 -1.000000e+00 -9.990070e+05 8.283475e-01 8.283475e-01 9.772499e-01 5.434679e+01 1.529290e+02 0.000000e+00 -1.000000e+00 1.586553e-01 0.000000e+00 9.585394e+01
7.231350e+01 -1.000000e+00 0.000000e+00 -1.000000e+00 -1.000000e+00 2.000000e+02 5.000000e-01 -1.000000e+00 -1.000000e+00 2.120245e+02 0.000000e+00 -1.000000e+00 0.000000e+00 2.275013e-02 2.000000e+03 1.035430e+02 0.000000e+00 -9.990070e+05 3.000000e+00 -1.000000e+00 1.000417e+00 -1.0 0.000000e+00 0.000000e+00 -1.000000e+00 8.413447e-01 -1.000000e+00 -9.990070e+05 8.273282e-01 8.273282e-01 9.772499e-01 5.285828e+01 1.498144e+02 0.000000e+00 -1.000000e+00 1.586553e-01 0.000000e+00 9.350620e+01
6.170309e+01 -1.000000e+00 0.000000e+00 -1.000000e+00 -1.000000e+00 4.000000e+02 5.000000e-01 -1.000000e+00 -1.000000e+00 1.790510e+02 0.000000e+00 -1.000000e+00 0.000000e+00 2.275013e-02 2.000000e+03 8.799665e+01 0.000000e+00 -9.990070e+05 3.000000e+00 -1.000000e+00 1.000477e+00 -1.0 0.000000e+00 0.000000e+00 -1.000000e+00 8.413447e-01 -1.000000e+00 -9.990070e+05 8.219460e-01 8.219460e-01 9.772499e-01 4.510018e+01 1.270148e+02 0.000000e+00 -1.000000e+00 1.586553e-01 0.000000e+00 7.957112e+01
5.286182e+01 -1.000000e+00 0.000000e+00 -1.000000e+00 -1.000000e+00 6.000000e+02 5.000000e-01 -1.000000e+00 -1.000000e+00 1.553649e+02 0.000000e+00 -1.000000e+00 0.000000e+00 2.275013e-02 2.000000e+03 7.572052e+01 0.000000e+00 -9.990070e+05 3.000000e+00 -1.000000e+00 1.000544e+00 -1.0 0.000000e+00 0.000000e+00 -1.000000e+00 8.413447e-01 -1.000000e+00 -9.990070e+05 8.158661e-01 8.158661e-01 9.772499e-01 3.862818e+01 1.096442e+02 0.000000e+00 -1.000000e+00 1.586553e-01 0.000000e+00 6.837379e+01
5.074009e+01 -1.000000e+00 4.000000e+03 -1.000000e+00 -1.000000e+00 8.000000e+02 5.000000e-01 -1.000000e+00 -1.000000e+00 1.473636e+02 0.000000e+00 -1.000000e+00 1.000000e+00 2.275013e-02 2.000000e+03 7.241293e+01 1.000000e+00 -9.990070e+05 1.000000e+00 -1.000000e+00 1.000561e+00 -1.0 0.000000e+00 1.000000e+00 -1.000000e+00 8.413447e-01 -1.000000e+00 -9.990070e+05 8.143000e-01 8.143000e-01 9.772499e-01 3.709051e+01 1.045398e+02 0.000000e+00 -1.000000e+00 1.586553e-01 0.000000e+00 6.546241e+01
3.417029e+06 -1.000000e+00 4.000000e+03 -1.000000e+00 -1.000000e+00 1.870000e+02 1.794723e-01 -1.000000e+00 -1.000000e+00 3.417030e+06 0.000000e+00 -1.000000e+00 1.000000e+00 8.589785e-04 2.120000e+02 3.417029e+06 1.000000e+00 -9.990070e+05 2.000000e+00 -1.000000e+00 3.327486e-01 -1.0 0.000000e+00 0.000000e+00 -1.000000e+00 6.377772e-01 -1.000000e+00 -9.990070e+05 1.560147e-01 1.560147e-01 9.447631e-01 8.884272e+06 3.417030e+06 0.000000e+00 -1.000000e+00 1.962008e-02 1.000000e+00 5.269738e+06
-1.000000e+00 -1.000000e+00 4.000000e+03 -1.000000e+00 -1.000000e+00 1.750000e+02 1.006995e-01 -1.000000e+00 -1.000000e+00 -1.000000e+00 0.000000e+00 -1.000000e+00 1.000000e+00 2.724479e-04 2.250000e+02 -1.000000e+00 1.000000e+00 -9.990070e+05 2.000000e+00 -1.000000e+00 1.778463e-01 -1.0 0.000000e+00 0.000000e+00 -1.000000e+00 4.957366e-01 -1.000000e+00 -9.990070e+05 8.195608e-02 8.195608e-02 9.131361e-01 -1.000000e+00 -1.000000e+00 0.000000e+00 -1.000000e+00 8.285296e-03 1.000000e+00 -1.000000e+00
1.205171e-06 -1.000000e+00 4.000000e+03 -1.000000e+00 -1.000000e+00 1.500000e+02 1.773853e-01 -1.000000e+00 -1.000000e+00 5.440196e+08 0.000000e+00 -1.000000e+00 1.000000e+00 8.381273e-04 2.500000e+02 5.158930e+08 1.000000e+00 -9.990070e+05 3.000000e+00 -1.000000e+00 3.281125e-01 -1.0 0.000000e+00 0.000000e+00 -1.000000e+00 6.350506e-01 -1.000000e+00 -9.990070e+05 1.536037e-01 1.536037e-01 9.442587e-01 1.205171e-06 5.368587e+08 0.000000e+00 -1.000000e+00 1.926613e-02 0.000000e+00 7.361778e+07
2.883070e+00 -1.000000e+00 0.000000e+00 -1.000000e+00 -1.000000e+00 0.000000e+00 2.874136e-01 -1.000000e+00 -1.000000e+00 1.000000e+02 0.000000e+00 -1.000000e+00 0.000000e+00 2.549982e-03 4.000000e+02 9.575541e+00 0.000000e+00 -9.990070e+05 3.000000e+00 -1.000000e+00 5.502785e-01 -1.0 0.000000e+00 0.000000e+00 -1.000000e+00 7.388955e-01 -1.000000e+00 -9.990070e+05 2.599255e-01 2.599255e-01 9.618640e-01 0.000000e+00 5.725518e+01 0.000000e+00 -1.000000e+00 4.320092e-02 0.000000e+00 8.270604e+00
1.649254e-01 -1.000000e+00 4.000000e+03 -1.000000e+00 -1.000000e+00 3.870000e+02 2.103854e-03 -1.000000e+00 -1.000000e+00 3.651569e+00 0.000000e+00 -1.000000e+00 1.000000e+00 3.871579e-07 4.120000e+02 2.806093e-01 1.000000e+00 -9.990070e+05 3.000000e+00 -1.000000e+00 2.823387e-03 -1.0 0.000000e+00 0.000000e+00 -1.000000e+00 3.797110e-02 -1.000000e+00 -9.990070e+05 1.238017e-03 1.238017e-03 2.821630e-01 4.943464e-02 6.455910e-01 0.000000e+00 -1.000000e+00 4.598154e-05 0.000000e+00 2.523934e-01
6.144902e-02 -1.000000e+00 0.000000e+00 -1.000000e+00 -1.000000e+00 3.750000e+02 1.409806e-05 -1.000000e+00 -1.000000e+00 3.853351e-01 0.000000e+00 -1.000000e+00 0.000000e+00 2.263182e-10 4.250000e+02 9.795003e-02 0.000000e+00 -9.990070e+05 3.000000e+00 -1.000000e+00 1.511514e-05 -1.0 0.000000e+00 0.000000e+00 -1.000000e+00 8.307869e-04 -1.000000e+00 -9.990070e+05 6.567630e-06 6.567630e-06 1.916384e-02 4.268234e-02 1.749562e-01 0.000000e+00 -1.000000e+00 9.176020e-08 0.000000e+00 8.752312e-02
2.397148e-01 -1.000000e+00 0.000000e+00 -1.000000e+00 -1.000000e+00 4.500000e+02 1.203387e-04 -1.000000e+00 -1.000000e+00 9.092287e-01 0.000000e+00 -1.000000e+00 0.000000e+00 5.052457e-09 5.500000e+02 3.581082e-01 0.000000e+00 -9.990070e+05 3.000000e+00 -1.000000e+00 1.170465e-04 -1.0 0.000000e+00 0.000000e+00 -1.000000e+00 4.435079e-03 -1.000000e+00 -9.990070e+05 4.844300e-05 4.844300e-05 6.497425e-02 1.704417e-01 5.641568e-01 0.000000e+00 -1.000000e+00 1.263345e-06 0.000000e+00 3.233200e-01
8.750983e-01 -1.000000e+00 0.000000e+00 -1.000000e+00 -1.000000e+00 0.000000e+00 1.171319e-01 -1.000000e+00 -1.000000e+00 3.974129e+00 0.000000e+00 -1.000000e+00 0.000000e+00 3.642023e-04 6.000000e+02 1.362817e+00 0.000000e+00 -9.990070e+05 3.000000e+00 -1.000000e+00 1.772512e-01 -1.0 0.000000e+00 0.000000e+00 -1.000000e+00 5.336477e-01 -1.000000e+00 -9.990070e+05 7.248046e-02 7.248046e-02 9.229099e-01 6.017808e-01 2.300016e+00 0.000000e+00 -1.000000e+00 1.032284e-02 0.000000e+00 1.223522e+00
2.751896e-01 -1.000000e+00 4.000000e+03 -1.000000e+00 -1.000000e+00 5.870000e+02 8.761326e-05 -1.000000e+00 -1.000000e+00 8.996195e-01 0.000000e+00 -1.000000e+00 1.000000e+00 3.169691e-09 6.120000e+02 4.017832e-01 1.000000e+00 -9.990070e+05 3.000000e+00 -1.000000e+00 7.869683e-05 -1.0 0.000000e+00 0.000000e+00 -1.000000e+00 3.471673e-03 -1.000000e+00 -9.990070e+05 3.200205e-05 3.200205e-05 5.453539e-02 1.984786e-01 6.028795e-01 0.000000e+00 -1.000000e+00 8.541959e-07 0.000000e+00 3.629102e-01
1.258018e-01 -1.000000e+00 0.000000e+00 -1.000000e+00 -1.000000e+00 5.750000e+02 1.612600e-10 -1.000000e+00 -1.000000e+00 3.999676e-01 0.000000e+00 -1.000000e+00 0.000000e+00 4.685855e-17 6.250000e+02 1.833518e-01 0.000000e+00 -9.990070e+05 3.000000e+00 -1.000000e+00 9.290899e-11 -1.0 0.000000e+00 0.000000e+00 -1.000000e+00 6.878231e-08 -1.000000e+00 -9.990070e+05 3.853647e-11 3.853647e-11 1.111184e-05 9.111006e-02 2.720878e-01 0.000000e+00 -1.000000e+00 1.421303e-13 0.000000e+00 1.655785e-01
2.220707e-01 -1.000000e+00 0.000000e+00 -1.000000e+00 -1.000000e+00 5.500000e+02 2.334141e-06 -1.000000e+00 -1.000000e+00 6.913193e-01 0.000000e+00 -1.000000e+00 0.000000e+00 1.791156e-11 6.500000e+02 3.209380e-01 0.000000e+00 -9.990070e+05 3.000000e+00 -1.000000e+00 1.752074e-06 -1.0 0.000000e+00 0.000000e+00 -1.000000e+00 1.975674e-04 -1.000000e+00 -9.990070e+05 7.127707e-07 7.127707e-07 6.486718e-03 1.596389e-01 4.748786e-01 0.000000e+00 -1.000000e+00 1.052111e-08 0.000000e+00 2.904476e-01
7.836515e-01 -1.000000e+00 0.000000e+00 -1.000000e+00 -1.000000e+00 5.000000e+02 8.292568e-02 -1.000000e+00 -1.000000e+00 2.777825e+00 0.000000e+00 -1.000000e+00 0.000000e+00 1.889883e-04 7.000000e+02 1.158307e+00 0.000000e+00 -9.990070e+05 3.000000e+00 -1.000000e+00 1.159844e-01 -1.0 0.000000e+00 0.000000e+00 -1.000000e+00 4.477470e-01 -1.000000e+00 -9.990070e+05 4.602265e-02 4.602265e-02 8.986440e-01 5.603472e-01 1.793205e+00 0.000000e+00 -1.000000e+00 6.270041e-03 0.000000e+00 1.041114e+00
5.508933e-01 -1.000000e+00 0.000000e+00 -1.000000e+00 -1.000000e+00 6.870000e+02 1.716869e-02 -1.000000e+00 -1.000000e+00 1.713041e+00 0.000000e+00 -1.000000e+00 0.000000e+00 1.170170e-05 7.120000e+02 7.946371e-01 0.000000e+00 -9.990070e+05 3.000000e+00 -1.000000e+00 2.049594e-02 -1.0 0.000000e+00 0.000000e+00 -1.000000e+00 1.665377e-01 -1.000000e+00 -9.990070e+05 8.111668e-03 8.111668e-03 6.693973e-01 3.964798e-01 1.174920e+00 0.000000e+00 -1.000000e+00 7.167964e-04 0.000000e+00 7.179478e-01
2.516646e-01 -1.000000e+00 4.000000e+03 -1.000000e+00 -1.000000e+00 6.750000e+02 2.367837e-05 -1.000000e+00 -1.000000e+00 8.101648e-01 0.000000e+00 -1.000000e+00 1.000000e+00 4.753244e-10 7.250000e+02 3.683448e-01 1.000000e+00 -9.990070e+05 3.000000e+00 -1.000000e+00 1.974141e-05 -1.0 0.000000e+00 0.000000e+00 -1.000000e+00 1.250772e-03 -1.000000e+00 -9.990070e+05 8.016030e-06 8.016030e-06 2.594448e-02 1.821433e-01 5.497844e-01 0.000000e+00 -1.000000e+00 1.722436e-07 0.000000e+00 3.319900e-01
1.725732e+00 -1.000000e+00 0.000000e+00 -1.000000e+00 -1.000000e+00 4.500000e+02 3.432003e-01 -1.000000e+00 -1.000000e+00 6.132780e+00 0.000000e+00 -1.000000e+00 0.000000e+00 4.224593e-03 7.500000e+02 2.564147e+00 0.000000e+00 -9.990070e+05 3.000000e+00 -1.000000e+00 6.178068e-01 -1.0 0.000000e+00 0.000000e+00 -1.000000e+00 7.728541e-01 -1.000000e+00 -9.990070e+05 2.552990e-01 2.552990e-01 9.671046e-01 1.235633e+00 3.978321e+00 0.000000e+00 -1.000000e+00 6.118411e-02 0.000000e+00 2.301950e+00
4.071172e-01 -1.000000e+00 0.000000e+00 -1.000000e+00 -1.000000e+00 6.500000e+02 3.332982e-03 -1.000000e+00 -1.000000e+00 1.361400e+00 0.000000e+00 -1.000000e+00 0.000000e+00 8.005548e-07 7.500000e+02 5.969538e-01 0.000000e+00 -9.990070e+05 3.000000e+00 -1.000000e+00 3.619472e-03 -1.0 0.000000e+00 0.000000e+00 -1.000000e+00 5.296153e-02 -1.000000e+00 -9.990070e+05 1.454832e-03 1.454832e-03 3.491532e-01 2.941064e-01 9.053109e-01 0.000000e+00 -1.000000e+00 8.311631e-05 0.000000e+00 5.365929e-01
6.740295e-01 -1.000000e+00 4.000000e+03 -1.000000e+00 -1.000000e+00 0.000000e+00 4.352282e-02 -1.000000e+00 -1.000000e+00 2.008106e+00 0.000000e+00 -1.000000e+00 1.000000e+00 5.854748e-05 8.000000e+02 9.640470e-01 1.000000e+00 -9.990070e+05 3.000000e+00 -1.000000e+00 5.596885e-02 -1.0 0.000000e+00 0.000000e+00 -1.000000e+00 3.061027e-01 -1.000000e+00 -9.990070e+05 2.198475e-02 2.198475e-02 8.307664e-01 4.866593e-01 1.406045e+00 0.000000e+00 -1.000000e+00 2.539533e-03 0.000000e+00 8.709786e-01
1.600874e+00 -1.000000e+00 0.000000e+00 -1.000000e+00 -1.000000e+00 6.000000e+02 3.257368e-01 -1.000000e+00 -1.000000e+00 4.903977e+00 0.000000e+00 -1.000000e+00 0.000000e+00 3.607107e-03 8.000000e+02 2.307976e+00 0.000000e+00 -9.990070e+05 3.000000e+00 -1.000000e+00 5.741616e-01 -1.0 0.000000e+00 0.000000e+00 -1.000000e+00 7.630434e-01 -1.000000e+00 -9.990070e+05 2.336829e-01 2.336829e-01 9.656087e-01 1.154632e+00 3.392156e+00 0.000000e+00 -1.000000e+00 5.497223e-02 0.000000e+00 2.082982e+00
8.335483e-01 -1.000000e+00 0.000000e+00 -1.000000e+00 -1.000000e+00 7.870000e+02 9.928818e-02 -1.000000e+00 -1.000000e+00 2.913517e+00 0.000000e+00 -1.000000e+00 0.000000e+00 2.652336e-04 8.120000e+02 1.229885e+00 0.000000e+00 -9.990070e+05 3.000000e+00 -1.000000e+00 1.408950e-01 -1.0 0.000000e+00 0.000000e+00 -1.000000e+00 4.922095e-01 -1.000000e+00 -9.990070e+05 5.566620e-02 5.566620e-02 9.121594e-01 5.967137e-01 1.896670e+00 0.000000e+00 -1.000000e+00 8.118083e-03 0.000000e+00 1.104583e+00
6.212383e-01 -1.000000e+00 4.000000e+03 -1.000000e+00 -1.000000e+00 7.750000e+02 3.558718e-02 -1.000000e+00 -1.000000e+00 2.130571e+00 0.000000e+00 -1.000000e+00 1.000000e+00 4.103384e-05 8.250000e+02 9.146126e-01 1.000000e+00 -9.990070e+05 3.000000e+00 -1.000000e+00 4.576220e-02 -1.0 0.000000e+00 0.000000e+00 -1.000000e+00 2.694379e-01 -1.000000e+00 -9.990070e+05 1.818209e-02 1.818209e-02 8.021569e-01 4.475998e-01 1.402684e+00 0.000000e+00 -1.000000e+00 1.924905e-03 0.000000e+00 8.185628e-01
2.732851e+00 -1.000000e+00 4.000000e+03 -1.000000e+00 -1.000000e+00 5.500000e+02 4.321181e-01 -1.000000e+00 -1.000000e+00 1.042189e+01 0.000000e+00 -1.000000e+00 1.000000e+00 9.990374e-03 8.500000e+02 4.076648e+00 1.000000e+00 -9.990070e+05 2.000000e+00 -1.000000e+00 8.507405e-01 -1.0 0.000000e+00 0.000000e+00 -1.000000e+00 8.149320e-01 -1.000000e+00 -9.990070e+05 3.976076e-01 3.976076e-01 9.733885e-01 1.948261e+00 6.502888e+00 0.000000e+00 -1.000000e+00 1.047807e-01 1.000000e+00 3.637755e+00
6.660956e-01 -1.000000e+00 0.000000e+00 -1.000000e+00 -1.000000e+00 7.500000e+02 4.142280e-02 -1.000000e+00 -1.000000e+00 1.990675e+00 0.000000e+00 -1.000000e+00 0.000000e+00 5.363014e-05 8.500000e+02 9.529933e-01 0.000000e+00 -9.990070e+05 3.000000e+00 -1.000000e+00 5.275375e-02 -1.0 0.000000e+00 0.000000e+00 -1.000000e+00 2.967416e-01 -1.000000e+00 -9.990070e+05 2.066525e-02 2.066525e-02 8.240890e-01 4.807222e-01 1.391219e+00 0.000000e+00 -1.000000e+00 2.371940e-03 0.000000e+00 8.600511e-01
2.327012e+00 -1.000000e+00 0.000000e+00 -1.000000e+00 -1.000000e+00 5.000000e+02 4.142922e-01 -1.000000e+00 -1.000000e+00 6.880669e+00 0.000000e+00 -1.000000e+00 0.000000e+00 8.299798e-03 9.000000e+02 3.322151e+00 0.000000e+00 -9.990070e+05 3.000000e+00 -1.000000e+00 8.017350e-01 -1.0 0.000000e+00 0.000000e+00 -1.000000e+00 8.073268e-01 -1.000000e+00 -9.990070e+05 3.588239e-01 3.588239e-01 9.722663e-01 1.691738e+00 4.814791e+00 0.000000e+00 -1.000000e+00 9.405180e-02 0.000000e+00 2.991963e+00
2.078889e+00 -1.000000e+00 0.000000e+00 -1.000000e+00 -1.000000e+00 7.000000e+02 3.895625e-01 -1.000000e+00 -1.000000e+00 6.767480e+00 0.000000e+00 -1.000000e+00 0.000000e+00 6.502892e-03 9.000000e+02 3.030920e+00 0.000000e+00 -9.990070e+05 3.000000e+00 -1.000000e+00 7.356897e-01 -1.0 0.000000e+00 0.000000e+00 -1.000000e+00 7.961706e-01 -1.000000e+00 -9.990070e+05 3.170993e-01 3.170993e-01 9.706102e-01 1.501842e+00 4.540381e+00 0.000000e+00 -1.000000e+00 8.100485e-02 0.000000e+00 2.719994e+00
2.049501e+00 -1.000000e+00 0.000000e+00 -1.000000e+00 -1.000000e+00 8.870000e+02 3.889967e-01 -1.000000e+00 -1.000000e+00 6.185353e+00 0.000000e+00 -1.000000e+00 0.000000e+00 6.467630e-03 9.120000e+02 2.941323e+00 0.000000e+00 -9.990070e+05 3.000000e+00 -1.000000e+00 7.337506e-01 -1.0 0.000000e+00 0.000000e+00 -1.000000e+00 7.959061e-01 -1.000000e+00 -9.990070e+05 3.155439e-01 3.155439e-01 9.705708e-01 1.474042e+00 4.308421e+00 0.000000e+00 -1.000000e+00 8.072882e-02 0.000000e+00 2.654670e+00
1.036585e+00 -1.000000e+00 4.000000e+03 -1.000000e+00 -1.000000e+00 8.750000e+02 1.719811e-01 -1.000000e+00 -1.000000e+00 3.198202e+00 0.000000e+00 -1.000000e+00 1.000000e+00 7.856662e-04 9.250000e+02 1.498994e+00 1.000000e+00 -9.990070e+05 2.000000e+00 -1.000000e+00 2.596121e-01 -1.0 0.000000e+00 0.000000e+00 -1.000000e+00 6.277933e-01 -1.000000e+00 -9.990070e+05 1.015996e-01 1.015996e-01 9.429019e-01 7.508261e-01 2.206492e+00 0.000000e+00 -1.000000e+00 1.836420e-02 1.000000e+00 1.351903e+00
2.218929e+00 -1.000000e+00 0.000000e+00 -1.000000e+00 -1.000000e+00 4.500000e+02 4.029713e-01 -1.000000e+00 -1.000000e+00 7.368055e+00 0.000000e+00 -1.000000e+00 0.000000e+00 7.410428e-03 9.500000e+02 3.240554e+00 0.000000e+00 -9.990070e+05 3.000000e+00 -1.000000e+00 7.713333e-01 -1.0 0.000000e+00 0.000000e+00 -1.000000e+00 8.023136e-01 -1.000000e+00 -9.990070e+05 3.387133e-01 3.387133e-01 9.715237e-01 1.603759e+00 4.924660e+00 0.000000e+00 -1.000000e+00 8.783237e-02 0.000000e+00 2.909573e+00
4.390675e+00 -1.000000e+00 0.000000e+00 -1.000000e+00 -1.000000e+00 6.500000e+02 4.771953e-01 -1.000000e+00 -1.000000e+00 1.358301e+01 0.000000e+00 -1.000000e+00 0.000000e+00 1.681900e-02 9.500000e+02 6.355344e+00 0.000000e+00 -9.990070e+05 3.000000e+00 -1.000000e+00 9.621833e-01 -1.0 0.000000e+00 0.000000e+00 -1.000000e+00 8.328543e-01 -1.000000e+00 -9.990070e+05 5.362449e-01 5.362449e-01 9.760141e-01 3.180277e+00 9.355925e+00 0.000000e+00 -1.000000e+00 1.379622e-01 0.000000e+00 5.728804e+00
1.022784e+00 -1.000000e+00 0.000000e+00 -1.000000e+00 -1.000000e+00 8.500000e+02 1.674865e-01 -1.000000e+00 -1.000000e+00 3.189531e+00 0.000000e+00 -1.000000e+00 0.000000e+00 7.436764e-04 9.500000e+02 1.482672e+00 0.000000e+00 -9.990070e+05 3.000000e+00 -1.000000e+00 2.512736e-01 -1.0 0.000000e+00 0.000000e+00 -1.000000e+00 6.215313e-01 -1.000000e+00 -9.990070e+05 9.814832e-02 9.814832e-02 9.417140e-01 7.421557e-01 2.185780e+00 0.000000e+00 -1.000000e+00 1.762989e-02 0.000000e+00 1.335072e+00
