1.963870e-01 -1.000000e+00 0.000000e+00 -1.000000e+00 -1.000000e+00 0.000000e+00 2.950150e-08 -1.000000e+00 -1.000000e+00 5.726506e-01 0.000000e+00 -1.000000e+00 0.000000e+00 4.544804e-14 1.000000e+03 2.789316e-01 0.000000e+00 -9.990070e+05 3.000000e+00 -1.000000e+00 5.367985e-08 -1.0 0.000000e+00 0.000000e+00 -1.000000e+00 5.509989e-06 -1.000000e+00 -9.990070e+05 2.642839e-08 2.642839e-08 3.935531e-04 1.439024e-01 4.037061e-01 0.000000e+00 -1.000000e+00 5.974685e-11 0.000000e+00 2.766958e-01
-1.000000e+00 -1.000000e+00 0.000000e+00 -1.000000e+00 -1.000000e+00 6.000000e+02 3.473501e-01 -1.000000e+00 -1.000000e+00 -1.000000e+00 0.000000e+00 -1.000000e+00 0.000000e+00 4.387131e-03 1.000000e+03 -1.000000e+00 0.000000e+00 -9.990070e+05 3.000000e+00 -1.000000e+00 7.196635e-01 -1.0 0.000000e+00 0.000000e+00 -1.000000e+00 7.750931e-01 -1.000000e+00 -9.990070e+05 3.838370e-01 3.838370e-01 9.674441e-01 -1.000000e+00 -1.000000e+00 0.000000e+00 -1.000000e+00 6.275050e-02 0.000000e+00 -1.000000e+00
4.730787e+00 -1.000000e+00 0.000000e+00 -1.000000e+00 -1.000000e+00 8.000000e+02 4.796321e-01 -1.000000e+00 -1.000000e+00 1.398295e+01 0.000000e+00 -1.000000e+00 0.000000e+00 1.734612e-02 1.000000e+03 6.728202e+00 0.000000e+00 -9.990070e+05 3.000000e+00 -1.000000e+00 9.845600e-01 -1.0 0.000000e+00 0.000000e+00 -1.000000e+00 8.337779e-01 -1.000000e+00 -9.990070e+05 7.396116e-01 7.396116e-01 9.761487e-01 3.504856e+00 9.780387e+00 0.000000e+00 -1.000000e+00 1.400378e-01 0.000000e+00 6.673713e+00
1.094731e+00 -1.000000e+00 0.000000e+00 -1.000000e+00 -1.000000e+00 5.500000e+02 1.884118e-01 -1.000000e+00 -1.000000e+00 3.373234e+00 0.000000e+00 -1.000000e+00 0.000000e+00 9.521585e-04 1.050000e+03 1.571604e+00 0.000000e+00 -9.990070e+05 3.000000e+00 -1.000000e+00 3.723427e-01 -1.0 0.000000e+00 0.000000e+00 -1.000000e+00 6.490043e-01 -1.000000e+00 -9.990070e+05 1.842634e-01 1.842634e-01 9.468109e-01 8.052578e-01 2.315897e+00 0.000000e+00 -1.000000e+00 2.117264e-02 0.000000e+00 1.557074e+00
3.656376e+00 -1.000000e+00 0.000000e+00 -1.000000e+00 -1.000000e+00 7.500000e+02 4.650402e-01 -1.000000e+00 -1.000000e+00 1.130067e+01 0.000000e+00 -1.000000e+00 0.000000e+00 1.448599e-02 1.050000e+03 5.218662e+00 0.000000e+00 -9.990070e+05 3.000000e+00 -1.000000e+00 9.651087e-01 -1.0 0.000000e+00 0.000000e+00 -1.000000e+00 8.281838e-01 -1.000000e+00 -9.990070e+05 6.698228e-01 6.698228e-01 9.753322e-01 2.676059e+00 7.731657e+00 0.000000e+00 -1.000000e+00 1.280672e-01 0.000000e+00 5.179618e+00
-1.000000e+00 -1.000000e+00 0.000000e+00 -1.000000e+00 -1.000000e+00 1.000000e+02 8.168301e-07 -1.000000e+00 -1.000000e+00 -1.000000e+00 0.000000e+00 -1.000000e+00 0.000000e+00 4.169825e-12 1.100000e+03 -1.000000e+00 0.000000e+00 -9.990070e+05 3.000000e+00 -1.000000e+00 1.499033e-06 -1.0 0.000000e+00 0.000000e+00 -1.000000e+00 8.448679e-05 -1.000000e+00 -9.990070e+05 7.376268e-07 7.376268e-07 3.375436e-03 -1.000000e+00 -1.000000e+00 0.000000e+00 -1.000000e+00 3.005404e-09 0.000000e+00 -1.000000e+00
2.936271e-01 -1.000000e+00 0.000000e+00 -1.000000e+00 -1.000000e+00 3.000000e+02 3.464930e-05 -1.000000e+00 -1.000000e+00 8.543746e-01 0.000000e+00 -1.000000e+00 0.000000e+00 8.224272e-10 1.100000e+03 4.161657e-01 0.000000e+00 -9.990070e+05 3.000000e+00 -1.000000e+00 6.435584e-05 -1.0 0.000000e+00 0.000000e+00 -1.000000e+00 1.686381e-03 -1.000000e+00 -9.990070e+05 3.164507e-05 3.164507e-05 3.231135e-02 2.170673e-01 6.018187e-01 0.000000e+00 -1.000000e+00 2.739537e-07 0.000000e+00 4.126808e-01
-1.000000e+00 -1.000000e+00 0.000000e+00 -1.000000e+00 -1.000000e+00 5.000000e+02 2.146013e-02 -1.000000e+00 -1.000000e+00 -1.000000e+00 0.000000e+00 -1.000000e+00 0.000000e+00 1.709642e-05 1.100000e+03 -1.000000e+00 0.000000e+00 -9.990070e+05 3.000000e+00 -1.000000e+00 4.117964e-02 -1.0 0.000000e+00 0.000000e+00 -1.000000e+00 1.934498e-01 -1.000000e+00 -9.990070e+05 2.022147e-02 2.022147e-02 7.141526e-01 -1.000000e+00 -1.000000e+00 0.000000e+00 -1.000000e+00 9.675906e-04 0.000000e+00 -1.000000e+00
2.726392e+00 -1.000000e+00 0.000000e+00 -1.000000e+00 -1.000000e+00 7.000000e+02 4.368463e-01 -1.000000e+00 -1.000000e+00 8.490080e+00 0.000000e+00 -1.000000e+00 0.000000e+00 1.051123e-02 1.100000e+03 3.902855e+00 0.000000e+00 -9.990070e+05 3.000000e+00 -1.000000e+00 9.160604e-01 -1.0 0.000000e+00 0.000000e+00 -1.000000e+00 8.168949e-01 -1.000000e+00 -9.990070e+05 5.728884e-01 5.728884e-01 9.736773e-01 1.990109e+00 5.794220e+00 0.000000e+00 -1.000000e+00 1.078343e-01 0.000000e+00 3.873413e+00
7.577653e+00 -1.000000e+00 0.000000e+00 -1.000000e+00 -1.000000e+00 9.000000e+02 4.919852e-01 -1.000000e+00 -1.000000e+00 2.260583e+01 0.000000e+00 -1.000000e+00 0.000000e+00 2.038755e-02 1.100000e+03 1.081081e+01 0.000000e+00 -9.990070e+05 3.000000e+00 -1.000000e+00 9.962438e-01 -1.0 0.000000e+00 0.000000e+00 -1.000000e+00 8.383985e-01 -1.000000e+00 -9.990070e+05 8.283806e-01 8.283806e-01 9.768216e-01 5.592361e+00 1.575733e+01 0.000000e+00 -1.000000e+00 1.510530e-01 0.000000e+00 1.071843e+01
2.837641e-01 -1.000000e+00 0.000000e+00 -1.000000e+00 -1.000000e+00 2.500000e+02 2.196188e-05 -1.000000e+00 -1.000000e+00 8.267871e-01 0.000000e+00 -1.000000e+00 0.000000e+00 4.266549e-10 1.150000e+03 4.015671e-01 0.000000e+00 -9.990070e+05 3.000000e+00 -1.000000e+00 4.075786e-05 -1.0 0.000000e+00 0.000000e+00 -1.000000e+00 1.178842e-03 -1.000000e+00 -9.990070e+05 2.004698e-05 2.004698e-05 2.483558e-02 2.096898e-01 5.817606e-01 0.000000e+00 -1.000000e+00 1.571743e-07 0.000000e+00 3.985188e-01
-1.000000e+00 -1.000000e+00 0.000000e+00 -1.000000e+00 -1.000000e+00 4.500000e+02 3.700374e-03 -1.000000e+00 -1.000000e+00 -1.000000e+00 0.000000e+00 -1.000000e+00 0.000000e+00 9.455949e-07 1.150000e+03 -1.000000e+00 0.000000e+00 -9.990070e+05 3.000000e+00 -1.000000e+00 7.021604e-03 -1.0 0.000000e+00 0.000000e+00 -1.000000e+00 5.708775e-02 -1.000000e+00 -9.990070e+05 3.449376e-03 3.449376e-03 3.660281e-01 -1.000000e+00 -1.000000e+00 0.000000e+00 -1.000000e+00 9.515106e-05 0.000000e+00 -1.000000e+00
3.073494e-01 -1.000000e+00 0.000000e+00 -1.000000e+00 -1.000000e+00 5.000000e+01 6.242782e-05 -1.000000e+00 -1.000000e+00 8.935321e-01 0.000000e+00 -1.000000e+00 0.000000e+00 1.931792e-09 1.150000e+03 4.373325e-01 0.000000e+00 -9.990070e+05 3.000000e+00 -1.000000e+00 1.162501e-04 -1.0 0.000000e+00 0.000000e+00 -1.000000e+00 2.669454e-03 -1.000000e+00 -9.990070e+05 5.716075e-05 5.716075e-05 4.512999e-02 2.262943e-01 6.312892e-01 0.000000e+00 -1.000000e+00 5.631596e-07 0.000000e+00 4.335631e-01
-1.000000e+00 -1.000000e+00 0.000000e+00 -1.000000e+00 -1.000000e+00 6.500000e+02 3.178694e-01 -1.000000e+00 -1.000000e+00 -1.000000e+00 0.000000e+00 -1.000000e+00 0.000000e+00 3.360013e-03 1.150000e+03 -1.000000e+00 0.000000e+00 -9.990070e+05 3.000000e+00 -1.000000e+00 6.524106e-01 -1.0 0.000000e+00 0.000000e+00 -1.000000e+00 7.584008e-01 -1.000000e+00 -9.990070e+05 3.392610e-01 3.392610e-01 9.648959e-01 -1.000000e+00 -1.000000e+00 0.000000e+00 -1.000000e+00 5.236014e-02 0.000000e+00 -1.000000e+00
5.794267e+00 -1.000000e+00 0.000000e+00 -1.000000e+00 -1.000000e+00 8.500000e+02 4.861944e-01 -1.000000e+00 -1.000000e+00 1.739991e+01 0.000000e+00 -1.000000e+00 0.000000e+00 1.887999e-02 1.150000e+03 8.274341e+00 0.000000e+00 -9.990070e+05 3.000000e+00 -1.000000e+00 9.914940e-01 -1.0 0.000000e+00 0.000000e+00 -1.000000e+00 8.362449e-01 -1.000000e+00 -9.990070e+05 7.821365e-01 7.821365e-01 9.765081e-01 4.271929e+00 1.208666e+01 0.000000e+00 -1.000000e+00 1.457854e-01 0.000000e+00 8.203146e+00
3.768097e-01 -1.000000e+00 0.000000e+00 -1.000000e+00 -1.000000e+00 0.000000e+00 6.276413e-04 -1.000000e+00 -1.000000e+00 1.086227e+00 0.000000e+00 -1.000000e+00 0.000000e+00 5.980626e-08 1.200000e+03 5.330026e-01 0.000000e+00 -9.990070e+05 3.000000e+00 -1.000000e+00 1.179785e-03 -1.0 0.000000e+00 0.000000e+00 -1.000000e+00 1.554701e-02 -1.000000e+00 -9.990070e+05 5.797593e-04 5.797593e-04 1.557849e-01 2.787838e-01 7.683468e-01 0.000000e+00 -1.000000e+00 9.898471e-06 0.000000e+00 5.286377e-01
3.258591e-01 -1.000000e+00 0.000000e+00 -1.000000e+00 -1.000000e+00 2.000000e+02 1.189121e-04 -1.000000e+00 -1.000000e+00 9.390751e-01 0.000000e+00 -1.000000e+00 0.000000e+00 4.964488e-09 1.200000e+03 4.607686e-01 0.000000e+00 -9.990070e+05 3.000000e+00 -1.000000e+00 2.219877e-04 -1.0 0.000000e+00 0.000000e+00 -1.000000e+00 4.394544e-03 -1.000000e+00 -9.990070e+05 1.091372e-04 1.091372e-04 6.455054e-02 2.405911e-01 6.650893e-01 0.000000e+00 -1.000000e+00 1.244875e-06 0.000000e+00 4.564311e-01
-1.000000e+00 -1.000000e+00 0.000000e+00 -1.000000e+00 -1.000000e+00 4.000000e+02 1.793308e-03 -1.000000e+00 -1.000000e+00 -1.000000e+00 0.000000e+00 -1.000000e+00 0.000000e+00 3.015339e-07 1.200000e+03 -1.000000e+00 0.000000e+00 -9.990070e+05 3.000000e+00 -1.000000e+00 3.387824e-03 -1.0 0.000000e+00 0.000000e+00 -1.000000e+00 3.379694e-02 -1.000000e+00 -9.990070e+05 1.664302e-03 1.664302e-03 2.615700e-01 -1.000000e+00 -1.000000e+00 0.000000e+00 -1.000000e+00 3.748058e-05 0.000000e+00 -1.000000e+00
-1.000000e+00 -1.000000e+00 0.000000e+00 -1.000000e+00 -1.000000e+00 6.000000e+02 1.230148e-01 -1.000000e+00 -1.000000e+00 -1.000000e+00 0.000000e+00 -1.000000e+00 0.000000e+00 4.006310e-04 1.200000e+03 -1.000000e+00 0.000000e+00 -9.990070e+05 3.000000e+00 -1.000000e+00 2.400838e-01 -1.0 0.000000e+00 0.000000e+00 -1.000000e+00 5.459283e-01 -1.000000e+00 -9.990070e+05 1.180266e-01 1.180266e-01 9.258244e-01 -1.000000e+00 -1.000000e+00 0.000000e+00 -1.000000e+00 1.109293e-02 0.000000e+00 -1.000000e+00
4.335072e+00 -1.000000e+00 0.000000e+00 -1.000000e+00 -1.000000e+00 8.000000e+02 4.756069e-01 -1.000000e+00 -1.000000e+00 1.273157e+01 0.000000e+00 -1.000000e+00 0.000000e+00 1.648689e-02 1.200000e+03 6.178792e+00 0.000000e+00 -9.990070e+05 3.000000e+00 -1.000000e+00 9.797707e-01 -1.0 0.000000e+00 0.000000e+00 -1.000000e+00 8.322500e-01 -1.000000e+00 -9.990070e+05 7.186396e-01 7.186396e-01 9.759259e-01 3.209275e+00 8.959884e+00 0.000000e+00 -1.000000e+00 1.366260e-01 0.000000e+00 6.129337e+00
-1.000000e+00 -1.000000e+00 0.000000e+00 -1.000000e+00 -1.000000e+00 1.500000e+02 1.190204e-03 -1.000000e+00 -1.000000e+00 -1.000000e+00 0.000000e+00 -1.000000e+00 0.000000e+00 1.595206e-07 1.250000e+03 -1.000000e+00 0.000000e+00 -9.990070e+05 3.000000e+00 -1.000000e+00 2.244100e-03 -1.0 0.000000e+00 0.000000e+00 -1.000000e+00 2.501199e-02 -1.000000e+00 -9.990070e+05 1.102597e-03 1.102597e-03 2.145002e-01 -1.000000e+00 -1.000000e+00 0.000000e+00 -1.000000e+00 2.223106e-05 0.000000e+00 -1.000000e+00
4.283915e-01 -1.000000e+00 0.000000e+00 -1.000000e+00 -1.000000e+00 3.500000e+02 2.171823e-03 -1.000000e+00 -1.000000e+00 1.236830e+00 0.000000e+00 -1.000000e+00 0.000000e+00 4.069646e-07 1.250000e+03 6.052468e-01 0.000000e+00 -9.990070e+05 3.000000e+00 -1.000000e+00 4.108382e-03 -1.0 0.000000e+00 0.000000e+00 -1.000000e+00 3.885951e-02 -1.000000e+00 -9.990070e+05 2.018396e-03 2.018396e-03 2.864217e-01 3.167216e-01 8.745512e-01 0.000000e+00 -1.000000e+00 4.789449e-05 0.000000e+00 6.007668e-01
6.807980e-01 -1.000000e+00 4.000000e+03 -1.000000e+00 -1.000000e+00 5.500000e+02 4.210390e-02 -1.000000e+00 -1.000000e+00 1.971953e+00 0.000000e+00 -1.000000e+00 1.000000e+00 5.520271e-05 1.250000e+03 9.635889e-01 1.000000e+00 -9.990070e+05 3.000000e+00 -1.000000e+00 8.114316e-02 -1.0 0.000000e+00 0.000000e+00 -1.000000e+00 2.998032e-01 -1.000000e+00 -9.990070e+05 3.982459e-02 3.982459e-02 8.263162e-01 5.031187e-01 1.393738e+00 0.000000e+00 -1.000000e+00 2.425915e-03 0.000000e+00 9.561172e-01
-1.000000e+00 -1.000000e+00 0.000000e+00 -1.000000e+00 -1.000000e+00 7.500000e+02 4.204796e-01 -1.000000e+00 -1.000000e+00 -1.000000e+00 0.000000e+00 -1.000000e+00 0.000000e+00 8.842269e-03 1.250000e+03 -1.000000e+00 0.000000e+00 -9.990070e+05 3.000000e+00 -1.000000e+00 8.829548e-01 -1.0 0.000000e+00 0.000000e+00 -1.000000e+00 8.100048e-01 -1.000000e+00 -9.990070e+05 5.284121e-01 5.284121e-01 9.726621e-01 -1.000000e+00 -1.000000e+00 0.000000e+00 -1.000000e+00 9.764065e-02 0.000000e+00 -1.000000e+00
-1.000000e+00 -1.000000e+00 0.000000e+00 -1.000000e+00 -1.000000e+00 1.000000e+02 6.606206e-03 -1.000000e+00 -1.000000e+00 -1.000000e+00 0.000000e+00 -1.000000e+00 0.000000e+00 2.404445e-06 1.300000e+03 -1.000000e+00 0.000000e+00 -9.990070e+05 3.000000e+00 -1.000000e+00 1.256925e-02 -1.0 0.000000e+00 0.000000e+00 -1.000000e+00 8.614582e-02 -1.000000e+00 -9.990070e+05 6.172209e-03 6.172209e-03 4.706166e-01 -1.000000e+00 -1.000000e+00 0.000000e+00 -1.000000e+00 2.023461e-04 0.000000e+00 -1.000000e+00
-1.000000e+00 -1.000000e+00 0.000000e+00 -1.000000e+00 -1.000000e+00 3.000000e+02 6.463711e-03 -1.000000e+00 -1.000000e+00 -1.000000e+00 0.000000e+00 -1.000000e+00 0.000000e+00 2.320702e-06 1.300000e+03 -1.000000e+00 0.000000e+00 -9.990070e+05 3.000000e+00 -1.000000e+00 1.229707e-02 -1.0 0.000000e+00 0.000000e+00 -1.000000e+00 8.483453e-02 -1.000000e+00 -9.990070e+05 6.038688e-03 6.038688e-03 4.663607e-01 -1.000000e+00 -1.000000e+00 0.000000e+00 -1.000000e+00 1.966507e-04 0.000000e+00 -1.000000e+00
-1.000000e+00 -1.000000e+00 0.000000e+00 -1.000000e+00 -1.000000e+00 5.000000e+02 2.769764e-02 -1.000000e+00 -1.000000e+00 -1.000000e+00 0.000000e+00 -1.000000e+00 0.000000e+00 2.651181e-05 1.300000e+03 -1.000000e+00 0.000000e+00 -9.990070e+05 3.000000e+00 -1.000000e+00 5.322499e-02 -1.0 0.000000e+00 0.000000e+00 -1.000000e+00 2.290157e-01 -1.000000e+00 -9.990070e+05 2.612975e-02 2.612975e-02 7.612700e-01 -1.000000e+00 -1.000000e+00 0.000000e+00 -1.000000e+00 1.367002e-03 0.000000e+00 -1.000000e+00
-1.000000e+00 -1.000000e+00 0.000000e+00 -1.000000e+00 -1.000000e+00 7.000000e+02 2.825633e-01 -1.000000e+00 -1.000000e+00 -1.000000e+00 0.000000e+00 -1.000000e+00 0.000000e+00 2.439267e-03 1.300000e+03 -1.000000e+00 0.000000e+00 -9.990070e+05 3.000000e+00 -1.000000e+00 5.732284e-01 -1.0 0.000000e+00 0.000000e+00 -1.000000e+00 7.355339e-01 -1.000000e+00 -9.990070e+05 2.917913e-01 2.917913e-01 9.613349e-01 -1.000000e+00 -1.000000e+00 0.000000e+00 -1.000000e+00 4.186814e-02 0.000000e+00 -1.000000e+00
7.296228e+00 -1.000000e+00 0.000000e+00 -1.000000e+00 -1.000000e+00 9.000000e+02 4.913173e-01 -1.000000e+00 -1.000000e+00 2.241139e+01 0.000000e+00 -1.000000e+00 0.000000e+00 2.020568e-02 1.300000e+03 1.040520e+01 0.000000e+00 -9.990070e+05 3.000000e+00 -1.000000e+00 9.957654e-01 -1.0 0.000000e+00 0.000000e+00 -1.000000e+00 8.381512e-01 -1.000000e+00 -9.990070e+05 8.222678e-01 8.222678e-01 9.767856e-01 5.363430e+00 1.533393e+01 0.000000e+00 -1.000000e+00 1.504359e-01 0.000000e+00 1.030611e+01
5.937044e-01 -1.000000e+00 0.000000e+00 -1.000000e+00 -1.000000e+00 2.500000e+02 2.102539e-02 -1.000000e+00 -1.000000e+00 1.703140e+00 0.000000e+00 -1.000000e+00 0.000000e+00 1.650928e-05 1.350000e+03 8.386930e-01 0.000000e+00 -9.990070e+05 3.000000e+00 -1.000000e+00 4.029736e-02 -1.0 0.000000e+00 0.000000e+00 -1.000000e+00 1.908251e-01 -1.000000e+00 -9.990070e+05 1.977925e-02 1.977925e-02 7.101666e-01 4.392062e-01 1.208982e+00 0.000000e+00 -1.000000e+00 9.412489e-04 0.000000e+00 8.321489e-01
-1.000000e+00 -1.000000e+00 0.000000e+00 -1.000000e+00 -1.000000e+00 4.500000e+02 3.528617e-02 -1.000000e+00 -1.000000e+00 -1.000000e+00 0.000000e+00 -1.000000e+00 0.000000e+00 4.042675e-05 1.350000e+03 -1.000000e+00 0.000000e+00 -9.990070e+05 3.000000e+00 -1.000000e+00 6.789542e-02 -1.0 0.000000e+00 0.000000e+00 -1.000000e+00 2.679742e-01 -1.000000e+00 -9.990070e+05 3.332106e-02 3.332106e-02 8.008661e-01 -1.000000e+00 -1.000000e+00 0.000000e+00 -1.000000e+00 1.902614e-03 0.000000e+00 -1.000000e+00
-1.000000e+00 -1.000000e+00 0.000000e+00 -1.000000e+00 -1.000000e+00 5.000000e+01 3.574895e-02 -1.000000e+00 -1.000000e+00 -1.000000e+00 0.000000e+00 -1.000000e+00 0.000000e+00 4.136183e-05 1.350000e+03 -1.000000e+00 0.000000e+00 -9.990070e+05 3.000000e+00 -1.000000e+00 6.878878e-02 -1.0 0.000000e+00 0.000000e+00 -1.000000e+00 2.702221e-01 -1.000000e+00 -9.990070e+05 3.375839e-02 3.375839e-02 8.028434e-01 -1.000000e+00 -1.000000e+00 0.000000e+00 -1.000000e+00 1.936917e-03 0.000000e+00 -1.000000e+00
-1.000000e+00 -1.000000e+00 0.000000e+00 -1.000000e+00 -1.000000e+00 6.500000e+02 2.284590e-01 -1.000000e+00 -1.000000e+00 -1.000000e+00 0.000000e+00 -1.000000e+00 0.000000e+00 1.456632e-03 1.350000e+03 -1.000000e+00 0.000000e+00 -9.990070e+05 3.000000e+00 -1.000000e+00 4.559398e-01 -1.0 0.000000e+00 0.000000e+00 -1.000000e+00 6.917521e-01 -1.000000e+00 -9.990070e+05 2.274835e-01 2.274835e-01 9.542299e-01 -1.000000e+00 -1.000000e+00 0.000000e+00 -1.000000e+00 2.891540e-02 0.000000e+00 -1.000000e+00
3.849526e+00 -1.000000e+00 0.000000e+00 -1.000000e+00 -1.000000e+00 8.500000e+02 4.688656e-01 -1.000000e+00 -1.000000e+00 1.132163e+01 0.000000e+00 -1.000000e+00 0.000000e+00 1.517089e-02 1.350000e+03 5.477266e+00 0.000000e+00 -9.990070e+05 3.000000e+00 -1.000000e+00 9.707027e-01 -1.0 0.000000e+00 0.000000e+00 -1.000000e+00 8.296654e-01 -1.000000e+00 -9.990070e+05 6.862710e-01 6.862710e-01 9.755487e-01 2.842688e+00 7.939417e+00 0.000000e+00 -1.000000e+00 1.311005e-01 0.000000e+00 5.429850e+00
8.228295e-01 -1.000000e+00 0.000000e+00 -1.000000e+00 -1.000000e+00 0.000000e+00 8.781163e-02 -1.000000e+00 -1.000000e+00 2.362334e+00 0.000000e+00 -1.000000e+00 0.000000e+00 2.103488e-04 1.400000e+03 1.161432e+00 0.000000e+00 -9.990070e+05 3.000000e+00 -1.000000e+00 1.704535e-01 -1.0 0.000000e+00 0.000000e+00 -1.000000e+00 4.617472e-01 -1.000000e+00 -9.990070e+05 8.368195e-02 8.368195e-02 9.031600e-01 6.085430e-01 1.675616e+00 0.000000e+00 -1.000000e+00 6.804312e-03 0.000000e+00 1.153006e+00
-1.000000e+00 -1.000000e+00 0.000000e+00 -1.000000e+00 -1.000000e+00 2.000000e+02 5.834022e-02 -1.000000e+00 -1.000000e+00 -1.000000e+00 0.000000e+00 -1.000000e+00 0.000000e+00 9.903626e-05 1.400000e+03 -1.000000e+00 0.000000e+00 -9.990070e+05 3.000000e+00 -1.000000e+00 1.127478e-01 -1.0 0.000000e+00 0.000000e+00 -1.000000e+00 3.662292e-01 -1.000000e+00 -9.990070e+05 5.533350e-02 5.533350e-02 8.658106e-01 -1.000000e+00 -1.000000e+00 0.000000e+00 -1.000000e+00 3.816488e-03 0.000000e+00 -1.000000e+00
-1.000000e+00 -1.000000e+00 0.000000e+00 -1.000000e+00 -1.000000e+00 4.000000e+02 6.093403e-02 -1.000000e+00 -1.000000e+00 -1.000000e+00 0.000000e+00 -1.000000e+00 0.000000e+00 1.071732e-04 1.400000e+03 -1.000000e+00 0.000000e+00 -9.990070e+05 3.000000e+00 -1.000000e+00 1.178078e-01 -1.0 0.000000e+00 0.000000e+00 -1.000000e+00 3.758086e-01 -1.000000e+00 -9.990070e+05 5.781698e-02 5.781698e-02 8.703855e-01 -1.000000e+00 -1.000000e+00 0.000000e+00 -1.000000e+00 4.056242e-03 0.000000e+00 -1.000000e+00
-1.000000e+00 -1.000000e+00 0.000000e+00 -1.000000e+00 -1.000000e+00 6.000000e+02 1.620844e-01 -1.000000e+00 -1.000000e+00 -1.000000e+00 0.000000e+00 -1.000000e+00 0.000000e+00 6.951201e-04 1.400000e+03 -1.000000e+00 0.000000e+00 -9.990070e+05 3.000000e+00 -1.000000e+00 3.184693e-01 -1.0 0.000000e+00 0.000000e+00 -1.000000e+00 6.137175e-01 -1.000000e+00 -9.990070e+05 1.570252e-01 1.570252e-01 9.402083e-01 -1.000000e+00 -1.000000e+00 0.000000e+00 -1.000000e+00 1.676595e-02 0.000000e+00 -1.000000e+00
-1.000000e+00 -1.000000e+00 0.000000e+00 -1.000000e+00 -1.000000e+00 8.000000e+02 4.158959e-01 -1.000000e+00 -1.000000e+00 -1.000000e+00 0.000000e+00 -1.000000e+00 0.000000e+00 8.436287e-03 1.400000e+03 -1.000000e+00 0.000000e+00 -9.990070e+05 3.000000e+00 -1.000000e+00 8.733123e-01 -1.0 0.000000e+00 0.000000e+00 -1.000000e+00 8.080249e-01 -1.000000e+00 -9.990070e+05 5.171341e-01 5.171341e-01 9.723696e-01 -1.000000e+00 -1.000000e+00 0.000000e+00 -1.000000e+00 9.496869e-02 0.000000e+00 -1.000000e+00
-1.000000e+00 -1.000000e+00 0.000000e+00 -1.000000e+00 -1.000000e+00 1.500000e+02 1.319369e-01 -1.000000e+00 -1.000000e+00 -1.000000e+00 0.000000e+00 -1.000000e+00 0.000000e+00 4.596424e-04 1.450000e+03 -1.000000e+00 0.000000e+00 -9.990070e+05 3.000000e+00 -1.000000e+00 2.578272e-01 -1.0 0.000000e+00 0.000000e+00 -1.000000e+00 5.633995e-01 -1.000000e+00 -9.990070e+05 1.268004e-01 1.268004e-01 9.297891e-01 -1.000000e+00 -1.000000e+00 0.000000e+00 -1.000000e+00 1.230211e-02 0.000000e+00 -1.000000e+00
-1.000000e+00 -1.000000e+00 4.000000e+03 -1.000000e+00 -1.000000e+00 3.500000e+02 1.131656e-01 -1.000000e+00 -1.000000e+00 -1.000000e+00 0.000000e+00 -1.000000e+00 1.000000e+00 3.407247e-04 1.450000e+03 -1.000000e+00 1.000000e+00 -9.990070e+05 3.000000e+00 -1.000000e+00 2.205009e-01 -1.0 0.000000e+00 0.000000e+00 -1.000000e+00 5.250018e-01 -1.000000e+00 -9.990070e+05 1.083408e-01 1.083408e-01 9.207890e-01 -1.000000e+00 -1.000000e+00 0.000000e+00 -1.000000e+00 9.815756e-03 0.000000e+00 -1.000000e+00
-1.000000e+00 -1.000000e+00 0.000000e+00 -1.000000e+00 -1.000000e+00 5.500000e+02 1.607214e-01 -1.000000e+00 -1.000000e+00 -1.000000e+00 0.000000e+00 -1.000000e+00 0.000000e+00 6.831910e-04 1.450000e+03 -1.000000e+00 0.000000e+00 -9.990070e+05 3.000000e+00 -1.000000e+00 3.157046e-01 -1.0 0.000000e+00 0.000000e+00 -1.000000e+00 6.116944e-01 -1.000000e+00 -9.990070e+05 1.556383e-01 1.556383e-01 9.398141e-01 -1.000000e+00 -1.000000e+00 0.000000e+00 -1.000000e+00 1.655114e-02 0.000000e+00 -1.000000e+00
-1.000000e+00 -1.000000e+00 0.000000e+00 -1.000000e+00 -1.000000e+00 7.500000e+02 3.351251e-01 -1.000000e+00 -1.000000e+00 -1.000000e+00 0.000000e+00 -1.000000e+00 0.000000e+00 3.926382e-03 1.450000e+03 -1.000000e+00 0.000000e+00 -9.990070e+05 3.000000e+00 -1.000000e+00 6.916810e-01 -1.0 0.000000e+00 0.000000e+00 -1.000000e+00 7.683983e-01 -1.000000e+00 -9.990070e+05 3.646769e-01 3.646769e-01 9.664268e-01 -1.000000e+00 -1.000000e+00 0.000000e+00 -1.000000e+00 5.823770e-02 0.000000e+00 -1.000000e+00
-1.000000e+00 -1.000000e+00 0.000000e+00 -1.000000e+00 -1.000000e+00 0.000000e+00 2.356756e-01 -1.000000e+00 -1.000000e+00 -1.000000e+00 0.000000e+00 -1.000000e+00 0.000000e+00 1.564994e-03 1.500000e+03 -1.000000e+00 0.000000e+00 -9.990070e+05 3.000000e+00 -1.000000e+00 4.712793e-01 -1.0 0.000000e+00 0.000000e+00 -1.000000e+00 6.983760e-01 -1.000000e+00 -9.990070e+05 2.356028e-01 2.356028e-01 9.553331e-01 -1.000000e+00 -1.000000e+00 0.000000e+00 -1.000000e+00 3.046185e-02 0.000000e+00 -1.000000e+00
-1.000000e+00 -1.000000e+00 0.000000e+00 -1.000000e+00 -1.000000e+00 1.000000e+02 2.210602e-01 -1.000000e+00 -1.000000e+00 -1.000000e+00 0.000000e+00 -1.000000e+00 0.000000e+00 1.351552e-03 1.500000e+03 -1.000000e+00 0.000000e+00 -9.990070e+05 3.000000e+00 -1.000000e+00 4.403069e-01 -1.0 0.000000e+00 0.000000e+00 -1.000000e+00 6.846564e-01 -1.000000e+00 -9.990070e+05 2.192786e-01 2.192786e-01 9.530355e-01 -1.000000e+00 -1.000000e+00 0.000000e+00 -1.000000e+00 2.738078e-02 0.000000e+00 -1.000000e+00
-1.000000e+00 -1.000000e+00 0.000000e+00 -1.000000e+00 -1.000000e+00 3.000000e+02 1.822794e-01 -1.000000e+00 -1.000000e+00 -1.000000e+00 0.000000e+00 -1.000000e+00 0.000000e+00 8.875554e-04 1.500000e+03 -1.000000e+00 0.000000e+00 -9.990070e+05 3.000000e+00 -1.000000e+00 3.596513e-01 -1.0 0.000000e+00 0.000000e+00 -1.000000e+00 6.413802e-01 -1.000000e+00 -9.990070e+05 1.777824e-01 1.777824e-01 9.454253e-01 -1.000000e+00 -1.000000e+00 0.000000e+00 -1.000000e+00 2.010119e-02 0.000000e+00 -1.000000e+00
-1.000000e+00 -1.000000e+00 0.000000e+00 -1.000000e+00 -1.000000e+00 5.000000e+02 2.150197e-01 -1.000000e+00 -1.000000e+00 -1.000000e+00 0.000000e+00 -1.000000e+00 0.000000e+00 1.270032e-03 1.500000e+03 -1.000000e+00 0.000000e+00 -9.990070e+05 3.000000e+00 -1.000000e+00 4.275717e-01 -1.0 0.000000e+00 0.000000e+00 -1.000000e+00 6.786184e-01 -1.000000e+00 -9.990070e+05 2.126237e-01 2.126237e-01 9.520084e-01 -1.000000e+00 -1.000000e+00 0.000000e+00 -1.000000e+00 2.616458e-02 0.000000e+00 -1.000000e+00
-1.000000e+00 -1.000000e+00 0.000000e+00 -1.000000e+00 -1.000000e+00 7.000000e+02 3.256824e-01 -1.000000e+00 -1.000000e+00 -1.000000e+00 0.000000e+00 -1.000000e+00 0.000000e+00 3.605335e-03 1.500000e+03 -1.000000e+00 0.000000e+00 -9.990070e+05 3.000000e+00 -1.000000e+00 6.701437e-01 -1.0 0.000000e+00 0.000000e+00 -1.000000e+00 7.630118e-01 -1.000000e+00 -9.990070e+05 3.505430e-01 3.505430e-01 9.656038e-01 -1.000000e+00 -1.000000e+00 0.000000e+00 -1.000000e+00 5.495378e-02 0.000000e+00 -1.000000e+00
3.595729e+00 -1.000000e+00 0.000000e+00 -1.000000e+00 -1.000000e+00 9.000000e+02 4.646340e-01 -1.000000e+00 -1.000000e+00 1.046375e+01 0.000000e+00 -1.000000e+00 0.000000e+00 1.441568e-02 1.500000e+03 5.112591e+00 0.000000e+00 -9.990070e+05 3.000000e+00 -1.000000e+00 9.644949e-01 -1.0 0.000000e+00 0.000000e+00 -1.000000e+00 8.280258e-01 -1.000000e+00 -9.990070e+05 6.681273e-01 6.681273e-01 9.753091e-01 2.662866e+00 7.387438e+00 0.000000e+00 -1.000000e+00 1.277493e-01 0.000000e+00 5.070576e+00
-1.000000e+00 -1.000000e+00 0.000000e+00 -1.000000e+00 -1.000000e+00 2.500000e+02 2.800992e-01 -1.000000e+00 -1.000000e+00 -1.000000e+00 0.000000e+00 -1.000000e+00 0.000000e+00 2.384700e-03 1.550000e+03 -1.000000e+00 0.000000e+00 -9.990070e+05 3.000000e+00 -1.000000e+00 5.677691e-01 -1.0 0.000000e+00 0.000000e+00 -1.000000e+00 7.337962e-01 -1.000000e+00 -9.990070e+05 2.886605e-01 2.886605e-01 9.610605e-01 -1.000000e+00 -1.000000e+00 0.000000e+00 -1.000000e+00 4.120317e-02 0.000000e+00 -1.000000e+00
-1.000000e+00 -1.000000e+00 0.000000e+00 -1.000000e+00 -1.000000e+00 4.500000e+02 2.679565e-01 -1.000000e+00 -1.000000e+00 -1.000000e+00 0.000000e+00 -1.000000e+00 0.000000e+00 2.131234e-03 1.550000e+03 -1.000000e+00 0.000000e+00 -9.990070e+05 3.000000e+00 -1.000000e+00 5.410433e-01 -1.0 0.000000e+00 0.000000e+00 -1.000000e+00 7.249192e-01 -1.000000e+00 -9.990070e+05 2.735665e-01 2.735665e-01 9.596500e-01 -1.000000e+00 -1.000000e+00 0.000000e+00 -1.000000e+00 3.804012e-02 0.000000e+00 -1.000000e+00
-1.000000e+00 -1.000000e+00 0.000000e+00 -1.000000e+00 -1.000000e+00 5.000000e+01 3.164476e-01 -1.000000e+00 -1.000000e+00 -1.000000e+00 0.000000e+00 -1.000000e+00 0.000000e+00 3.317203e-03 1.550000e+03 -1.000000e+00 0.000000e+00 -9.990070e+05 3.000000e+00 -1.000000e+00 6.491659e-01 -1.0 0.000000e+00 0.000000e+00 -1.000000e+00 7.575459e-01 -1.000000e+00 -9.990070e+05 3.372101e-01 3.372101e-01 9.647644e-01 -1.000000e+00 -1.000000e+00 0.000000e+00 -1.000000e+00 5.189963e-02 0.000000e+00 -1.000000e+00
-1.000000e+00 -1.000000e+00 0.000000e+00 -1.000000e+00 -1.000000e+00 6.500000e+02 3.370281e-01 -1.000000e+00 -1.000000e+00 -1.000000e+00 0.000000e+00 -1.000000e+00 0.000000e+00 3.994600e-03 1.550000e+03 -1.000000e+00 0.000000e+00 -9.990070e+05 3.000000e+00 -1.000000e+00 6.960235e-01 -1.0 0.000000e+00 0.000000e+00 -1.000000e+00 7.694605e-01 -1.000000e+00 -9.990070e+05 3.675822e-01 3.675822e-01 9.665886e-01 -1.000000e+00 -1.000000e+00 0.000000e+00 -1.000000e+00 5.892026e-02 0.000000e+00 -1.000000e+00
2.840683e+00 -1.000000e+00 0.000000e+00 -1.000000e+00 -1.000000e+00 8.500000e+02 4.433027e-01 -1.000000e+00 -1.000000e+00 8.266992e+00 0.000000e+00 -1.000000e+00 0.000000e+00 1.128081e-02 1.550000e+03 4.037747e+00 0.000000e+00 -9.990070e+05 3.000000e+00 -1.000000e+00 9.282980e-01 -1.0 0.000000e+00 0.000000e+00 -1.000000e+00 8.195412e-01 -1.000000e+00 -9.990070e+05 5.922499e-01 5.922499e-01 9.740661e-01 2.102686e+00 5.832759e+00 0.000000e+00 -1.000000e+00 1.121542e-01 0.000000e+00 4.004106e+00
-1.000000e+00 -1.000000e+00 0.000000e+00 -1.000000e+00 -1.000000e+00 0.000000e+00 3.807545e-01 -1.000000e+00 -1.000000e+00 -1.000000e+00 0.000000e+00 -1.000000e+00 0.000000e+00 5.978760e-03 1.600000e+03 -1.000000e+00 0.000000e+00 -9.990070e+05 3.000000e+00 -1.000000e+00 7.958772e-01 -1.0 0.000000e+00 0.000000e+00 -1.000000e+00 7.920031e-01 -1.000000e+00 -9.990070e+05 4.421025e-01 4.421025e-01 9.699883e-01 -1.000000e+00 -1.000000e+00 0.000000e+00 -1.000000e+00 7.681261e-02 0.000000e+00 -1.000000e+00
-1.000000e+00 -1.000000e+00 0.000000e+00 -1.000000e+00 -1.000000e+00 2.000000e+02 3.525669e-01 -1.000000e+00 -1.000000e+00 -1.000000e+00 0.000000e+00 -1.000000e+00 0.000000e+00 4.601116e-03 1.600000e+03 -1.000000e+00 0.000000e+00 -9.990070e+05 3.000000e+00 -1.000000e+00 7.315895e-01 -1.0 0.000000e+00 0.000000e+00 -1.000000e+00 7.778610e-01 -1.000000e+00 -9.990070e+05 3.922902e-01 3.922902e-01 9.678630e-01 -1.000000e+00 -1.000000e+00 0.000000e+00 -1.000000e+00 6.477228e-02 0.000000e+00 -1.000000e+00
-1.000000e+00 -1.000000e+00 0.000000e+00 -1.000000e+00 -1.000000e+00 4.000000e+02 3.439884e-01 -1.000000e+00 -1.000000e+00 -1.000000e+00 0.000000e+00 -1.000000e+00 0.000000e+00 4.254959e-03 1.600000e+03 -1.000000e+00 0.000000e+00 -9.990070e+05 3.000000e+00 -1.000000e+00 7.119392e-01 -1.0 0.000000e+00 0.000000e+00 -1.000000e+00 7.732819e-01 -1.000000e+00 -9.990070e+05 3.784320e-01 3.784320e-01 9.671695e-01 -1.000000e+00 -1.000000e+00 0.000000e+00 -1.000000e+00 6.147881e-02 0.000000e+00 -1.000000e+00
-1.000000e+00 -1.000000e+00 0.000000e+00 -1.000000e+00 -1.000000e+00 6.000000e+02 3.707586e-01 -1.000000e+00 -1.000000e+00 -1.000000e+00 0.000000e+00 -1.000000e+00 0.000000e+00 5.442640e-03 1.600000e+03 -1.000000e+00 0.000000e+00 -9.990070e+05 3.000000e+00 -1.000000e+00 7.731795e-01 -1.0 0.000000e+00 0.000000e+00 -1.000000e+00 7.871356e-01 -1.000000e+00 -9.990070e+05 4.235996e-01 4.235996e-01 9.692595e-01 -1.000000e+00 -1.000000e+00 0.000000e+00 -1.000000e+00 7.231427e-02 0.000000e+00 -1.000000e+00
2.582126e+00 -1.000000e+00 0.000000e+00 -1.000000e+00 -1.000000e+00 8.000000e+02 4.317021e-01 -1.000000e+00 -1.000000e+00 7.453448e+00 0.000000e+00 -1.000000e+00 0.000000e+00 9.946150e-03 1.600000e+03 3.664284e+00 0.000000e+00 -9.990070e+05 3.000000e+00 -1.000000e+00 9.059657e-01 -1.0 0.000000e+00 0.000000e+00 -1.000000e+00 8.147582e-01 -1.000000e+00 -9.990070e+05 5.583006e-01 5.583006e-01 9.733629e-01 1.912805e+00 5.275645e+00 0.000000e+00 -1.000000e+00 1.045163e-01 0.000000e+00 3.633617e+00
-1.000000e+00 -1.000000e+00 0.000000e+00 -1.000000e+00 -1.000000e+00 1.500000e+02 4.101979e-01 -1.000000e+00 -1.000000e+00 -1.000000e+00 0.000000e+00 -1.000000e+00 0.000000e+00 7.963621e-03 1.650000e+03 -1.000000e+00 0.000000e+00 -9.990070e+05 3.000000e+00 -1.000000e+00 8.611344e-01 -1.0 0.000000e+00 0.000000e+00 -1.000000e+00 8.055311e-01 -1.000000e+00 -9.990070e+05 5.036730e-01 5.036730e-01 9.720006e-01 -1.000000e+00 -1.000000e+00 0.000000e+00 -1.000000e+00 9.175192e-02 0.000000e+00 -1.000000e+00
-1.000000e+00 -1.000000e+00 0.000000e+00 -1.000000e+00 -1.000000e+00 3.500000e+02 3.983996e-01 -1.000000e+00 -1.000000e+00 -1.000000e+00 0.000000e+00 -1.000000e+00 0.000000e+00 7.084733e-03 1.650000e+03 -1.000000e+00 0.000000e+00 -9.990070e+05 3.000000e+00 -1.000000e+00 8.353813e-01 -1.0 0.000000e+00 0.000000e+00 -1.000000e+00 8.002452e-01 -1.000000e+00 -9.990070e+05 4.775630e-01 4.775630e-01 9.712166e-01 -1.000000e+00 -1.000000e+00 0.000000e+00 -1.000000e+00 8.544144e-02 0.000000e+00 -1.000000e+00
-1.000000e+00 -1.000000e+00 0.000000e+00 -1.000000e+00 -1.000000e+00 5.500000e+02 4.008062e-01 -1.000000e+00 -1.000000e+00 -1.000000e+00 0.000000e+00 -1.000000e+00 0.000000e+00 7.253957e-03 1.650000e+03 -1.000000e+00 0.000000e+00 -9.990070e+05 3.000000e+00 -1.000000e+00 8.406871e-01 -1.0 0.000000e+00 0.000000e+00 -1.000000e+00 8.013373e-01 -1.000000e+00 -9.990070e+05 4.827168e-01 4.827168e-01 9.713788e-01 -1.000000e+00 -1.000000e+00 0.000000e+00 -1.000000e+00 8.669170e-02 0.000000e+00 -1.000000e+00
2.543775e+00 -1.000000e+00 4.000000e+03 -1.000000e+00 -1.000000e+00 7.500000e+02 4.296734e-01 -1.000000e+00 -1.000000e+00 7.335630e+00 0.000000e+00 -1.000000e+00 1.000000e+00 9.734077e-03 1.650000e+03 3.609216e+00 1.000000e+00 -9.990070e+05 2.000000e+00 -1.000000e+00 9.019150e-01 -1.0 0.000000e+00 0.000000e+00 -1.000000e+00 8.139085e-01 -1.000000e+00 -9.990070e+05 5.527528e-01 5.527528e-01 9.732378e-01 1.884622e+00 5.194376e+00 0.000000e+00 -1.000000e+00 1.032372e-01 1.000000e+00 3.578932e+00
2.826821e+00 -1.000000e+00 0.000000e+00 -1.000000e+00 -1.000000e+00 1.000000e+02 4.431418e-01 -1.000000e+00 -1.000000e+00 8.133854e+00 0.000000e+00 -1.000000e+00 0.000000e+00 1.126076e-02 1.700000e+03 4.011643e+00 0.000000e+00 -9.990070e+05 3.000000e+00 -1.000000e+00 9.280004e-01 -1.0 0.000000e+00 0.000000e+00 -1.000000e+00 8.194757e-01 -1.000000e+00 -9.990070e+05 5.917558e-01 5.917558e-01 9.740565e-01 2.096330e+00 5.771759e+00 0.000000e+00 -1.000000e+00 1.120444e-01 0.000000e+00 3.978921e+00
2.711153e+00 -1.000000e+00 0.000000e+00 -1.000000e+00 -1.000000e+00 3.000000e+02 4.381090e-01 -1.000000e+00 -1.000000e+00 7.803313e+00 0.000000e+00 -1.000000e+00 0.000000e+00 1.065625e-02 1.700000e+03 3.846387e+00 0.000000e+00 -9.990070e+05 3.000000e+00 -1.000000e+00 9.184871e-01 -1.0 0.000000e+00 0.000000e+00 -1.000000e+00 8.174155e-01 -1.000000e+00 -9.990070e+05 5.765551e-01 5.765551e-01 9.737538e-01 2.009526e+00 5.532829e+00 0.000000e+00 -1.000000e+00 1.086653e-01 0.000000e+00 3.814510e+00
2.591901e+00 -1.000000e+00 0.000000e+00 -1.000000e+00 -1.000000e+00 5.000000e+02 4.323128e-01 -1.000000e+00 -1.000000e+00 7.460165e+00 0.000000e+00 -1.000000e+00 0.000000e+00 1.001115e-02 1.700000e+03 3.677000e+00 0.000000e+00 -9.990070e+05 3.000000e+00 -1.000000e+00 9.071779e-01 -1.0 0.000000e+00 0.000000e+00 -1.000000e+00 8.150133e-01 -1.000000e+00 -9.990070e+05 5.599933e-01 5.599933e-01 9.734004e-01 1.920969e+00 5.288916e+00 0.000000e+00 -1.000000e+00 1.049046e-01 0.000000e+00 3.646335e+00
2.921323e+00 -1.000000e+00 0.000000e+00 -1.000000e+00 -1.000000e+00 7.000000e+02 4.467306e-01 -1.000000e+00 -1.000000e+00 8.426969e+00 0.000000e+00 -1.000000e+00 0.000000e+00 1.171938e-02 1.700000e+03 4.148579e+00 0.000000e+00 -9.990070e+05 3.000000e+00 -1.000000e+00 9.345748e-01 -1.0 0.000000e+00 0.000000e+00 -1.000000e+00 8.209307e-01 -1.000000e+00 -9.990070e+05 6.030520e-01 6.030520e-01 9.742701e-01 2.166439e+00 5.975772e+00 0.000000e+00 -1.000000e+00 1.145206e-01 0.000000e+00 4.114987e+00
4.070408e+00 -1.000000e+00 0.000000e+00 -1.000000e+00 -1.000000e+00 9.000000e+02 4.725405e-01 -1.000000e+00 -1.000000e+00 1.176082e+01 0.000000e+00 -1.000000e+00 0.000000e+00 1.587013e-02 1.700000e+03 5.781808e+00 0.000000e+00 -9.990070e+05 3.000000e+00 -1.000000e+00 9.757704e-01 -1.0 0.000000e+00 0.000000e+00 -1.000000e+00 8.310785e-01 -1.000000e+00 -9.990070e+05 7.032261e-01 7.032261e-01 9.757550e-01 3.017993e+00 8.333219e+00 0.000000e+00 -1.000000e+00 1.340838e-01 0.000000e+00 5.735006e+00
3.500133e+00 -1.000000e+00 0.000000e+00 -1.000000e+00 -1.000000e+00 2.500000e+02 4.628580e-01 -1.000000e+00 -1.000000e+00 1.006822e+01 0.000000e+00 -1.000000e+00 0.000000e+00 1.411365e-02 1.750000e+03 4.956753e+00 0.000000e+00 -9.990070e+05 3.000000e+00 -1.000000e+00 9.617796e-01 -1.0 0.000000e+00 0.000000e+00 -1.000000e+00 8.273336e-01 -1.000000e+00 -9.990070e+05 6.608950e-01 6.608950e-01 9.752079e-01 2.589861e+00 7.147798e+00 0.000000e+00 -1.000000e+00 1.263693e-01 0.000000e+00 4.919203e+00
3.182102e+00 -1.000000e+00 0.000000e+00 -1.000000e+00 -1.000000e+00 4.500000e+02 4.552055e-01 -1.000000e+00 -1.000000e+00 9.158146e+00 0.000000e+00 -1.000000e+00 0.000000e+00 1.290411e-02 1.750000e+03 4.517218e+00 0.000000e+00 -9.990070e+05 3.000000e+00 -1.000000e+00 9.494026e-01 -1.0 0.000000e+00 0.000000e+00 -1.000000e+00 8.243223e-01 -1.000000e+00 -9.990070e+05 6.318667e-01 6.318667e-01 9.747672e-01 2.360404e+00 6.507728e+00 0.000000e+00 -1.000000e+00 1.205963e-01 0.000000e+00 4.481957e+00
3.919414e+00 -1.000000e+00 0.000000e+00 -1.000000e+00 -1.000000e+00 5.000000e+01 4.704564e-01 -1.000000e+00 -1.000000e+00 1.128932e+01 0.000000e+00 -1.000000e+00 0.000000e+00 1.546842e-02 1.750000e+03 5.565289e+00 0.000000e+00 -9.990070e+05 3.000000e+00 -1.000000e+00 9.729356e-01 -1.0 0.000000e+00 0.000000e+00 -1.000000e+00 8.302783e-01 -1.000000e+00 -9.990070e+05 6.934659e-01 6.934659e-01 9.756382e-01 2.907763e+00 8.012999e+00 0.000000e+00 -1.000000e+00 1.323835e-01 0.000000e+00 5.520768e+00
3.342795e+00 -1.000000e+00 0.000000e+00 -1.000000e+00 -1.000000e+00 6.500000e+02 4.592463e-01 -1.000000e+00 -1.000000e+00 9.625624e+00 0.000000e+00 -1.000000e+00 0.000000e+00 1.352486e-02 1.750000e+03 4.732537e+00 0.000000e+00 -9.990070e+05 3.000000e+00 -1.000000e+00 9.560687e-01 -1.0 0.000000e+00 0.000000e+00 -1.000000e+00 8.259182e-01 -1.000000e+00 -9.990070e+05 6.467854e-01 6.467854e-01 9.750008e-01 2.472055e+00 6.828114e+00 0.000000e+00 -1.000000e+00 1.236098e-01 0.000000e+00 4.696909e+00
4.097597e+00 -1.000000e+00 0.000000e+00 -1.000000e+00 -1.000000e+00 8.500000e+02 4.728866e-01 -1.000000e+00 -1.000000e+00 1.184948e+01 0.000000e+00 -1.000000e+00 0.000000e+00 1.593817e-02 1.750000e+03 5.821095e+00 0.000000e+00 -9.990070e+05 3.000000e+00 -1.000000e+00 9.762311e-01 -1.0 0.000000e+00 0.000000e+00 -1.000000e+00 8.312110e-01 -1.000000e+00 -9.990070e+05 7.048874e-01 7.048874e-01 9.757743e-01 3.037760e+00 8.392338e+00 0.000000e+00 -1.000000e+00 1.343683e-01 0.000000e+00 5.773775e+00
4.945816e+00 -1.000000e+00 0.000000e+00 -1.000000e+00 -1.000000e+00 0.000000e+00 4.814292e-01 -1.000000e+00 -1.000000e+00 1.422110e+01 0.000000e+00 -1.000000e+00 0.000000e+00 1.774908e-02 1.800000e+03 7.002675e+00 0.000000e+00 -9.990070e+05 3.000000e+00 -1.000000e+00 9.865828e-01 -1.0 0.000000e+00 0.000000e+00 -1.000000e+00 8.344563e-01 -1.000000e+00 -9.990070e+05 7.501458e-01 7.501458e-01 9.762476e-01 3.659024e+00 1.009763e+01 0.000000e+00 -1.000000e+00 1.415886e-01 0.000000e+00 6.949667e+00
4.621964e+00 -1.000000e+00 0.000000e+00 -1.000000e+00 -1.000000e+00 2.000000e+02 4.787184e-01 -1.000000e+00 -1.000000e+00 1.330072e+01 0.000000e+00 -1.000000e+00 0.000000e+00 1.714591e-02 1.800000e+03 6.546166e+00 0.000000e+00 -9.990070e+05 3.000000e+00 -1.000000e+00 9.835008e-01 -1.0 0.000000e+00 0.000000e+00 -1.000000e+00 8.334320e-01 -1.000000e+00 -9.990070e+05 7.345318e-01 7.345318e-01 9.760983e-01 3.419792e+00 9.441091e+00 0.000000e+00 -1.000000e+00 1.392558e-01 0.000000e+00 6.496553e+00
4.146320e+00 -1.000000e+00 0.000000e+00 -1.000000e+00 -1.000000e+00 4.000000e+02 4.736199e-01 -1.000000e+00 -1.000000e+00 1.193796e+01 0.000000e+00 -1.000000e+00 0.000000e+00 1.608367e-02 1.800000e+03 5.887925e+00 0.000000e+00 -9.990070e+05 3.000000e+00 -1.000000e+00 9.771977e-01 -1.0 0.000000e+00 0.000000e+00 -1.000000e+00 8.314916e-01 -1.000000e+00 -9.990070e+05 7.084504e-01 7.084504e-01 9.758153e-01 3.076550e+00 8.477192e+00 0.000000e+00 -1.000000e+00 1.349731e-01 0.000000e+00 5.841010e+00
4.077546e+00 -1.000000e+00 0.000000e+00 -1.000000e+00 -1.000000e+00 6.000000e+02 4.727182e-01 -1.000000e+00 -1.000000e+00 1.174065e+01 0.000000e+00 -1.000000e+00 0.000000e+00 1.590500e-02 1.800000e+03 5.790068e+00 0.000000e+00 -9.990070e+05 3.000000e+00 -1.000000e+00 9.760075e-01 -1.0 0.000000e+00 0.000000e+00 -1.000000e+00 8.311465e-01 -1.000000e+00 -9.990070e+05 7.040796e-01 7.040796e-01 9.757649e-01 3.025428e+00 8.336198e+00 0.000000e+00 -1.000000e+00 1.342297e-01 0.000000e+00 5.743786e+00
4.643137e+00 -1.000000e+00 0.000000e+00 -1.000000e+00 -1.000000e+00 8.000000e+02 4.789126e-01 -1.000000e+00 -1.000000e+00 1.339268e+01 0.000000e+00 -1.000000e+00 0.000000e+00 1.718820e-02 1.800000e+03 6.581174e+00 0.000000e+00 -9.990070e+05 3.000000e+00 -1.000000e+00 9.837280e-01 -1.0 0.000000e+00 0.000000e+00 -1.000000e+00 8.335056e-01 -1.000000e+00 -9.990070e+05 7.356022e-01 7.356022e-01 9.761090e-01 3.436617e+00 9.496338e+00 0.000000e+00 -1.000000e+00 1.394216e-01 0.000000e+00 6.531049e+00
5.698347e+00 -1.000000e+00 0.000000e+00 -1.000000e+00 -1.000000e+00 1.500000e+02 4.860277e-01 -1.000000e+00 -1.000000e+00 1.638480e+01 0.000000e+00 -1.000000e+00 0.000000e+00 1.883883e-02 1.850000e+03 8.067589e+00 0.000000e+00 -9.990070e+05 3.000000e+00 -1.000000e+00 9.913397e-01 -1.0 0.000000e+00 0.000000e+00 -1.000000e+00 8.361826e-01 -1.000000e+00 -9.990070e+05 7.810053e-01 7.810053e-01 9.764991e-01 4.215314e+00 1.163367e+01 0.000000e+00 -1.000000e+00 1.456365e-01 0.000000e+00 8.006659e+00
5.445119e+00 -1.000000e+00 0.000000e+00 -1.000000e+00 -1.000000e+00 3.500000e+02 4.846948e-01 -1.000000e+00 -1.000000e+00 1.565399e+01 0.000000e+00 -1.000000e+00 0.000000e+00 1.851395e-02 1.850000e+03 7.709182e+00 0.000000e+00 -9.990070e+05 3.000000e+00 -1.000000e+00 9.900589e-01 -1.0 0.000000e+00 0.000000e+00 -1.000000e+00 8.356837e-01 -1.000000e+00 -9.990070e+05 7.719640e-01 7.719640e-01 9.764264e-01 4.028311e+00 1.111594e+01 0.000000e+00 -1.000000e+00 1.444513e-01 0.000000e+00 7.650877e+00
5.243347e+00 -1.000000e+00 0.000000e+00 -1.000000e+00 -1.000000e+00 5.500000e+02 4.834870e-01 -1.000000e+00 -1.000000e+00 1.507514e+01 0.000000e+00 -1.000000e+00 0.000000e+00 1.822603e-02 1.850000e+03 7.423594e+00 0.000000e+00 -9.990070e+05 3.000000e+00 -1.000000e+00 9.887702e-01 -1.0 0.000000e+00 0.000000e+00 -1.000000e+00 8.352306e-01 -1.000000e+00 -9.990070e+05 7.628279e-01 7.628279e-01 9.763604e-01 3.879062e+00 1.070437e+01 0.000000e+00 -1.000000e+00 1.433859e-01 0.000000e+00 7.367447e+00
5.239805e+00 -1.000000e+00 0.000000e+00 -1.000000e+00 -1.000000e+00 7.500000e+02 4.834630e-01 -1.000000e+00 -1.000000e+00 1.507725e+01 0.000000e+00 -1.000000e+00 0.000000e+00 1.822038e-02 1.850000e+03 7.420807e+00 0.000000e+00 -9.990070e+05 3.000000e+00 -1.000000e+00 9.887451e-01 -1.0 0.000000e+00 0.000000e+00 -1.000000e+00 8.352216e-01 -1.000000e+00 -9.990070e+05 7.626686e-01 7.626686e-01 9.763591e-01 3.876967e+00 1.070204e+01 0.000000e+00 -1.000000e+00 1.433648e-01 0.000000e+00 7.364577e+00
7.758066e+00 -1.000000e+00 0.000000e+00 -1.000000e+00 -1.000000e+00 1.000000e+02 4.924968e-01 -1.000000e+00 -1.000000e+00 2.231887e+01 0.000000e+00 -1.000000e+00 0.000000e+00 2.052836e-02 1.900000e+03 1.098539e+01 0.000000e+00 -9.990070e+05 3.000000e+00 -1.000000e+00 9.965962e-01 -1.0 0.000000e+00 0.000000e+00 -1.000000e+00 8.385878e-01 -1.000000e+00 -9.990070e+05 8.332303e-01 8.332303e-01 9.768491e-01 5.739833e+00 1.584248e+01 0.000000e+00 -1.000000e+00 1.515274e-01 0.000000e+00 1.090218e+01
6.783821e+00 -1.000000e+00 0.000000e+00 -1.000000e+00 -1.000000e+00 3.000000e+02 4.901522e-01 -1.000000e+00 -1.000000e+00 1.949605e+01 0.000000e+00 -1.000000e+00 0.000000e+00 1.989353e-02 1.900000e+03 9.592864e+00 0.000000e+00 -9.990070e+05 3.000000e+00 -1.000000e+00 9.948873e-01 -1.0 0.000000e+00 0.000000e+00 -1.000000e+00 8.377191e-01 -1.000000e+00 -9.990070e+05 8.122691e-01 8.122691e-01 9.767227e-01 5.012628e+00 1.383779e+01 0.000000e+00 -1.000000e+00 1.493655e-01 0.000000e+00 9.521244e+00
6.341937e+00 -1.000000e+00 4.000000e+03 -1.000000e+00 -1.000000e+00 5.000000e+02 4.887292e-01 -1.000000e+00 -1.000000e+00 1.823605e+01 0.000000e+00 -1.000000e+00 1.000000e+00 1.952094e-02 1.900000e+03 8.975098e+00 1.000000e+00 -9.990070e+05 3.000000e+00 -1.000000e+00 9.937371e-01 -1.0 0.000000e+00 0.000000e+00 -1.000000e+00 8.371903e-01 -1.000000e+00 -9.990070e+05 8.008087e-01 8.008087e-01 9.766458e-01 4.689395e+00 1.294484e+01 0.000000e+00 -1.000000e+00 1.480683e-01 0.000000e+00 8.907723e+00
6.404978e+00 -1.000000e+00 4.000000e+03 -1.000000e+00 -1.000000e+00 7.000000e+02 4.889508e-01 -1.000000e+00 -1.000000e+00 1.841683e+01 0.000000e+00 -1.000000e+00 1.000000e+00 1.957833e-02 1.900000e+03 9.063974e+00 1.000000e+00 -9.990070e+05 3.000000e+00 -1.000000e+00 9.939212e-01 -1.0 0.000000e+00 0.000000e+00 -1.000000e+00 8.372727e-01 -1.000000e+00 -9.990070e+05 8.025321e-01 8.025321e-01 9.766577e-01 4.735795e+00 1.307309e+01 0.000000e+00 -1.000000e+00 1.482695e-01 0.000000e+00 8.995982e+00
7.393063e+00 -1.000000e+00 0.000000e+00 -1.000000e+00 -1.000000e+00 9.000000e+02 4.917179e-01 -1.000000e+00 -1.000000e+00 2.133907e+01 0.000000e+00 -1.000000e+00 0.000000e+00 2.031452e-02 1.900000e+03 1.047644e+01 0.000000e+00 -9.990070e+05 3.000000e+00 -1.000000e+00 9.960553e-01 -1.0 0.000000e+00 0.000000e+00 -1.000000e+00 8.382996e-01 -1.000000e+00 -9.990070e+05 8.259255e-01 8.259255e-01 9.768072e-01 5.469655e+00 1.512303e+01 0.000000e+00 -1.000000e+00 1.508058e-01 0.000000e+00 1.039613e+01
9.047494e+00 -1.000000e+00 0.000000e+00 -1.000000e+00 -1.000000e+00 2.500000e+02 4.944982e-01 -1.000000e+00 -1.000000e+00 2.601638e+01 0.000000e+00 -1.000000e+00 0.000000e+00 2.109175e-02 1.950000e+03 1.281164e+01 0.000000e+00 -9.990070e+05 3.000000e+00 -1.000000e+00 9.978553e-01 -1.0 0.000000e+00 0.000000e+00 -1.000000e+00 8.393265e-01 -1.000000e+00 -9.990070e+05 8.541945e-01 8.541945e-01 9.769565e-01 6.694399e+00 1.847323e+01 0.000000e+00 -1.000000e+00 1.533973e-01 0.000000e+00 1.271470e+01
7.944768e+00 -1.000000e+00 0.000000e+00 -1.000000e+00 -1.000000e+00 4.500000e+02 4.928478e-01 -1.000000e+00 -1.000000e+00 2.283865e+01 0.000000e+00 -1.000000e+00 0.000000e+00 2.062570e-02 1.950000e+03 1.124915e+01 0.000000e+00 -9.990070e+05 3.000000e+00 -1.000000e+00 9.968306e-01 -1.0 0.000000e+00 0.000000e+00 -1.000000e+00 8.387175e-01 -1.000000e+00 -9.990070e+05 8.366449e-01 8.366449e-01 9.768680e-01 5.878143e+00 1.621923e+01 0.000000e+00 -1.000000e+00 1.518537e-01 0.000000e+00 1.116395e+01
1.001882e+01 -1.000000e+00 0.000000e+00 -1.000000e+00 -1.000000e+00 5.000000e+01 4.955192e-01 -1.000000e+00 -1.000000e+00 2.881305e+01 0.000000e+00 -1.000000e+00 0.000000e+00 2.138710e-02 1.950000e+03 1.417486e+01 0.000000e+00 -9.990070e+05 3.000000e+00 -1.000000e+00 9.984147e-01 -1.0 0.000000e+00 0.000000e+00 -1.000000e+00 8.397024e-01 -1.000000e+00 -9.990070e+05 8.663010e-01 8.663010e-01 9.770112e-01 7.406102e+00 2.044782e+01 0.000000e+00 -1.000000e+00 1.543600e-01 0.000000e+00 1.406859e+01
7.931414e+00 -1.000000e+00 0.000000e+00 -1.000000e+00 -1.000000e+00 6.500000e+02 4.928211e-01 -1.000000e+00 -1.000000e+00 2.281609e+01 0.000000e+00 -1.000000e+00 0.000000e+00 2.061827e-02 1.950000e+03 1.123262e+01 0.000000e+00 -9.990070e+05 3.000000e+00 -1.000000e+00 9.968132e-01 -1.0 0.000000e+00 0.000000e+00 -1.000000e+00 8.387076e-01 -1.000000e+00 -9.990070e+05 8.363902e-01 8.363902e-01 9.768665e-01 5.868407e+00 1.619839e+01 0.000000e+00 -1.000000e+00 1.518288e-01 0.000000e+00 1.114751e+01
8.537729e+00 -1.000000e+00 0.000000e+00 -1.000000e+00 -1.000000e+00 8.500000e+02 4.938143e-01 -1.000000e+00 -1.000000e+00 2.456850e+01 0.000000e+00 -1.000000e+00 0.000000e+00 2.089696e-02 1.950000e+03 1.209498e+01 0.000000e+00 -9.990070e+05 3.000000e+00 -1.000000e+00 9.974459e-01 -1.0 0.000000e+00 0.000000e+00 -1.000000e+00 8.390744e-01 -1.000000e+00 -9.990070e+05 8.465483e-01 8.465483e-01 9.769199e-01 6.318746e+00 1.744154e+01 0.000000e+00 -1.000000e+00 1.527558e-01 0.000000e+00 1.200292e+01
1.295623e+01 -1.000000e+00 0.000000e+00 -1.000000e+00 -1.000000e+00 0.000000e+00 4.973461e-01 -1.000000e+00 -1.000000e+00 3.726040e+01 0.000000e+00 -1.000000e+00 0.000000e+00 2.192940e-02 2.000000e+03 1.835485e+01 0.000000e+00 -9.990070e+05 3.000000e+00 -1.000000e+00 9.992601e-01 -1.0 0.000000e+00 0.000000e+00 -1.000000e+00 8.403735e-01 -1.000000e+00 -9.990070e+05 8.922188e-01 8.922188e-01 9.771087e-01 9.590582e+00 2.646219e+01 0.000000e+00 -1.000000e+00 1.560973e-01 0.000000e+00 1.821437e+01
1.176373e+01 -1.000000e+00 0.000000e+00 -1.000000e+00 -1.000000e+00 2.000000e+02 4.967693e-01 -1.000000e+00 -1.000000e+00 3.381811e+01 0.000000e+00 -1.000000e+00 0.000000e+00 2.175625e-02 2.000000e+03 1.665909e+01 0.000000e+00 -9.990070e+05 3.000000e+00 -1.000000e+00 9.990167e-01 -1.0 0.000000e+00 0.000000e+00 -1.000000e+00 8.401618e-01 -1.000000e+00 -9.990070e+05 8.832667e-01 8.832667e-01 9.770780e-01 8.705111e+00 2.401802e+01 0.000000e+00 -1.000000e+00 1.555468e-01 0.000000e+00 1.653271e+01
1.054620e+01 -1.000000e+00 4.000000e+03 -1.000000e+00 -1.000000e+00 4.000000e+02 4.959622e-01 -1.000000e+00 -1.000000e+00 3.030920e+01 0.000000e+00 -1.000000e+00 1.000000e+00 2.151697e-02 2.000000e+03 1.491922e+01 1.000000e+00 -9.990070e+05 3.000000e+00 -1.000000e+00 9.986390e-01 -1.0 0.000000e+00 0.000000e+00 -1.000000e+00 8.398653e-01 -1.000000e+00 -9.990070e+05 8.720011e-01 8.720011e-01 9.770349e-01 7.796041e+00 2.151726e+01 0.000000e+00 -1.000000e+00 1.547795e-01 0.000000e+00 1.480752e+01
9.995182e+00 -1.000000e+00 0.000000e+00 -1.000000e+00 -1.000000e+00 6.000000e+02 4.954962e-01 -1.000000e+00 -1.000000e+00 2.872709e+01 0.000000e+00 -1.000000e+00 0.000000e+00 2.138037e-02 2.000000e+03 1.413826e+01 0.000000e+00 -9.990070e+05 3.000000e+00 -1.000000e+00 9.984028e-01 -1.0 0.000000e+00 0.000000e+00 -1.000000e+00 8.396939e-01 -1.000000e+00 -9.990070e+05 8.660200e-01 8.660200e-01 9.770100e-01 7.387529e+00 2.039262e+01 0.000000e+00 -1.000000e+00 1.543382e-01 0.000000e+00 1.403228e+01
9.992914e+00 -1.000000e+00 0.000000e+00 -1.000000e+00 -1.000000e+00 8.000000e+02 4.954942e-01 -1.000000e+00 -1.000000e+00 2.876315e+01 0.000000e+00 -1.000000e+00 0.000000e+00 2.137979e-02 2.000000e+03 1.414349e+01 0.000000e+00 -9.990070e+05 3.000000e+00 -1.000000e+00 9.984018e-01 -1.0 0.000000e+00 0.000000e+00 -1.000000e+00 8.396932e-01 -1.000000e+00 -9.990070e+05 8.659957e-01 8.659957e-01 9.770098e-01 7.388168e+00 2.040591e+01 0.000000e+00 -1.000000e+00 1.543363e-01 0.000000e+00 1.403718e+01
2.242625e-01 -1.000000e+00 0.000000e+00 -1.000000e+00 -1.000000e+00 3.870000e+02 3.576027e-03 -1.000000e+00 -1.000000e+00 3.072347e+00 0.000000e+00 -1.000000e+00 0.000000e+00 8.954488e-07 4.120000e+02 3.843717e-01 0.000000e+00 -9.990070e+05 3.000000e+00 -1.000000e+00 6.918108e-03 -1.0 0.000000e+00 0.000000e+00 -1.000000e+00 5.570615e-02 -1.000000e+00 -9.990070e+05 3.420918e-03 3.420918e-03 3.604435e-01 1.624977e-01 8.156555e-01 0.000000e+00 -1.000000e+00 9.103406e-05 0.000000e+00 3.802921e-01
5.249703e-01 -1.000000e+00 4.000000e+03 -1.000000e+00 -1.000000e+00 3.750000e+02 2.778757e-02 -1.000000e+00 -1.000000e+00 1.022352e+01 0.000000e+00 -1.000000e+00 1.000000e+00 2.666100e-05 4.250000e+02 8.064552e-01 1.000000e+00 -9.990070e+05 2.000000e+00 -1.000000e+00 5.437188e-02 -1.0 0.000000e+00 0.000000e+00 -1.000000e+00 2.295028e-01 -1.000000e+00 -9.990070e+05 2.691546e-02 2.691546e-02 7.618348e-01 0.000000e+00 1.790184e+00 0.000000e+00 -1.000000e+00 1.373041e-03 1.000000e+00 7.931398e-01
7.217867e-01 -1.000000e+00 0.000000e+00 -1.000000e+00 -1.000000e+00 4.500000e+02 5.920875e-02 -1.000000e+00 -1.000000e+00 2.377541e+00 0.000000e+00 -1.000000e+00 0.000000e+00 1.017259e-04 5.500000e+02 1.049279e+00 0.000000e+00 -9.990070e+05 3.000000e+00 -1.000000e+00 1.149930e-01 -1.0 0.000000e+00 0.000000e+00 -1.000000e+00 3.694655e-01 -1.000000e+00 -9.990070e+05 5.658445e-02 5.658445e-02 8.673821e-01 5.248299e-01 1.580384e+00 0.000000e+00 -1.000000e+00 3.896248e-03 0.000000e+00 1.041539e+00
3.854332e-01 -1.000000e+00 0.000000e+00 -1.000000e+00 -1.000000e+00 0.000000e+00 6.873280e-03 -1.000000e+00 -1.000000e+00 1.773885e+00 0.000000e+00 -1.000000e+00 0.000000e+00 2.564641e-06 6.000000e+02 6.013939e-01 0.000000e+00 -9.990070e+05 3.000000e+00 -1.000000e+00 1.325963e-02 -1.0 0.000000e+00 0.000000e+00 -1.000000e+00 8.857854e-02 -1.000000e+00 -9.990070e+05 6.543604e-03 6.543604e-03 4.784091e-01 2.666518e-01 1.015809e+00 0.000000e+00 -1.000000e+00 2.131302e-04 0.000000e+00 5.968161e-01
3.959389e-01 -1.000000e+00 0.000000e+00 -1.000000e+00 -1.000000e+00 5.870000e+02 1.888730e-03 -1.000000e+00 -1.000000e+00 1.243745e+00 0.000000e+00 -1.000000e+00 0.000000e+00 3.269796e-07 6.120000e+02 5.725700e-01 0.000000e+00 -9.990070e+05 3.000000e+00 -1.000000e+00 3.585633e-03 -1.0 0.000000e+00 0.000000e+00 -1.000000e+00 3.510081e-02 -1.000000e+00 -9.990070e+05 1.764012e-03 1.764012e-03 2.681103e-01 2.898566e-01 8.477088e-01 0.000000e+00 -1.000000e+00 4.004964e-05 0.000000e+00 5.677682e-01
-1.000000e+00 -1.000000e+00 0.000000e+00 -1.000000e+00 -1.000000e+00 5.750000e+02 6.431543e-03 -1.000000e+00 -1.000000e+00 -1.000000e+00 0.000000e+00 -1.000000e+00 0.000000e+00 2.301965e-06 6.250000e+02 -1.000000e+00 0.000000e+00 -9.990070e+05 3.000000e+00 -1.000000e+00 1.228821e-02 -1.0 0.000000e+00 0.000000e+00 -1.000000e+00 8.453719e-02 -1.000000e+00 -9.990070e+05 6.043770e-03 6.043770e-03 4.653902e-01 -1.000000e+00 -1.000000e+00 0.000000e+00 -1.000000e+00 1.953707e-04 0.000000e+00 -1.000000e+00
5.956113e-01 -1.000000e+00 0.000000e+00 -1.000000e+00 -1.000000e+00 5.500000e+02 2.741019e-02 -1.000000e+00 -1.000000e+00 1.989685e+00 0.000000e+00 -1.000000e+00 0.000000e+00 2.603752e-05 6.500000e+02 8.674552e-01 0.000000e+00 -9.990070e+05 3.000000e+00 -1.000000e+00 5.287354e-02 -1.0 0.000000e+00 0.000000e+00 -1.000000e+00 2.274544e-01 -1.000000e+00 -9.990070e+05 2.600372e-02 2.600372e-02 7.594461e-01 4.333825e-01 1.316573e+00 0.000000e+00 -1.000000e+00 1.347749e-03 0.000000e+00 8.608172e-01
8.938734e-01 -1.000000e+00 0.000000e+00 -1.000000e+00 -1.000000e+00 5.000000e+02 1.161868e-01 -1.000000e+00 -1.000000e+00 2.728361e+00 0.000000e+00 -1.000000e+00 0.000000e+00 3.585293e-04 7.000000e+02 1.284202e+00 0.000000e+00 -9.990070e+05 3.000000e+00 -1.000000e+00 2.267525e-01 -1.0 0.000000e+00 0.000000e+00 -1.000000e+00 5.316149e-01 -1.000000e+00 -9.990070e+05 1.115144e-01 1.115144e-01 9.224165e-01 6.571463e-01 1.885077e+00 0.000000e+00 -1.000000e+00 1.020112e-02 0.000000e+00 1.272879e+00
6.102541e-01 -1.000000e+00 0.000000e+00 -1.000000e+00 -1.000000e+00 6.870000e+02 3.315919e-02 -1.000000e+00 -1.000000e+00 2.164485e+00 0.000000e+00 -1.000000e+00 0.000000e+00 3.625662e-05 7.120000e+02 9.021544e-01 0.000000e+00 -9.990070e+05 3.000000e+00 -1.000000e+00 6.407181e-02 -1.0 0.000000e+00 0.000000e+00 -1.000000e+00 2.574646e-01 -1.000000e+00 -9.990070e+05 3.151575e-02 3.151575e-02 7.912127e-01 4.408118e-01 1.396718e+00 0.000000e+00 -1.000000e+00 1.747318e-03 0.000000e+00 8.948318e-01
1.148148e+00 -1.000000e+00 0.000000e+00 -1.000000e+00 -1.000000e+00 6.750000e+02 2.055388e-01 -1.000000e+00 -1.000000e+00 3.623266e+00 0.000000e+00 -1.000000e+00 0.000000e+00 1.149364e-03 7.250000e+02 1.653567e+00 0.000000e+00 -9.990070e+05 3.000000e+00 -1.000000e+00 4.080906e-01 -1.0 0.000000e+00 0.000000e+00 -1.000000e+00 6.686607e-01 -1.000000e+00 -9.990070e+05 2.026888e-01 2.026888e-01 9.502915e-01 8.416962e-01 2.456554e+00 0.000000e+00 -1.000000e+00 2.431941e-02 0.000000e+00 1.640043e+00
7.900852e-01 -1.000000e+00 4.000000e+03 -1.000000e+00 -1.000000e+00 4.500000e+02 7.818710e-02 -1.000000e+00 -1.000000e+00 2.374237e+00 0.000000e+00 -1.000000e+00 1.000000e+00 1.693933e-04 7.500000e+02 1.128473e+00 1.000000e+00 -9.990070e+05 3.000000e+00 -1.000000e+00 1.517181e-01 -1.0 0.000000e+00 0.000000e+00 -1.000000e+00 4.335299e-01 -1.000000e+00 -9.990070e+05 7.451783e-02 7.451783e-02 8.937764e-01 5.816557e-01 1.651188e+00 0.000000e+00 -1.000000e+00 5.766364e-03 0.000000e+00 1.117802e+00
2.024455e+00 -1.000000e+00 0.000000e+00 -1.000000e+00 -1.000000e+00 6.500000e+02 3.753691e-01 -1.000000e+00 -1.000000e+00 8.166026e+00 0.000000e+00 -1.000000e+00 0.000000e+00 5.682697e-03 7.500000e+02 3.079334e+00 0.000000e+00 -9.990070e+05 3.000000e+00 -1.000000e+00 7.839835e-01 -1.0 0.000000e+00 0.000000e+00 -1.000000e+00 7.893996e-01 -1.000000e+00 -9.990070e+05 4.325752e-01 4.325752e-01 9.695988e-01 1.452590e+00 4.968265e+00 0.000000e+00 -1.000000e+00 7.435603e-02 0.000000e+00 3.050763e+00
2.217921e-01 -1.000000e+00 0.000000e+00 -1.000000e+00 -1.000000e+00 0.000000e+00 2.147239e-06 -1.000000e+00 -1.000000e+00 6.890437e-01 0.000000e+00 -1.000000e+00 0.000000e+00 1.594270e-11 8.000000e+02 3.186561e-01 0.000000e+00 -9.990070e+05 3.000000e+00 -1.000000e+00 3.962713e-06 -1.0 0.000000e+00 0.000000e+00 -1.000000e+00 1.847180e-04 -1.000000e+00 -9.990070e+05 1.950655e-06 1.950655e-06 6.161725e-03 1.630190e-01 4.709432e-01 0.000000e+00 -1.000000e+00 9.520986e-09 0.000000e+00 3.160539e-01
-1.000000e+00 -1.000000e+00 0.000000e+00 -1.000000e+00 -1.000000e+00 6.000000e+02 3.111926e-01 -1.000000e+00 -1.000000e+00 -1.000000e+00 0.000000e+00 -1.000000e+00 0.000000e+00 3.163612e-03 8.000000e+02 -1.000000e+00 0.000000e+00 -9.990070e+05 3.000000e+00 -1.000000e+00 6.374419e-01 -1.0 0.000000e+00 0.000000e+00 -1.000000e+00 7.543420e-01 -1.000000e+00 -9.990070e+05 3.300345e-01 3.300345e-01 9.642702e-01 -1.000000e+00 -1.000000e+00 0.000000e+00 -1.000000e+00 5.022721e-02 0.000000e+00 -1.000000e+00
-1.000000e+00 -1.000000e+00 0.000000e+00 -1.000000e+00 -1.000000e+00 7.870000e+02 1.441086e-01 -1.000000e+00 -1.000000e+00 -1.000000e+00 0.000000e+00 -1.000000e+00 0.000000e+00 5.477714e-04 8.120000e+02 -1.000000e+00 0.000000e+00 -9.990070e+05 3.000000e+00 -1.000000e+00 2.823285e-01 -1.0 0.000000e+00 0.000000e+00 -1.000000e+00 5.852076e-01 -1.000000e+00 -9.990070e+05 1.390181e-01 1.390181e-01 9.344713e-01 -1.000000e+00 -1.000000e+00 0.000000e+00 -1.000000e+00 1.403297e-02 0.000000e+00 -1.000000e+00
-1.000000e+00 -1.000000e+00 0.000000e+00 -1.000000e+00 -1.000000e+00 7.750000e+02 2.482121e-01 -1.000000e+00 -1.000000e+00 -1.000000e+00 0.000000e+00 -1.000000e+00 0.000000e+00 1.768130e-03 8.250000e+02 -1.000000e+00 0.000000e+00 -9.990070e+05 3.000000e+00 -1.000000e+00 4.983424e-01 -1.0 0.000000e+00 0.000000e+00 -1.000000e+00 7.092454e-01 -1.000000e+00 -9.990070e+05 2.502097e-01 2.502097e-01 9.571200e-01 -1.000000e+00 -1.000000e+00 0.000000e+00 -1.000000e+00 3.327131e-02 0.000000e+00 -1.000000e+00
1.315810e+00 -1.000000e+00 0.000000e+00 -1.000000e+00 -1.000000e+00 5.500000e+02 2.607235e-01 -1.000000e+00 -1.000000e+00 4.035049e+00 0.000000e+00 -1.000000e+00 0.000000e+00 1.991603e-03 8.500000e+02 1.889082e+00 0.000000e+00 -9.990070e+05 3.000000e+00 -1.000000e+00 5.254054e-01 -1.0 0.000000e+00 0.000000e+00 -1.000000e+00 7.193665e-01 -1.000000e+00 -9.990070e+05 2.649724e-01 2.649724e-01 9.587597e-01 9.680582e-01 2.782818e+00 0.000000e+00 -1.000000e+00 3.624163e-02 0.000000e+00 1.873801e+00
-1.000000e+00 -1.000000e+00 4.000000e+03 -1.000000e+00 -1.000000e+00 7.500000e+02 4.069140e-01 -1.000000e+00 -1.000000e+00 -1.000000e+00 0.000000e+00 -1.000000e+00 1.000000e+00 7.706142e-03 8.500000e+02 -1.000000e+00 1.000000e+00 -9.990070e+05 2.000000e+00 -1.000000e+00 8.540889e-01 -1.0 0.000000e+00 0.000000e+00 -1.000000e+00 8.040767e-01 -1.000000e+00 -9.990070e+05 4.963139e-01 4.963139e-01 9.717851e-01 -1.000000e+00 -1.000000e+00 0.000000e+00 -1.000000e+00 8.994908e-02 1.000000e+00 -1.000000e+00
9.411430e-01 -1.000000e+00 0.000000e+00 -1.000000e+00 -1.000000e+00 5.000000e+02 1.318683e-01 -1.000000e+00 -1.000000e+00 2.844817e+00 0.000000e+00 -1.000000e+00 0.000000e+00 4.591713e-04 9.000000e+02 1.344422e+00 0.000000e+00 -9.990070e+05 3.000000e+00 -1.000000e+00 2.578196e-01 -1.0 0.000000e+00 0.000000e+00 -1.000000e+00 5.632703e-01 -1.000000e+00 -9.990070e+05 1.268418e-01 1.268418e-01 9.297605e-01 6.932044e-01 1.969752e+00 0.000000e+00 -1.000000e+00 1.229262e-02 0.000000e+00 1.333067e+00
2.972037e+00 -1.000000e+00 0.000000e+00 -1.000000e+00 -1.000000e+00 7.000000e+02 4.452648e-01 -1.000000e+00 -1.000000e+00 1.023222e+01 0.000000e+00 -1.000000e+00 0.000000e+00 1.152917e-02 9.000000e+02 4.330194e+00 0.000000e+00 -9.990070e+05 3.000000e+00 -1.000000e+00 9.319069e-01 -1.0 0.000000e+00 0.000000e+00 -1.000000e+00 8.203379e-01 -1.000000e+00 -9.990070e+05 5.983696e-01 5.983696e-01 9.741831e-01 2.170124e+00 6.636451e+00 0.000000e+00 -1.000000e+00 1.135024e-01 0.000000e+00 4.293734e+00
-1.000000e+00 -1.000000e+00 0.000000e+00 -1.000000e+00 -1.000000e+00 8.870000e+02 3.458152e-01 -1.000000e+00 -1.000000e+00 -1.000000e+00 0.000000e+00 -1.000000e+00 0.000000e+00 4.326245e-03 9.120000e+02 -1.000000e+00 0.000000e+00 -9.990070e+05 3.000000e+00 -1.000000e+00 7.161531e-01 -1.0 0.000000e+00 0.000000e+00 -1.000000e+00 7.742689e-01 -1.000000e+00 -9.990070e+05 3.813839e-01 3.813839e-01 9.673192e-01 -1.000000e+00 -1.000000e+00 0.000000e+00 -1.000000e+00 6.216691e-02 0.000000e+00 -1.000000e+00
-1.000000e+00 -1.000000e+00 0.000000e+00 -1.000000e+00 -1.000000e+00 8.750000e+02 4.047988e-01 -1.000000e+00 -1.000000e+00 -1.000000e+00 0.000000e+00 -1.000000e+00 0.000000e+00 7.545733e-03 9.250000e+02 -1.000000e+00 0.000000e+00 -9.990070e+05 3.000000e+00 -1.000000e+00 8.494315e-01 -1.0 0.000000e+00 0.000000e+00 -1.000000e+00 8.031332e-01 -1.000000e+00 -9.990070e+05 4.914520e-01 4.914520e-01 9.716453e-01 -1.000000e+00 -1.000000e+00 0.000000e+00 -1.000000e+00 8.880713e-02 0.000000e+00 -1.000000e+00
7.183513e-01 -1.000000e+00 0.000000e+00 -1.000000e+00 -1.000000e+00 4.500000e+02 5.632320e-02 -1.000000e+00 -1.000000e+00 2.265778e+00 0.000000e+00 -1.000000e+00 0.000000e+00 9.292584e-05 9.500000e+02 1.034772e+00 0.000000e+00 -9.990070e+05 3.000000e+00 -1.000000e+00 1.090005e-01 -1.0 0.000000e+00 0.000000e+00 -1.000000e+00 3.585991e-01 -1.000000e+00 -9.990070e+05 5.354376e-02 5.354376e-02 8.619960e-01 5.226494e-01 1.539498e+00 0.000000e+00 -1.000000e+00 3.633296e-03 0.000000e+00 1.026745e+00
3.209763e+00 -1.000000e+00 0.000000e+00 -1.000000e+00 -1.000000e+00 6.500000e+02 4.555785e-01 -1.000000e+00 -1.000000e+00 9.490804e+00 0.000000e+00 -1.000000e+00 0.000000e+00 1.295982e-02 9.500000e+02 4.566463e+00 0.000000e+00 -9.990070e+05 3.000000e+00 -1.000000e+00 9.500285e-01 -1.0 0.000000e+00 0.000000e+00 -1.000000e+00 8.244702e-01 -1.000000e+00 -9.990070e+05 6.332028e-01 6.332028e-01 9.747889e-01 2.376072e+00 6.623417e+00 0.000000e+00 -1.000000e+00 1.208713e-01 0.000000e+00 4.528862e+00
3.700443e+00 -1.000000e+00 0.000000e+00 -1.000000e+00 -1.000000e+00 8.500000e+02 4.659275e-01 -1.000000e+00 -1.000000e+00 1.132809e+01 0.000000e+00 -1.000000e+00 0.000000e+00 1.464112e-02 9.500000e+02 5.270118e+00 0.000000e+00 -9.990070e+05 3.000000e+00 -1.000000e+00 9.664361e-01 -1.0 0.000000e+00 0.000000e+00 -1.000000e+00 8.285284e-01 -1.000000e+00 -9.990070e+05 6.735567e-01 6.735567e-01 9.753825e-01 2.712878e+00 7.766910e+00 0.000000e+00 -1.000000e+00 1.287643e-01 0.000000e+00 5.226738e+00
