2.247042e-01 -1.000000e+00 4.000000e+03 -1.000000e+00 -1.000000e+00 0.000000e+00 3.754149e-04 -1.000000e+00 -1.000000e+00 1.054635e+00 0.000000e+00 -1.000000e+00 1.000000e+00 2.747820e-08 1.000000e+03 3.610361e-01 1.000000e+00 -9.990070e+05 2.000000e+00 -1.000000e+00 5.108421e-03 -1.0 0.000000e+00 0.000000e+00 -1.000000e+00 1.056432e-02 -1.000000e+00 -9.990070e+05 3.813583e-03 3.813583e-03 1.195198e-01 1.517986e-01 6.190925e-01 0.000000e+00 -1.000000e+00 5.194146e-06 1.000000e+00 5.384711e-01
1.944595e+00 -1.000000e+00 0.000000e+00 -1.000000e+00 -1.000000e+00 6.000000e+02 3.397196e-01 -1.000000e+00 -1.000000e+00 9.866476e+00 0.000000e+00 -1.000000e+00 0.000000e+00 4.093220e-03 1.000000e+03 3.194776e+00 0.000000e+00 -9.990070e+05 3.000000e+00 -1.000000e+00 9.879703e-01 -1.0 0.000000e+00 0.000000e+00 -1.000000e+00 7.709499e-01 -1.000000e+00 -9.990070e+05 9.627157e-01 9.627157e-01 9.668153e-01 1.321041e+00 5.585610e+00 0.000000e+00 -1.000000e+00 5.989795e-02 0.000000e+00 4.757585e+00
1.122928e+01 -1.000000e+00 0.000000e+00 -1.000000e+00 -1.000000e+00 8.000000e+02 5.000000e-01 -1.000000e+00 -1.000000e+00 7.719914e+01 0.000000e+00 -1.000000e+00 0.000000e+00 2.275013e-02 1.000000e+03 1.966218e+01 0.000000e+00 -9.990070e+05 3.000000e+00 -1.000000e+00 1.157572e+00 -1.0 0.000000e+00 0.000000e+00 -1.000000e+00 8.413447e-01 -1.000000e+00 -9.990070e+05 2.413384e-01 2.413384e-01 9.772499e-01 7.483625e+00 3.807996e+01 0.000000e+00 -1.000000e+00 1.586553e-01 0.000000e+00 3.078071e+01
2.036676e+00 -1.000000e+00 0.000000e+00 -1.000000e+00 -1.000000e+00 5.500000e+02 3.449275e-01 -1.000000e+00 -1.000000e+00 1.170951e+01 0.000000e+00 -1.000000e+00 0.000000e+00 4.291443e-03 1.050000e+03 3.390978e+00 0.000000e+00 -9.990070e+05 3.000000e+00 -1.000000e+00 9.848774e-01 -1.0 0.000000e+00 0.000000e+00 -1.000000e+00 7.737901e-01 -1.000000e+00 -9.990070e+05 9.521067e-01 9.521067e-01 9.672466e-01 1.323908e+00 6.208961e+00 0.000000e+00 -1.000000e+00 6.183163e-02 0.000000e+00 5.125941e+00
7.126552e+00 -1.000000e+00 0.000000e+00 -1.000000e+00 -1.000000e+00 7.500000e+02 5.000000e-01 -1.000000e+00 -1.000000e+00 3.227846e+01 0.000000e+00 -1.000000e+00 0.000000e+00 2.275013e-02 1.050000e+03 1.142666e+01 0.000000e+00 -9.990070e+05 3.000000e+00 -1.000000e+00 1.019484e+00 -1.0 0.000000e+00 0.000000e+00 -1.000000e+00 8.413447e-01 -1.000000e+00 -9.990070e+05 3.586152e-01 3.586152e-01 9.772499e-01 4.802682e+00 1.932344e+01 0.000000e+00 -1.000000e+00 1.586553e-01 0.000000e+00 1.693529e+01
2.669668e-01 -1.000000e+00 0.000000e+00 -1.000000e+00 -1.000000e+00 1.000000e+02 1.030549e-03 -1.000000e+00 -1.000000e+00 1.216037e+00 0.000000e+00 -1.000000e+00 0.000000e+00 1.277454e-07 1.100000e+03 4.287467e-01 0.000000e+00 -9.990070e+05 3.000000e+00 -1.000000e+00 1.245656e-02 -1.0 0.000000e+00 0.000000e+00 -1.000000e+00 2.248631e-02 -1.000000e+00 -9.990070e+05 9.380703e-03 9.380703e-03 1.998084e-01 1.798330e-01 7.272085e-01 0.000000e+00 -1.000000e+00 1.851783e-05 0.000000e+00 6.348178e-01
4.959283e-01 -1.000000e+00 4.000000e+03 -1.000000e+00 -1.000000e+00 3.000000e+02 2.410840e-02 -1.000000e+00 -1.000000e+00 2.368233e+00 0.000000e+00 -1.000000e+00 1.000000e+00 2.086856e-05 1.100000e+03 8.009474e-01 1.000000e+00 -9.990070e+05 3.000000e+00 -1.000000e+00 1.708542e-01 -1.0 0.000000e+00 0.000000e+00 -1.000000e+00 2.090040e-01 -1.000000e+00 -9.990070e+05 1.321295e-01 1.321295e-01 7.362645e-01 3.352519e-01 1.380207e+00 0.000000e+00 -1.000000e+00 1.132370e-03 0.000000e+00 1.185312e+00
1.364397e+00 -1.000000e+00 0.000000e+00 -1.000000e+00 -1.000000e+00 5.000000e+02 2.446914e-01 -1.000000e+00 -1.000000e+00 6.381423e+00 0.000000e+00 -1.000000e+00 0.000000e+00 1.709081e-03 1.100000e+03 2.192919e+00 0.000000e+00 -9.990070e+05 3.000000e+00 -1.000000e+00 8.964244e-01 -1.0 0.000000e+00 0.000000e+00 -1.000000e+00 7.062703e-01 -1.000000e+00 -9.990070e+05 8.022283e-01 8.022283e-01 9.566337e-01 9.200324e-01 3.760282e+00 0.000000e+00 -1.000000e+00 3.246601e-02 0.000000e+00 3.259154e+00
5.109289e+00 -1.000000e+00 0.000000e+00 -1.000000e+00 -1.000000e+00 7.000000e+02 4.734532e-01 -1.000000e+00 -1.000000e+00 2.655359e+01 0.000000e+00 -1.000000e+00 0.000000e+00 1.605042e-02 1.100000e+03 8.471479e+00 0.000000e+00 -9.990070e+05 3.000000e+00 -1.000000e+00 9.533474e-01 -1.0 0.000000e+00 0.000000e+00 -1.000000e+00 8.314279e-01 -1.000000e+00 -9.990070e+05 5.149431e-01 5.149431e-01 9.758060e-01 3.478439e+00 1.493875e+01 0.000000e+00 -1.000000e+00 1.348353e-01 0.000000e+00 1.275064e+01
5.306616e+01 -1.000000e+00 0.000000e+00 -1.000000e+00 -1.000000e+00 9.000000e+02 5.000000e-01 -1.000000e+00 -1.000000e+00 2.363582e+02 0.000000e+00 -1.000000e+00 0.000000e+00 2.275013e-02 1.100000e+03 8.528298e+01 0.000000e+00 -9.990070e+05 3.000000e+00 -1.000000e+00 1.064780e+00 -1.0 0.000000e+00 0.000000e+00 -1.000000e+00 8.413447e-01 -1.000000e+00 -9.990070e+05 1.527506e-01 1.527506e-01 9.772499e-01 3.567566e+01 1.429321e+02 0.000000e+00 -1.000000e+00 1.586553e-01 0.000000e+00 1.253787e+02
3.954969e-01 -1.000000e+00 0.000000e+00 -1.000000e+00 -1.000000e+00 2.500000e+02 9.409060e-03 -1.000000e+00 -1.000000e+00 1.843901e+00 0.000000e+00 -1.000000e+00 0.000000e+00 4.289838e-06 1.150000e+03 6.351553e-01 0.000000e+00 -9.990070e+05 3.000000e+00 -1.000000e+00 8.072291e-02 -1.0 0.000000e+00 0.000000e+00 -1.000000e+00 1.102927e-01 -1.000000e+00 -9.990070e+05 6.194219e-02 6.194219e-02 5.424345e-01 2.669180e-01 1.088539e+00 0.000000e+00 -1.000000e+00 3.221288e-04 0.000000e+00 9.445053e-01
8.028208e-01 -1.000000e+00 0.000000e+00 -1.000000e+00 -1.000000e+00 4.500000e+02 9.721816e-02 -1.000000e+00 -1.000000e+00 3.643411e+00 0.000000e+00 -1.000000e+00 0.000000e+00 2.548382e-04 1.150000e+03 1.287654e+00 0.000000e+00 -9.990070e+05 3.000000e+00 -1.000000e+00 5.051798e-01 -1.0 0.000000e+00 0.000000e+00 -1.000000e+00 4.869525e-01 -1.000000e+00 -9.990070e+05 4.049294e-01 4.049294e-01 9.106800e-01 5.410959e-01 2.179561e+00 0.000000e+00 -1.000000e+00 7.875060e-03 0.000000e+00 1.895206e+00
2.950825e-01 -1.000000e+00 0.000000e+00 -1.000000e+00 -1.000000e+00 5.000000e+01 1.814313e-03 -1.000000e+00 -1.000000e+00 1.324700e+00 0.000000e+00 -1.000000e+00 0.000000e+00 3.070684e-07 1.150000e+03 4.736770e-01 0.000000e+00 -9.990070e+05 3.000000e+00 -1.000000e+00 2.045720e-02 -1.0 0.000000e+00 0.000000e+00 -1.000000e+00 3.408569e-02 -1.000000e+00 -9.990070e+05 1.549788e-02 1.549788e-02 2.630272e-01 1.986382e-01 7.978664e-01 0.000000e+00 -1.000000e+00 3.804273e-05 0.000000e+00 6.984509e-01
2.527736e+00 -1.000000e+00 0.000000e+00 -1.000000e+00 -1.000000e+00 6.500000e+02 3.934655e-01 -1.000000e+00 -1.000000e+00 1.211646e+01 0.000000e+00 -1.000000e+00 0.000000e+00 6.752494e-03 1.150000e+03 4.084631e+00 0.000000e+00 -9.990070e+05 3.000000e+00 -1.000000e+00 9.504387e-01 -1.0 0.000000e+00 0.000000e+00 -1.000000e+00 7.979829e-01 -1.000000e+00 -9.990070e+05 8.047484e-01 8.047484e-01 9.708801e-01 1.709479e+00 7.042560e+00 0.000000e+00 -1.000000e+00 8.293494e-02 0.000000e+00 6.052386e+00
8.018536e+00 -1.000000e+00 0.000000e+00 -1.000000e+00 -1.000000e+00 8.500000e+02 5.000000e-01 -1.000000e+00 -1.000000e+00 3.782148e+01 0.000000e+00 -1.000000e+00 0.000000e+00 2.275013e-02 1.150000e+03 1.290950e+01 0.000000e+00 -9.990070e+05 3.000000e+00 -1.000000e+00 1.056852e+00 -1.0 0.000000e+00 0.000000e+00 -1.000000e+00 8.413447e-01 -1.000000e+00 -9.990070e+05 3.145647e-01 3.145647e-01 9.772499e-01 5.419464e+00 2.216717e+01 0.000000e+00 -1.000000e+00 1.586553e-01 0.000000e+00 1.916915e+01
2.677653e-01 -1.000000e+00 4.000000e+03 -1.000000e+00 -1.000000e+00 0.000000e+00 9.304104e-04 -1.000000e+00 -1.000000e+00 1.190992e+00 0.000000e+00 -1.000000e+00 1.000000e+00 1.091655e-07 1.200000e+03 4.300971e-01 1.000000e+00 -9.990070e+05 3.000000e+00 -1.000000e+00 1.139658e-02 -1.0 0.000000e+00 0.000000e+00 -1.000000e+00 2.084579e-02 -1.000000e+00 -9.990070e+05 8.575401e-03 8.575401e-03 1.899250e-01 1.800934e-01 7.214566e-01 0.000000e+00 -1.000000e+00 1.626901e-05 0.000000e+00 6.315639e-01
3.459943e-01 -1.000000e+00 0.000000e+00 -1.000000e+00 -1.000000e+00 2.000000e+02 4.479425e-03 -1.000000e+00 -1.000000e+00 1.549901e+00 0.000000e+00 -1.000000e+00 0.000000e+00 1.283675e-06 1.200000e+03 5.554375e-01 0.000000e+00 -9.990070e+05 3.000000e+00 -1.000000e+00 4.392340e-02 -1.0 0.000000e+00 0.000000e+00 -1.000000e+00 6.543556e-02 -1.000000e+00 -9.990070e+05 3.352009e-02 3.352009e-02 3.984655e-01 2.328824e-01 9.347675e-01 0.000000e+00 -1.000000e+00 1.219042e-04 0.000000e+00 8.172724e-01
8.814706e-01 -1.000000e+00 4.000000e+03 -1.000000e+00 -1.000000e+00 4.000000e+02 1.193502e-01 -1.000000e+00 -1.000000e+00 4.137446e+00 0.000000e+00 -1.000000e+00 1.000000e+00 3.777115e-04 1.200000e+03 1.415133e+00 1.000000e+00 -9.990070e+05 3.000000e+00 -1.000000e+00 5.800467e-01 -1.0 0.000000e+00 0.000000e+00 -1.000000e+00 5.383529e-01 -1.000000e+00 -9.990070e+05 4.688388e-01 4.688388e-01 9.240397e-01 5.960956e-01 2.427150e+00 0.000000e+00 -1.000000e+00 1.061070e-02 0.000000e+00 2.088607e+00
1.798060e+00 -1.000000e+00 0.000000e+00 -1.000000e+00 -1.000000e+00 6.000000e+02 -1.000000e+00 -1.000000e+00 -1.000000e+00 8.144190e+00 0.000000e+00 -1.000000e+00 0.000000e+00 -1.000000e+00 1.200000e+03 2.887378e+00 0.000000e+00 -9.990070e+05 3.000000e+00 -1.000000e+00 -1.000000e+00 -1.0 0.000000e+00 0.000000e+00 -1.000000e+00 -1.000000e+00 -1.000000e+00 -9.990070e+05 -1.000000e+00 -1.000000e+00 -1.000000e+00 1.210753e+00 4.884297e+00 0.000000e+00 -1.000000e+00 -1.000000e+00 0.000000e+00 4.275052e+00
4.657694e+00 -1.000000e+00 0.000000e+00 -1.000000e+00 -1.000000e+00 8.000000e+02 4.673792e-01 -1.000000e+00 -1.000000e+00 2.095401e+01 0.000000e+00 -1.000000e+00 0.000000e+00 1.489974e-02 1.200000e+03 7.489619e+00 0.000000e+00 -9.990070e+05 3.000000e+00 -1.000000e+00 9.477484e-01 -1.0 0.000000e+00 0.000000e+00 -1.000000e+00 8.290910e-01 -1.000000e+00 -9.990070e+05 5.386210e-01 5.386210e-01 9.754647e-01 3.132071e+00 1.260306e+01 0.000000e+00 -1.000000e+00 1.299132e-01 0.000000e+00 1.101686e+01
3.375076e-01 -1.000000e+00 0.000000e+00 -1.000000e+00 -1.000000e+00 1.500000e+02 4.226790e-03 -1.000000e+00 -1.000000e+00 1.561672e+00 0.000000e+00 -1.000000e+00 0.000000e+00 1.169591e-06 1.250000e+03 5.399490e-01 0.000000e+00 -9.990070e+05 3.000000e+00 -1.000000e+00 4.019850e-02 -1.0 0.000000e+00 0.000000e+00 -1.000000e+00 6.278293e-02 -1.000000e+00 -9.990070e+05 3.042413e-02 3.042413e-02 3.883911e-01 2.280517e-01 9.225343e-01 0.000000e+00 -1.000000e+00 1.130530e-04 0.000000e+00 7.973516e-01
6.646538e-01 -1.000000e+00 0.000000e+00 -1.000000e+00 -1.000000e+00 3.500000e+02 6.066282e-02 -1.000000e+00 -1.000000e+00 3.160775e+00 0.000000e+00 -1.000000e+00 0.000000e+00 1.063077e-04 1.250000e+03 1.072998e+00 0.000000e+00 -9.990070e+05 3.000000e+00 -1.000000e+00 3.559230e-01 -1.0 0.000000e+00 0.000000e+00 -1.000000e+00 3.748190e-01 -1.000000e+00 -9.990070e+05 2.807838e-01 2.807838e-01 8.699235e-01 4.490806e-01 1.847249e+00 0.000000e+00 -1.000000e+00 4.030955e-03 0.000000e+00 1.596185e+00
1.440206e+00 -1.000000e+00 0.000000e+00 -1.000000e+00 -1.000000e+00 5.500000e+02 2.611834e-01 -1.000000e+00 -1.000000e+00 6.882299e+00 0.000000e+00 -1.000000e+00 0.000000e+00 2.000244e-03 1.250000e+03 2.314606e+00 0.000000e+00 -9.990070e+05 3.000000e+00 -1.000000e+00 9.249978e-01 -1.0 0.000000e+00 0.000000e+00 -1.000000e+00 7.197258e-01 -1.000000e+00 -9.990070e+05 8.454999e-01 8.454999e-01 9.588175e-01 9.763539e-01 3.991374e+00 0.000000e+00 -1.000000e+00 3.635416e-02 0.000000e+00 3.407473e+00
4.412571e+00 -1.000000e+00 0.000000e+00 -1.000000e+00 -1.000000e+00 7.500000e+02 4.607833e-01 -1.000000e+00 -1.000000e+00 2.207570e+01 0.000000e+00 -1.000000e+00 0.000000e+00 1.377137e-02 1.250000e+03 7.201127e+00 0.000000e+00 -9.990070e+05 3.000000e+00 -1.000000e+00 9.439486e-01 -1.0 0.000000e+00 0.000000e+00 -1.000000e+00 8.265218e-01 -1.000000e+00 -9.990070e+05 5.681586e-01 5.681586e-01 9.750892e-01 3.009189e+00 1.256739e+01 0.000000e+00 -1.000000e+00 1.247765e-01 0.000000e+00 1.064199e+01
3.084140e-01 -1.000000e+00 0.000000e+00 -1.000000e+00 -1.000000e+00 1.000000e+02 2.294453e-03 -1.000000e+00 -1.000000e+00 1.374692e+00 0.000000e+00 -1.000000e+00 0.000000e+00 4.436447e-07 1.300000e+03 4.950780e-01 0.000000e+00 -9.990070e+05 3.000000e+00 -1.000000e+00 2.471348e-02 -1.0 0.000000e+00 0.000000e+00 -1.000000e+00 4.044168e-02 -1.000000e+00 -9.990070e+05 1.871931e-02 1.871931e-02 2.939054e-01 2.075186e-01 8.305060e-01 0.000000e+00 -1.000000e+00 5.139118e-05 0.000000e+00 7.264266e-01
5.104569e-01 -1.000000e+00 0.000000e+00 -1.000000e+00 -1.000000e+00 3.000000e+02 2.558133e-02 -1.000000e+00 -1.000000e+00 2.304971e+00 0.000000e+00 -1.000000e+00 0.000000e+00 2.311089e-05 1.300000e+03 8.200336e-01 0.000000e+00 -9.990070e+05 3.000000e+00 -1.000000e+00 1.824840e-01 -1.0 0.000000e+00 0.000000e+00 -1.000000e+00 2.173558e-01 -1.000000e+00 -9.990070e+05 1.418991e-01 1.418991e-01 7.471418e-01 3.436427e-01 1.385468e+00 0.000000e+00 -1.000000e+00 1.227125e-03 0.000000e+00 1.206905e+00
1.126473e+00 -1.000000e+00 0.000000e+00 -1.000000e+00 -1.000000e+00 5.000000e+02 1.890431e-01 -1.000000e+00 -1.000000e+00 5.048309e+00 0.000000e+00 -1.000000e+00 0.000000e+00 9.589813e-04 1.300000e+03 1.808248e+00 0.000000e+00 -9.990070e+05 3.000000e+00 -1.000000e+00 7.828930e-01 -1.0 0.000000e+00 0.000000e+00 -1.000000e+00 6.497705e-01 -1.000000e+00 -9.990070e+05 6.644516e-01 6.644516e-01 9.469490e-01 7.583508e-01 3.044161e+00 0.000000e+00 -1.000000e+00 2.128454e-02 0.000000e+00 2.651458e+00
4.344257e+00 -1.000000e+00 0.000000e+00 -1.000000e+00 -1.000000e+00 7.000000e+02 4.589338e-01 -1.000000e+00 -1.000000e+00 2.050373e+01 0.000000e+00 -1.000000e+00 0.000000e+00 1.347546e-02 1.300000e+03 7.000744e+00 0.000000e+00 -9.990070e+05 3.000000e+00 -1.000000e+00 9.425932e-01 -1.0 0.000000e+00 0.000000e+00 -1.000000e+00 8.257952e-01 -1.000000e+00 -9.990070e+05 5.734312e-01 5.734312e-01 9.749828e-01 2.938187e+00 1.201575e+01 0.000000e+00 -1.000000e+00 1.233740e-01 0.000000e+00 1.043384e+01
1.279953e+01 -1.000000e+00 0.000000e+00 -1.000000e+00 -1.000000e+00 9.000000e+02 5.000000e-01 -1.000000e+00 -1.000000e+00 5.790055e+01 0.000000e+00 -1.000000e+00 0.000000e+00 2.275013e-02 1.300000e+03 2.058432e+01 0.000000e+00 -9.990070e+05 3.000000e+00 -1.000000e+00 1.235526e+00 -1.0 0.000000e+00 0.000000e+00 -1.000000e+00 8.413447e-01 -1.000000e+00 -9.990070e+05 1.942138e-01 1.942138e-01 9.772499e-01 8.609247e+00 3.472624e+01 0.000000e+00 -1.000000e+00 1.586553e-01 0.000000e+00 3.039510e+01
4.184306e-01 -1.000000e+00 0.000000e+00 -1.000000e+00 -1.000000e+00 2.500000e+02 1.155488e-02 -1.000000e+00 -1.000000e+00 1.910538e+00 0.000000e+00 -1.000000e+00 0.000000e+00 6.026603e-06 1.350000e+03 6.706405e-01 0.000000e+00 -9.990070e+05 3.000000e+00 -1.000000e+00 9.423452e-02 -1.0 0.000000e+00 0.000000e+00 -1.000000e+00 1.271197e-01 -1.000000e+00 -9.990070e+05 7.224660e-02 7.224660e-02 5.858396e-01 2.822500e-01 1.138576e+00 0.000000e+00 -1.000000e+00 4.227578e-04 0.000000e+00 9.859876e-01
8.827610e-01 -1.000000e+00 4.000000e+03 -1.000000e+00 -1.000000e+00 4.500000e+02 1.207549e-01 -1.000000e+00 -1.000000e+00 3.935177e+00 0.000000e+00 -1.000000e+00 1.000000e+00 3.864076e-04 1.350000e+03 1.417192e+00 1.000000e+00 -9.990070e+05 2.000000e+00 -1.000000e+00 5.902608e-01 -1.0 0.000000e+00 0.000000e+00 -1.000000e+00 5.412853e-01 -1.000000e+00 -9.990070e+05 4.793354e-01 4.793354e-01 9.247355e-01 5.939745e-01 2.378856e+00 0.000000e+00 -1.000000e+00 1.079456e-02 1.000000e+00 2.079733e+00
3.191072e-01 -1.000000e+00 0.000000e+00 -1.000000e+00 -1.000000e+00 5.000000e+01 2.851865e-03 -1.000000e+00 -1.000000e+00 1.432369e+00 0.000000e+00 -1.000000e+00 0.000000e+00 6.251869e-07 1.350000e+03 5.115717e-01 0.000000e+00 -9.990070e+05 3.000000e+00 -1.000000e+00 2.904565e-02 -1.0 0.000000e+00 0.000000e+00 -1.000000e+00 4.733715e-02 -1.000000e+00 -9.990070e+05 2.194435e-02 2.194435e-02 3.251437e-01 2.149720e-01 8.610118e-01 0.000000e+00 -1.000000e+00 6.797352e-05 0.000000e+00 7.493164e-01
2.082492e+00 -1.000000e+00 0.000000e+00 -1.000000e+00 -1.000000e+00 6.500000e+02 3.596775e-01 -1.000000e+00 -1.000000e+00 9.235228e+00 0.000000e+00 -1.000000e+00 0.000000e+00 4.911406e-03 1.350000e+03 3.344954e+00 0.000000e+00 -9.990070e+05 3.000000e+00 -1.000000e+00 9.687727e-01 -1.0 0.000000e+00 0.000000e+00 -1.000000e+00 7.815537e-01 -1.000000e+00 -9.990070e+05 8.962263e-01 8.962263e-01 9.684202e-01 1.400431e+00 5.603134e+00 0.000000e+00 -1.000000e+00 6.762637e-02 0.000000e+00 4.903466e+00
1.150162e+01 -1.000000e+00 0.000000e+00 -1.000000e+00 -1.000000e+00 8.500000e+02 5.000000e-01 -1.000000e+00 -1.000000e+00 5.790959e+01 0.000000e+00 -1.000000e+00 0.000000e+00 2.275013e-02 1.350000e+03 1.886921e+01 0.000000e+00 -9.990070e+05 3.000000e+00 -1.000000e+00 1.210588e+00 -1.0 0.000000e+00 0.000000e+00 -1.000000e+00 8.413447e-01 -1.000000e+00 -9.990070e+05 2.121520e-01 2.121520e-01 9.772499e-01 7.816982e+00 3.295107e+01 0.000000e+00 -1.000000e+00 1.586553e-01 0.000000e+00 2.792710e+01
3.577332e-01 -1.000000e+00 0.000000e+00 -1.000000e+00 -1.000000e+00 0.000000e+00 5.205766e-03 -1.000000e+00 -1.000000e+00 1.583875e+00 0.000000e+00 -1.000000e+00 0.000000e+00 1.634740e-06 1.400000e+03 5.748042e-01 0.000000e+00 -9.990070e+05 3.000000e+00 -1.000000e+00 4.975997e-02 -1.0 0.000000e+00 0.000000e+00 -1.000000e+00 7.280890e-02 -1.000000e+00 -9.990070e+05 3.801873e-02 3.801873e-02 4.254174e-01 2.405013e-01 9.617504e-01 0.000000e+00 -1.000000e+00 1.482292e-04 0.000000e+00 8.415831e-01
4.370505e-01 -1.000000e+00 0.000000e+00 -1.000000e+00 -1.000000e+00 2.000000e+02 1.363365e-02 -1.000000e+00 -1.000000e+00 1.955047e+00 0.000000e+00 -1.000000e+00 0.000000e+00 7.940839e-06 1.400000e+03 7.014256e-01 0.000000e+00 -9.990070e+05 3.000000e+00 -1.000000e+00 1.095800e-01 -1.0 0.000000e+00 0.000000e+00 -1.000000e+00 1.423909e-01 -1.000000e+00 -9.990070e+05 8.446355e-02 8.446355e-02 6.210357e-01 2.942143e-01 1.179475e+00 0.000000e+00 -1.000000e+00 5.267469e-04 0.000000e+00 1.027981e+00
7.111653e-01 -1.000000e+00 0.000000e+00 -1.000000e+00 -1.000000e+00 4.000000e+02 7.191169e-02 -1.000000e+00 -1.000000e+00 3.211413e+00 0.000000e+00 -1.000000e+00 0.000000e+00 1.451191e-04 1.400000e+03 1.140831e+00 0.000000e+00 -9.990070e+05 3.000000e+00 -1.000000e+00 4.052880e-01 -1.0 0.000000e+00 0.000000e+00 -1.000000e+00 4.136682e-01 -1.000000e+00 -9.990070e+05 3.213881e-01 3.213881e-01 8.864415e-01 4.791320e-01 1.926587e+00 0.000000e+00 -1.000000e+00 5.121589e-03 0.000000e+00 1.675383e+00
1.642810e+00 -1.000000e+00 0.000000e+00 -1.000000e+00 -1.000000e+00 6.000000e+02 2.993756e-01 -1.000000e+00 -1.000000e+00 7.587017e+00 0.000000e+00 -1.000000e+00 0.000000e+00 2.843048e-03 1.400000e+03 2.626975e+00 0.000000e+00 -9.990070e+05 3.000000e+00 -1.000000e+00 9.772733e-01 -1.0 0.000000e+00 0.000000e+00 -1.000000e+00 7.468700e-01 -1.000000e+00 -9.990070e+05 9.427539e-01 9.427539e-01 9.631113e-01 1.110200e+00 4.484908e+00 0.000000e+00 -1.000000e+00 4.662913e-02 0.000000e+00 3.865648e+00
6.120505e+00 -1.000000e+00 0.000000e+00 -1.000000e+00 -1.000000e+00 8.000000e+02 4.931983e-01 -1.000000e+00 -1.000000e+00 2.750043e+01 0.000000e+00 -1.000000e+00 0.000000e+00 2.072352e-02 1.400000e+03 9.819698e+00 0.000000e+00 -9.990070e+05 3.000000e+00 -1.000000e+00 9.829171e-01 -1.0 0.000000e+00 0.000000e+00 -1.000000e+00 8.388470e-01 -1.000000e+00 -9.990070e+05 4.207346e-01 4.207346e-01 9.768868e-01 4.121791e+00 1.654874e+01 0.000000e+00 -1.000000e+00 1.521802e-01 0.000000e+00 1.443314e+01
4.084598e-01 -1.000000e+00 0.000000e+00 -1.000000e+00 -1.000000e+00 1.500000e+02 9.932763e-03 -1.000000e+00 -1.000000e+00 1.800984e+00 0.000000e+00 -1.000000e+00 0.000000e+00 4.690817e-06 1.450000e+03 6.561642e-01 0.000000e+00 -9.990070e+05 3.000000e+00 -1.000000e+00 8.516175e-02 -1.0 0.000000e+00 0.000000e+00 -1.000000e+00 1.145133e-01 -1.000000e+00 -9.990070e+05 6.551196e-02 6.551196e-02 5.538025e-01 2.745829e-01 1.095958e+00 0.000000e+00 -1.000000e+00 3.460204e-04 0.000000e+00 9.587896e-01
6.196387e-01 -1.000000e+00 0.000000e+00 -1.000000e+00 -1.000000e+00 3.500000e+02 4.879831e-02 -1.000000e+00 -1.000000e+00 2.797656e+00 0.000000e+00 -1.000000e+00 0.000000e+00 7.179792e-05 1.450000e+03 9.953965e-01 0.000000e+00 -9.990070e+05 3.000000e+00 -1.000000e+00 3.022199e-01 -1.0 0.000000e+00 0.000000e+00 -1.000000e+00 3.286413e-01 -1.000000e+00 -9.990070e+05 2.374616e-01 2.374616e-01 8.453541e-01 4.171541e-01 1.681748e+00 0.000000e+00 -1.000000e+00 2.975581e-03 0.000000e+00 1.463624e+00
1.296579e+00 -1.000000e+00 0.000000e+00 -1.000000e+00 -1.000000e+00 5.500000e+02 2.325572e-01 -1.000000e+00 -1.000000e+00 5.748553e+00 0.000000e+00 -1.000000e+00 0.000000e+00 1.517434e-03 1.450000e+03 2.081387e+00 0.000000e+00 -9.990070e+05 3.000000e+00 -1.000000e+00 8.779438e-01 -1.0 0.000000e+00 0.000000e+00 -1.000000e+00 6.955483e-01 -1.000000e+00 -9.990070e+05 7.780076e-01 7.780076e-01 9.548635e-01 8.722404e-01 3.486933e+00 0.000000e+00 -1.000000e+00 2.978745e-02 0.000000e+00 3.049642e+00
3.674616e+00 -1.000000e+00 0.000000e+00 -1.000000e+00 -1.000000e+00 7.500000e+02 4.430892e-01 -1.000000e+00 -1.000000e+00 1.813043e+01 0.000000e+00 -1.000000e+00 0.000000e+00 1.125421e-02 1.450000e+03 5.983479e+00 0.000000e+00 -9.990070e+05 3.000000e+00 -1.000000e+00 9.386783e-01 -1.0 0.000000e+00 0.000000e+00 -1.000000e+00 8.194543e-01 -1.000000e+00 -9.990070e+05 6.375917e-01 6.375917e-01 9.740534e-01 2.495704e+00 1.038870e+01 0.000000e+00 -1.000000e+00 1.120086e-01 0.000000e+00 8.844155e+00
4.199449e-01 -1.000000e+00 0.000000e+00 -1.000000e+00 -1.000000e+00 0.000000e+00 1.125710e-02 -1.000000e+00 -1.000000e+00 1.853273e+00 0.000000e+00 -1.000000e+00 0.000000e+00 5.770882e-06 1.500000e+03 6.742637e-01 0.000000e+00 -9.990070e+05 3.000000e+00 -1.000000e+00 9.396867e-02 -1.0 0.000000e+00 0.000000e+00 -1.000000e+00 1.248546e-01 -1.000000e+00 -9.990070e+05 7.231827e-02 7.231827e-02 5.802891e-01 2.824037e-01 1.126696e+00 0.000000e+00 -1.000000e+00 4.083706e-04 0.000000e+00 9.843657e-01
4.046262e-01 -1.000000e+00 0.000000e+00 -1.000000e+00 -1.000000e+00 1.000000e+02 9.583074e-03 -1.000000e+00 -1.000000e+00 1.799155e+00 0.000000e+00 -1.000000e+00 0.000000e+00 4.421413e-06 1.500000e+03 6.494113e-01 0.000000e+00 -9.990070e+05 3.000000e+00 -1.000000e+00 8.195926e-02 -1.0 0.000000e+00 0.000000e+00 -1.000000e+00 1.117040e-01 -1.000000e+00 -9.990070e+05 6.290449e-02 6.290449e-02 5.462725e-01 2.722798e-01 1.088866e+00 0.000000e+00 -1.000000e+00 3.300178e-04 0.000000e+00 9.499171e-01
5.502421e-01 -1.000000e+00 0.000000e+00 -1.000000e+00 -1.000000e+00 3.000000e+02 3.294459e-02 -1.000000e+00 -1.000000e+00 2.454184e+00 0.000000e+00 -1.000000e+00 0.000000e+00 3.584751e-05 1.500000e+03 8.826789e-01 0.000000e+00 -9.990070e+05 3.000000e+00 -1.000000e+00 2.228806e-01 -1.0 0.000000e+00 0.000000e+00 -1.000000e+00 2.563875e-01 -1.000000e+00 -9.990070e+05 1.739638e-01 1.739638e-01 7.901838e-01 3.704388e-01 1.481952e+00 0.000000e+00 -1.000000e+00 1.731868e-03 0.000000e+00 1.291311e+00
1.040867e+00 -1.000000e+00 0.000000e+00 -1.000000e+00 -1.000000e+00 5.000000e+02 1.654340e-01 -1.000000e+00 -1.000000e+00 4.688146e+00 0.000000e+00 -1.000000e+00 0.000000e+00 7.249854e-04 1.500000e+03 1.670845e+00 0.000000e+00 -9.990070e+05 3.000000e+00 -1.000000e+00 7.235995e-01 -1.0 0.000000e+00 0.000000e+00 -1.000000e+00 6.186004e-01 -1.000000e+00 -9.990070e+05 6.034965e-01 6.034965e-01 9.411523e-01 7.008914e-01 2.819251e+00 0.000000e+00 -1.000000e+00 1.729927e-02 0.000000e+00 2.458174e+00
2.679003e+00 -1.000000e+00 0.000000e+00 -1.000000e+00 -1.000000e+00 7.000000e+02 4.051712e-01 -1.000000e+00 -1.000000e+00 1.214487e+01 0.000000e+00 -1.000000e+00 0.000000e+00 7.573672e-03 1.500000e+03 4.297256e+00 0.000000e+00 -9.990070e+05 3.000000e+00 -1.000000e+00 9.442266e-01 -1.0 0.000000e+00 0.000000e+00 -1.000000e+00 8.032997e-01 -1.000000e+00 -9.990070e+05 7.645642e-01 7.645642e-01 9.716699e-01 1.805451e+00 7.270203e+00 0.000000e+00 -1.000000e+00 8.900709e-02 0.000000e+00 6.313330e+00
9.499831e+00 -1.000000e+00 0.000000e+00 -1.000000e+00 -1.000000e+00 9.000000e+02 5.000000e-01 -1.000000e+00 -1.000000e+00 4.591071e+01 0.000000e+00 -1.000000e+00 0.000000e+00 2.275013e-02 1.500000e+03 1.538122e+01 0.000000e+00 -9.990070e+05 3.000000e+00 -1.000000e+00 1.134138e+00 -1.0 0.000000e+00 0.000000e+00 -1.000000e+00 8.413447e-01 -1.000000e+00 -9.990070e+05 2.546183e-01 2.546183e-01 9.772499e-01 6.440342e+00 2.658262e+01 0.000000e+00 -1.000000e+00 1.586553e-01 0.000000e+00 2.271757e+01
5.269429e-01 -1.000000e+00 0.000000e+00 -1.000000e+00 -1.000000e+00 2.500000e+02 2.834011e-02 -1.000000e+00 -1.000000e+00 2.339424e+00 0.000000e+00 -1.000000e+00 0.000000e+00 2.758589e-05 1.550000e+03 8.460943e-01 0.000000e+00 -9.990070e+05 3.000000e+00 -1.000000e+00 1.984061e-01 -1.0 0.000000e+00 0.000000e+00 -1.000000e+00 2.324807e-01 -1.000000e+00 -9.990070e+05 1.546028e-01 1.546028e-01 7.652459e-01 3.544784e-01 1.417892e+00 0.000000e+00 -1.000000e+00 1.410315e-03 0.000000e+00 1.237655e+00
9.490946e-01 -1.000000e+00 4.000000e+03 -1.000000e+00 -1.000000e+00 4.500000e+02 1.400071e-01 -1.000000e+00 -1.000000e+00 4.224170e+00 0.000000e+00 -1.000000e+00 1.000000e+00 5.170641e-04 1.550000e+03 1.523618e+00 1.000000e+00 -9.990070e+05 3.000000e+00 -1.000000e+00 6.502274e-01 -1.0 0.000000e+00 0.000000e+00 -1.000000e+00 5.781037e-01 -1.000000e+00 -9.990070e+05 5.332230e-01 5.332230e-01 9.329764e-01 6.386320e-01 2.556216e+00 0.000000e+00 -1.000000e+00 1.343912e-02 0.000000e+00 2.230016e+00
4.757039e-01 -1.000000e+00 0.000000e+00 -1.000000e+00 -1.000000e+00 5.000000e+01 1.921631e-02 -1.000000e+00 -1.000000e+00 2.107237e+00 0.000000e+00 -1.000000e+00 0.000000e+00 1.416394e-05 1.550000e+03 7.639089e-01 0.000000e+00 -9.990070e+05 3.000000e+00 -1.000000e+00 1.455954e-01 -1.0 0.000000e+00 0.000000e+00 -1.000000e+00 1.796672e-01 -1.000000e+00 -9.990070e+05 1.128613e-01 1.128613e-01 6.923363e-01 3.199430e-01 1.278853e+00 0.000000e+00 -1.000000e+00 8.338575e-04 0.000000e+00 1.117247e+00
1.928696e+00 -1.000000e+00 0.000000e+00 -1.000000e+00 -1.000000e+00 6.500000e+02 3.405907e-01 -1.000000e+00 -1.000000e+00 8.797108e+00 0.000000e+00 -1.000000e+00 0.000000e+00 4.125685e-03 1.550000e+03 3.090881e+00 0.000000e+00 -9.990070e+05 3.000000e+00 -1.000000e+00 9.841165e-01 -1.0 0.000000e+00 0.000000e+00 -1.000000e+00 7.714287e-01 -1.000000e+00 -9.990070e+05 9.509272e-01 9.509272e-01 9.668881e-01 1.300915e+00 5.245522e+00 0.000000e+00 -1.000000e+00 6.021750e-02 0.000000e+00 4.541741e+00
6.565621e+00 -1.000000e+00 0.000000e+00 -1.000000e+00 -1.000000e+00 8.500000e+02 4.991733e-01 -1.000000e+00 -1.000000e+00 2.996614e+01 0.000000e+00 -1.000000e+00 0.000000e+00 2.249019e-02 1.550000e+03 1.052473e+01 0.000000e+00 -9.990070e+05 3.000000e+00 -1.000000e+00 9.976758e-01 -1.0 0.000000e+00 0.000000e+00 -1.000000e+00 8.410427e-01 -1.000000e+00 -9.990070e+05 3.916349e-01 3.916349e-01 9.772060e-01 4.428034e+00 1.786659e+01 0.000000e+00 -1.000000e+00 1.578541e-01 0.000000e+00 1.548763e+01
4.933023e-01 -1.000000e+00 0.000000e+00 -1.000000e+00 -1.000000e+00 0.000000e+00 2.203144e-02 -1.000000e+00 -1.000000e+00 2.163221e+00 0.000000e+00 -1.000000e+00 0.000000e+00 1.788184e-05 1.600000e+03 7.922939e-01 0.000000e+00 -9.990070e+05 3.000000e+00 -1.000000e+00 1.633937e-01 -1.0 0.000000e+00 0.000000e+00 -1.000000e+00 1.968673e-01 -1.000000e+00 -9.990070e+05 1.270619e-01 1.270619e-01 7.192292e-01 3.318320e-01 1.320156e+00 0.000000e+00 -1.000000e+00 1.002517e-03 0.000000e+00 1.156355e+00
5.733600e-01 -1.000000e+00 0.000000e+00 -1.000000e+00 -1.000000e+00 2.000000e+02 3.783787e-02 -1.000000e+00 -1.000000e+00 2.540447e+00 0.000000e+00 -1.000000e+00 0.000000e+00 4.570576e-05 1.600000e+03 9.201017e-01 0.000000e+00 -9.990070e+05 3.000000e+00 -1.000000e+00 2.492030e-01 -1.0 0.000000e+00 0.000000e+00 -1.000000e+00 2.802043e-01 -1.000000e+00 -9.990070e+05 1.951172e-01 1.951172e-01 8.112751e-01 3.857722e-01 1.540249e+00 0.000000e+00 -1.000000e+00 2.093998e-03 0.000000e+00 1.344564e+00
8.673696e-01 -1.000000e+00 4.000000e+03 -1.000000e+00 -1.000000e+00 4.000000e+02 1.162218e-01 -1.000000e+00 -1.000000e+00 3.869156e+00 0.000000e+00 -1.000000e+00 1.000000e+00 3.587388e-04 1.600000e+03 1.392554e+00 1.000000e+00 -9.990070e+05 3.000000e+00 -1.000000e+00 5.730302e-01 -1.0 0.000000e+00 0.000000e+00 -1.000000e+00 5.316906e-01 -1.000000e+00 -9.990070e+05 4.636045e-01 4.636045e-01 9.224349e-01 5.836912e-01 2.338825e+00 0.000000e+00 -1.000000e+00 1.020563e-02 0.000000e+00 2.038415e+00
1.655067e+00 -1.000000e+00 0.000000e+00 -1.000000e+00 -1.000000e+00 6.000000e+02 3.020788e-01 -1.000000e+00 -1.000000e+00 7.469353e+00 0.000000e+00 -1.000000e+00 0.000000e+00 2.913509e-03 1.600000e+03 2.656360e+00 0.000000e+00 -9.990070e+05 3.000000e+00 -1.000000e+00 9.806921e-01 -1.0 0.000000e+00 0.000000e+00 -1.000000e+00 7.486133e-01 -1.000000e+00 -9.990070e+05 9.505606e-01 9.505606e-01 9.633825e-01 1.114763e+00 4.486332e+00 0.000000e+00 -1.000000e+00 4.743302e-02 0.000000e+00 3.902989e+00
4.901259e+00 -1.000000e+00 0.000000e+00 -1.000000e+00 -1.000000e+00 8.000000e+02 4.721802e-01 -1.000000e+00 -1.000000e+00 2.219241e+01 0.000000e+00 -1.000000e+00 0.000000e+00 1.579968e-02 1.600000e+03 7.865103e+00 0.000000e+00 -9.990070e+05 3.000000e+00 -1.000000e+00 9.517009e-01 -1.0 0.000000e+00 0.000000e+00 -1.000000e+00 8.309403e-01 -1.000000e+00 -9.990070e+05 5.176271e-01 5.176271e-01 9.757348e-01 3.301562e+00 1.328210e+01 0.000000e+00 -1.000000e+00 1.337882e-01 0.000000e+00 1.153437e+01
6.087903e-01 -1.000000e+00 4.000000e+03 -1.000000e+00 -1.000000e+00 1.500000e+02 4.603600e-02 -1.000000e+00 -1.000000e+00 2.666746e+00 0.000000e+00 -1.000000e+00 1.000000e+00 6.469964e-05 1.650000e+03 9.778367e-01 1.000000e+00 -9.990070e+05 3.000000e+00 -1.000000e+00 2.920285e-01 -1.0 0.000000e+00 0.000000e+00 -1.000000e+00 3.170086e-01 -1.000000e+00 -9.990070e+05 2.298828e-01 2.298828e-01 8.380730e-01 4.099644e-01 1.628470e+00 0.000000e+00 -1.000000e+00 2.744615e-03 0.000000e+00 1.427218e+00
7.678552e-01 -1.000000e+00 0.000000e+00 -1.000000e+00 -1.000000e+00 3.500000e+02 8.806407e-02 -1.000000e+00 -1.000000e+00 3.380001e+00 0.000000e+00 -1.000000e+00 0.000000e+00 2.114846e-04 1.650000e+03 1.233113e+00 0.000000e+00 -9.990070e+05 3.000000e+00 -1.000000e+00 4.734602e-01 -1.0 0.000000e+00 0.000000e+00 -1.000000e+00 4.624530e-01 -1.000000e+00 -9.990070e+05 3.788338e-01 3.788338e-01 9.033809e-01 5.161866e-01 2.057653e+00 0.000000e+00 -1.000000e+00 6.832325e-03 0.000000e+00 1.801370e+00
1.310233e+00 -1.000000e+00 0.000000e+00 -1.000000e+00 -1.000000e+00 5.500000e+02 2.352931e-01 -1.000000e+00 -1.000000e+00 5.847787e+00 0.000000e+00 -1.000000e+00 0.000000e+00 1.559100e-03 1.650000e+03 2.101456e+00 0.000000e+00 -9.990070e+05 3.000000e+00 -1.000000e+00 8.827019e-01 -1.0 0.000000e+00 0.000000e+00 -1.000000e+00 6.980320e-01 -1.000000e+00 -9.990070e+05 7.842835e-01 7.842835e-01 9.552760e-01 8.822053e-01 3.530005e+00 0.000000e+00 -1.000000e+00 3.037862e-02 0.000000e+00 3.078578e+00
3.240646e+00 -1.000000e+00 0.000000e+00 -1.000000e+00 -1.000000e+00 7.500000e+02 4.302615e-01 -1.000000e+00 -1.000000e+00 1.535554e+01 0.000000e+00 -1.000000e+00 0.000000e+00 9.794959e-03 1.650000e+03 5.204946e+00 0.000000e+00 -9.990070e+05 3.000000e+00 -1.000000e+00 9.384231e-01 -1.0 0.000000e+00 0.000000e+00 -1.000000e+00 8.141553e-01 -1.000000e+00 -9.990070e+05 6.829315e-01 6.829315e-01 9.732741e-01 2.191612e+00 8.959986e+00 0.000000e+00 -1.000000e+00 1.036063e-01 0.000000e+00 7.665917e+00
7.085661e-01 -1.000000e+00 4.000000e+03 -1.000000e+00 -1.000000e+00 1.000000e+02 7.164283e-02 -1.000000e+00 -1.000000e+00 3.106535e+00 0.000000e+00 -1.000000e+00 1.000000e+00 1.441214e-04 1.700000e+03 1.138123e+00 1.000000e+00 -9.990070e+05 3.000000e+00 -1.000000e+00 4.074593e-01 -1.0 0.000000e+00 0.000000e+00 -1.000000e+00 4.127896e-01 -1.000000e+00 -9.990070e+05 3.239291e-01 3.239291e-01 8.861013e-01 4.767193e-01 1.896230e+00 0.000000e+00 -1.000000e+00 5.094538e-03 0.000000e+00 1.661362e+00
8.285474e-01 -1.000000e+00 4.000000e+03 -1.000000e+00 -1.000000e+00 3.000000e+02 1.057398e-01 -1.000000e+00 -1.000000e+00 3.645969e+00 0.000000e+00 -1.000000e+00 1.000000e+00 2.990609e-04 1.700000e+03 1.331376e+00 1.000000e+00 -9.990070e+05 3.000000e+00 -1.000000e+00 5.394926e-01 -1.0 0.000000e+00 0.000000e+00 -1.000000e+00 5.079680e-01 -1.000000e+00 -9.990070e+05 4.351673e-01 4.351673e-01 9.164290e-01 5.574495e-01 2.219931e+00 0.000000e+00 -1.000000e+00 8.892529e-03 0.000000e+00 1.944303e+00
1.186661e+00 -1.000000e+00 0.000000e+00 -1.000000e+00 -1.000000e+00 5.000000e+02 2.062208e-01 -1.000000e+00 -1.000000e+00 5.222234e+00 0.000000e+00 -1.000000e+00 0.000000e+00 1.157759e-03 1.700000e+03 1.905458e+00 0.000000e+00 -9.990070e+05 3.000000e+00 -1.000000e+00 8.248174e-01 -1.0 0.000000e+00 0.000000e+00 -1.000000e+00 6.693977e-01 -1.000000e+00 -9.990070e+05 7.121694e-01 7.121694e-01 9.504196e-01 7.978565e-01 3.181046e+00 0.000000e+00 -1.000000e+00 2.444963e-02 0.000000e+00 2.785099e+00
2.546862e+00 -1.000000e+00 0.000000e+00 -1.000000e+00 -1.000000e+00 7.000000e+02 3.964824e-01 -1.000000e+00 -1.000000e+00 1.165884e+01 0.000000e+00 -1.000000e+00 0.000000e+00 6.953339e-03 1.700000e+03 4.086896e+00 0.000000e+00 -9.990070e+05 3.000000e+00 -1.000000e+00 9.481225e-01 -1.0 0.000000e+00 0.000000e+00 -1.000000e+00 7.993699e-01 -1.000000e+00 -9.990070e+05 7.924627e-01 7.924627e-01 9.710865e-01 1.716931e+00 6.943705e+00 0.000000e+00 -1.000000e+00 8.445851e-02 0.000000e+00 6.007803e+00
7.359965e+00 -1.000000e+00 0.000000e+00 -1.000000e+00 -1.000000e+00 9.000000e+02 5.000000e-01 -1.000000e+00 -1.000000e+00 3.423202e+01 0.000000e+00 -1.000000e+00 0.000000e+00 2.275013e-02 1.700000e+03 1.181536e+01 0.000000e+00 -9.990070e+05 3.000000e+00 -1.000000e+00 1.029525e+00 -1.0 0.000000e+00 0.000000e+00 -1.000000e+00 8.413447e-01 -1.000000e+00 -9.990070e+05 3.444029e-01 3.444029e-01 9.772499e-01 4.964337e+00 2.019323e+01 0.000000e+00 -1.000000e+00 1.586553e-01 0.000000e+00 1.742366e+01
8.858815e-01 -1.000000e+00 4.000000e+03 -1.000000e+00 -1.000000e+00 2.500000e+02 1.224289e-01 -1.000000e+00 -1.000000e+00 3.898395e+00 0.000000e+00 -1.000000e+00 1.000000e+00 3.969161e-04 1.750000e+03 1.423223e+00 1.000000e+00 -9.990070e+05 2.000000e+00 -1.000000e+00 5.961704e-01 -1.0 0.000000e+00 0.000000e+00 -1.000000e+00 5.447334e-01 -1.000000e+00 -9.990070e+05 4.846833e-01 4.846833e-01 9.255456e-01 5.954282e-01 2.373740e+00 0.000000e+00 -1.000000e+00 1.101528e-02 1.000000e+00 2.077564e+00
1.145162e+00 -1.000000e+00 0.000000e+00 -1.000000e+00 -1.000000e+00 4.500000e+02 1.954541e-01 -1.000000e+00 -1.000000e+00 5.037119e+00 0.000000e+00 -1.000000e+00 0.000000e+00 1.030161e-03 1.750000e+03 1.838298e+00 0.000000e+00 -9.990070e+05 3.000000e+00 -1.000000e+00 8.001788e-01 -1.0 0.000000e+00 0.000000e+00 -1.000000e+00 6.573648e-01 -1.000000e+00 -9.990070e+05 6.840392e-01 6.840392e-01 9.483069e-01 7.700329e-01 3.068184e+00 0.000000e+00 -1.000000e+00 2.243843e-02 0.000000e+00 2.684502e+00
7.773558e-01 -1.000000e+00 0.000000e+00 -1.000000e+00 -1.000000e+00 5.000000e+01 9.111243e-02 -1.000000e+00 -1.000000e+00 3.406728e+00 0.000000e+00 -1.000000e+00 0.000000e+00 2.254517e-04 1.750000e+03 1.249209e+00 0.000000e+00 -9.990070e+05 3.000000e+00 -1.000000e+00 4.857451e-01 -1.0 0.000000e+00 0.000000e+00 -1.000000e+00 4.708456e-01 -1.000000e+00 -9.990070e+05 3.893264e-01 3.893264e-01 9.059601e-01 5.250010e-01 2.079611e+00 0.000000e+00 -1.000000e+00 7.173751e-03 0.000000e+00 1.823424e+00
2.016167e+00 -1.000000e+00 0.000000e+00 -1.000000e+00 -1.000000e+00 6.500000e+02 3.516702e-01 -1.000000e+00 -1.000000e+00 9.103255e+00 0.000000e+00 -1.000000e+00 0.000000e+00 4.563538e-03 1.750000e+03 3.233045e+00 0.000000e+00 -9.990070e+05 3.000000e+00 -1.000000e+00 9.748627e-01 -1.0 0.000000e+00 0.000000e+00 -1.000000e+00 7.773888e-01 -1.000000e+00 -9.990070e+05 9.191003e-01 9.191003e-01 9.677916e-01 1.358505e+00 5.456117e+00 0.000000e+00 -1.000000e+00 6.442048e-02 0.000000e+00 4.743372e+00
5.340485e+00 -1.000000e+00 0.000000e+00 -1.000000e+00 -1.000000e+00 8.500000e+02 4.802576e-01 -1.000000e+00 -1.000000e+00 2.416499e+01 0.000000e+00 -1.000000e+00 0.000000e+00 1.748498e-02 1.750000e+03 8.562753e+00 0.000000e+00 -9.990070e+05 3.000000e+00 -1.000000e+00 9.606694e-01 -1.0 0.000000e+00 0.000000e+00 -1.000000e+00 8.340143e-01 -1.000000e+00 -9.990070e+05 4.815128e-01 4.815128e-01 9.761832e-01 3.599476e+00 1.447444e+01 0.000000e+00 -1.000000e+00 1.405757e-01 0.000000e+00 1.258020e+01
9.170452e-01 -1.000000e+00 4.000000e+03 -1.000000e+00 -1.000000e+00 0.000000e+00 1.319389e-01 -1.000000e+00 -1.000000e+00 4.012393e+00 0.000000e+00 -1.000000e+00 1.000000e+00 4.596562e-04 1.800000e+03 1.473624e+00 1.000000e+00 -9.990070e+05 2.000000e+00 -1.000000e+00 6.280155e-01 -1.0 0.000000e+00 0.000000e+00 -1.000000e+00 5.634033e-01 -1.000000e+00 -9.990070e+05 5.136377e-01 5.136377e-01 9.297900e-01 6.195750e-01 2.451839e+00 0.000000e+00 -1.000000e+00 1.230238e-02 1.000000e+00 2.151573e+00
9.906644e-01 -1.000000e+00 4.000000e+03 -1.000000e+00 -1.000000e+00 2.000000e+02 1.530698e-01 -1.000000e+00 -1.000000e+00 4.333995e+00 0.000000e+00 -1.000000e+00 1.000000e+00 6.185660e-04 1.800000e+03 1.590722e+00 1.000000e+00 -9.990070e+05 3.000000e+00 -1.000000e+00 6.911903e-01 -1.0 0.000000e+00 0.000000e+00 -1.000000e+00 5.999287e-01 -1.000000e+00 -9.990070e+05 5.724567e-01 5.724567e-01 9.374836e-01 6.672466e-01 2.648224e+00 0.000000e+00 -1.000000e+00 1.536854e-02 0.000000e+00 2.321017e+00
1.292032e+00 -1.000000e+00 0.000000e+00 -1.000000e+00 -1.000000e+00 4.000000e+02 2.324785e-01 -1.000000e+00 -1.000000e+00 5.674941e+00 0.000000e+00 -1.000000e+00 0.000000e+00 1.516250e-03 1.800000e+03 2.074351e+00 0.000000e+00 -9.990070e+05 3.000000e+00 -1.000000e+00 8.787783e-01 -1.0 0.000000e+00 0.000000e+00 -1.000000e+00 6.954763e-01 -1.000000e+00 -9.990070e+05 7.794428e-01 7.794428e-01 9.548515e-01 8.686220e-01 3.459539e+00 0.000000e+00 -1.000000e+00 2.977057e-02 0.000000e+00 3.031608e+00
1.825192e+00 -1.000000e+00 0.000000e+00 -1.000000e+00 -1.000000e+00 6.000000e+02 3.298467e-01 -1.000000e+00 -1.000000e+00 8.059564e+00 0.000000e+00 -1.000000e+00 0.000000e+00 3.743447e-03 1.800000e+03 2.934442e+00 0.000000e+00 -9.990070e+05 3.000000e+00 -1.000000e+00 9.921522e-01 -1.0 0.000000e+00 0.000000e+00 -1.000000e+00 7.654116e-01 -1.000000e+00 -9.990070e+05 9.766975e-01 9.766975e-01 9.659710e-01 1.226400e+00 4.901120e+00 0.000000e+00 -1.000000e+00 5.638130e-02 0.000000e+00 4.286242e+00
3.902448e+00 -1.000000e+00 0.000000e+00 -1.000000e+00 -1.000000e+00 8.000000e+02 4.506848e-01 -1.000000e+00 -1.000000e+00 1.735954e+01 0.000000e+00 -1.000000e+00 0.000000e+00 1.225351e-02 1.800000e+03 6.264514e+00 0.000000e+00 -9.990070e+05 3.000000e+00 -1.000000e+00 9.394300e-01 -1.0 0.000000e+00 0.000000e+00 -1.000000e+00 8.225208e-01 -1.000000e+00 -9.990070e+05 6.056173e-01 6.056173e-01 9.745033e-01 2.625832e+00 1.051143e+01 0.000000e+00 -1.000000e+00 1.173149e-01 0.000000e+00 9.176508e+00
1.161858e+00 -1.000000e+00 0.000000e+00 -1.000000e+00 -1.000000e+00 1.500000e+02 2.005204e-01 -1.000000e+00 -1.000000e+00 5.077395e+00 0.000000e+00 -1.000000e+00 0.000000e+00 1.088910e-03 1.850000e+03 1.865573e+00 0.000000e+00 -9.990070e+05 3.000000e+00 -1.000000e+00 8.129659e-01 -1.0 0.000000e+00 0.000000e+00 -1.000000e+00 6.631351e-01 -1.000000e+00 -9.990070e+05 6.987882e-01 6.987882e-01 9.493257e-01 7.833036e-01 3.104440e+00 0.000000e+00 -1.000000e+00 2.337314e-02 0.000000e+00 2.722886e+00
1.321025e+00 -1.000000e+00 0.000000e+00 -1.000000e+00 -1.000000e+00 3.500000e+02 2.392121e-01 -1.000000e+00 -1.000000e+00 5.804348e+00 0.000000e+00 -1.000000e+00 0.000000e+00 1.620324e-03 1.850000e+03 2.120805e+00 0.000000e+00 -9.990070e+05 3.000000e+00 -1.000000e+00 8.907989e-01 -1.0 0.000000e+00 0.000000e+00 -1.000000e+00 7.015213e-01 -1.000000e+00 -9.990070e+05 7.956891e-01 7.956891e-01 9.558531e-01 8.881646e-01 3.537491e+00 0.000000e+00 -1.000000e+00 3.123823e-02 0.000000e+00 3.097338e+00
1.838632e+00 -1.000000e+00 0.000000e+00 -1.000000e+00 -1.000000e+00 5.500000e+02 3.321868e-01 -1.000000e+00 -1.000000e+00 8.097265e+00 0.000000e+00 -1.000000e+00 0.000000e+00 3.823431e-03 1.850000e+03 2.956506e+00 0.000000e+00 -9.990070e+05 3.000000e+00 -1.000000e+00 9.897700e-01 -1.0 0.000000e+00 0.000000e+00 -1.000000e+00 7.667432e-01 -1.000000e+00 -9.990070e+05 9.694023e-01 9.694023e-01 9.661744e-01 1.238610e+00 4.930437e+00 0.000000e+00 -1.000000e+00 5.719770e-02 0.000000e+00 4.318779e+00
3.248453e+00 -1.000000e+00 0.000000e+00 -1.000000e+00 -1.000000e+00 7.500000e+02 4.324520e-01 -1.000000e+00 -1.000000e+00 1.432916e+01 0.000000e+00 -1.000000e+00 0.000000e+00 1.002604e-02 1.850000e+03 5.215925e+00 0.000000e+00 -9.990070e+05 3.000000e+00 -1.000000e+00 9.376239e-01 -1.0 0.000000e+00 0.000000e+00 -1.000000e+00 8.150713e-01 -1.000000e+00 -9.990070e+05 6.726748e-01 6.726748e-01 9.734090e-01 2.184499e+00 8.717677e+00 0.000000e+00 -1.000000e+00 1.049933e-01 0.000000e+00 7.629395e+00
1.442489e+00 -1.000000e+00 0.000000e+00 -1.000000e+00 -1.000000e+00 1.000000e+02 2.661226e-01 -1.000000e+00 -1.000000e+00 6.315690e+00 0.000000e+00 -1.000000e+00 0.000000e+00 2.095066e-03 1.900000e+03 2.316789e+00 0.000000e+00 -9.990070e+05 3.000000e+00 -1.000000e+00 9.355042e-01 -1.0 0.000000e+00 0.000000e+00 -1.000000e+00 7.235309e-01 -1.000000e+00 -9.990070e+05 8.635617e-01 8.635617e-01 9.594280e-01 9.720911e-01 3.857186e+00 0.000000e+00 -1.000000e+00 3.757826e-02 0.000000e+00 3.380733e+00
1.455076e+00 -1.000000e+00 0.000000e+00 -1.000000e+00 -1.000000e+00 3.000000e+02 2.687834e-01 -1.000000e+00 -1.000000e+00 6.365895e+00 0.000000e+00 -1.000000e+00 0.000000e+00 2.147716e-03 1.900000e+03 2.337282e+00 0.000000e+00 -9.990070e+05 3.000000e+00 -1.000000e+00 9.399563e-01 -1.0 0.000000e+00 0.000000e+00 -1.000000e+00 7.255409e-01 -1.000000e+00 -9.990070e+05 8.712431e-01 8.712431e-01 9.597493e-01 9.814508e-01 3.889932e+00 0.000000e+00 -1.000000e+00 3.824969e-02 0.000000e+00 3.415560e+00
1.862772e+00 -1.000000e+00 0.000000e+00 -1.000000e+00 -1.000000e+00 5.000000e+02 3.354667e-01 -1.000000e+00 -1.000000e+00 8.203111e+00 0.000000e+00 -1.000000e+00 0.000000e+00 3.938538e-03 1.900000e+03 2.995765e+00 0.000000e+00 -9.990070e+05 3.000000e+00 -1.000000e+00 9.869492e-01 -1.0 0.000000e+00 0.000000e+00 -1.000000e+00 7.685896e-01 -1.000000e+00 -9.990070e+05 9.605210e-01 9.605210e-01 9.664560e-01 1.255975e+00 4.995952e+00 0.000000e+00 -1.000000e+00 5.835971e-02 0.000000e+00 4.377169e+00
2.800313e+00 -1.000000e+00 0.000000e+00 -1.000000e+00 -1.000000e+00 7.000000e+02 4.128261e-01 -1.000000e+00 -1.000000e+00 1.243585e+01 0.000000e+00 -1.000000e+00 0.000000e+00 8.177419e-03 1.900000e+03 4.494308e+00 0.000000e+00 -9.990070e+05 3.000000e+00 -1.000000e+00 9.412085e-01 -1.0 0.000000e+00 0.000000e+00 -1.000000e+00 8.066860e-01 -1.000000e+00 -9.990070e+05 7.386226e-01 7.386226e-01 9.721715e-01 1.884312e+00 7.533993e+00 0.000000e+00 -1.000000e+00 9.322149e-02 0.000000e+00 6.582860e+00
6.122615e+00 -1.000000e+00 0.000000e+00 -1.000000e+00 -1.000000e+00 9.000000e+02 4.937428e-01 -1.000000e+00 -1.000000e+00 2.721034e+01 0.000000e+00 -1.000000e+00 0.000000e+00 2.087673e-02 1.900000e+03 9.829487e+00 0.000000e+00 -9.990070e+05 3.000000e+00 -1.000000e+00 9.841084e-01 -1.0 0.000000e+00 0.000000e+00 -1.000000e+00 8.390480e-01 -1.000000e+00 -9.990070e+05 4.177677e-01 4.177677e-01 9.769160e-01 4.119065e+00 1.648026e+01 0.000000e+00 -1.000000e+00 1.526889e-01 0.000000e+00 1.439624e+01
1.820456e+00 -1.000000e+00 0.000000e+00 -1.000000e+00 -1.000000e+00 2.500000e+02 3.300950e-01 -1.000000e+00 -1.000000e+00 7.972497e+00 0.000000e+00 -1.000000e+00 0.000000e+00 3.751850e-03 1.950000e+03 2.924405e+00 0.000000e+00 -9.990070e+05 3.000000e+00 -1.000000e+00 9.912916e-01 -1.0 0.000000e+00 0.000000e+00 -1.000000e+00 7.655535e-01 -1.000000e+00 -9.990070e+05 9.741526e-01 9.741526e-01 9.659927e-01 1.231928e+00 4.871199e+00 0.000000e+00 -1.000000e+00 5.646742e-02 0.000000e+00 4.275399e+00
2.058374e+00 -1.000000e+00 0.000000e+00 -1.000000e+00 -1.000000e+00 4.500000e+02 3.585268e-01 -1.000000e+00 -1.000000e+00 9.048770e+00 0.000000e+00 -1.000000e+00 0.000000e+00 4.859658e-03 1.950000e+03 3.308738e+00 0.000000e+00 -9.990070e+05 3.000000e+00 -1.000000e+00 9.691495e-01 -1.0 0.000000e+00 0.000000e+00 -1.000000e+00 7.809622e-01 -1.000000e+00 -9.990070e+05 8.980657e-01 8.980657e-01 9.683311e-01 1.387908e+00 5.513619e+00 0.000000e+00 -1.000000e+00 6.715656e-02 0.000000e+00 4.832276e+00
1.712158e+00 -1.000000e+00 0.000000e+00 -1.000000e+00 -1.000000e+00 5.000000e+01 3.145601e-01 -1.000000e+00 -1.000000e+00 7.496747e+00 0.000000e+00 -1.000000e+00 0.000000e+00 3.261208e-03 1.950000e+03 2.752138e+00 0.000000e+00 -9.990070e+05 3.000000e+00 -1.000000e+00 9.955704e-01 -1.0 0.000000e+00 0.000000e+00 -1.000000e+00 7.564032e-01 -1.000000e+00 -9.990070e+05 9.877148e-01 9.877148e-01 9.645883e-01 1.158457e+00 4.581710e+00 0.000000e+00 -1.000000e+00 5.129361e-02 0.000000e+00 4.023522e+00
2.778007e+00 -1.000000e+00 0.000000e+00 -1.000000e+00 -1.000000e+00 6.500000e+02 4.122241e-01 -1.000000e+00 -1.000000e+00 1.223337e+01 0.000000e+00 -1.000000e+00 0.000000e+00 8.127827e-03 1.950000e+03 4.459350e+00 0.000000e+00 -9.990070e+05 3.000000e+00 -1.000000e+00 9.412737e-01 -1.0 0.000000e+00 0.000000e+00 -1.000000e+00 8.064222e-01 -1.000000e+00 -9.990070e+05 7.401379e-01 7.401379e-01 9.721325e-01 1.868112e+00 7.446253e+00 0.000000e+00 -1.000000e+00 9.288279e-02 0.000000e+00 6.518198e+00
5.010483e+00 -1.000000e+00 0.000000e+00 -1.000000e+00 -1.000000e+00 8.500000e+02 4.748798e-01 -1.000000e+00 -1.000000e+00 2.222792e+01 0.000000e+00 -1.000000e+00 0.000000e+00 1.633779e-02 1.950000e+03 8.043632e+00 0.000000e+00 -9.990070e+05 3.000000e+00 -1.000000e+00 9.542930e-01 -1.0 0.000000e+00 0.000000e+00 -1.000000e+00 8.319728e-01 -1.000000e+00 -9.990070e+05 5.052650e-01 5.052650e-01 9.758855e-01 3.370808e+00 1.347531e+01 0.000000e+00 -1.000000e+00 1.360188e-01 0.000000e+00 1.177181e+01
2.033396e+00 -1.000000e+00 4.000000e+03 -1.000000e+00 -1.000000e+00 0.000000e+00 3.560685e-01 -1.000000e+00 -1.000000e+00 8.914988e+00 0.000000e+00 -1.000000e+00 1.000000e+00 4.751125e-03 2.000000e+03 3.268365e+00 1.000000e+00 -9.990070e+05 2.000000e+00 -1.000000e+00 9.708378e-01 -1.0 0.000000e+00 0.000000e+00 -1.000000e+00 7.796908e-01 -1.000000e+00 -9.990070e+05 9.046305e-01 9.046305e-01 9.681393e-01 1.373711e+00 5.442317e+00 0.000000e+00 -1.000000e+00 6.616326e-02 1.000000e+00 4.773277e+00
2.076379e+00 -1.000000e+00 0.000000e+00 -1.000000e+00 -1.000000e+00 2.000000e+02 3.606298e-01 -1.000000e+00 -1.000000e+00 9.090090e+00 0.000000e+00 -1.000000e+00 0.000000e+00 4.954692e-03 2.000000e+03 3.336597e+00 0.000000e+00 -9.990070e+05 3.000000e+00 -1.000000e+00 9.674687e-01 -1.0 0.000000e+00 0.000000e+00 -1.000000e+00 7.820415e-01 -1.000000e+00 -9.990070e+05 8.916058e-01 8.916058e-01 9.684937e-01 1.402584e+00 5.552845e+00 0.000000e+00 -1.000000e+00 6.801751e-02 0.000000e+00 4.876028e+00
2.328468e+00 -1.000000e+00 0.000000e+00 -1.000000e+00 -1.000000e+00 4.000000e+02 3.835214e-01 -1.000000e+00 -1.000000e+00 1.021295e+01 0.000000e+00 -1.000000e+00 0.000000e+00 6.137852e-03 2.000000e+03 3.742352e+00 0.000000e+00 -9.990070e+05 3.000000e+00 -1.000000e+00 9.533397e-01 -1.0 0.000000e+00 0.000000e+00 -1.000000e+00 7.933241e-01 -1.000000e+00 -9.990070e+05 8.268726e-01 8.268726e-01 9.701857e-01 1.571375e+00 6.232307e+00 0.000000e+00 -1.000000e+00 7.810573e-02 0.000000e+00 5.469672e+00
2.901495e+00 -1.000000e+00 0.000000e+00 -1.000000e+00 -1.000000e+00 6.000000e+02 4.186644e-01 -1.000000e+00 -1.000000e+00 1.272163e+01 0.000000e+00 -1.000000e+00 0.000000e+00 8.678613e-03 2.000000e+03 4.658888e+00 0.000000e+00 -9.990070e+05 3.000000e+00 -1.000000e+00 9.394216e-01 -1.0 0.000000e+00 0.000000e+00 -1.000000e+00 8.092235e-01 -1.000000e+00 -9.990070e+05 7.186830e-01 7.186830e-01 9.725467e-01 1.950357e+00 7.763524e+00 0.000000e+00 -1.000000e+00 9.657335e-02 0.000000e+00 6.808322e+00
4.416526e+00 -1.000000e+00 0.000000e+00 -1.000000e+00 -1.000000e+00 8.000000e+02 4.628569e-01 -1.000000e+00 -1.000000e+00 1.952930e+01 0.000000e+00 -1.000000e+00 0.000000e+00 1.411345e-02 2.000000e+03 7.091449e+00 0.000000e+00 -9.990070e+05 3.000000e+00 -1.000000e+00 9.445079e-01 -1.0 0.000000e+00 0.000000e+00 -1.000000e+00 8.273331e-01 -1.000000e+00 -9.990070e+05 5.563539e-01 5.563539e-01 9.752078e-01 2.970097e+00 1.186055e+01 0.000000e+00 -1.000000e+00 1.263684e-01 0.000000e+00 1.037879e+01
5.755661e-01 -1.000000e+00 0.000000e+00 -1.000000e+00 -1.000000e+00 0.000000e+00 8.169174e-02 -1.000000e+00 -1.000000e+00 1.005482e+01 0.000000e+00 -1.000000e+00 0.000000e+00 1.837800e-04 6.000000e+02 3.096918e+00 0.000000e+00 -9.990070e+05 3.000000e+00 -1.000000e+00 3.694917e-01 -1.0 0.000000e+00 0.000000e+00 -1.000000e+00 4.441069e-01 -1.000000e+00 -9.990070e+05 2.748895e-01 2.748895e-01 8.974259e-01 3.541888e-01 8.142773e+00 0.000000e+00 -1.000000e+00 6.137502e-03 0.000000e+00 7.009549e+00
-1.000000e+00 -1.000000e+00 0.000000e+00 -1.000000e+00 -1.000000e+00 5.870000e+02 2.827485e-01 -1.000000e+00 -1.000000e+00 -1.000000e+00 0.000000e+00 -1.000000e+00 0.000000e+00 2.443414e-03 6.120000e+02 -1.000000e+00 0.000000e+00 -9.990070e+05 3.000000e+00 -1.000000e+00 9.187288e-01 -1.0 0.000000e+00 0.000000e+00 -1.000000e+00 7.356637e-01 -1.000000e+00 -9.990070e+05 8.211882e-01 8.211882e-01 9.613554e-01 -1.000000e+00 -1.000000e+00 0.000000e+00 -1.000000e+00 4.191844e-02 0.000000e+00 -1.000000e+00
-1.000000e+00 -1.000000e+00 0.000000e+00 -1.000000e+00 -1.000000e+00 5.750000e+02 3.316539e-01 -1.000000e+00 -1.000000e+00 -1.000000e+00 0.000000e+00 -1.000000e+00 0.000000e+00 3.805062e-03 6.250000e+02 -1.000000e+00 0.000000e+00 -9.990070e+05 3.000000e+00 -1.000000e+00 9.864092e-01 -1.0 0.000000e+00 0.000000e+00 -1.000000e+00 7.664410e-01 -1.000000e+00 -9.990070e+05 9.597200e-01 9.597200e-01 9.661282e-01 -1.000000e+00 -1.000000e+00 0.000000e+00 -1.000000e+00 5.701086e-02 0.000000e+00 -1.000000e+00
3.542144e+00 -1.000000e+00 0.000000e+00 -1.000000e+00 -1.000000e+00 4.500000e+02 3.954516e-01 -1.000000e+00 -1.000000e+00 1.000000e+02 0.000000e+00 -1.000000e+00 0.000000e+00 6.883919e-03 7.500000e+02 8.049529e+00 0.000000e+00 -9.990070e+05 3.000000e+00 -1.000000e+00 9.738977e-01 -1.0 0.000000e+00 0.000000e+00 -1.000000e+00 7.988974e-01 -1.000000e+00 -9.990070e+05 8.886597e-01 8.886597e-01 9.710162e-01 2.121562e+00 2.287691e+01 0.000000e+00 -1.000000e+00 8.393482e-02 0.000000e+00 1.399554e+01
1.899641e-01 -1.000000e+00 4.000000e+03 -1.000000e+00 -1.000000e+00 0.000000e+00 3.579716e-04 -1.000000e+00 -1.000000e+00 1.057624e+00 0.000000e+00 -1.000000e+00 1.000000e+00 2.558027e-08 8.000000e+02 3.138891e-01 1.000000e+00 -9.990070e+05 2.000000e+00 -1.000000e+00 4.504454e-03 -1.0 0.000000e+00 0.000000e+00 -1.000000e+00 1.019118e-02 -1.000000e+00 -9.990070e+05 3.317544e-03 3.317544e-03 1.165835e-01 1.256126e-01 5.684168e-01 0.000000e+00 -1.000000e+00 4.894161e-06 1.000000e+00 4.762978e-01
-1.000000e+00 -1.000000e+00 0.000000e+00 -1.000000e+00 -1.000000e+00 6.000000e+02 4.969425e-01 -1.000000e+00 -1.000000e+00 -1.000000e+00 0.000000e+00 -1.000000e+00 0.000000e+00 2.180805e-02 8.000000e+02 -1.000000e+00 0.000000e+00 -9.990070e+05 3.000000e+00 -1.000000e+00 9.930606e-01 -1.0 0.000000e+00 0.000000e+00 -1.000000e+00 8.402254e-01 -1.000000e+00 -9.990070e+05 4.574371e-01 4.574371e-01 9.770872e-01 -1.000000e+00 -1.000000e+00 0.000000e+00 -1.000000e+00 1.557119e-01 0.000000e+00 -1.000000e+00
9.986098e+00 -1.000000e+00 0.000000e+00 -1.000000e+00 -1.000000e+00 7.750000e+02 5.000000e-01 -1.000000e+00 -1.000000e+00 5.237313e+01 0.000000e+00 -1.000000e+00 0.000000e+00 2.275013e-02 8.250000e+02 1.643879e+01 0.000000e+00 -9.990070e+05 3.000000e+00 -1.000000e+00 1.141827e+00 -1.0 0.000000e+00 0.000000e+00 -1.000000e+00 8.413447e-01 -1.000000e+00 -9.990070e+05 2.514672e-01 2.514672e-01 9.772499e-01 6.832601e+00 2.886697e+01 0.000000e+00 -1.000000e+00 1.586553e-01 0.000000e+00 2.501574e+01
3.824637e+00 -1.000000e+00 0.000000e+00 -1.000000e+00 -1.000000e+00 5.500000e+02 4.450417e-01 -1.000000e+00 -1.000000e+00 2.174388e+01 0.000000e+00 -1.000000e+00 0.000000e+00 1.150057e-02 8.500000e+02 6.269683e+00 0.000000e+00 -9.990070e+05 3.000000e+00 -1.000000e+00 9.408468e-01 -1.0 0.000000e+00 0.000000e+00 -1.000000e+00 8.202475e-01 -1.000000e+00 -9.990070e+05 6.390076e-01 6.390076e-01 9.741698e-01 2.504886e+00 1.121041e+01 0.000000e+00 -1.000000e+00 1.133483e-01 0.000000e+00 9.633978e+00
1.427379e+01 -1.000000e+00 0.000000e+00 -1.000000e+00 -1.000000e+00 7.500000e+02 5.000000e-01 -1.000000e+00 -1.000000e+00 6.762345e+01 0.000000e+00 -1.000000e+00 0.000000e+00 2.275013e-02 8.500000e+02 2.296779e+01 0.000000e+00 -9.990070e+05 3.000000e+00 -1.000000e+00 1.230296e+00 -1.0 0.000000e+00 0.000000e+00 -1.000000e+00 8.413447e-01 -1.000000e+00 -9.990070e+05 1.890533e-01 1.890533e-01 9.772499e-01 9.660457e+00 3.938554e+01 0.000000e+00 -1.000000e+00 1.586553e-01 0.000000e+00 3.439917e+01
2.669998e+00 -1.000000e+00 0.000000e+00 -1.000000e+00 -1.000000e+00 5.000000e+02 3.848377e-01 -1.000000e+00 -1.000000e+00 2.287492e+01 0.000000e+00 -1.000000e+00 0.000000e+00 6.215279e-03 9.000000e+02 4.918761e+00 0.000000e+00 -9.990070e+05 3.000000e+00 -1.000000e+00 9.642476e-01 -1.0 0.000000e+00 0.000000e+00 -1.000000e+00 7.939487e-01 -1.000000e+00 -9.990070e+05 8.625107e-01 8.625107e-01 9.702789e-01 1.702603e+00 1.021411e+01 0.000000e+00 -1.000000e+00 7.872845e-02 0.000000e+00 7.820029e+00
5.063834e+00 -1.000000e+00 0.000000e+00 -1.000000e+00 -1.000000e+00 7.000000e+02 4.729951e-01 -1.000000e+00 -1.000000e+00 2.571140e+01 0.000000e+00 -1.000000e+00 0.000000e+00 1.595958e-02 9.000000e+02 8.277875e+00 0.000000e+00 -9.990070e+05 3.000000e+00 -1.000000e+00 9.535851e-01 -1.0 0.000000e+00 0.000000e+00 -1.000000e+00 8.312526e-01 -1.000000e+00 -9.990070e+05 5.215057e-01 5.215057e-01 9.757804e-01 3.452319e+00 1.441095e+01 0.000000e+00 -1.000000e+00 1.344575e-01 0.000000e+00 1.251153e+01
1.126751e+00 -1.000000e+00 0.000000e+00 -1.000000e+00 -1.000000e+00 4.500000e+02 1.900833e-01 -1.000000e+00 -1.000000e+00 5.903908e+00 0.000000e+00 -1.000000e+00 0.000000e+00 9.702960e-04 9.500000e+02 1.858586e+00 0.000000e+00 -9.990070e+05 3.000000e+00 -1.000000e+00 7.858015e-01 -1.0 0.000000e+00 0.000000e+00 -1.000000e+00 6.510257e-01 -1.000000e+00 -9.990070e+05 6.677257e-01 6.677257e-01 9.471748e-01 7.705018e-01 3.267108e+00 0.000000e+00 -1.000000e+00 2.146960e-02 0.000000e+00 2.825759e+00
2.680648e+00 -1.000000e+00 0.000000e+00 -1.000000e+00 -1.000000e+00 6.500000e+02 4.003988e-01 -1.000000e+00 -1.000000e+00 1.456163e+01 0.000000e+00 -1.000000e+00 0.000000e+00 7.224969e-03 9.500000e+02 4.421691e+00 0.000000e+00 -9.990070e+05 3.000000e+00 -1.000000e+00 9.493039e-01 -1.0 0.000000e+00 0.000000e+00 -1.000000e+00 8.011530e-01 -1.000000e+00 -9.990070e+05 7.906607e-01 7.906607e-01 9.713514e-01 1.788266e+00 7.944021e+00 0.000000e+00 -1.000000e+00 8.647877e-02 0.000000e+00 6.697927e+00
-1.000000e+00 -1.000000e+00 0.000000e+00 -1.000000e+00 -1.000000e+00 8.500000e+02 5.000000e-01 -1.000000e+00 -1.000000e+00 -1.000000e+00 0.000000e+00 -1.000000e+00 0.000000e+00 2.275013e-02 9.500000e+02 -1.000000e+00 0.000000e+00 -9.990070e+05 3.000000e+00 -1.000000e+00 1.000168e+00 -1.0 0.000000e+00 0.000000e+00 -1.000000e+00 8.413447e-01 -1.000000e+00 -9.990070e+05 6.664068e-01 6.664068e-01 9.772499e-01 -1.000000e+00 -1.000000e+00 0.000000e+00 -1.000000e+00 1.586553e-01 0.000000e+00 -1.000000e+00
