1.895507e-01 -1.000000e+00 0.000000e+00 -1.000000e+00 -1.000000e+00 0.000000e+00 3.209214e-08 -1.000000e+00 -1.000000e+00 5.655919e-01 0.000000e+00 -1.000000e+00 0.000000e+00 5.088737e-14 1.000000e+03 2.710268e-01 0.000000e+00 -9.990070e+05 3.000000e+00 -1.000000e+00 2.015965e-08 -1.0 0.000000e+00 0.000000e+00 -1.000000e+00 5.908927e-06 -1.000000e+00 -9.990070e+05 8.211491e-09 8.211491e-09 4.161536e-04 1.390065e-01 3.951279e-01 0.000000e+00 -1.000000e+00 6.593583e-11 0.000000e+00 2.440896e-01
2.019342e+00 -1.000000e+00 0.000000e+00 -1.000000e+00 -1.000000e+00 6.000000e+02 3.922495e-01 -1.000000e+00 -1.000000e+00 5.999547e+00 0.000000e+00 -1.000000e+00 0.000000e+00 6.673518e-03 1.000000e+03 2.879282e+00 0.000000e+00 -9.990070e+05 3.000000e+00 -1.000000e+00 7.402336e-01 -1.0 0.000000e+00 0.000000e+00 -1.000000e+00 7.974205e-01 -1.000000e+00 -9.990070e+05 3.172337e-01 3.172337e-01 9.707964e-01 1.475724e+00 4.205003e+00 0.000000e+00 -1.000000e+00 8.232870e-02 0.000000e+00 2.593399e+00
5.253949e+00 -1.000000e+00 0.000000e+00 -1.000000e+00 -1.000000e+00 8.000000e+02 4.875788e-01 -1.000000e+00 -1.000000e+00 1.568410e+01 0.000000e+00 -1.000000e+00 0.000000e+00 1.922651e-02 1.000000e+03 7.493191e+00 0.000000e+00 -9.990070e+05 3.000000e+00 -1.000000e+00 9.822636e-01 -1.0 0.000000e+00 0.000000e+00 -1.000000e+00 8.367618e-01 -1.000000e+00 -9.990070e+05 5.886320e-01 5.886320e-01 9.765834e-01 3.849624e+00 1.093666e+01 0.000000e+00 -1.000000e+00 1.470278e-01 0.000000e+00 6.736892e+00
1.137022e+00 -1.000000e+00 0.000000e+00 -1.000000e+00 -1.000000e+00 5.500000e+02 2.086747e-01 -1.000000e+00 -1.000000e+00 3.622963e+00 0.000000e+00 -1.000000e+00 0.000000e+00 1.188323e-03 1.050000e+03 1.648685e+00 0.000000e+00 -9.990070e+05 3.000000e+00 -1.000000e+00 3.244403e-01 -1.0 0.000000e+00 0.000000e+00 -1.000000e+00 6.720221e-01 -1.000000e+00 -9.990070e+05 1.266130e-01 1.266130e-01 9.508743e-01 8.325513e-01 2.457529e+00 0.000000e+00 -1.000000e+00 2.492130e-02 0.000000e+00 1.482996e+00
3.908147e+00 -1.000000e+00 0.000000e+00 -1.000000e+00 -1.000000e+00 7.500000e+02 4.732709e-01 -1.000000e+00 -1.000000e+00 1.290076e+01 0.000000e+00 -1.000000e+00 0.000000e+00 1.601419e-02 1.050000e+03 5.686179e+00 0.000000e+00 -9.990070e+05 3.000000e+00 -1.000000e+00 9.532049e-01 -1.0 0.000000e+00 0.000000e+00 -1.000000e+00 8.313581e-01 -1.000000e+00 -9.990070e+05 5.159722e-01 5.159722e-01 9.757958e-01 2.852976e+00 8.576642e+00 0.000000e+00 -1.000000e+00 1.346849e-01 0.000000e+00 5.100528e+00
2.124514e-01 -1.000000e+00 4.000000e+03 -1.000000e+00 -1.000000e+00 1.000000e+02 3.788799e-07 -1.000000e+00 -1.000000e+00 6.365510e-01 0.000000e+00 -1.000000e+00 1.000000e+00 1.449116e-12 1.100000e+03 3.028797e-01 1.000000e+00 -9.990070e+05 3.000000e+00 -1.000000e+00 2.598142e-07 -1.0 0.000000e+00 0.000000e+00 -1.000000e+00 4.517656e-05 -1.000000e+00 -9.990070e+05 1.054977e-07 1.054977e-07 2.075057e-03 1.553764e-01 4.431469e-01 0.000000e+00 -1.000000e+00 1.207279e-09 0.000000e+00 2.729303e-01
2.811615e-01 -1.000000e+00 0.000000e+00 -1.000000e+00 -1.000000e+00 3.000000e+02 3.339992e-05 -1.000000e+00 -1.000000e+00 8.457217e-01 0.000000e+00 -1.000000e+00 0.000000e+00 7.799603e-10 1.100000e+03 4.024132e-01 0.000000e+00 -9.990070e+05 3.000000e+00 -1.000000e+00 2.709372e-05 -1.0 0.000000e+00 0.000000e+00 -1.000000e+00 1.638565e-03 -1.000000e+00 -9.990070e+05 1.087125e-05 1.087125e-05 3.163812e-02 2.064780e-01 5.882902e-01 0.000000e+00 -1.000000e+00 2.619443e-07 0.000000e+00 3.621251e-01
6.459610e-01 -1.000000e+00 0.000000e+00 -1.000000e+00 -1.000000e+00 5.000000e+02 3.546982e-02 -1.000000e+00 -1.000000e+00 1.929631e+00 0.000000e+00 -1.000000e+00 0.000000e+00 4.079664e-05 1.100000e+03 9.220056e-01 0.000000e+00 -9.990070e+05 3.000000e+00 -1.000000e+00 4.421591e-02 -1.0 0.000000e+00 0.000000e+00 -1.000000e+00 2.688678e-01 -1.000000e+00 -9.990070e+05 1.726524e-02 1.726524e-02 8.016557e-01 4.732792e-01 1.345455e+00 0.000000e+00 -1.000000e+00 1.916205e-03 0.000000e+00 8.284229e-01
2.893171e+00 -1.000000e+00 0.000000e+00 -1.000000e+00 -1.000000e+00 7.000000e+02 4.486917e-01 -1.000000e+00 -1.000000e+00 8.970826e+00 0.000000e+00 -1.000000e+00 0.000000e+00 1.198037e-02 1.100000e+03 4.164459e+00 0.000000e+00 -9.990070e+05 3.000000e+00 -1.000000e+00 8.929683e-01 -1.0 0.000000e+00 0.000000e+00 -1.000000e+00 8.217210e-01 -1.000000e+00 -9.990070e+05 4.340222e-01 4.340222e-01 9.743860e-01 2.102640e+00 6.158403e+00 0.000000e+00 -1.000000e+00 1.158976e-01 0.000000e+00 3.751125e+00
7.678858e+00 -1.000000e+00 0.000000e+00 -1.000000e+00 -1.000000e+00 9.000000e+02 4.960116e-01 -1.000000e+00 -1.000000e+00 2.287470e+01 0.000000e+00 -1.000000e+00 0.000000e+00 2.153150e-02 1.100000e+03 1.097862e+01 0.000000e+00 -9.990070e+05 3.000000e+00 -1.000000e+00 9.955158e-01 -1.0 0.000000e+00 0.000000e+00 -1.000000e+00 8.398835e-01 -1.000000e+00 -9.990070e+05 6.579539e-01 6.579539e-01 9.770375e-01 5.645928e+00 1.599766e+01 0.000000e+00 -1.000000e+00 1.548264e-01 0.000000e+00 9.884814e+00
2.640007e-01 -1.000000e+00 4.000000e+03 -1.000000e+00 -1.000000e+00 2.500000e+02 1.113784e-05 -1.000000e+00 -1.000000e+00 7.856036e-01 0.000000e+00 -1.000000e+00 1.000000e+00 1.617967e-10 1.150000e+03 3.774149e-01 1.000000e+00 -9.990070e+05 3.000000e+00 -1.000000e+00 8.544757e-06 -1.0 0.000000e+00 0.000000e+00 -1.000000e+00 6.892612e-04 -1.000000e+00 -9.990070e+05 3.431103e-06 3.431103e-06 1.667413e-02 1.939885e-01 5.498536e-01 0.000000e+00 -1.000000e+00 6.897705e-08 0.000000e+00 3.398791e-01
4.481580e-01 -1.000000e+00 0.000000e+00 -1.000000e+00 -1.000000e+00 4.500000e+02 4.560480e-03 -1.000000e+00 -1.000000e+00 1.388046e+00 0.000000e+00 -1.000000e+00 0.000000e+00 1.321166e-06 1.150000e+03 6.421040e-01 0.000000e+00 -9.990070e+05 3.000000e+00 -1.000000e+00 4.899373e-03 -1.0 0.000000e+00 0.000000e+00 -1.000000e+00 6.627645e-02 -1.000000e+00 -9.990070e+05 1.942840e-03 1.942840e-03 4.016160e-01 3.261606e-01 9.511727e-01 0.000000e+00 -1.000000e+00 1.247782e-04 0.000000e+00 5.788095e-01
2.794485e-01 -1.000000e+00 4.000000e+03 -1.000000e+00 -1.000000e+00 5.000000e+01 2.596141e-05 -1.000000e+00 -1.000000e+00 8.321206e-01 0.000000e+00 -1.000000e+00 1.000000e+00 5.425514e-10 1.150000e+03 3.994099e-01 1.000000e+00 -9.990070e+05 3.000000e+00 -1.000000e+00 2.067521e-05 -1.0 0.000000e+00 0.000000e+00 -1.000000e+00 1.344653e-03 -1.000000e+00 -9.990070e+05 8.285723e-06 8.285723e-06 2.736474e-02 2.052751e-01 5.819401e-01 0.000000e+00 -1.000000e+00 1.926689e-07 0.000000e+00 3.595981e-01
1.766177e+00 -1.000000e+00 4.000000e+03 -1.000000e+00 -1.000000e+00 6.500000e+02 3.586034e-01 -1.000000e+00 -1.000000e+00 5.428264e+00 0.000000e+00 -1.000000e+00 1.000000e+00 4.863083e-03 1.150000e+03 2.534831e+00 1.000000e+00 -9.990070e+05 2.000000e+00 -1.000000e+00 6.520824e-01 -1.0 0.000000e+00 0.000000e+00 -1.000000e+00 7.810017e-01 -1.000000e+00 -9.990070e+05 2.692265e-01 2.692265e-01 9.683370e-01 1.284700e+00 3.741091e+00 0.000000e+00 -1.000000e+00 6.718773e-02 1.000000e+00 2.280121e+00
5.834370e+00 -1.000000e+00 0.000000e+00 -1.000000e+00 -1.000000e+00 8.500000e+02 4.905583e-01 -1.000000e+00 -1.000000e+00 1.770055e+01 0.000000e+00 -1.000000e+00 0.000000e+00 2.000160e-02 1.150000e+03 8.348726e+00 0.000000e+00 -9.990070e+05 3.000000e+00 -1.000000e+00 9.873820e-01 -1.0 0.000000e+00 0.000000e+00 -1.000000e+00 8.378698e-01 -1.000000e+00 -9.990070e+05 6.092167e-01 6.092167e-01 9.767446e-01 4.277522e+00 1.221040e+01 0.000000e+00 -1.000000e+00 1.497377e-01 0.000000e+00 7.506525e+00
3.326670e-01 -1.000000e+00 4.000000e+03 -1.000000e+00 -1.000000e+00 0.000000e+00 2.172961e-04 -1.000000e+00 -1.000000e+00 9.843237e-01 0.000000e+00 -1.000000e+00 1.000000e+00 1.212137e-08 1.200000e+03 4.750968e-01 1.000000e+00 -9.990070e+05 3.000000e+00 -1.000000e+00 1.904410e-04 -1.0 0.000000e+00 0.000000e+00 -1.000000e+00 6.975529e-03 -1.000000e+00 -9.990070e+05 7.572075e-05 7.572075e-05 8.950570e-02 2.447894e-01 6.907852e-01 0.000000e+00 -1.000000e+00 2.627082e-06 0.000000e+00 4.278528e-01
3.001657e-01 -1.000000e+00 4.000000e+03 -1.000000e+00 -1.000000e+00 2.000000e+02 5.867331e-05 -1.000000e+00 -1.000000e+00 8.861661e-01 0.000000e+00 -1.000000e+00 1.000000e+00 1.764937e-09 1.200000e+03 4.286984e-01 1.000000e+00 -9.990070e+05 3.000000e+00 -1.000000e+00 4.805155e-05 -1.0 0.000000e+00 0.000000e+00 -1.000000e+00 2.543785e-03 -1.000000e+00 -9.990070e+05 1.916559e-05 1.916559e-05 4.358252e-02 2.211118e-01 6.229033e-01 0.000000e+00 -1.000000e+00 5.218939e-07 0.000000e+00 3.862916e-01
3.987647e-01 -1.000000e+00 4.000000e+03 -1.000000e+00 -1.000000e+00 4.000000e+02 1.421747e-03 -1.000000e+00 -1.000000e+00 1.182363e+00 0.000000e+00 -1.000000e+00 1.000000e+00 2.100691e-07 1.200000e+03 5.696636e-01 1.000000e+00 -9.990070e+05 3.000000e+00 -1.000000e+00 1.387575e-03 -1.0 0.000000e+00 0.000000e+00 -1.000000e+00 2.850977e-02 -1.000000e+00 -9.990070e+05 5.484035e-04 5.484035e-04 2.339250e-01 2.935460e-01 8.287479e-01 0.000000e+00 -1.000000e+00 2.787095e-05 0.000000e+00 5.131297e-01
1.011668e+00 -1.000000e+00 0.000000e+00 -1.000000e+00 -1.000000e+00 6.000000e+02 1.618976e-01 -1.000000e+00 -1.000000e+00 3.072619e+00 0.000000e+00 -1.000000e+00 0.000000e+00 6.934770e-04 1.200000e+03 1.446193e+00 0.000000e+00 -9.990070e+05 3.000000e+00 -1.000000e+00 2.403081e-01 -1.0 0.000000e+00 0.000000e+00 -1.000000e+00 6.134414e-01 -1.000000e+00 -9.990070e+05 9.339787e-02 9.339787e-02 9.401546e-01 7.386852e-01 2.125416e+00 0.000000e+00 -1.000000e+00 1.673643e-02 0.000000e+00 1.301693e+00
4.469971e+00 -1.000000e+00 0.000000e+00 -1.000000e+00 -1.000000e+00 8.000000e+02 4.811524e-01 -1.000000e+00 -1.000000e+00 1.366373e+01 0.000000e+00 -1.000000e+00 0.000000e+00 1.768620e-02 1.200000e+03 6.391476e+00 0.000000e+00 -9.990070e+05 3.000000e+00 -1.000000e+00 9.699945e-01 -1.0 0.000000e+00 0.000000e+00 -1.000000e+00 8.343520e-01 -1.000000e+00 -9.990070e+05 5.519185e-01 5.519185e-01 9.762324e-01 3.256439e+00 9.422035e+00 0.000000e+00 -1.000000e+00 1.413487e-01 0.000000e+00 5.763338e+00
3.536892e-01 -1.000000e+00 0.000000e+00 -1.000000e+00 -1.000000e+00 1.500000e+02 4.226653e-04 -1.000000e+00 -1.000000e+00 1.045439e+00 0.000000e+00 -1.000000e+00 0.000000e+00 3.285264e-08 1.250000e+03 5.052486e-01 0.000000e+00 -9.990070e+05 3.000000e+00 -1.000000e+00 3.836362e-04 -1.0 0.000000e+00 0.000000e+00 -1.000000e+00 1.155299e-02 -1.000000e+00 -9.990070e+05 1.521766e-04 1.521766e-04 1.271305e-01 2.606570e-01 7.343681e-01 0.000000e+00 -1.000000e+00 6.024951e-06 0.000000e+00 4.554093e-01
3.901168e-01 -1.000000e+00 4.000000e+03 -1.000000e+00 -1.000000e+00 3.500000e+02 1.165938e-03 -1.000000e+00 -1.000000e+00 1.157235e+00 0.000000e+00 -1.000000e+00 1.000000e+00 1.545251e-07 1.250000e+03 5.573073e-01 1.000000e+00 -9.990070e+05 3.000000e+00 -1.000000e+00 1.124050e-03 -1.0 0.000000e+00 0.000000e+00 -1.000000e+00 2.463462e-02 -1.000000e+00 -9.990070e+05 4.445532e-04 4.445532e-04 2.123428e-01 2.870617e-01 8.108893e-01 0.000000e+00 -1.000000e+00 2.165703e-05 0.000000e+00 5.018766e-01
6.677252e-01 -1.000000e+00 0.000000e+00 -1.000000e+00 -1.000000e+00 5.500000e+02 4.150568e-02 -1.000000e+00 -1.000000e+00 2.013803e+00 0.000000e+00 -1.000000e+00 0.000000e+00 5.382036e-05 1.250000e+03 9.531629e-01 0.000000e+00 -9.990070e+05 3.000000e+00 -1.000000e+00 5.258112e-02 -1.0 0.000000e+00 0.000000e+00 -1.000000e+00 2.971155e-01 -1.000000e+00 -9.990070e+05 2.053147e-02 2.053147e-02 8.243633e-01 4.877261e-01 1.398293e+00 0.000000e+00 -1.000000e+00 2.378489e-03 0.000000e+00 8.585361e-01
2.786163e+00 -1.000000e+00 0.000000e+00 -1.000000e+00 -1.000000e+00 7.500000e+02 4.446793e-01 -1.000000e+00 -1.000000e+00 8.422105e+00 0.000000e+00 -1.000000e+00 0.000000e+00 1.145432e-02 1.250000e+03 3.989507e+00 0.000000e+00 -9.990070e+05 3.000000e+00 -1.000000e+00 8.823866e-01 -1.0 0.000000e+00 0.000000e+00 -1.000000e+00 8.201005e-01 -1.000000e+00 -9.990070e+05 4.231486e-01 4.231486e-01 9.741482e-01 2.025626e+00 5.856173e+00 0.000000e+00 -1.000000e+00 1.130984e-01 0.000000e+00 3.596573e+00
4.374050e-01 -1.000000e+00 0.000000e+00 -1.000000e+00 -1.000000e+00 1.000000e+02 3.085448e-03 -1.000000e+00 -1.000000e+00 1.291284e+00 0.000000e+00 -1.000000e+00 0.000000e+00 7.082261e-07 1.300000e+03 6.249410e-01 0.000000e+00 -9.990070e+05 3.000000e+00 -1.000000e+00 3.156828e-03 -1.0 0.000000e+00 0.000000e+00 -1.000000e+00 5.010154e-02 -1.000000e+00 -9.990070e+05 1.242711e-03 1.242711e-03 3.370970e-01 3.226302e-01 9.080182e-01 0.000000e+00 -1.000000e+00 7.523456e-05 0.000000e+00 5.635473e-01
4.386842e-01 -1.000000e+00 0.000000e+00 -1.000000e+00 -1.000000e+00 3.000000e+02 3.138427e-03 -1.000000e+00 -1.000000e+00 1.293399e+00 0.000000e+00 -1.000000e+00 0.000000e+00 7.276160e-07 1.300000e+03 6.262396e-01 0.000000e+00 -9.990070e+05 3.000000e+00 -1.000000e+00 3.216250e-03 -1.0 0.000000e+00 0.000000e+00 -1.000000e+00 5.071946e-02 -1.000000e+00 -9.990070e+05 1.266252e-03 1.266252e-03 3.397279e-01 3.230610e-01 9.094750e-01 0.000000e+00 -1.000000e+00 7.690560e-05 0.000000e+00 5.641797e-01
5.839739e-01 -1.000000e+00 0.000000e+00 -1.000000e+00 -1.000000e+00 5.000000e+02 2.145942e-02 -1.000000e+00 -1.000000e+00 1.739101e+00 0.000000e+00 -1.000000e+00 0.000000e+00 1.709545e-05 1.300000e+03 8.344506e-01 0.000000e+00 -9.990070e+05 3.000000e+00 -1.000000e+00 2.554214e-02 -1.0 0.000000e+00 0.000000e+00 -1.000000e+00 1.934455e-01 -1.000000e+00 -9.990070e+05 9.990422e-03 9.990422e-03 7.141462e-01 4.292708e-01 1.215674e+00 0.000000e+00 -1.000000e+00 9.675473e-04 0.000000e+00 7.510693e-01
1.471824e+00 -1.000000e+00 0.000000e+00 -1.000000e+00 -1.000000e+00 7.000000e+02 3.038591e-01 -1.000000e+00 -1.000000e+00 4.507681e+00 0.000000e+00 -1.000000e+00 0.000000e+00 2.960820e-03 1.300000e+03 2.108748e+00 0.000000e+00 -9.990070e+05 3.000000e+00 -1.000000e+00 5.197605e-01 -1.0 0.000000e+00 0.000000e+00 -1.000000e+00 7.497502e-01 -1.000000e+00 -9.990070e+05 2.071422e-01 2.071422e-01 9.635591e-01 1.075666e+00 3.102691e+00 0.000000e+00 -1.000000e+00 4.796857e-02 0.000000e+00 1.893141e+00
7.878442e+00 -1.000000e+00 0.000000e+00 -1.000000e+00 -1.000000e+00 9.000000e+02 4.963006e-01 -1.000000e+00 -1.000000e+00 2.465422e+01 0.000000e+00 -1.000000e+00 0.000000e+00 2.161685e-02 1.300000e+03 1.128568e+01 0.000000e+00 -9.990070e+05 3.000000e+00 -1.000000e+00 9.958924e-01 -1.0 0.000000e+00 0.000000e+00 -1.000000e+00 8.399897e-01 -1.000000e+00 -9.990070e+05 6.612378e-01 6.612378e-01 9.770529e-01 5.738680e+00 1.678585e+01 0.000000e+00 -1.000000e+00 1.551007e-01 0.000000e+00 1.017336e+01
5.171211e-01 -1.000000e+00 4.000000e+03 -1.000000e+00 -1.000000e+00 2.500000e+02 1.028105e-02 -1.000000e+00 -1.000000e+00 1.521233e+00 0.000000e+00 -1.000000e+00 1.000000e+00 4.965736e-06 1.350000e+03 7.381076e-01 1.000000e+00 -9.990070e+05 3.000000e+00 -1.000000e+00 1.147647e-02 -1.0 0.000000e+00 0.000000e+00 -1.000000e+00 1.172774e-01 -1.000000e+00 -9.990070e+05 4.495246e-03 4.495246e-03 5.610695e-01 3.810908e-01 1.071194e+00 0.000000e+00 -1.000000e+00 3.621534e-04 0.000000e+00 6.651942e-01
5.880311e-01 -1.000000e+00 0.000000e+00 -1.000000e+00 -1.000000e+00 4.500000e+02 2.188695e-02 -1.000000e+00 -1.000000e+00 1.733442e+00 0.000000e+00 -1.000000e+00 0.000000e+00 1.768171e-05 1.350000e+03 8.385386e-01 0.000000e+00 -9.990070e+05 3.000000e+00 -1.000000e+00 2.602770e-02 -1.0 0.000000e+00 0.000000e+00 -1.000000e+00 1.960063e-01 -1.000000e+00 -9.990070e+05 1.016579e-02 1.016579e-02 7.179621e-01 4.323804e-01 1.216603e+00 0.000000e+00 -1.000000e+00 9.936502e-04 0.000000e+00 7.546727e-01
5.691292e-01 -1.000000e+00 0.000000e+00 -1.000000e+00 -1.000000e+00 5.000000e+01 1.840023e-02 -1.000000e+00 -1.000000e+00 1.677046e+00 0.000000e+00 -1.000000e+00 0.000000e+00 1.315799e-05 1.350000e+03 8.126012e-01 0.000000e+00 -9.990070e+05 3.000000e+00 -1.000000e+00 2.154975e-02 -1.0 0.000000e+00 0.000000e+00 -1.000000e+00 1.745017e-01 -1.000000e+00 -9.990070e+05 8.421836e-03 8.421836e-03 6.835738e-01 4.194793e-01 1.179898e+00 0.000000e+00 -1.000000e+00 7.866181e-04 0.000000e+00 7.323845e-01
1.192108e+00 -1.000000e+00 0.000000e+00 -1.000000e+00 -1.000000e+00 6.500000e+02 2.266358e-01 -1.000000e+00 -1.000000e+00 3.549337e+00 0.000000e+00 -1.000000e+00 0.000000e+00 1.430187e-03 1.350000e+03 1.703719e+00 0.000000e+00 -9.990070e+05 3.000000e+00 -1.000000e+00 3.577800e-01 -1.0 0.000000e+00 0.000000e+00 -1.000000e+00 6.900331e-01 -1.000000e+00 -9.990070e+05 1.395886e-01 1.395886e-01 9.539418e-01 8.759928e-01 2.482262e+00 0.000000e+00 -1.000000e+00 2.853255e-02 0.000000e+00 1.533318e+00
4.303644e+00 -1.000000e+00 0.000000e+00 -1.000000e+00 -1.000000e+00 8.500000e+02 4.792993e-01 -1.000000e+00 -1.000000e+00 1.298611e+01 0.000000e+00 -1.000000e+00 0.000000e+00 1.727285e-02 1.350000e+03 6.154297e+00 0.000000e+00 -9.990070e+05 3.000000e+00 -1.000000e+00 9.661971e-01 -1.0 0.000000e+00 0.000000e+00 -1.000000e+00 8.336520e-01 -1.000000e+00 -9.990070e+05 5.427273e-01 5.427273e-01 9.761304e-01 3.144417e+00 9.019161e+00 0.000000e+00 -1.000000e+00 1.397525e-01 0.000000e+00 5.532707e+00
7.189504e-01 -1.000000e+00 4.000000e+03 -1.000000e+00 -1.000000e+00 0.000000e+00 5.646069e-02 -1.000000e+00 -1.000000e+00 2.120134e+00 0.000000e+00 -1.000000e+00 1.000000e+00 9.333636e-05 1.400000e+03 1.027227e+00 1.000000e+00 -9.990070e+05 2.000000e+00 -1.000000e+00 7.342738e-02 -1.0 0.000000e+00 0.000000e+00 -1.000000e+00 3.591244e-01 -1.000000e+00 -9.990070e+05 2.855453e-02 2.855453e-02 8.622637e-01 5.305222e-01 1.492074e+00 0.000000e+00 -1.000000e+00 3.645693e-03 1.000000e+00 9.265183e-01
6.417668e-01 -1.000000e+00 0.000000e+00 -1.000000e+00 -1.000000e+00 2.000000e+02 3.413902e-02 -1.000000e+00 -1.000000e+00 1.889303e+00 0.000000e+00 -1.000000e+00 0.000000e+00 3.815163e-05 1.400000e+03 9.159184e-01 0.000000e+00 -9.990070e+05 3.000000e+00 -1.000000e+00 4.225190e-02 -1.0 0.000000e+00 0.000000e+00 -1.000000e+00 2.623429e-01 -1.000000e+00 -9.990070e+05 1.646753e-02 1.646753e-02 7.957793e-01 4.726143e-01 1.329363e+00 0.000000e+00 -1.000000e+00 1.818372e-03 0.000000e+00 8.250755e-01
6.621337e-01 -1.000000e+00 4.000000e+03 -1.000000e+00 -1.000000e+00 4.000000e+02 3.951719e-02 -1.000000e+00 -1.000000e+00 1.951344e+00 0.000000e+00 -1.000000e+00 1.000000e+00 4.934403e-05 1.400000e+03 9.452411e-01 1.000000e+00 -9.990070e+05 3.000000e+00 -1.000000e+00 4.960959e-02 -1.0 0.000000e+00 0.000000e+00 -1.000000e+00 2.880414e-01 -1.000000e+00 -9.990070e+05 1.932617e-02 1.932617e-02 8.175181e-01 4.876346e-01 1.372597e+00 0.000000e+00 -1.000000e+00 2.222899e-03 0.000000e+00 8.515768e-01
9.416129e-01 -1.000000e+00 0.000000e+00 -1.000000e+00 -1.000000e+00 6.000000e+02 1.364836e-01 -1.000000e+00 -1.000000e+00 2.793499e+00 0.000000e+00 -1.000000e+00 0.000000e+00 4.915113e-04 1.400000e+03 1.346205e+00 0.000000e+00 -9.990070e+05 3.000000e+00 -1.000000e+00 1.971382e-01 -1.0 0.000000e+00 0.000000e+00 -1.000000e+00 5.718059e-01 -1.000000e+00 -9.990070e+05 7.647754e-02 7.647754e-02 9.316270e-01 6.935256e-01 1.959333e+00 0.000000e+00 -1.000000e+00 1.293760e-02 0.000000e+00 1.213129e+00
2.532884e+00 -1.000000e+00 0.000000e+00 -1.000000e+00 -1.000000e+00 8.000000e+02 4.323514e-01 -1.000000e+00 -1.000000e+00 7.668183e+00 0.000000e+00 -1.000000e+00 0.000000e+00 1.001529e-02 1.400000e+03 3.625587e+00 0.000000e+00 -9.990070e+05 3.000000e+00 -1.000000e+00 8.493412e-01 -1.0 0.000000e+00 0.000000e+00 -1.000000e+00 8.150294e-01 -1.000000e+00 -9.990070e+05 3.931559e-01 3.931559e-01 9.734028e-01 1.842342e+00 5.323261e+00 0.000000e+00 -1.000000e+00 1.049292e-01 0.000000e+00 3.268268e+00
8.158290e-01 -1.000000e+00 4.000000e+03 -1.000000e+00 -1.000000e+00 1.500000e+02 8.937068e-02 -1.000000e+00 -1.000000e+00 2.406440e+00 0.000000e+00 -1.000000e+00 1.000000e+00 2.174142e-04 1.450000e+03 1.165485e+00 1.000000e+00 -9.990070e+05 3.000000e+00 -1.000000e+00 1.222237e-01 -1.0 0.000000e+00 0.000000e+00 -1.000000e+00 4.660798e-01 -1.000000e+00 -9.990070e+05 4.743943e-02 4.743943e-02 9.045061e-01 6.017317e-01 1.692974e+00 0.000000e+00 -1.000000e+00 6.977956e-03 0.000000e+00 1.050917e+00
7.771738e-01 -1.000000e+00 0.000000e+00 -1.000000e+00 -1.000000e+00 3.500000e+02 7.541094e-02 -1.000000e+00 -1.000000e+00 2.287195e+00 0.000000e+00 -1.000000e+00 0.000000e+00 1.584206e-04 1.450000e+03 1.109524e+00 0.000000e+00 -9.990070e+05 3.000000e+00 -1.000000e+00 1.011574e-01 -1.0 0.000000e+00 0.000000e+00 -1.000000e+00 4.248932e-01 -1.000000e+00 -9.990070e+05 3.928923e-02 3.928923e-02 8.906678e-01 5.728606e-01 1.610472e+00 0.000000e+00 -1.000000e+00 5.477972e-03 0.000000e+00 1.000102e+00
9.158555e-01 -1.000000e+00 0.000000e+00 -1.000000e+00 -1.000000e+00 5.500000e+02 1.265665e-01 -1.000000e+00 -1.000000e+00 2.706669e+00 0.000000e+00 -1.000000e+00 0.000000e+00 4.235713e-04 1.450000e+03 1.308174e+00 0.000000e+00 -9.990070e+05 3.000000e+00 -1.000000e+00 1.808877e-01 -1.0 0.000000e+00 0.000000e+00 -1.000000e+00 5.530439e-01 -1.000000e+00 -9.990070e+05 7.016786e-02 7.016786e-02 9.274638e-01 6.749066e-01 1.901254e+00 0.000000e+00 -1.000000e+00 1.156830e-02 0.000000e+00 1.179042e+00
1.610811e+00 -1.000000e+00 4.000000e+03 -1.000000e+00 -1.000000e+00 7.500000e+02 3.337333e-01 -1.000000e+00 -1.000000e+00 4.806648e+00 0.000000e+00 -1.000000e+00 1.000000e+00 3.877262e-03 1.450000e+03 2.295143e+00 1.000000e+00 -9.990070e+05 2.000000e+00 -1.000000e+00 5.897739e-01 -1.0 0.000000e+00 0.000000e+00 -1.000000e+00 7.676166e-01 -1.000000e+00 -9.990070e+05 2.386697e-01 2.386697e-01 9.663077e-01 1.177557e+00 3.356952e+00 0.000000e+00 -1.000000e+00 5.774300e-02 1.000000e+00 2.068699e+00
1.061143e+00 -1.000000e+00 0.000000e+00 -1.000000e+00 -1.000000e+00 0.000000e+00 1.813486e-01 -1.000000e+00 -1.000000e+00 3.117433e+00 0.000000e+00 -1.000000e+00 0.000000e+00 8.780114e-04 1.500000e+03 1.513803e+00 0.000000e+00 -9.990070e+05 3.000000e+00 -1.000000e+00 2.737597e-01 -1.0 0.000000e+00 0.000000e+00 -1.000000e+00 6.401935e-01 -1.000000e+00 -9.990070e+05 1.062779e-01 1.062779e-01 9.452078e-01 7.817428e-01 2.195340e+00 0.000000e+00 -1.000000e+00 1.994102e-02 0.000000e+00 1.363857e+00
1.015516e+00 -1.000000e+00 0.000000e+00 -1.000000e+00 -1.000000e+00 1.000000e+02 1.638602e-01 -1.000000e+00 -1.000000e+00 2.979211e+00 0.000000e+00 -1.000000e+00 0.000000e+00 7.108552e-04 1.500000e+03 1.446738e+00 0.000000e+00 -9.990070e+05 3.000000e+00 -1.000000e+00 2.431611e-01 -1.0 0.000000e+00 0.000000e+00 -1.000000e+00 6.163218e-01 -1.000000e+00 -9.990070e+05 9.432530e-02 9.432530e-02 9.407131e-01 7.471685e-01 2.094900e+00 0.000000e+00 -1.000000e+00 1.704772e-02 0.000000e+00 1.302292e+00
9.294466e-01 -1.000000e+00 0.000000e+00 -1.000000e+00 -1.000000e+00 3.000000e+02 1.318545e-01 -1.000000e+00 -1.000000e+00 2.738906e+00 0.000000e+00 -1.000000e+00 0.000000e+00 4.590760e-04 1.500000e+03 1.327344e+00 0.000000e+00 -9.990070e+05 3.000000e+00 -1.000000e+00 1.894323e-01 -1.0 0.000000e+00 0.000000e+00 -1.000000e+00 5.632441e-01 -1.000000e+00 -9.990070e+05 7.345627e-02 7.345627e-02 9.297548e-01 6.851862e-01 1.927490e+00 0.000000e+00 -1.000000e+00 1.229071e-02 0.000000e+00 1.196489e+00
1.031728e+00 -1.000000e+00 0.000000e+00 -1.000000e+00 -1.000000e+00 5.000000e+02 1.704582e-01 -1.000000e+00 -1.000000e+00 3.036006e+00 0.000000e+00 -1.000000e+00 0.000000e+00 7.712748e-04 1.500000e+03 1.472455e+00 0.000000e+00 -9.990070e+05 3.000000e+00 -1.000000e+00 2.546254e-01 -1.0 0.000000e+00 0.000000e+00 -1.000000e+00 6.256952e-01 -1.000000e+00 -9.990070e+05 9.880648e-02 9.880648e-02 9.425057e-01 7.600766e-01 2.136956e+00 0.000000e+00 -1.000000e+00 1.811381e-02 0.000000e+00 1.326694e+00
1.466109e+00 -1.000000e+00 0.000000e+00 -1.000000e+00 -1.000000e+00 7.000000e+02 3.034027e-01 -1.000000e+00 -1.000000e+00 4.338144e+00 0.000000e+00 -1.000000e+00 0.000000e+00 2.948621e-03 1.500000e+03 2.087339e+00 0.000000e+00 -9.990070e+05 3.000000e+00 -1.000000e+00 5.184231e-01 -1.0 0.000000e+00 0.000000e+00 -1.000000e+00 7.494596e-01 -1.000000e+00 -9.990070e+05 2.063898e-01 2.063898e-01 9.635139e-01 1.073789e+00 3.042184e+00 0.000000e+00 -1.000000e+00 4.783081e-02 0.000000e+00 1.879159e+00
3.739969e+00 -1.000000e+00 0.000000e+00 -1.000000e+00 -1.000000e+00 9.000000e+02 4.715607e-01 -1.000000e+00 -1.000000e+00 1.115306e+01 0.000000e+00 -1.000000e+00 0.000000e+00 1.567955e-02 1.500000e+03 5.348260e+00 0.000000e+00 -9.990070e+05 3.000000e+00 -1.000000e+00 9.492824e-01 -1.0 0.000000e+00 0.000000e+00 -1.000000e+00 8.307027e-01 -1.000000e+00 -9.990070e+05 5.085874e-01 5.085874e-01 9.757001e-01 2.748764e+00 7.797379e+00 0.000000e+00 -1.000000e+00 1.332816e-01 0.000000e+00 4.814827e+00
1.195786e+00 -1.000000e+00 0.000000e+00 -1.000000e+00 -1.000000e+00 2.500000e+02 2.278663e-01 -1.000000e+00 -1.000000e+00 3.509611e+00 0.000000e+00 -1.000000e+00 0.000000e+00 1.447995e-03 1.550000e+03 1.702078e+00 0.000000e+00 -9.990070e+05 3.000000e+00 -1.000000e+00 3.599693e-01 -1.0 0.000000e+00 0.000000e+00 -1.000000e+00 6.911954e-01 -1.000000e+00 -9.990070e+05 1.403848e-01 1.403848e-01 9.541367e-01 8.785191e-01 2.468999e+00 0.000000e+00 -1.000000e+00 2.879060e-02 0.000000e+00 1.530838e+00
1.170663e+00 -1.000000e+00 0.000000e+00 -1.000000e+00 -1.000000e+00 4.500000e+02 2.199365e-01 -1.000000e+00 -1.000000e+00 3.441102e+00 0.000000e+00 -1.000000e+00 0.000000e+00 1.336103e-03 1.550000e+03 1.669378e+00 0.000000e+00 -9.990070e+05 3.000000e+00 -1.000000e+00 3.447449e-01 -1.0 0.000000e+00 0.000000e+00 -1.000000e+00 6.835503e-01 -1.000000e+00 -9.990070e+05 1.343058e-01 1.343058e-01 9.528481e-01 8.618424e-01 2.420452e+00 0.000000e+00 -1.000000e+00 2.715206e-02 0.000000e+00 1.503379e+00
1.328817e+00 -1.000000e+00 0.000000e+00 -1.000000e+00 -1.000000e+00 5.000000e+01 2.684898e-01 -1.000000e+00 -1.000000e+00 3.898748e+00 0.000000e+00 -1.000000e+00 0.000000e+00 2.141851e-03 1.550000e+03 1.890377e+00 0.000000e+00 -9.990070e+05 3.000000e+00 -1.000000e+00 4.419488e-01 -1.0 0.000000e+00 0.000000e+00 -1.000000e+00 7.253205e-01 -1.000000e+00 -9.990070e+05 1.737805e-01 1.737805e-01 9.597141e-01 9.755967e-01 2.744114e+00 0.000000e+00 -1.000000e+00 3.817518e-02 0.000000e+00 1.699315e+00
1.476549e+00 -1.000000e+00 0.000000e+00 -1.000000e+00 -1.000000e+00 6.500000e+02 3.058189e-01 -1.000000e+00 -1.000000e+00 4.381407e+00 0.000000e+00 -1.000000e+00 0.000000e+00 3.013748e-03 1.550000e+03 2.102605e+00 0.000000e+00 -9.990070e+05 3.000000e+00 -1.000000e+00 5.239455e-01 -1.0 0.000000e+00 0.000000e+00 -1.000000e+00 7.509915e-01 -1.000000e+00 -9.990070e+05 2.088205e-01 2.088205e-01 9.637516e-01 1.081305e+00 3.066881e+00 0.000000e+00 -1.000000e+00 4.856379e-02 0.000000e+00 1.893019e+00
2.762195e+00 -1.000000e+00 0.000000e+00 -1.000000e+00 -1.000000e+00 8.500000e+02 4.440243e-01 -1.000000e+00 -1.000000e+00 8.217699e+00 0.000000e+00 -1.000000e+00 0.000000e+00 1.137134e-02 1.550000e+03 3.939562e+00 0.000000e+00 -9.990070e+05 3.000000e+00 -1.000000e+00 8.806031e-01 -1.0 0.000000e+00 0.000000e+00 -1.000000e+00 8.198346e-01 -1.000000e+00 -9.990070e+05 4.212943e-01 4.212943e-01 9.741092e-01 2.014598e+00 5.752518e+00 0.000000e+00 -1.000000e+00 1.126481e-01 0.000000e+00 3.553357e+00
1.665863e+00 -1.000000e+00 0.000000e+00 -1.000000e+00 -1.000000e+00 0.000000e+00 3.445300e-01 -1.000000e+00 -1.000000e+00 4.878847e+00 0.000000e+00 -1.000000e+00 0.000000e+00 4.275961e-03 1.600000e+03 2.365602e+00 0.000000e+00 -9.990070e+05 3.000000e+00 -1.000000e+00 6.161237e-01 -1.0 0.000000e+00 0.000000e+00 -1.000000e+00 7.735752e-01 -1.000000e+00 -9.990070e+05 2.510792e-01 2.510792e-01 9.672140e-01 1.221177e+00 3.438836e+00 0.000000e+00 -1.000000e+00 6.168208e-02 0.000000e+00 2.132859e+00
1.481437e+00 -1.000000e+00 0.000000e+00 -1.000000e+00 -1.000000e+00 2.000000e+02 3.074346e-01 -1.000000e+00 -1.000000e+00 4.341861e+00 0.000000e+00 -1.000000e+00 0.000000e+00 3.058067e-03 1.600000e+03 2.106323e+00 0.000000e+00 -9.990070e+05 3.000000e+00 -1.000000e+00 5.275187e-01 -1.0 0.000000e+00 0.000000e+00 -1.000000e+00 7.520070e-01 -1.000000e+00 -9.990070e+05 2.103225e-01 2.103225e-01 9.639090e-01 1.087229e+00 3.058500e+00 0.000000e+00 -1.000000e+00 4.905905e-02 0.000000e+00 1.894989e+00
1.461079e+00 -1.000000e+00 0.000000e+00 -1.000000e+00 -1.000000e+00 4.000000e+02 3.026567e-01 -1.000000e+00 -1.000000e+00 4.283631e+00 0.000000e+00 -1.000000e+00 0.000000e+00 2.928786e-03 1.600000e+03 2.076937e+00 0.000000e+00 -9.990070e+05 3.000000e+00 -1.000000e+00 5.166273e-01 -1.0 0.000000e+00 0.000000e+00 -1.000000e+00 7.489833e-01 -1.000000e+00 -9.990070e+05 2.055484e-01 2.055484e-01 9.634400e-01 1.071855e+00 3.017431e+00 0.000000e+00 -1.000000e+00 4.760631e-02 0.000000e+00 1.869615e+00
1.636645e+00 -1.000000e+00 0.000000e+00 -1.000000e+00 -1.000000e+00 6.000000e+02 3.391404e-01 -1.000000e+00 -1.000000e+00 4.809735e+00 0.000000e+00 -1.000000e+00 0.000000e+00 4.071782e-03 1.600000e+03 2.325672e+00 0.000000e+00 -9.990070e+05 3.000000e+00 -1.000000e+00 6.028323e-01 -1.0 0.000000e+00 0.000000e+00 -1.000000e+00 7.706306e-01 -1.000000e+00 -9.990070e+05 2.447306e-01 2.447306e-01 9.667667e-01 1.199149e+00 3.384816e+00 0.000000e+00 -1.000000e+00 5.968632e-02 0.000000e+00 2.096579e+00
2.366031e+00 -1.000000e+00 0.000000e+00 -1.000000e+00 -1.000000e+00 8.000000e+02 4.226944e-01 -1.000000e+00 -1.000000e+00 6.969097e+00 0.000000e+00 -1.000000e+00 0.000000e+00 9.047273e-03 1.600000e+03 3.364732e+00 0.000000e+00 -9.990070e+05 3.000000e+00 -1.000000e+00 8.229714e-01 -1.0 0.000000e+00 0.000000e+00 -1.000000e+00 8.109533e-01 -1.000000e+00 -9.990070e+05 3.721006e-01 3.721006e-01 9.728021e-01 1.729792e+00 4.898027e+00 0.000000e+00 -1.000000e+00 9.895946e-02 0.000000e+00 3.036489e+00
1.923792e+00 -1.000000e+00 0.000000e+00 -1.000000e+00 -1.000000e+00 1.500000e+02 3.823709e-01 -1.000000e+00 -1.000000e+00 5.637816e+00 0.000000e+00 -1.000000e+00 0.000000e+00 6.071103e-03 1.650000e+03 2.730082e+00 0.000000e+00 -9.990070e+05 3.000000e+00 -1.000000e+00 7.136021e-01 -1.0 0.000000e+00 0.000000e+00 -1.000000e+00 7.927762e-01 -1.000000e+00 -9.990070e+05 3.016484e-01 3.016484e-01 9.701038e-01 1.409022e+00 3.971681e+00 0.000000e+00 -1.000000e+00 7.756543e-02 0.000000e+00 2.465015e+00
1.819367e+00 -1.000000e+00 0.000000e+00 -1.000000e+00 -1.000000e+00 3.500000e+02 3.687044e-01 -1.000000e+00 -1.000000e+00 5.333409e+00 0.000000e+00 -1.000000e+00 0.000000e+00 5.339434e-03 1.650000e+03 2.582549e+00 0.000000e+00 -9.990070e+05 3.000000e+00 -1.000000e+00 6.776385e-01 -1.0 0.000000e+00 0.000000e+00 -1.000000e+00 7.861160e-01 -1.000000e+00 -9.990070e+05 2.820697e-01 2.820697e-01 9.691064e-01 1.332967e+00 3.756963e+00 0.000000e+00 -1.000000e+00 7.142220e-02 0.000000e+00 2.330657e+00
1.864179e+00 -1.000000e+00 0.000000e+00 -1.000000e+00 -1.000000e+00 5.500000e+02 3.747296e-01 -1.000000e+00 -1.000000e+00 5.469717e+00 0.000000e+00 -1.000000e+00 0.000000e+00 5.648684e-03 1.650000e+03 2.646239e+00 0.000000e+00 -9.990070e+05 3.000000e+00 -1.000000e+00 6.933976e-01 -1.0 0.000000e+00 0.000000e+00 -1.000000e+00 7.890875e-01 -1.000000e+00 -9.990070e+05 2.904942e-01 2.904942e-01 9.695521e-01 1.365245e+00 3.851607e+00 0.000000e+00 -1.000000e+00 7.406951e-02 0.000000e+00 2.388732e+00
2.255135e+00 -1.000000e+00 0.000000e+00 -1.000000e+00 -1.000000e+00 7.500000e+02 4.146244e-01 -1.000000e+00 -1.000000e+00 6.639156e+00 0.000000e+00 -1.000000e+00 0.000000e+00 8.327838e-03 1.650000e+03 3.205769e+00 0.000000e+00 -9.990070e+05 3.000000e+00 -1.000000e+00 8.009035e-01 -1.0 0.000000e+00 0.000000e+00 -1.000000e+00 8.074716e-01 -1.000000e+00 -9.990070e+05 3.560793e-01 3.560793e-01 9.722877e-01 1.649300e+00 4.666595e+00 0.000000e+00 -1.000000e+00 9.424095e-02 0.000000e+00 2.893210e+00
2.427932e+00 -1.000000e+00 0.000000e+00 -1.000000e+00 -1.000000e+00 1.000000e+02 4.269352e-01 -1.000000e+00 -1.000000e+00 7.116403e+00 0.000000e+00 -1.000000e+00 0.000000e+00 9.456941e-03 1.700000e+03 3.449000e+00 0.000000e+00 -9.990070e+05 3.000000e+00 -1.000000e+00 8.345247e-01 -1.0 0.000000e+00 0.000000e+00 -1.000000e+00 8.127550e-01 -1.000000e+00 -9.990070e+05 3.809755e-01 3.809755e-01 9.730678e-01 1.776581e+00 5.011690e+00 0.000000e+00 -1.000000e+00 1.015364e-01 0.000000e+00 3.113254e+00
2.329450e+00 -1.000000e+00 0.000000e+00 -1.000000e+00 -1.000000e+00 3.000000e+02 4.202809e-01 -1.000000e+00 -1.000000e+00 6.835195e+00 0.000000e+00 -1.000000e+00 0.000000e+00 8.824169e-03 1.700000e+03 3.309314e+00 0.000000e+00 -9.990070e+05 3.000000e+00 -1.000000e+00 8.163616e-01 -1.0 0.000000e+00 0.000000e+00 -1.000000e+00 8.099194e-01 -1.000000e+00 -9.990070e+05 3.671564e-01 3.671564e-01 9.726495e-01 1.704441e+00 4.811944e+00 0.000000e+00 -1.000000e+00 9.752325e-02 0.000000e+00 2.987259e+00
2.238847e+00 -1.000000e+00 0.000000e+00 -1.000000e+00 -1.000000e+00 5.000000e+02 4.134173e-01 -1.000000e+00 -1.000000e+00 6.572823e+00 0.000000e+00 -1.000000e+00 0.000000e+00 8.226493e-03 1.700000e+03 3.180644e+00 0.000000e+00 -9.990070e+05 3.000000e+00 -1.000000e+00 7.975918e-01 -1.0 0.000000e+00 0.000000e+00 -1.000000e+00 8.069447e-01 -1.000000e+00 -9.990070e+05 3.537610e-01 3.537610e-01 9.722098e-01 1.638158e+00 4.626138e+00 0.000000e+00 -1.000000e+00 9.355538e-02 0.000000e+00 2.870921e+00
2.565214e+00 -1.000000e+00 0.000000e+00 -1.000000e+00 -1.000000e+00 7.000000e+02 4.348508e-01 -1.000000e+00 -1.000000e+00 7.540085e+00 0.000000e+00 -1.000000e+00 0.000000e+00 1.028723e-02 1.700000e+03 3.647110e+00 0.000000e+00 -9.990070e+05 3.000000e+00 -1.000000e+00 8.560072e-01 -1.0 0.000000e+00 0.000000e+00 -1.000000e+00 8.160691e-01 -1.000000e+00 -9.990070e+05 3.986672e-01 3.986672e-01 9.735558e-01 1.875680e+00 5.303631e+00 0.000000e+00 -1.000000e+00 1.065344e-01 0.000000e+00 3.291393e+00
3.666315e+00 -1.000000e+00 0.000000e+00 -1.000000e+00 -1.000000e+00 9.000000e+02 4.705408e-01 -1.000000e+00 -1.000000e+00 1.084905e+01 0.000000e+00 -1.000000e+00 0.000000e+00 1.548443e-02 1.700000e+03 5.239827e+00 0.000000e+00 -9.990070e+05 3.000000e+00 -1.000000e+00 9.469356e-01 -1.0 0.000000e+00 0.000000e+00 -1.000000e+00 8.303108e-01 -1.000000e+00 -9.990070e+05 5.044693e-01 5.044693e-01 9.756429e-01 2.703363e+00 7.618854e+00 0.000000e+00 -1.000000e+00 1.324519e-01 0.000000e+00 4.724320e+00
2.992176e+00 -1.000000e+00 0.000000e+00 -1.000000e+00 -1.000000e+00 2.500000e+02 4.533227e-01 -1.000000e+00 -1.000000e+00 8.777138e+00 0.000000e+00 -1.000000e+00 0.000000e+00 1.262774e-02 1.750000e+03 4.253975e+00 0.000000e+00 -9.990070e+05 3.000000e+00 -1.000000e+00 9.048397e-01 -1.0 0.000000e+00 0.000000e+00 -1.000000e+00 8.235741e-01 -1.000000e+00 -9.990070e+05 4.467423e-01 4.467423e-01 9.746576e-01 2.187814e+00 6.178048e+00 0.000000e+00 -1.000000e+00 1.192182e-01 0.000000e+00 3.839301e+00
2.739195e+00 -1.000000e+00 0.000000e+00 -1.000000e+00 -1.000000e+00 4.500000e+02 4.434575e-01 -1.000000e+00 -1.000000e+00 8.029440e+00 0.000000e+00 -1.000000e+00 0.000000e+00 1.130015e-02 1.750000e+03 3.892697e+00 0.000000e+00 -9.990070e+05 3.000000e+00 -1.000000e+00 8.790570e-01 -1.0 0.000000e+00 0.000000e+00 -1.000000e+00 8.196042e-01 -1.000000e+00 -9.990070e+05 4.197035e-01 4.197035e-01 9.740754e-01 2.003585e+00 5.654185e+00 0.000000e+00 -1.000000e+00 1.122600e-01 0.000000e+00 3.513401e+00
3.351370e+00 -1.000000e+00 0.000000e+00 -1.000000e+00 -1.000000e+00 5.000000e+01 4.638839e-01 -1.000000e+00 -1.000000e+00 9.842929e+00 0.000000e+00 -1.000000e+00 0.000000e+00 1.428709e-02 1.750000e+03 4.781530e+00 0.000000e+00 -9.990070e+05 3.000000e+00 -1.000000e+00 9.312646e-01 -1.0 0.000000e+00 0.000000e+00 -1.000000e+00 8.277337e-01 -1.000000e+00 -9.990070e+05 4.803567e-01 4.803567e-01 9.752664e-01 2.470080e+00 6.934459e+00 0.000000e+00 -1.000000e+00 1.271646e-01 0.000000e+00 4.309217e+00
2.913736e+00 -1.000000e+00 0.000000e+00 -1.000000e+00 -1.000000e+00 6.500000e+02 4.505118e-01 -1.000000e+00 -1.000000e+00 8.553985e+00 0.000000e+00 -1.000000e+00 0.000000e+00 1.222947e-02 1.750000e+03 4.142967e+00 0.000000e+00 -9.990070e+05 3.000000e+00 -1.000000e+00 8.975843e-01 -1.0 0.000000e+00 0.000000e+00 -1.000000e+00 8.224515e-01 -1.000000e+00 -9.990070e+05 4.386786e-01 4.386786e-01 9.744931e-01 2.130297e+00 6.018955e+00 0.000000e+00 -1.000000e+00 1.171911e-01 0.000000e+00 3.738857e+00
3.663910e+00 -1.000000e+00 0.000000e+00 -1.000000e+00 -1.000000e+00 8.500000e+02 4.704422e-01 -1.000000e+00 -1.000000e+00 1.083878e+01 0.000000e+00 -1.000000e+00 0.000000e+00 1.546572e-02 1.750000e+03 5.235899e+00 0.000000e+00 -9.990070e+05 3.000000e+00 -1.000000e+00 9.467089e-01 -1.0 0.000000e+00 0.000000e+00 -1.000000e+00 8.302728e-01 -1.000000e+00 -9.990070e+05 5.040851e-01 5.040851e-01 9.756374e-01 2.700241e+00 7.612921e+00 0.000000e+00 -1.000000e+00 1.323719e-01 0.000000e+00 4.719485e+00
4.203988e+00 -1.000000e+00 0.000000e+00 -1.000000e+00 -1.000000e+00 0.000000e+00 4.786586e-01 -1.000000e+00 -1.000000e+00 1.235233e+01 0.000000e+00 -1.000000e+00 0.000000e+00 1.713292e-02 1.800000e+03 6.000554e+00 0.000000e+00 -9.990070e+05 3.000000e+00 -1.000000e+00 9.648412e-01 -1.0 0.000000e+00 0.000000e+00 -1.000000e+00 8.334094e-01 -1.000000e+00 -9.990070e+05 5.394972e-01 5.394972e-01 9.760950e-01 3.100299e+00 8.704893e+00 0.000000e+00 -1.000000e+00 1.392048e-01 0.000000e+00 5.409733e+00
3.933384e+00 -1.000000e+00 0.000000e+00 -1.000000e+00 -1.000000e+00 2.000000e+02 4.750790e-01 -1.000000e+00 -1.000000e+00 1.158886e+01 0.000000e+00 -1.000000e+00 0.000000e+00 1.637847e-02 1.800000e+03 5.619497e+00 0.000000e+00 -9.990070e+05 3.000000e+00 -1.000000e+00 9.571481e-01 -1.0 0.000000e+00 0.000000e+00 -1.000000e+00 8.320488e-01 -1.000000e+00 -9.990070e+05 5.232099e-01 5.232099e-01 9.758966e-01 2.903313e+00 8.159884e+00 0.000000e+00 -1.000000e+00 1.361849e-01 0.000000e+00 5.069273e+00
3.549216e+00 -1.000000e+00 0.000000e+00 -1.000000e+00 -1.000000e+00 4.000000e+02 4.683056e-01 -1.000000e+00 -1.000000e+00 1.042975e+01 0.000000e+00 -1.000000e+00 0.000000e+00 1.506796e-02 1.800000e+03 5.066091e+00 0.000000e+00 -9.990070e+05 3.000000e+00 -1.000000e+00 9.418092e-01 -1.0 0.000000e+00 0.000000e+00 -1.000000e+00 8.294492e-01 -1.000000e+00 -9.990070e+05 4.962710e-01 4.962710e-01 9.755171e-01 2.617222e+00 7.349789e+00 0.000000e+00 -1.000000e+00 1.306519e-01 0.000000e+00 4.567042e+00
3.498063e+00 -1.000000e+00 0.000000e+00 -1.000000e+00 -1.000000e+00 6.000000e+02 4.672873e-01 -1.000000e+00 -1.000000e+00 1.028751e+01 0.000000e+00 -1.000000e+00 0.000000e+00 1.488319e-02 1.800000e+03 4.994369e+00 0.000000e+00 -9.990070e+05 3.000000e+00 -1.000000e+00 9.394130e-01 -1.0 0.000000e+00 0.000000e+00 -1.000000e+00 8.290555e-01 -1.000000e+00 -9.990070e+05 4.924915e-01 4.924915e-01 9.754596e-01 2.580554e+00 7.247462e+00 0.000000e+00 -1.000000e+00 1.298402e-01 0.000000e+00 4.503627e+00
4.040077e+00 -1.000000e+00 0.000000e+00 -1.000000e+00 -1.000000e+00 8.000000e+02 4.764694e-01 -1.000000e+00 -1.000000e+00 1.189195e+01 0.000000e+00 -1.000000e+00 0.000000e+00 1.666613e-02 1.800000e+03 5.765906e+00 0.000000e+00 -9.990070e+05 3.000000e+00 -1.000000e+00 9.601781e-01 -1.0 0.000000e+00 0.000000e+00 -1.000000e+00 8.325784e-01 -1.000000e+00 -9.990070e+05 5.293684e-01 5.293684e-01 9.759738e-01 2.976415e+00 8.368661e+00 0.000000e+00 -1.000000e+00 1.373499e-01 0.000000e+00 5.195444e+00
4.854915e+00 -1.000000e+00 0.000000e+00 -1.000000e+00 -1.000000e+00 1.500000e+02 4.849290e-01 -1.000000e+00 -1.000000e+00 1.424523e+01 0.000000e+00 -1.000000e+00 0.000000e+00 1.857050e-02 1.850000e+03 6.917498e+00 0.000000e+00 -9.990070e+05 3.000000e+00 -1.000000e+00 9.773837e-01 -1.0 0.000000e+00 0.000000e+00 -1.000000e+00 8.357714e-01 -1.000000e+00 -9.990070e+05 5.723682e-01 5.723682e-01 9.764392e-01 3.572205e+00 1.001800e+01 0.000000e+00 -1.000000e+00 1.446589e-01 0.000000e+00 6.227078e+00
4.650865e+00 -1.000000e+00 0.000000e+00 -1.000000e+00 -1.000000e+00 3.500000e+02 4.832250e-01 -1.000000e+00 -1.000000e+00 1.364732e+01 0.000000e+00 -1.000000e+00 0.000000e+00 1.816437e-02 1.850000e+03 6.627243e+00 0.000000e+00 -9.990070e+05 3.000000e+00 -1.000000e+00 9.741064e-01 -1.0 0.000000e+00 0.000000e+00 -1.000000e+00 8.351322e-01 -1.000000e+00 -9.990070e+05 5.627728e-01 5.627728e-01 9.763461e-01 3.422337e+00 9.598787e+00 0.000000e+00 -1.000000e+00 1.431558e-01 0.000000e+00 5.966359e+00
4.481265e+00 -1.000000e+00 0.000000e+00 -1.000000e+00 -1.000000e+00 5.500000e+02 4.816449e-01 -1.000000e+00 -1.000000e+00 1.315133e+01 0.000000e+00 -1.000000e+00 0.000000e+00 1.779831e-02 1.850000e+03 6.388873e+00 0.000000e+00 -9.990070e+05 3.000000e+00 -1.000000e+00 9.709764e-01 -1.0 0.000000e+00 0.000000e+00 -1.000000e+00 8.345377e-01 -1.000000e+00 -9.990070e+05 5.543516e-01 5.543516e-01 9.762594e-01 3.299942e+00 9.257762e+00 0.000000e+00 -1.000000e+00 1.417760e-01 0.000000e+00 5.754162e+00
4.540436e+00 -1.000000e+00 0.000000e+00 -1.000000e+00 -1.000000e+00 7.500000e+02 4.821873e-01 -1.000000e+00 -1.000000e+00 1.334281e+01 0.000000e+00 -1.000000e+00 0.000000e+00 1.792284e-02 1.850000e+03 6.471528e+00 0.000000e+00 -9.990070e+05 3.000000e+00 -1.000000e+00 9.720604e-01 -1.0 0.000000e+00 0.000000e+00 -1.000000e+00 8.347419e-01 -1.000000e+00 -9.990070e+05 5.571947e-01 5.571947e-01 9.762892e-01 3.340743e+00 9.378465e+00 0.000000e+00 -1.000000e+00 1.422482e-01 0.000000e+00 5.825874e+00
6.581614e+00 -1.000000e+00 0.000000e+00 -1.000000e+00 -1.000000e+00 1.000000e+02 4.935380e-01 -1.000000e+00 -1.000000e+00 1.938057e+01 0.000000e+00 -1.000000e+00 0.000000e+00 2.081893e-02 1.900000e+03 9.401363e+00 0.000000e+00 -9.990070e+05 3.000000e+00 -1.000000e+00 9.920495e-01 -1.0 0.000000e+00 0.000000e+00 -1.000000e+00 8.389724e-01 -1.000000e+00 -9.990070e+05 6.333645e-01 6.333645e-01 9.769050e-01 4.858939e+00 1.364826e+01 0.000000e+00 -1.000000e+00 1.524974e-01 0.000000e+00 8.481966e+00
5.764965e+00 -1.000000e+00 0.000000e+00 -1.000000e+00 -1.000000e+00 3.000000e+02 4.904202e-01 -1.000000e+00 -1.000000e+00 1.691133e+01 0.000000e+00 -1.000000e+00 0.000000e+00 1.996474e-02 1.900000e+03 8.213599e+00 0.000000e+00 -9.990070e+05 3.000000e+00 -1.000000e+00 9.871504e-01 -1.0 0.000000e+00 0.000000e+00 -1.000000e+00 8.378186e-01 -1.000000e+00 -9.990070e+05 6.081155e-01 6.081155e-01 9.767372e-01 4.242238e+00 1.189389e+01 0.000000e+00 -1.000000e+00 1.496110e-01 0.000000e+00 7.394267e+00
5.420227e+00 -1.000000e+00 0.000000e+00 -1.000000e+00 -1.000000e+00 5.000000e+02 4.886648e-01 -1.000000e+00 -1.000000e+00 1.590047e+01 0.000000e+00 -1.000000e+00 0.000000e+00 1.950430e-02 1.900000e+03 7.720372e+00 0.000000e+00 -9.990070e+05 3.000000e+00 -1.000000e+00 9.841721e-01 -1.0 0.000000e+00 0.000000e+00 -1.000000e+00 8.371663e-01 -1.000000e+00 -9.990070e+05 5.957233e-01 5.957233e-01 9.766423e-01 3.986729e+00 1.118308e+01 0.000000e+00 -1.000000e+00 1.480099e-01 0.000000e+00 6.948209e+00
5.501853e+00 -1.000000e+00 0.000000e+00 -1.000000e+00 -1.000000e+00 7.000000e+02 4.891069e-01 -1.000000e+00 -1.000000e+00 1.614949e+01 0.000000e+00 -1.000000e+00 0.000000e+00 1.961891e-02 1.900000e+03 7.838033e+00 0.000000e+00 -9.990070e+05 3.000000e+00 -1.000000e+00 9.849357e-01 -1.0 0.000000e+00 0.000000e+00 -1.000000e+00 8.373307e-01 -1.000000e+00 -9.990070e+05 5.987443e-01 5.987443e-01 9.766662e-01 4.046954e+00 1.135392e+01 0.000000e+00 -1.000000e+00 1.484114e-01 0.000000e+00 7.054408e+00
6.434681e+00 -1.000000e+00 0.000000e+00 -1.000000e+00 -1.000000e+00 9.000000e+02 4.930196e-01 -1.000000e+00 -1.000000e+00 1.897227e+01 0.000000e+00 -1.000000e+00 0.000000e+00 2.067358e-02 1.900000e+03 9.186540e+00 0.000000e+00 -9.990070e+05 3.000000e+00 -1.000000e+00 9.912733e-01 -1.0 0.000000e+00 0.000000e+00 -1.000000e+00 8.387810e-01 -1.000000e+00 -9.990070e+05 6.288213e-01 6.288213e-01 9.768772e-01 4.740694e+00 1.334133e+01 0.000000e+00 -1.000000e+00 1.520137e-01 0.000000e+00 8.278457e+00
7.699476e+00 -1.000000e+00 0.000000e+00 -1.000000e+00 -1.000000e+00 2.500000e+02 4.961306e-01 -1.000000e+00 -1.000000e+00 2.262585e+01 0.000000e+00 -1.000000e+00 0.000000e+00 2.156658e-02 1.950000e+03 1.099077e+01 0.000000e+00 -9.990070e+05 3.000000e+00 -1.000000e+00 9.956709e-01 -1.0 0.000000e+00 0.000000e+00 -1.000000e+00 8.399272e-01 -1.000000e+00 -9.990070e+05 6.592528e-01 6.592528e-01 9.770439e-01 5.679411e+00 1.594485e+01 0.000000e+00 -1.000000e+00 1.549392e-01 0.000000e+00 9.910152e+00
6.753526e+00 -1.000000e+00 0.000000e+00 -1.000000e+00 -1.000000e+00 4.500000e+02 4.940255e-01 -1.000000e+00 -1.000000e+00 1.987263e+01 0.000000e+00 -1.000000e+00 0.000000e+00 2.095685e-02 1.950000e+03 9.645824e+00 0.000000e+00 -9.990070e+05 3.000000e+00 -1.000000e+00 9.927647e-01 -1.0 0.000000e+00 0.000000e+00 -1.000000e+00 8.391522e-01 -1.000000e+00 -9.990070e+05 6.378059e-01 6.378059e-01 9.769312e-01 4.985192e+00 1.400036e+01 0.000000e+00 -1.000000e+00 1.529536e-01 0.000000e+00 8.701518e+00
8.494940e+00 -1.000000e+00 0.000000e+00 -1.000000e+00 -1.000000e+00 5.000000e+01 4.973568e-01 -1.000000e+00 -1.000000e+00 2.497407e+01 0.000000e+00 -1.000000e+00 0.000000e+00 2.193263e-02 1.950000e+03 1.212699e+01 0.000000e+00 -9.990070e+05 3.000000e+00 -1.000000e+00 9.972086e-01 -1.0 0.000000e+00 0.000000e+00 -1.000000e+00 8.403774e-01 -1.000000e+00 -9.990070e+05 6.741022e-01 6.741022e-01 9.771093e-01 6.266053e+00 1.759563e+01 0.000000e+00 -1.000000e+00 1.561075e-01 0.000000e+00 1.093467e+01
6.777702e+00 -1.000000e+00 0.000000e+00 -1.000000e+00 -1.000000e+00 6.500000e+02 4.940800e-01 -1.000000e+00 -1.000000e+00 1.995033e+01 0.000000e+00 -1.000000e+00 0.000000e+00 2.097235e-02 1.950000e+03 9.680222e+00 0.000000e+00 -9.990070e+05 3.000000e+00 -1.000000e+00 9.928437e-01 -1.0 0.000000e+00 0.000000e+00 -1.000000e+00 8.391723e-01 -1.000000e+00 -9.990070e+05 6.383126e-01 6.383126e-01 9.769341e-01 5.001415e+00 1.405206e+01 0.000000e+00 -1.000000e+00 1.530047e-01 0.000000e+00 8.730948e+00
7.377037e+00 -1.000000e+00 0.000000e+00 -1.000000e+00 -1.000000e+00 8.500000e+02 4.954942e-01 -1.000000e+00 -1.000000e+00 2.170729e+01 0.000000e+00 -1.000000e+00 0.000000e+00 2.137980e-02 1.950000e+03 1.053264e+01 0.000000e+00 -9.990070e+05 3.000000e+00 -1.000000e+00 9.948255e-01 -1.0 0.000000e+00 0.000000e+00 -1.000000e+00 8.396932e-01 -1.000000e+00 -9.990070e+05 6.523200e-01 6.523200e-01 9.770098e-01 5.440023e+00 1.528721e+01 0.000000e+00 -1.000000e+00 1.543363e-01 0.000000e+00 9.495660e+00
1.096982e+01 -1.000000e+00 0.000000e+00 -1.000000e+00 -1.000000e+00 0.000000e+00 4.994902e-01 -1.000000e+00 -1.000000e+00 3.229270e+01 0.000000e+00 -1.000000e+00 0.000000e+00 2.258938e-02 2.000000e+03 1.567009e+01 0.000000e+00 -9.990070e+05 3.000000e+00 -1.000000e+00 9.995327e-01 -1.0 0.000000e+00 0.000000e+00 -1.000000e+00 8.411585e-01 -1.000000e+00 -9.990070e+05 7.080116e-01 7.080116e-01 9.772228e-01 8.098362e+00 2.274720e+01 0.000000e+00 -1.000000e+00 1.581608e-01 0.000000e+00 1.413808e+01
9.981732e+00 -1.000000e+00 0.000000e+00 -1.000000e+00 -1.000000e+00 2.000000e+02 4.988534e-01 -1.000000e+00 -1.000000e+00 2.936597e+01 0.000000e+00 -1.000000e+00 0.000000e+00 2.239064e-02 2.000000e+03 1.425524e+01 0.000000e+00 -9.990070e+05 3.000000e+00 -1.000000e+00 9.988943e-01 -1.0 0.000000e+00 0.000000e+00 -1.000000e+00 8.409256e-01 -1.000000e+00 -9.990070e+05 6.962754e-01 6.962754e-01 9.771890e-01 7.367068e+00 2.068885e+01 0.000000e+00 -1.000000e+00 1.575451e-01 0.000000e+00 1.285941e+01
8.955515e+00 -1.000000e+00 0.000000e+00 -1.000000e+00 -1.000000e+00 4.000000e+02 4.979104e-01 -1.000000e+00 -1.000000e+00 2.632355e+01 0.000000e+00 -1.000000e+00 0.000000e+00 2.210058e-02 2.000000e+03 1.278513e+01 0.000000e+00 -9.990070e+05 3.000000e+00 -1.000000e+00 9.978590e-01 -1.0 0.000000e+00 0.000000e+00 -1.000000e+00 8.405803e-01 -1.000000e+00 -9.990070e+05 6.816502e-01 6.816502e-01 9.771388e-01 6.606797e+00 1.854945e+01 0.000000e+00 -1.000000e+00 1.566378e-01 0.000000e+00 1.152973e+01
8.516050e+00 -1.000000e+00 0.000000e+00 -1.000000e+00 -1.000000e+00 6.000000e+02 4.973812e-01 -1.000000e+00 -1.000000e+00 2.503720e+01 0.000000e+00 -1.000000e+00 0.000000e+00 2.194000e-02 2.000000e+03 1.215786e+01 0.000000e+00 -9.990070e+05 3.000000e+00 -1.000000e+00 9.972379e-01 -1.0 0.000000e+00 0.000000e+00 -1.000000e+00 8.403864e-01 -1.000000e+00 -9.990070e+05 6.744200e-01 6.744200e-01 9.771106e-01 6.281350e+00 1.764128e+01 0.000000e+00 -1.000000e+00 1.561309e-01 0.000000e+00 1.096206e+01
8.560565e+00 -1.000000e+00 0.000000e+00 -1.000000e+00 -1.000000e+00 8.000000e+02 4.974349e-01 -1.000000e+00 -1.000000e+00 2.519589e+01 0.000000e+00 -1.000000e+00 0.000000e+00 2.195622e-02 2.000000e+03 1.222264e+01 0.000000e+00 -9.990070e+05 3.000000e+00 -1.000000e+00 9.973021e-01 -1.0 0.000000e+00 0.000000e+00 -1.000000e+00 8.404060e-01 -1.000000e+00 -9.990070e+05 6.751290e-01 6.751290e-01 9.771135e-01 6.312874e+00 1.774130e+01 0.000000e+00 -1.000000e+00 1.561822e-01 0.000000e+00 1.101945e+01
2.607429e-01 -1.000000e+00 0.000000e+00 -1.000000e+00 -1.000000e+00 3.870000e+02 1.015466e-02 -1.000000e+00 -1.000000e+00 4.516795e+00 0.000000e+00 -1.000000e+00 0.000000e+00 4.865216e-06 4.120000e+02 4.692233e-01 0.000000e+00 -9.990070e+05 3.000000e+00 -1.000000e+00 1.486195e-02 -1.0 0.000000e+00 0.000000e+00 -1.000000e+00 1.162782e-01 -1.000000e+00 -9.990070e+05 6.556308e-03 6.556308e-03 5.584586e-01 1.701777e-01 1.269911e+00 0.000000e+00 -1.000000e+00 3.562768e-04 0.000000e+00 4.231516e-01
0.000000e+00 -1.000000e+00 0.000000e+00 -1.000000e+00 -1.000000e+00 3.750000e+02 1.383472e-01 -1.000000e+00 -1.000000e+00 1.000000e+02 0.000000e+00 -1.000000e+00 0.000000e+00 5.049320e-04 4.250000e+02 1.979137e+00 0.000000e+00 -9.990070e+05 3.000000e+00 -1.000000e+00 2.399501e-01 -1.0 0.000000e+00 0.000000e+00 -1.000000e+00 5.751598e-01 -1.000000e+00 -9.990070e+05 1.078086e-01 1.078086e-01 9.323485e-01 0.000000e+00 6.443873e+00 0.000000e+00 -1.000000e+00 1.320187e-02 0.000000e+00 1.417387e+00
6.461220e-01 -1.000000e+00 0.000000e+00 -1.000000e+00 -1.000000e+00 4.500000e+02 4.351542e-02 -1.000000e+00 -1.000000e+00 2.352048e+00 0.000000e+00 -1.000000e+00 0.000000e+00 5.852981e-05 5.500000e+02 9.634273e-01 0.000000e+00 -9.990070e+05 3.000000e+00 -1.000000e+00 5.970119e-02 -1.0 0.000000e+00 0.000000e+00 -1.000000e+00 3.060702e-01 -1.000000e+00 -9.990070e+05 2.435608e-02 2.435608e-02 8.307439e-01 4.622855e-01 1.493559e+00 0.000000e+00 -1.000000e+00 2.538937e-03 0.000000e+00 8.741819e-01
3.946827e-01 -1.000000e+00 0.000000e+00 -1.000000e+00 -1.000000e+00 0.000000e+00 5.498170e-03 -1.000000e+00 -1.000000e+00 1.604700e+00 0.000000e+00 -1.000000e+00 0.000000e+00 1.785513e-06 6.000000e+02 6.013144e-01 0.000000e+00 -9.990070e+05 3.000000e+00 -1.000000e+00 6.723439e-03 -1.0 0.000000e+00 0.000000e+00 -1.000000e+00 7.568192e-02 -1.000000e+00 -9.990070e+05 2.794086e-03 2.794086e-03 4.355247e-01 2.815395e-01 9.719817e-01 0.000000e+00 -1.000000e+00 1.591762e-04 0.000000e+00 5.435375e-01
4.276570e-01 -1.000000e+00 0.000000e+00 -1.000000e+00 -1.000000e+00 5.870000e+02 4.640777e-03 -1.000000e+00 -1.000000e+00 1.439705e+00 0.000000e+00 -1.000000e+00 0.000000e+00 1.358728e-06 6.120000e+02 6.242493e-01 0.000000e+00 -9.990070e+05 3.000000e+00 -1.000000e+00 5.297292e-03 -1.0 0.000000e+00 0.000000e+00 -1.000000e+00 6.710477e-02 -1.000000e+00 -9.990070e+05 2.151332e-03 2.151332e-03 4.046995e-01 3.097353e-01 9.504612e-01 0.000000e+00 -1.000000e+00 1.276416e-04 0.000000e+00 5.651026e-01
6.121314e-01 -1.000000e+00 4.000000e+03 -1.000000e+00 -1.000000e+00 5.750000e+02 3.465613e-02 -1.000000e+00 -1.000000e+00 2.187897e+00 0.000000e+00 -1.000000e+00 1.000000e+00 3.916967e-05 6.250000e+02 9.091958e-01 1.000000e+00 -9.990070e+05 3.000000e+00 -1.000000e+00 4.573466e-02 -1.0 0.000000e+00 0.000000e+00 -1.000000e+00 2.648919e-01 -1.000000e+00 -9.990070e+05 1.846082e-02 1.846082e-02 7.981058e-01 4.395258e-01 1.407268e+00 0.000000e+00 -1.000000e+00 1.856207e-03 0.000000e+00 8.203997e-01
6.711349e-01 -1.000000e+00 0.000000e+00 -1.000000e+00 -1.000000e+00 5.500000e+02 5.703022e-02 -1.000000e+00 -1.000000e+00 3.002167e+00 0.000000e+00 -1.000000e+00 0.000000e+00 9.504612e-05 6.500000e+02 1.040463e+00 0.000000e+00 -9.990070e+05 3.000000e+00 -1.000000e+00 8.041198e-02 -1.0 0.000000e+00 0.000000e+00 -1.000000e+00 3.612920e-01 -1.000000e+00 -9.990070e+05 3.287074e-02 3.287074e-02 8.633602e-01 4.730431e-01 1.741091e+00 0.000000e+00 -1.000000e+00 3.697184e-03 0.000000e+00 9.325235e-01
9.993877e-01 -1.000000e+00 4.000000e+03 -1.000000e+00 -1.000000e+00 5.000000e+02 1.565427e-01 -1.000000e+00 -1.000000e+00 3.398208e+00 0.000000e+00 -1.000000e+00 1.000000e+00 6.474101e-04 7.000000e+02 1.462202e+00 1.000000e+00 -9.990070e+05 3.000000e+00 -1.000000e+00 2.354715e-01 -1.0 0.000000e+00 0.000000e+00 -1.000000e+00 6.053564e-01 -1.000000e+00 -9.990070e+05 9.302865e-02 9.302865e-02 9.385668e-01 7.238665e-01 2.234570e+00 0.000000e+00 -1.000000e+00 1.590042e-02 0.000000e+00 1.316363e+00
5.955133e-01 -1.000000e+00 4.000000e+03 -1.000000e+00 -1.000000e+00 6.870000e+02 2.708254e-02 -1.000000e+00 -1.000000e+00 1.916995e+00 0.000000e+00 -1.000000e+00 1.000000e+00 2.550162e-05 7.120000e+02 8.663105e-01 1.000000e+00 -9.990070e+05 3.000000e+00 -1.000000e+00 3.395862e-02 -1.0 0.000000e+00 0.000000e+00 -1.000000e+00 2.256663e-01 -1.000000e+00 -9.990070e+05 1.349460e-02 1.349460e-02 7.573321e-01 4.346713e-01 1.294289e+00 0.000000e+00 -1.000000e+00 1.325901e-03 0.000000e+00 7.809982e-01
1.082308e+00 -1.000000e+00 0.000000e+00 -1.000000e+00 -1.000000e+00 6.750000e+02 1.885028e-01 -1.000000e+00 -1.000000e+00 3.418835e+00 0.000000e+00 -1.000000e+00 0.000000e+00 9.531393e-04 7.250000e+02 1.567022e+00 0.000000e+00 -9.990070e+05 3.000000e+00 -1.000000e+00 2.900002e-01 -1.0 0.000000e+00 0.000000e+00 -1.000000e+00 6.491149e-01 -1.000000e+00 -9.990070e+05 1.139655e-01 1.139655e-01 9.468309e-01 7.887938e-01 2.328005e+00 0.000000e+00 -1.000000e+00 2.118874e-02 0.000000e+00 1.413654e+00
7.697866e-01 -1.000000e+00 4.000000e+03 -1.000000e+00 -1.000000e+00 4.500000e+02 7.473530e-02 -1.000000e+00 -1.000000e+00 2.482533e+00 0.000000e+00 -1.000000e+00 1.000000e+00 1.558064e-04 7.500000e+02 1.112922e+00 1.000000e+00 -9.990070e+05 3.000000e+00 -1.000000e+00 1.020627e-01 -1.0 0.000000e+00 0.000000e+00 -1.000000e+00 4.227557e-01 -1.000000e+00 -9.990070e+05 4.015624e-02 4.015624e-02 8.898797e-01 5.628146e-01 1.664111e+00 0.000000e+00 -1.000000e+00 5.408540e-03 0.000000e+00 1.001686e+00
1.887752e+00 -1.000000e+00 0.000000e+00 -1.000000e+00 -1.000000e+00 6.500000e+02 3.708604e-01 -1.000000e+00 -1.000000e+00 6.726287e+00 0.000000e+00 -1.000000e+00 0.000000e+00 5.447809e-03 7.500000e+02 2.805208e+00 0.000000e+00 -9.990070e+05 3.000000e+00 -1.000000e+00 6.867386e-01 -1.0 0.000000e+00 0.000000e+00 -1.000000e+00 7.871859e-01 -1.000000e+00 -9.990070e+05 2.897529e-01 2.897529e-01 9.692670e-01 1.358916e+00 4.335629e+00 0.000000e+00 -1.000000e+00 7.235872e-02 0.000000e+00 2.516950e+00
2.353494e-01 -1.000000e+00 4.000000e+03 -1.000000e+00 -1.000000e+00 0.000000e+00 5.761537e-06 -1.000000e+00 -1.000000e+00 7.345746e-01 0.000000e+00 -1.000000e+00 1.000000e+00 6.362804e-11 8.000000e+02 3.382134e-01 1.000000e+00 -9.990070e+05 3.000000e+00 -1.000000e+00 4.520736e-06 -1.0 0.000000e+00 0.000000e+00 -1.000000e+00 4.078423e-04 -1.000000e+00 -9.990070e+05 1.839878e-06 1.839878e-06 1.124613e-02 1.707827e-01 5.016362e-01 0.000000e+00 -1.000000e+00 3.113056e-08 0.000000e+00 3.053871e-01
1.579445e+00 -1.000000e+00 0.000000e+00 -1.000000e+00 -1.000000e+00 6.000000e+02 3.257057e-01 -1.000000e+00 -1.000000e+00 4.935677e+00 0.000000e+00 -1.000000e+00 0.000000e+00 3.606093e-03 8.000000e+02 2.271147e+00 0.000000e+00 -9.990070e+05 3.000000e+00 -1.000000e+00 5.724103e-01 -1.0 0.000000e+00 0.000000e+00 -1.000000e+00 7.630253e-01 -1.000000e+00 -9.990070e+05 2.318321e-01 2.318321e-01 9.656059e-01 1.147727e+00 3.367063e+00 0.000000e+00 -1.000000e+00 5.496167e-02 0.000000e+00 2.044945e+00
1.008101e+00 -1.000000e+00 0.000000e+00 -1.000000e+00 -1.000000e+00 7.870000e+02 1.604476e-01 -1.000000e+00 -1.000000e+00 3.111614e+00 0.000000e+00 -1.000000e+00 0.000000e+00 6.808096e-04 8.120000e+02 1.447405e+00 0.000000e+00 -9.990070e+05 3.000000e+00 -1.000000e+00 2.390086e-01 -1.0 0.000000e+00 0.000000e+00 -1.000000e+00 6.112853e-01 -1.000000e+00 -9.990070e+05 9.330878e-02 9.330878e-02 9.397341e-01 7.344988e-01 2.134685e+00 0.000000e+00 -1.000000e+00 1.650813e-02 0.000000e+00 1.301129e+00
1.408955e+00 -1.000000e+00 0.000000e+00 -1.000000e+00 -1.000000e+00 7.750000e+02 2.876158e-01 -1.000000e+00 -1.000000e+00 4.461391e+00 0.000000e+00 -1.000000e+00 0.000000e+00 2.554693e-03 8.250000e+02 2.034685e+00 0.000000e+00 -9.990070e+05 3.000000e+00 -1.000000e+00 4.853882e-01 -1.0 0.000000e+00 0.000000e+00 -1.000000e+00 7.390340e-01 -1.000000e+00 -9.990070e+05 1.932818e-01 1.932818e-01 9.618858e-01 1.021999e+00 3.032828e+00 0.000000e+00 -1.000000e+00 4.325716e-02 0.000000e+00 1.834374e+00
1.287303e+00 -1.000000e+00 0.000000e+00 -1.000000e+00 -1.000000e+00 5.500000e+02 2.517790e-01 -1.000000e+00 -1.000000e+00 4.683292e+00 0.000000e+00 -1.000000e+00 0.000000e+00 1.829625e-03 8.500000e+02 1.926767e+00 0.000000e+00 -9.990070e+05 3.000000e+00 -1.000000e+00 4.114515e-01 -1.0 0.000000e+00 0.000000e+00 -1.000000e+00 7.122010e-01 -1.000000e+00 -9.990070e+05 1.630875e-01 1.630875e-01 9.576012e-01 9.246050e-01 3.004915e+00 0.000000e+00 -1.000000e+00 3.410059e-02 0.000000e+00 1.725833e+00
2.460431e+00 -1.000000e+00 0.000000e+00 -1.000000e+00 -1.000000e+00 7.500000e+02 4.276485e-01 -1.000000e+00 -1.000000e+00 7.575427e+00 0.000000e+00 -1.000000e+00 0.000000e+00 9.528154e-03 8.500000e+02 3.538535e+00 0.000000e+00 -9.990070e+05 3.000000e+00 -1.000000e+00 8.371969e-01 -1.0 0.000000e+00 0.000000e+00 -1.000000e+00 8.130562e-01 -1.000000e+00 -9.990070e+05 3.841807e-01 3.841807e-01 9.731122e-01 1.789526e+00 5.218831e+00 0.000000e+00 -1.000000e+00 1.019766e-01 0.000000e+00 3.189038e+00
9.653009e-01 -1.000000e+00 0.000000e+00 -1.000000e+00 -1.000000e+00 5.000000e+02 1.445218e-01 -1.000000e+00 -1.000000e+00 2.939521e+00 0.000000e+00 -1.000000e+00 0.000000e+00 5.509234e-04 9.000000e+02 1.383207e+00 0.000000e+00 -9.990070e+05 3.000000e+00 -1.000000e+00 2.114598e-01 -1.0 0.000000e+00 0.000000e+00 -1.000000e+00 5.859102e-01 -1.000000e+00 -9.990070e+05 8.236591e-02 8.236591e-02 9.346177e-01 7.042789e-01 2.032436e+00 0.000000e+00 -1.000000e+00 1.409340e-02 0.000000e+00 1.243334e+00
3.089150e+00 -1.000000e+00 0.000000e+00 -1.000000e+00 -1.000000e+00 7.000000e+02 4.560738e-01 -1.000000e+00 -1.000000e+00 9.326365e+00 0.000000e+00 -1.000000e+00 0.000000e+00 1.303428e-02 9.000000e+02 4.424243e+00 0.000000e+00 -9.990070e+05 3.000000e+00 -1.000000e+00 9.121806e-01 -1.0 0.000000e+00 0.000000e+00 -1.000000e+00 8.246663e-01 -1.000000e+00 -9.990070e+05 4.562013e-01 4.562013e-01 9.748176e-01 2.249809e+00 6.477159e+00 0.000000e+00 -1.000000e+00 1.212374e-01 0.000000e+00 3.990306e+00
1.920316e+00 -1.000000e+00 0.000000e+00 -1.000000e+00 -1.000000e+00 8.870000e+02 3.811143e-01 -1.000000e+00 -1.000000e+00 5.702910e+00 0.000000e+00 -1.000000e+00 0.000000e+00 5.999169e-03 9.120000e+02 2.735103e+00 0.000000e+00 -9.990070e+05 3.000000e+00 -1.000000e+00 7.109967e-01 -1.0 0.000000e+00 0.000000e+00 -1.000000e+00 7.921755e-01 -1.000000e+00 -9.990070e+05 3.008330e-01 3.008330e-01 9.700141e-01 1.403974e+00 3.994938e+00 0.000000e+00 -1.000000e+00 7.697953e-02 0.000000e+00 2.466479e+00
2.390990e+00 -1.000000e+00 0.000000e+00 -1.000000e+00 -1.000000e+00 8.750000e+02 4.240251e-01 -1.000000e+00 -1.000000e+00 7.164843e+00 0.000000e+00 -1.000000e+00 0.000000e+00 9.173348e-03 9.250000e+02 3.404690e+00 0.000000e+00 -9.990070e+05 3.000000e+00 -1.000000e+00 8.270721e-01 -1.0 0.000000e+00 0.000000e+00 -1.000000e+00 8.115206e-01 -1.000000e+00 -9.990070e+05 3.758757e-01 3.758757e-01 9.728858e-01 1.750167e+00 4.974164e+00 0.000000e+00 -1.000000e+00 9.976069e-02 0.000000e+00 3.067997e+00
7.977789e-01 -1.000000e+00 4.000000e+03 -1.000000e+00 -1.000000e+00 4.500000e+02 8.434526e-02 -1.000000e+00 -1.000000e+00 2.482062e+00 0.000000e+00 -1.000000e+00 1.000000e+00 1.950728e-04 9.500000e+02 1.151637e+00 1.000000e+00 -9.990070e+05 3.000000e+00 -1.000000e+00 1.157250e-01 -1.0 0.000000e+00 0.000000e+00 -1.000000e+00 4.518819e-01 -1.000000e+00 -9.990070e+05 4.524402e-02 4.524402e-02 9.000052e-01 5.808010e-01 1.703539e+00 0.000000e+00 -1.000000e+00 6.423715e-03 0.000000e+00 1.037613e+00
2.718445e+00 -1.000000e+00 0.000000e+00 -1.000000e+00 -1.000000e+00 6.500000e+02 4.423141e-01 -1.000000e+00 -1.000000e+00 8.192718e+00 0.000000e+00 -1.000000e+00 0.000000e+00 1.115833e-02 9.500000e+02 3.882569e+00 0.000000e+00 -9.990070e+05 3.000000e+00 -1.000000e+00 8.760774e-01 -1.0 0.000000e+00 0.000000e+00 -1.000000e+00 8.191385e-01 -1.000000e+00 -9.990070e+05 4.169528e-01 4.169528e-01 9.740070e-01 1.981071e+00 5.678964e+00 0.000000e+00 -1.000000e+00 1.114813e-01 0.000000e+00 3.501642e+00
4.620265e+00 -1.000000e+00 0.000000e+00 -1.000000e+00 -1.000000e+00 8.500000e+02 4.819626e-01 -1.000000e+00 -1.000000e+00 1.509880e+01 0.000000e+00 -1.000000e+00 0.000000e+00 1.787111e-02 9.500000e+02 6.731486e+00 0.000000e+00 -9.990070e+05 3.000000e+00 -1.000000e+00 9.716570e-01 -1.0 0.000000e+00 0.000000e+00 -1.000000e+00 8.346573e-01 -1.000000e+00 -9.990070e+05 5.564768e-01 5.564768e-01 9.762769e-01 3.370917e+00 1.011368e+01 0.000000e+00 -1.000000e+00 1.420524e-01 0.000000e+00 6.042327e+00
