9.588146e-02 -1.000000e+00 0.000000e+00 -1.000000e+00 -1.000000e+00 0.000000e+00 1.190476e-10 -1.000000e+00 -1.000000e+00 3.578332e-01 0.000000e+00 -1.000000e+00 0.000000e+00 3.158695e-17 1.000000e+03 1.457070e-01 0.000000e+00 -9.990070e+05 3.000000e+00 -1.000000e+00 7.754813e-09 -1.0 0.000000e+00 0.000000e+00 -1.000000e+00 5.311871e-08 -1.000000e+00 -9.990070e+05 5.664489e-09 5.664489e-09 8.973259e-06 6.777349e-02 2.294097e-01 0.000000e+00 -1.000000e+00 1.002730e-13 0.000000e+00 2.120900e-01
1.148635e+00 -1.000000e+00 4.000000e+03 -1.000000e+00 -1.000000e+00 6.000000e+02 2.009054e-01 -1.000000e+00 -1.000000e+00 4.391508e+00 0.000000e+00 -1.000000e+00 1.000000e+00 1.093466e-03 1.000000e+03 1.751941e+00 1.000000e+00 -9.990070e+05 3.000000e+00 -1.000000e+00 8.439105e-01 -1.0 0.000000e+00 0.000000e+00 -1.000000e+00 6.635655e-01 -1.000000e+00 -9.990070e+05 7.442271e-01 7.442271e-01 9.494013e-01 8.099706e-01 2.783206e+00 0.000000e+00 -1.000000e+00 2.344500e-02 0.000000e+00 2.560444e+00
9.891362e+00 -1.000000e+00 0.000000e+00 -1.000000e+00 -1.000000e+00 8.000000e+02 5.000000e-01 -1.000000e+00 -1.000000e+00 7.271754e+01 0.000000e+00 -1.000000e+00 0.000000e+00 2.275013e-02 1.000000e+03 1.709926e+01 0.000000e+00 -9.990070e+05 3.000000e+00 -1.000000e+00 1.158119e+00 -1.0 0.000000e+00 0.000000e+00 -1.000000e+00 8.413447e-01 -1.000000e+00 -9.990070e+05 2.387501e-01 2.387501e-01 9.772499e-01 6.566520e+00 3.410907e+01 0.000000e+00 -1.000000e+00 1.586553e-01 0.000000e+00 2.762251e+01
7.549200e-01 -1.000000e+00 4.000000e+03 -1.000000e+00 -1.000000e+00 5.500000e+02 7.657798e-02 -1.000000e+00 -1.000000e+00 2.878211e+00 0.000000e+00 -1.000000e+00 1.000000e+00 1.629878e-04 1.050000e+03 1.147699e+00 1.000000e+00 -9.990070e+05 3.000000e+00 -1.000000e+00 4.658208e-01 -1.0 0.000000e+00 0.000000e+00 -1.000000e+00 4.285522e-01 -1.000000e+00 -9.990070e+05 3.813591e-01 3.813591e-01 8.919995e-01 5.329892e-01 1.823292e+00 0.000000e+00 -1.000000e+00 5.598600e-03 0.000000e+00 1.680703e+00
2.223630e+00 -1.000000e+00 0.000000e+00 -1.000000e+00 -1.000000e+00 7.500000e+02 3.857373e-01 -1.000000e+00 -1.000000e+00 9.858729e+00 0.000000e+00 -1.000000e+00 0.000000e+00 6.268860e-03 1.050000e+03 3.472340e+00 0.000000e+00 -9.990070e+05 3.000000e+00 -1.000000e+00 9.431986e-01 -1.0 0.000000e+00 0.000000e+00 -1.000000e+00 7.943741e-01 -1.000000e+00 -9.990070e+05 7.912638e-01 7.912638e-01 9.703424e-01 1.544082e+00 5.807198e+00 0.000000e+00 -1.000000e+00 7.915690e-02 0.000000e+00 5.119634e+00
1.202433e-01 -1.000000e+00 0.000000e+00 -1.000000e+00 -1.000000e+00 1.000000e+02 6.276543e-09 -1.000000e+00 -1.000000e+00 4.473247e-01 0.000000e+00 -1.000000e+00 0.000000e+00 5.754403e-15 1.100000e+03 1.829007e-01 0.000000e+00 -9.990070e+05 3.000000e+00 -1.000000e+00 3.297274e-07 -1.0 0.000000e+00 0.000000e+00 -1.000000e+00 1.515221e-06 -1.000000e+00 -9.990070e+05 2.444196e-07 2.444196e-07 1.394072e-04 8.495480e-02 2.876984e-01 0.000000e+00 -1.000000e+00 9.813089e-12 0.000000e+00 2.664052e-01
1.821950e-01 -1.000000e+00 4.000000e+03 -1.000000e+00 -1.000000e+00 3.000000e+02 3.874899e-06 -1.000000e+00 -1.000000e+00 6.787101e-01 0.000000e+00 -1.000000e+00 1.000000e+00 3.641355e-11 1.100000e+03 2.771805e-01 1.000000e+00 -9.990070e+05 3.000000e+00 -1.000000e+00 1.155393e-04 -1.0 0.000000e+00 0.000000e+00 -1.000000e+00 2.969091e-04 -1.000000e+00 -9.990070e+05 8.739594e-05 8.739594e-05 8.845148e-03 1.287135e-01 4.361170e-01 0.000000e+00 -1.000000e+00 1.932007e-08 0.000000e+00 4.028665e-01
5.088404e-01 -1.000000e+00 4.000000e+03 -1.000000e+00 -1.000000e+00 5.000000e+02 1.804101e-02 -1.000000e+00 -1.000000e+00 1.943606e+00 0.000000e+00 -1.000000e+00 1.000000e+00 1.272551e-05 1.100000e+03 7.745571e-01 1.000000e+00 -9.990070e+05 2.000000e+00 -1.000000e+00 1.563231e-01 -1.0 0.000000e+00 0.000000e+00 -1.000000e+00 1.722002e-01 -1.000000e+00 -9.990070e+05 1.244923e-01 1.244923e-01 6.795615e-01 3.590707e-01 1.231696e+00 0.000000e+00 -1.000000e+00 7.660677e-04 1.000000e+00 1.125798e+00
1.946293e+00 -1.000000e+00 0.000000e+00 -1.000000e+00 -1.000000e+00 7.000000e+02 3.617462e-01 -1.000000e+00 -1.000000e+00 7.497734e+00 0.000000e+00 -1.000000e+00 0.000000e+00 5.005979e-03 1.100000e+03 2.947530e+00 0.000000e+00 -9.990070e+05 3.000000e+00 -1.000000e+00 9.531824e-01 -1.0 0.000000e+00 0.000000e+00 -1.000000e+00 7.826113e-01 -1.000000e+00 -9.990070e+05 8.476115e-01 8.476115e-01 9.685795e-01 1.377297e+00 4.699097e+00 0.000000e+00 -1.000000e+00 6.847878e-02 0.000000e+00 4.291718e+00
6.788194e+00 -1.000000e+00 0.000000e+00 -1.000000e+00 -1.000000e+00 9.000000e+02 5.000000e-01 -1.000000e+00 -1.000000e+00 2.667049e+01 0.000000e+00 -1.000000e+00 0.000000e+00 2.275013e-02 1.100000e+03 1.031953e+01 0.000000e+00 -9.990070e+05 3.000000e+00 -1.000000e+00 1.080152e+00 -1.0 0.000000e+00 0.000000e+00 -1.000000e+00 8.413447e-01 -1.000000e+00 -9.990070e+05 2.873546e-01 2.873546e-01 9.772499e-01 4.792191e+00 1.663295e+01 0.000000e+00 -1.000000e+00 1.586553e-01 0.000000e+00 1.518834e+01
1.453231e-01 -1.000000e+00 0.000000e+00 -1.000000e+00 -1.000000e+00 2.500000e+02 2.107126e-07 -1.000000e+00 -1.000000e+00 5.450793e-01 0.000000e+00 -1.000000e+00 0.000000e+00 6.496723e-13 1.150000e+03 2.208485e-01 0.000000e+00 -9.990070e+05 3.000000e+00 -1.000000e+00 7.936598e-06 -1.0 0.000000e+00 0.000000e+00 -1.000000e+00 2.794099e-05 -1.000000e+00 -9.990070e+05 5.916429e-06 5.916429e-06 1.424551e-03 1.027227e-01 3.481875e-01 0.000000e+00 -1.000000e+00 6.030567e-10 0.000000e+00 3.209077e-01
3.522669e-01 -1.000000e+00 0.000000e+00 -1.000000e+00 -1.000000e+00 4.500000e+02 2.176794e-03 -1.000000e+00 -1.000000e+00 1.316262e+00 0.000000e+00 -1.000000e+00 0.000000e+00 4.084279e-07 1.150000e+03 5.349818e-01 0.000000e+00 -9.990070e+05 3.000000e+00 -1.000000e+00 2.858502e-02 -1.0 0.000000e+00 0.000000e+00 -1.000000e+00 3.892416e-02 -1.000000e+00 -9.990070e+05 2.237033e-02 2.237033e-02 2.867300e-01 2.490556e-01 8.427562e-01 0.000000e+00 -1.000000e+00 4.803511e-05 0.000000e+00 7.752763e-01
1.173174e-01 -1.000000e+00 0.000000e+00 -1.000000e+00 -1.000000e+00 5.000000e+01 2.267673e-09 -1.000000e+00 -1.000000e+00 4.310296e-01 0.000000e+00 -1.000000e+00 0.000000e+00 1.494829e-15 1.150000e+03 1.778004e-01 0.000000e+00 -9.990070e+05 3.000000e+00 -1.000000e+00 1.265647e-07 -1.0 0.000000e+00 0.000000e+00 -1.000000e+00 6.445369e-07 -1.000000e+00 -9.990070e+05 9.345273e-08 9.345273e-08 6.968139e-05 8.271306e-02 2.786359e-01 0.000000e+00 -1.000000e+00 3.007547e-12 0.000000e+00 2.583727e-01
1.140047e+00 -1.000000e+00 4.000000e+03 -1.000000e+00 -1.000000e+00 6.500000e+02 1.966185e-01 -1.000000e+00 -1.000000e+00 4.505407e+00 0.000000e+00 -1.000000e+00 1.000000e+00 1.043465e-03 1.150000e+03 1.732734e+00 1.000000e+00 -9.990070e+05 2.000000e+00 -1.000000e+00 8.308347e-01 -1.0 0.000000e+00 0.000000e+00 -1.000000e+00 6.587086e-01 -1.000000e+00 -9.990070e+05 7.276019e-01 7.276019e-01 9.485451e-01 8.050281e-01 2.792470e+00 0.000000e+00 -1.000000e+00 2.265145e-02 1.000000e+00 2.531494e+00
3.520459e+00 -1.000000e+00 0.000000e+00 -1.000000e+00 -1.000000e+00 8.500000e+02 4.543684e-01 -1.000000e+00 -1.000000e+00 1.312221e+01 0.000000e+00 -1.000000e+00 0.000000e+00 1.278026e-02 1.150000e+03 5.360429e+00 0.000000e+00 -9.990070e+05 3.000000e+00 -1.000000e+00 9.344471e-01 -1.0 0.000000e+00 0.000000e+00 -1.000000e+00 8.239900e-01 -1.000000e+00 -9.990070e+05 5.617957e-01 5.617957e-01 9.747185e-01 2.485606e+00 8.438258e+00 0.000000e+00 -1.000000e+00 1.199816e-01 0.000000e+00 7.822787e+00
1.313061e-01 -1.000000e+00 0.000000e+00 -1.000000e+00 -1.000000e+00 0.000000e+00 2.922117e-08 -1.000000e+00 -1.000000e+00 4.873715e-01 0.000000e+00 -1.000000e+00 0.000000e+00 4.486916e-14 1.200000e+03 1.994786e-01 0.000000e+00 -9.990070e+05 3.000000e+00 -1.000000e+00 1.306118e-06 -1.0 0.000000e+00 0.000000e+00 -1.000000e+00 5.466460e-06 -1.000000e+00 -9.990070e+05 9.685455e-07 9.685455e-07 3.910666e-04 9.276822e-02 3.134117e-01 0.000000e+00 -1.000000e+00 5.908269e-11 0.000000e+00 2.899133e-01
1.479065e-01 -1.000000e+00 4.000000e+03 -1.000000e+00 -1.000000e+00 2.000000e+02 1.829615e-07 -1.000000e+00 -1.000000e+00 5.475815e-01 0.000000e+00 -1.000000e+00 1.000000e+00 5.359223e-13 1.200000e+03 2.244953e-01 1.000000e+00 -9.990070e+05 2.000000e+00 -1.000000e+00 7.186405e-06 -1.0 0.000000e+00 0.000000e+00 -1.000000e+00 2.488226e-05 -1.000000e+00 -9.990070e+05 5.370591e-06 5.370591e-06 1.300520e-03 1.043631e-01 3.525237e-01 0.000000e+00 -1.000000e+00 5.104269e-10 1.000000e+00 3.263343e-01
3.095566e-01 -1.000000e+00 0.000000e+00 -1.000000e+00 -1.000000e+00 4.000000e+02 8.216880e-04 -1.000000e+00 -1.000000e+00 1.148363e+00 0.000000e+00 -1.000000e+00 0.000000e+00 9.022570e-08 1.200000e+03 4.705789e-01 0.000000e+00 -9.990070e+05 3.000000e+00 -1.000000e+00 1.288462e-02 -1.0 0.000000e+00 0.000000e+00 -1.000000e+00 1.900750e-02 -1.000000e+00 -9.990070e+05 1.004599e-02 1.004599e-02 1.784932e-01 2.187704e-01 7.394240e-01 0.000000e+00 -1.000000e+00 1.390324e-05 0.000000e+00 6.832199e-01
7.029676e-01 -1.000000e+00 0.000000e+00 -1.000000e+00 -1.000000e+00 6.000000e+02 6.166182e-02 -1.000000e+00 -1.000000e+00 2.624686e+00 0.000000e+00 -1.000000e+00 0.000000e+00 1.095130e-04 1.200000e+03 1.068857e+00 0.000000e+00 -9.990070e+05 3.000000e+00 -1.000000e+00 4.023384e-01 -1.0 0.000000e+00 0.000000e+00 -1.000000e+00 3.784508e-01 -1.000000e+00 -9.990070e+05 3.281723e-01 3.281723e-01 8.716075e-01 4.965999e-01 1.684071e+00 0.000000e+00 -1.000000e+00 4.124349e-03 0.000000e+00 1.559646e+00
2.599616e+00 -1.000000e+00 0.000000e+00 -1.000000e+00 -1.000000e+00 8.000000e+02 4.164622e-01 -1.000000e+00 -1.000000e+00 1.012206e+01 0.000000e+00 -1.000000e+00 0.000000e+00 8.485159e-03 1.200000e+03 3.937197e+00 0.000000e+00 -9.990070e+05 3.000000e+00 -1.000000e+00 9.300252e-01 -1.0 0.000000e+00 0.000000e+00 -1.000000e+00 8.082708e-01 -1.000000e+00 -9.990070e+05 6.897918e-01 6.897918e-01 9.724059e-01 1.838985e+00 6.314251e+00 0.000000e+00 -1.000000e+00 9.529469e-02 0.000000e+00 5.762075e+00
1.495973e-01 -1.000000e+00 4.000000e+03 -1.000000e+00 -1.000000e+00 1.500000e+02 2.181562e-07 -1.000000e+00 -1.000000e+00 5.543968e-01 0.000000e+00 -1.000000e+00 1.000000e+00 6.811763e-13 1.250000e+03 2.272513e-01 1.000000e+00 -9.990070e+05 3.000000e+00 -1.000000e+00 8.382330e-06 -1.0 0.000000e+00 0.000000e+00 -1.000000e+00 2.874832e-05 -1.000000e+00 -9.990070e+05 6.263735e-06 6.263735e-06 1.456764e-03 1.056079e-01 3.569797e-01 0.000000e+00 -1.000000e+00 6.283043e-10 0.000000e+00 3.301817e-01
2.508187e-01 -1.000000e+00 0.000000e+00 -1.000000e+00 -1.000000e+00 3.500000e+02 1.395054e-04 -1.000000e+00 -1.000000e+00 9.359569e-01 0.000000e+00 -1.000000e+00 0.000000e+00 6.283078e-09 1.250000e+03 3.808746e-01 0.000000e+00 -9.990070e+05 3.000000e+00 -1.000000e+00 2.796515e-03 -1.0 0.000000e+00 0.000000e+00 -1.000000e+00 4.968894e-03 -1.000000e+00 -9.990070e+05 2.155209e-03 2.155209e-03 7.044423e-02 1.773490e-01 5.995463e-01 0.000000e+00 -1.000000e+00 1.516542e-06 0.000000e+00 5.540328e-01
5.973397e-01 -1.000000e+00 0.000000e+00 -1.000000e+00 -1.000000e+00 5.500000e+02 3.459405e-02 -1.000000e+00 -1.000000e+00 2.269351e+00 0.000000e+00 -1.000000e+00 0.000000e+00 3.904679e-05 1.250000e+03 9.067826e-01 0.000000e+00 -9.990070e+05 3.000000e+00 -1.000000e+00 2.608724e-01 -1.0 0.000000e+00 0.000000e+00 -1.000000e+00 2.645868e-01 -1.000000e+00 -9.990070e+05 2.101147e-01 2.101147e-01 7.978294e-01 4.221847e-01 1.438102e+00 0.000000e+00 -1.000000e+00 1.851652e-03 0.000000e+00 1.319943e+00
2.072115e+00 -1.000000e+00 0.000000e+00 -1.000000e+00 -1.000000e+00 7.500000e+02 3.740815e-01 -1.000000e+00 -1.000000e+00 8.255100e+00 0.000000e+00 -1.000000e+00 0.000000e+00 5.614452e-03 1.250000e+03 3.150743e+00 0.000000e+00 -9.990070e+05 3.000000e+00 -1.000000e+00 9.472809e-01 -1.0 0.000000e+00 0.000000e+00 -1.000000e+00 7.887706e-01 -1.000000e+00 -9.990070e+05 8.180713e-01 8.180713e-01 9.695046e-01 1.463307e+00 5.098261e+00 0.000000e+00 -1.000000e+00 7.378023e-02 0.000000e+00 4.610299e+00
1.673969e-01 -1.000000e+00 4.000000e+03 -1.000000e+00 -1.000000e+00 1.000000e+02 7.892181e-07 -1.000000e+00 -1.000000e+00 6.103329e-01 0.000000e+00 -1.000000e+00 1.000000e+00 3.976478e-12 1.300000e+03 2.526422e-01 1.000000e+00 -9.990070e+05 2.000000e+00 -1.000000e+00 2.765782e-05 -1.0 0.000000e+00 0.000000e+00 -1.000000e+00 8.215849e-05 -1.000000e+00 -9.990070e+05 2.080909e-05 2.080909e-05 3.303211e-03 1.178526e-01 3.951729e-01 0.000000e+00 -1.000000e+00 2.884938e-09 1.000000e+00 3.665269e-01
2.103885e-01 -1.000000e+00 4.000000e+03 -1.000000e+00 -1.000000e+00 3.000000e+02 1.888103e-05 -1.000000e+00 -1.000000e+00 7.761522e-01 0.000000e+00 -1.000000e+00 1.000000e+00 3.435557e-10 1.300000e+03 3.190247e-01 1.000000e+00 -9.990070e+05 2.000000e+00 -1.000000e+00 4.823547e-04 -1.0 0.000000e+00 0.000000e+00 -1.000000e+00 1.046461e-03 -1.000000e+00 -9.990070e+05 3.679933e-04 3.679933e-04 2.274277e-02 1.483444e-01 5.005335e-01 0.000000e+00 -1.000000e+00 1.307952e-07 1.000000e+00 4.629282e-01
4.140525e-01 -1.000000e+00 0.000000e+00 -1.000000e+00 -1.000000e+00 5.000000e+02 5.977075e-03 -1.000000e+00 -1.000000e+00 1.551172e+00 0.000000e+00 -1.000000e+00 0.000000e+00 2.043882e-06 1.300000e+03 6.281231e-01 0.000000e+00 -9.990070e+05 3.000000e+00 -1.000000e+00 6.535116e-02 -1.0 0.000000e+00 0.000000e+00 -1.000000e+00 8.028229e-02 -1.000000e+00 -9.990070e+05 5.154665e-02 5.154665e-02 4.512760e-01 2.928907e-01 9.901388e-01 0.000000e+00 -1.000000e+00 1.775154e-04 0.000000e+00 9.093045e-01
1.309710e+00 -1.000000e+00 0.000000e+00 -1.000000e+00 -1.000000e+00 7.000000e+02 2.476571e-01 -1.000000e+00 -1.000000e+00 4.883957e+00 0.000000e+00 -1.000000e+00 0.000000e+00 1.758714e-03 1.300000e+03 1.987910e+00 0.000000e+00 -9.990070e+05 3.000000e+00 -1.000000e+00 9.336244e-01 -1.0 0.000000e+00 0.000000e+00 -1.000000e+00 7.087803e-01 -1.000000e+00 -9.990070e+05 8.680284e-01 8.680284e-01 9.570441e-01 9.264601e-01 3.126628e+00 0.000000e+00 -1.000000e+00 3.314349e-02 0.000000e+00 2.885845e+00
5.098761e+00 -1.000000e+00 0.000000e+00 -1.000000e+00 -1.000000e+00 9.000000e+02 4.935848e-01 -1.000000e+00 -1.000000e+00 1.948736e+01 0.000000e+00 -1.000000e+00 0.000000e+00 2.083213e-02 1.300000e+03 7.743433e+00 0.000000e+00 -9.990070e+05 3.000000e+00 -1.000000e+00 9.829246e-01 -1.0 0.000000e+00 0.000000e+00 -1.000000e+00 8.389897e-01 -1.000000e+00 -9.990070e+05 4.023483e-01 4.023483e-01 9.769075e-01 3.602626e+00 1.231293e+01 0.000000e+00 -1.000000e+00 1.525411e-01 0.000000e+00 1.124335e+01
2.166010e-01 -1.000000e+00 0.000000e+00 -1.000000e+00 -1.000000e+00 2.500000e+02 2.424515e-05 -1.000000e+00 -1.000000e+00 7.945716e-01 0.000000e+00 -1.000000e+00 0.000000e+00 4.917524e-10 1.350000e+03 3.279048e-01 0.000000e+00 -9.990070e+05 3.000000e+00 -1.000000e+00 6.126457e-04 -1.0 0.000000e+00 0.000000e+00 -1.000000e+00 1.274262e-03 -1.000000e+00 -9.990070e+05 4.689238e-04 4.689238e-04 2.630263e-02 1.526530e-01 5.135582e-01 0.000000e+00 -1.000000e+00 1.772745e-07 0.000000e+00 4.760686e-01
3.533354e-01 -1.000000e+00 0.000000e+00 -1.000000e+00 -1.000000e+00 4.500000e+02 2.236630e-03 -1.000000e+00 -1.000000e+00 1.323991e+00 0.000000e+00 -1.000000e+00 0.000000e+00 4.261988e-07 1.350000e+03 5.362589e-01 0.000000e+00 -9.990070e+05 3.000000e+00 -1.000000e+00 2.959091e-02 -1.0 0.000000e+00 0.000000e+00 -1.000000e+00 3.969890e-02 -1.000000e+00 -9.990070e+05 2.320895e-02 2.320895e-02 2.904078e-01 2.498915e-01 8.455096e-01 0.000000e+00 -1.000000e+00 4.973525e-05 0.000000e+00 7.793651e-01
1.855980e-01 -1.000000e+00 4.000000e+03 -1.000000e+00 -1.000000e+00 5.000000e+01 2.979563e-06 -1.000000e+00 -1.000000e+00 6.736835e-01 0.000000e+00 -1.000000e+00 1.000000e+00 2.519562e-11 1.350000e+03 2.799230e-01 1.000000e+00 -9.990070e+05 2.000000e+00 -1.000000e+00 9.348624e-05 -1.0 0.000000e+00 0.000000e+00 -1.000000e+00 2.404491e-04 -1.000000e+00 -9.990070e+05 7.082919e-05 7.082919e-05 7.535041e-03 1.307306e-01 4.372598e-01 0.000000e+00 -1.000000e+00 1.409558e-08 1.000000e+00 4.058858e-01
9.020556e-01 -1.000000e+00 4.000000e+03 -1.000000e+00 -1.000000e+00 6.500000e+02 1.240168e-01 -1.000000e+00 -1.000000e+00 3.339470e+00 0.000000e+00 -1.000000e+00 1.000000e+00 4.070298e-04 1.350000e+03 1.370469e+00 1.000000e+00 -9.990070e+05 3.000000e+00 -1.000000e+00 6.421320e-01 -1.0 0.000000e+00 0.000000e+00 -1.000000e+00 5.479579e-01 -1.000000e+00 -9.990070e+05 5.371018e-01 5.371018e-01 9.262955e-01 6.378111e-01 2.151737e+00 0.000000e+00 -1.000000e+00 1.122624e-02 0.000000e+00 1.988891e+00
3.813713e+00 -1.000000e+00 0.000000e+00 -1.000000e+00 -1.000000e+00 8.500000e+02 4.634306e-01 -1.000000e+00 -1.000000e+00 1.434648e+01 0.000000e+00 -1.000000e+00 0.000000e+00 1.421011e-02 1.350000e+03 5.789983e+00 0.000000e+00 -9.990070e+05 3.000000e+00 -1.000000e+00 9.400392e-01 -1.0 0.000000e+00 0.000000e+00 -1.000000e+00 8.275570e-01 -1.000000e+00 -9.990070e+05 5.280175e-01 5.280175e-01 9.752406e-01 2.696558e+00 9.145364e+00 0.000000e+00 -1.000000e+00 1.268126e-01 0.000000e+00 8.402281e+00
2.220446e-01 -1.000000e+00 0.000000e+00 -1.000000e+00 -1.000000e+00 0.000000e+00 2.729116e-05 -1.000000e+00 -1.000000e+00 8.051936e-01 0.000000e+00 -1.000000e+00 0.000000e+00 5.829733e-10 1.400000e+03 3.348323e-01 0.000000e+00 -9.990070e+05 3.000000e+00 -1.000000e+00 6.839951e-04 -1.0 0.000000e+00 0.000000e+00 -1.000000e+00 1.398469e-03 -1.000000e+00 -9.990070e+05 5.241800e-04 5.241800e-04 2.816598e-02 1.564152e-01 5.228922e-01 0.000000e+00 -1.000000e+00 2.047564e-07 0.000000e+00 4.855671e-01
2.407370e-01 -1.000000e+00 0.000000e+00 -1.000000e+00 -1.000000e+00 2.000000e+02 7.128787e-05 -1.000000e+00 -1.000000e+00 8.780562e-01 0.000000e+00 -1.000000e+00 0.000000e+00 2.344401e-09 1.400000e+03 3.638605e-01 0.000000e+00 -9.990070e+05 3.000000e+00 -1.000000e+00 1.611563e-03 -1.0 0.000000e+00 0.000000e+00 -1.000000e+00 2.959187e-03 -1.000000e+00 -9.990070e+05 1.242991e-03 1.242991e-03 4.861576e-02 1.693812e-01 5.690749e-01 0.000000e+00 -1.000000e+00 6.628415e-07 0.000000e+00 5.286743e-01
3.263212e-01 -1.000000e+00 0.000000e+00 -1.000000e+00 -1.000000e+00 4.000000e+02 1.224709e-03 -1.000000e+00 -1.000000e+00 1.211598e+00 0.000000e+00 -1.000000e+00 0.000000e+00 1.667245e-07 1.400000e+03 4.954005e-01 0.000000e+00 -9.990070e+05 3.000000e+00 -1.000000e+00 1.768700e-02 -1.0 0.000000e+00 0.000000e+00 -1.000000e+00 2.554483e-02 -1.000000e+00 -9.990070e+05 1.378575e-02 1.378575e-02 2.175250e-01 2.307944e-01 7.783534e-01 0.000000e+00 -1.000000e+00 2.305306e-05 0.000000e+00 7.172584e-01
6.413542e-01 -1.000000e+00 0.000000e+00 -1.000000e+00 -1.000000e+00 6.000000e+02 4.492760e-02 -1.000000e+00 -1.000000e+00 2.375713e+00 0.000000e+00 -1.000000e+00 0.000000e+00 6.195041e-05 1.400000e+03 9.738799e-01 0.000000e+00 -9.990070e+05 3.000000e+00 -1.000000e+00 3.190349e-01 -1.0 0.000000e+00 0.000000e+00 -1.000000e+00 3.122376e-01 -1.000000e+00 -9.990070e+05 2.584599e-01 2.584599e-01 8.349365e-01 4.536191e-01 1.528841e+00 0.000000e+00 -1.000000e+00 2.653566e-03 0.000000e+00 1.413112e+00
2.419006e+00 -1.000000e+00 0.000000e+00 -1.000000e+00 -1.000000e+00 8.000000e+02 4.055441e-01 -1.000000e+00 -1.000000e+00 9.136441e+00 0.000000e+00 -1.000000e+00 0.000000e+00 7.601780e-03 1.400000e+03 3.677784e+00 0.000000e+00 -9.990070e+05 3.000000e+00 -1.000000e+00 9.322000e-01 -1.0 0.000000e+00 0.000000e+00 -1.000000e+00 8.034663e-01 -1.000000e+00 -9.990070e+05 7.221517e-01 7.221517e-01 9.716947e-01 1.708522e+00 5.819549e+00 0.000000e+00 -1.000000e+00 8.920780e-02 0.000000e+00 5.355946e+00
2.742327e-01 -1.000000e+00 4.000000e+03 -1.000000e+00 -1.000000e+00 1.500000e+02 2.471693e-04 -1.000000e+00 -1.000000e+00 9.964398e-01 0.000000e+00 -1.000000e+00 1.000000e+00 1.468744e-08 1.450000e+03 4.138928e-01 1.000000e+00 -9.990070e+05 3.000000e+00 -1.000000e+00 4.707484e-03 -1.0 0.000000e+00 0.000000e+00 -1.000000e+00 7.694822e-03 -1.000000e+00 -9.990070e+05 3.652613e-03 3.652613e-03 9.587763e-02 1.930587e-01 6.466983e-01 0.000000e+00 -1.000000e+00 3.083542e-06 0.000000e+00 6.003615e-01
3.039562e-01 -1.000000e+00 0.000000e+00 -1.000000e+00 -1.000000e+00 3.500000e+02 6.157367e-04 -1.000000e+00 -1.000000e+00 1.105602e+00 0.000000e+00 -1.000000e+00 0.000000e+00 5.808898e-08 1.450000e+03 4.589375e-01 0.000000e+00 -9.990070e+05 3.000000e+00 -1.000000e+00 1.026225e-02 -1.0 0.000000e+00 0.000000e+00 -1.000000e+00 1.532585e-02 -1.000000e+00 -9.990070e+05 8.006349e-03 8.006349e-03 1.542736e-01 2.139343e-01 7.172660e-01 0.000000e+00 -1.000000e+00 9.662735e-06 0.000000e+00 6.655577e-01
5.564873e-01 -1.000000e+00 0.000000e+00 -1.000000e+00 -1.000000e+00 5.500000e+02 2.529603e-02 -1.000000e+00 -1.000000e+00 2.034426e+00 0.000000e+00 -1.000000e+00 0.000000e+00 2.266854e-05 1.450000e+03 8.417454e-01 0.000000e+00 -9.990070e+05 3.000000e+00 -1.000000e+00 2.090192e-01 -1.0 0.000000e+00 0.000000e+00 -1.000000e+00 2.157538e-01 -1.000000e+00 -9.990070e+05 1.682573e-01 1.682573e-01 7.451061e-01 3.916959e-01 1.317381e+00 0.000000e+00 -1.000000e+00 1.208602e-03 0.000000e+00 1.221731e+00
1.415656e+00 -1.000000e+00 0.000000e+00 -1.000000e+00 -1.000000e+00 7.500000e+02 2.725442e-01 -1.000000e+00 -1.000000e+00 5.289262e+00 0.000000e+00 -1.000000e+00 0.000000e+00 2.224080e-03 1.450000e+03 2.151413e+00 0.000000e+00 -9.990070e+05 3.000000e+00 -1.000000e+00 9.689677e-01 -1.0 0.000000e+00 0.000000e+00 -1.000000e+00 7.283362e-01 -1.000000e+00 -9.990070e+05 9.303690e-01 9.303690e-01 9.601948e-01 1.000445e+00 3.389390e+00 0.000000e+00 -1.000000e+00 3.921342e-02 0.000000e+00 3.127791e+00
3.152264e-01 -1.000000e+00 0.000000e+00 -1.000000e+00 -1.000000e+00 0.000000e+00 7.868342e-04 -1.000000e+00 -1.000000e+00 1.138193e+00 0.000000e+00 -1.000000e+00 0.000000e+00 8.443500e-08 1.500000e+03 4.746236e-01 0.000000e+00 -9.990070e+05 3.000000e+00 -1.000000e+00 1.261794e-02 -1.0 0.000000e+00 0.000000e+00 -1.000000e+00 1.840415e-02 -1.000000e+00 -9.990070e+05 9.858557e-03 9.858557e-03 1.746517e-01 2.223047e-01 7.403219e-01 0.000000e+00 -1.000000e+00 1.316255e-05 0.000000e+00 6.873487e-01
3.009957e-01 -1.000000e+00 0.000000e+00 -1.000000e+00 -1.000000e+00 1.000000e+02 5.428523e-04 -1.000000e+00 -1.000000e+00 1.088646e+00 0.000000e+00 -1.000000e+00 0.000000e+00 4.797181e-08 1.500000e+03 4.534838e-01 0.000000e+00 -9.990070e+05 3.000000e+00 -1.000000e+00 9.205659e-03 -1.0 0.000000e+00 0.000000e+00 -1.000000e+00 1.394533e-02 -1.000000e+00 -9.990070e+05 7.174529e-03 7.174529e-03 1.446541e-01 2.121802e-01 7.076637e-01 0.000000e+00 -1.000000e+00 8.247030e-06 0.000000e+00 6.568836e-01
3.408032e-01 -1.000000e+00 0.000000e+00 -1.000000e+00 -1.000000e+00 3.000000e+02 1.493286e-03 -1.000000e+00 -1.000000e+00 1.237438e+00 0.000000e+00 -1.000000e+00 0.000000e+00 2.267115e-07 1.500000e+03 5.141795e-01 0.000000e+00 -9.990070e+05 3.000000e+00 -1.000000e+00 2.162322e-02 -1.0 0.000000e+00 0.000000e+00 -1.000000e+00 2.955636e-02 -1.000000e+00 -9.990070e+05 1.697077e-02 1.697077e-02 2.395509e-01 2.400143e-01 8.031644e-01 0.000000e+00 -1.000000e+00 2.966992e-05 0.000000e+00 7.452289e-01
5.168866e-01 -1.000000e+00 0.000000e+00 -1.000000e+00 -1.000000e+00 5.000000e+02 1.805547e-02 -1.000000e+00 -1.000000e+00 1.882990e+00 0.000000e+00 -1.000000e+00 0.000000e+00 1.274280e-05 1.500000e+03 7.808244e-01 0.000000e+00 -9.990070e+05 3.000000e+00 -1.000000e+00 1.624459e-01 -1.0 0.000000e+00 0.000000e+00 -1.000000e+00 1.722932e-01 -1.000000e+00 -9.990070e+05 1.304401e-01 1.304401e-01 6.797250e-01 3.636048e-01 1.220976e+00 0.000000e+00 -1.000000e+00 7.668923e-04 0.000000e+00 1.134356e+00
1.043581e+00 -1.000000e+00 4.000000e+03 -1.000000e+00 -1.000000e+00 7.000000e+02 1.700945e-01 -1.000000e+00 -1.000000e+00 3.852955e+00 0.000000e+00 -1.000000e+00 1.000000e+00 7.678624e-04 1.500000e+03 1.583162e+00 1.000000e+00 -9.990070e+05 3.000000e+00 -1.000000e+00 7.761949e-01 -1.0 0.000000e+00 0.000000e+00 -1.000000e+00 6.251905e-01 -1.000000e+00 -9.990070e+05 6.692587e-01 6.692587e-01 9.424101e-01 7.368608e-01 2.483560e+00 0.000000e+00 -1.000000e+00 1.805424e-02 0.000000e+00 2.296593e+00
3.809444e+00 -1.000000e+00 0.000000e+00 -1.000000e+00 -1.000000e+00 9.000000e+02 4.628755e-01 -1.000000e+00 -1.000000e+00 1.443448e+01 0.000000e+00 -1.000000e+00 0.000000e+00 1.411658e-02 1.500000e+03 5.785197e+00 0.000000e+00 -9.990070e+05 3.000000e+00 -1.000000e+00 9.395673e-01 -1.0 0.000000e+00 0.000000e+00 -1.000000e+00 8.273404e-01 -1.000000e+00 -9.990070e+05 5.298221e-01 5.298221e-01 9.752089e-01 2.691859e+00 9.165908e+00 0.000000e+00 -1.000000e+00 1.263828e-01 0.000000e+00 8.421798e+00
3.936166e-01 -1.000000e+00 0.000000e+00 -1.000000e+00 -1.000000e+00 2.500000e+02 3.973014e-03 -1.000000e+00 -1.000000e+00 1.425260e+00 0.000000e+00 -1.000000e+00 0.000000e+00 1.059265e-06 1.550000e+03 5.932750e-01 0.000000e+00 -9.990070e+05 3.000000e+00 -1.000000e+00 4.880624e-02 -1.0 0.000000e+00 0.000000e+00 -1.000000e+00 6.006714e-02 -1.000000e+00 -9.990070e+05 3.863928e-02 3.863928e-02 3.778557e-01 2.773536e-01 9.261473e-01 0.000000e+00 -1.000000e+00 1.043292e-04 0.000000e+00 8.604315e-01
4.920780e-01 -1.000000e+00 0.000000e+00 -1.000000e+00 -1.000000e+00 4.500000e+02 1.444567e-02 -1.000000e+00 -1.000000e+00 1.805240e+00 0.000000e+00 -1.000000e+00 0.000000e+00 8.749023e-06 1.550000e+03 7.450015e-01 0.000000e+00 -9.990070e+05 3.000000e+00 -1.000000e+00 1.356240e-01 -1.0 0.000000e+00 0.000000e+00 -1.000000e+00 1.481240e-01 -1.000000e+00 -9.990070e+05 1.084753e-01 1.084753e-01 6.332924e-01 3.469837e-01 1.166681e+00 0.000000e+00 -1.000000e+00 5.689828e-04 0.000000e+00 1.080923e+00
3.981873e-01 -1.000000e+00 0.000000e+00 -1.000000e+00 -1.000000e+00 5.000000e+01 4.257547e-03 -1.000000e+00 -1.000000e+00 1.440560e+00 0.000000e+00 -1.000000e+00 0.000000e+00 1.183254e-06 1.550000e+03 5.999230e-01 0.000000e+00 -9.990070e+05 3.000000e+00 -1.000000e+00 5.159643e-02 -1.0 0.000000e+00 0.000000e+00 -1.000000e+00 6.310851e-02 -1.000000e+00 -9.990070e+05 4.086679e-02 4.086679e-02 3.896389e-01 2.806575e-01 9.363167e-01 0.000000e+00 -1.000000e+00 1.141218e-04 0.000000e+00 8.698333e-01
8.635055e-01 -1.000000e+00 0.000000e+00 -1.000000e+00 -1.000000e+00 6.500000e+02 1.110534e-01 -1.000000e+00 -1.000000e+00 3.178665e+00 0.000000e+00 -1.000000e+00 0.000000e+00 3.285724e-04 1.550000e+03 1.309025e+00 0.000000e+00 -9.990070e+05 3.000000e+00 -1.000000e+00 5.985236e-01 -1.0 0.000000e+00 0.000000e+00 -1.000000e+00 5.202717e-01 -1.000000e+00 -9.990070e+05 4.973587e-01 4.973587e-01 9.196032e-01 6.096350e-01 2.051729e+00 0.000000e+00 -1.000000e+00 9.549689e-03 0.000000e+00 1.896768e+00
2.508017e+00 -1.000000e+00 0.000000e+00 -1.000000e+00 -1.000000e+00 8.500000e+02 4.123490e-01 -1.000000e+00 -1.000000e+00 9.232675e+00 0.000000e+00 -1.000000e+00 0.000000e+00 8.138081e-03 1.550000e+03 3.796391e+00 0.000000e+00 -9.990070e+05 3.000000e+00 -1.000000e+00 9.301812e-01 -1.0 0.000000e+00 0.000000e+00 -1.000000e+00 8.064769e-01 -1.000000e+00 -9.990070e+05 7.003467e-01 7.003467e-01 9.721406e-01 1.761501e+00 5.955572e+00 0.000000e+00 -1.000000e+00 9.295293e-02 0.000000e+00 5.520341e+00
4.622068e-01 -1.000000e+00 0.000000e+00 -1.000000e+00 -1.000000e+00 0.000000e+00 1.007601e-02 -1.000000e+00 -1.000000e+00 1.669246e+00 0.000000e+00 -1.000000e+00 0.000000e+00 4.803092e-06 1.600000e+03 6.957833e-01 0.000000e+00 -9.990070e+05 3.000000e+00 -1.000000e+00 1.028820e-01 -1.0 0.000000e+00 0.000000e+00 -1.000000e+00 1.156541e-01 -1.000000e+00 -9.990070e+05 8.210366e-02 8.210366e-02 5.568187e-01 3.259640e-01 1.085541e+00 0.000000e+00 -1.000000e+00 3.526322e-04 0.000000e+00 1.008552e+00
4.810554e-01 -1.000000e+00 0.000000e+00 -1.000000e+00 -1.000000e+00 2.000000e+02 1.247002e-02 -1.000000e+00 -1.000000e+00 1.739851e+00 0.000000e+00 -1.000000e+00 0.000000e+00 6.841659e-06 1.600000e+03 7.245532e-01 0.000000e+00 -9.990070e+05 3.000000e+00 -1.000000e+00 1.215618e-01 -1.0 0.000000e+00 0.000000e+00 -1.000000e+00 1.339545e-01 -1.000000e+00 -9.990070e+05 9.719437e-02 9.719437e-02 6.020631e-01 3.391369e-01 1.130841e+00 0.000000e+00 -1.000000e+00 4.677849e-04 0.000000e+00 1.050351e+00
5.475022e-01 -1.000000e+00 0.000000e+00 -1.000000e+00 -1.000000e+00 4.000000e+02 2.314483e-02 -1.000000e+00 -1.000000e+00 1.984149e+00 0.000000e+00 -1.000000e+00 0.000000e+00 1.945735e-05 1.600000e+03 8.250892e-01 0.000000e+00 -9.990070e+05 3.000000e+00 -1.000000e+00 1.952796e-01 -1.0 0.000000e+00 0.000000e+00 -1.000000e+00 2.034278e-01 -1.000000e+00 -9.990070e+05 1.570198e-01 1.570198e-01 7.286251e-01 3.858804e-01 1.288370e+00 0.000000e+00 -1.000000e+00 1.071571e-03 0.000000e+00 1.195224e+00
7.742148e-01 -1.000000e+00 4.000000e+03 -1.000000e+00 -1.000000e+00 6.000000e+02 8.230868e-02 -1.000000e+00 -1.000000e+00 2.839338e+00 0.000000e+00 -1.000000e+00 1.000000e+00 1.863747e-04 1.600000e+03 1.172385e+00 1.000000e+00 -9.990070e+05 3.000000e+00 -1.000000e+00 4.919491e-01 -1.0 0.000000e+00 0.000000e+00 -1.000000e+00 4.459322e-01 -1.000000e+00 -9.990070e+05 4.042572e-01 4.042572e-01 8.980391e-01 5.456839e-01 1.836182e+00 0.000000e+00 -1.000000e+00 6.203648e-03 0.000000e+00 1.702540e+00
1.832447e+00 -1.000000e+00 0.000000e+00 -1.000000e+00 -1.000000e+00 8.000000e+02 3.487714e-01 -1.000000e+00 -1.000000e+00 6.800879e+00 0.000000e+00 -1.000000e+00 0.000000e+00 4.444340e-03 1.600000e+03 2.783828e+00 0.000000e+00 -9.990070e+05 3.000000e+00 -1.000000e+00 9.602173e-01 -1.0 0.000000e+00 0.000000e+00 -1.000000e+00 7.758523e-01 -1.000000e+00 -9.990070e+05 8.775404e-01 8.775404e-01 9.675591e-01 1.295663e+00 4.373991e+00 0.000000e+00 -1.000000e+00 6.329545e-02 0.000000e+00 4.043774e+00
5.729003e-01 -1.000000e+00 0.000000e+00 -1.000000e+00 -1.000000e+00 1.500000e+02 2.798788e-02 -1.000000e+00 -1.000000e+00 2.069056e+00 0.000000e+00 -1.000000e+00 0.000000e+00 2.699464e-05 1.650000e+03 8.622270e-01 0.000000e+00 -9.990070e+05 3.000000e+00 -1.000000e+00 2.265995e-01 -1.0 0.000000e+00 0.000000e+00 -1.000000e+00 2.305852e-01 -1.000000e+00 -9.990070e+05 1.828140e-01 1.828140e-01 7.630831e-01 4.040546e-01 1.345387e+00 0.000000e+00 -1.000000e+00 1.386521e-03 0.000000e+00 1.250471e+00
6.255461e-01 -1.000000e+00 0.000000e+00 -1.000000e+00 -1.000000e+00 3.500000e+02 4.007738e-02 -1.000000e+00 -1.000000e+00 2.272201e+00 0.000000e+00 -1.000000e+00 0.000000e+00 5.058662e-05 1.650000e+03 9.436018e-01 0.000000e+00 -9.990070e+05 3.000000e+00 -1.000000e+00 2.962570e-01 -1.0 0.000000e+00 0.000000e+00 -1.000000e+00 2.906198e-01 -1.000000e+00 -9.990070e+05 2.401934e-01 2.401934e-01 8.195038e-01 4.404719e-01 1.474501e+00 0.000000e+00 -1.000000e+00 2.266409e-03 0.000000e+00 1.370632e+00
7.659213e-01 -1.000000e+00 4.000000e+03 -1.000000e+00 -1.000000e+00 5.500000e+02 7.901035e-02 -1.000000e+00 -1.000000e+00 2.777057e+00 0.000000e+00 -1.000000e+00 1.000000e+00 1.727190e-04 1.650000e+03 1.154582e+00 1.000000e+00 -9.990070e+05 3.000000e+00 -1.000000e+00 4.784329e-01 -1.0 0.000000e+00 0.000000e+00 -1.000000e+00 4.360466e-01 -1.000000e+00 -9.990070e+05 3.926779e-01 3.926779e-01 8.946601e-01 5.397041e-01 1.803092e+00 0.000000e+00 -1.000000e+00 5.852839e-03 0.000000e+00 1.673097e+00
1.342322e+00 -1.000000e+00 0.000000e+00 -1.000000e+00 -1.000000e+00 7.500000e+02 2.557600e-01 -1.000000e+00 -1.000000e+00 4.984398e+00 0.000000e+00 -1.000000e+00 0.000000e+00 1.900313e-03 1.650000e+03 2.037687e+00 0.000000e+00 -9.990070e+05 3.000000e+00 -1.000000e+00 9.466992e-01 -1.0 0.000000e+00 0.000000e+00 -1.000000e+00 7.154326e-01 -1.000000e+00 -9.990070e+05 8.898642e-01 8.898642e-01 9.581251e-01 9.495535e-01 3.200713e+00 0.000000e+00 -1.000000e+00 3.504248e-02 0.000000e+00 2.955419e+00
7.168188e-01 -1.000000e+00 4.000000e+03 -1.000000e+00 -1.000000e+00 1.000000e+02 6.419292e-02 -1.000000e+00 -1.000000e+00 2.591919e+00 0.000000e+00 -1.000000e+00 1.000000e+00 1.178437e-04 1.700000e+03 1.079400e+00 1.000000e+00 -9.990070e+05 3.000000e+00 -1.000000e+00 4.154059e-01 -1.0 0.000000e+00 0.000000e+00 -1.000000e+00 3.874882e-01 -1.000000e+00 -9.990070e+05 3.394756e-01 3.394756e-01 8.756644e-01 5.053695e-01 1.684737e+00 0.000000e+00 -1.000000e+00 4.364037e-03 0.000000e+00 1.565984e+00
7.339898e-01 -1.000000e+00 4.000000e+03 -1.000000e+00 -1.000000e+00 3.000000e+02 6.924073e-02 -1.000000e+00 -1.000000e+00 2.654957e+00 0.000000e+00 -1.000000e+00 1.000000e+00 1.353606e-04 1.700000e+03 1.105443e+00 1.000000e+00 -9.990070e+05 2.000000e+00 -1.000000e+00 4.376995e-01 -1.0 0.000000e+00 0.000000e+00 -1.000000e+00 4.048361e-01 -1.000000e+00 -9.990070e+05 3.582412e-01 3.582412e-01 8.829570e-01 5.174421e-01 1.725476e+00 0.000000e+00 -1.000000e+00 4.854965e-03 1.000000e+00 1.603177e+00
8.722383e-01 -1.000000e+00 4.000000e+03 -1.000000e+00 -1.000000e+00 5.000000e+02 1.130501e-01 -1.000000e+00 -1.000000e+00 3.162709e+00 0.000000e+00 -1.000000e+00 1.000000e+00 3.400537e-04 1.700000e+03 1.315444e+00 1.000000e+00 -9.990070e+05 3.000000e+00 -1.000000e+00 6.087639e-01 -1.0 0.000000e+00 0.000000e+00 -1.000000e+00 5.247454e-01 -1.000000e+00 -9.990070e+05 5.074314e-01 5.074314e-01 9.207252e-01 6.143249e-01 2.054249e+00 0.000000e+00 -1.000000e+00 9.801131e-03 0.000000e+00 1.909153e+00
1.239688e+00 -1.000000e+00 0.000000e+00 -1.000000e+00 -1.000000e+00 7.000000e+02 2.281699e-01 -1.000000e+00 -1.000000e+00 4.528551e+00 0.000000e+00 -1.000000e+00 0.000000e+00 1.452414e-03 1.700000e+03 1.874609e+00 0.000000e+00 -9.990070e+05 3.000000e+00 -1.000000e+00 9.034282e-01 -1.0 0.000000e+00 0.000000e+00 -1.000000e+00 6.914808e-01 -1.000000e+00 -9.990070e+05 8.233016e-01 8.233016e-01 9.541845e-01 8.726366e-01 2.933107e+00 0.000000e+00 -1.000000e+00 2.885448e-02 0.000000e+00 2.721999e+00
2.681931e+00 -1.000000e+00 0.000000e+00 -1.000000e+00 -1.000000e+00 9.000000e+02 4.227272e-01 -1.000000e+00 -1.000000e+00 9.978975e+00 0.000000e+00 -1.000000e+00 0.000000e+00 9.050353e-03 1.700000e+03 4.073691e+00 0.000000e+00 -9.990070e+05 3.000000e+00 -1.000000e+00 9.287525e-01 -1.0 0.000000e+00 0.000000e+00 -1.000000e+00 8.109673e-01 -1.000000e+00 -9.990070e+05 6.683334e-01 6.683334e-01 9.728041e-01 1.892276e+00 6.405567e+00 0.000000e+00 -1.000000e+00 9.897912e-02 0.000000e+00 5.920846e+00
8.956088e-01 -1.000000e+00 4.000000e+03 -1.000000e+00 -1.000000e+00 2.500000e+02 1.206356e-01 -1.000000e+00 -1.000000e+00 3.241571e+00 0.000000e+00 -1.000000e+00 1.000000e+00 3.856650e-04 1.750000e+03 1.349685e+00 1.000000e+00 -9.990070e+05 3.000000e+00 -1.000000e+00 6.338891e-01 -1.0 0.000000e+00 0.000000e+00 -1.000000e+00 5.410378e-01 -1.000000e+00 -9.990070e+05 5.302330e-01 5.302330e-01 9.246770e-01 6.311837e-01 2.106639e+00 0.000000e+00 -1.000000e+00 1.077890e-02 0.000000e+00 1.956496e+00
9.805501e-01 -1.000000e+00 0.000000e+00 -1.000000e+00 -1.000000e+00 4.500000e+02 1.486474e-01 -1.000000e+00 -1.000000e+00 3.550460e+00 0.000000e+00 -1.000000e+00 0.000000e+00 5.829839e-04 1.750000e+03 1.477681e+00 0.000000e+00 -9.990070e+05 3.000000e+00 -1.000000e+00 7.205341e-01 -1.0 0.000000e+00 0.000000e+00 -1.000000e+00 5.927966e-01 -1.000000e+00 -9.990070e+05 6.128543e-01 6.128543e-01 9.360382e-01 6.910019e-01 2.306851e+00 0.000000e+00 -1.000000e+00 1.470285e-02 0.000000e+00 2.143237e+00
8.701277e-01 -1.000000e+00 4.000000e+03 -1.000000e+00 -1.000000e+00 5.000000e+01 1.122106e-01 -1.000000e+00 -1.000000e+00 3.147608e+00 0.000000e+00 -1.000000e+00 1.000000e+00 3.352000e-04 1.750000e+03 1.310945e+00 1.000000e+00 -9.990070e+05 2.000000e+00 -1.000000e+00 6.055433e-01 -1.0 0.000000e+00 0.000000e+00 -1.000000e+00 5.228741e-01 -1.000000e+00 -9.990070e+05 5.044377e-01 5.044377e-01 9.202579e-01 6.133075e-01 2.045959e+00 0.000000e+00 -1.000000e+00 9.695109e-03 1.000000e+00 1.900815e+00
1.250678e+00 -1.000000e+00 0.000000e+00 -1.000000e+00 -1.000000e+00 6.500000e+02 2.312269e-01 -1.000000e+00 -1.000000e+00 4.565036e+00 0.000000e+00 -1.000000e+00 0.000000e+00 1.497488e-03 1.750000e+03 1.890279e+00 0.000000e+00 -9.990070e+05 3.000000e+00 -1.000000e+00 9.089314e-01 -1.0 0.000000e+00 0.000000e+00 -1.000000e+00 6.943261e-01 -1.000000e+00 -9.990070e+05 8.312033e-01 8.312033e-01 9.546599e-01 8.802649e-01 2.956642e+00 0.000000e+00 -1.000000e+00 2.950262e-02 0.000000e+00 2.744158e+00
2.212702e+00 -1.000000e+00 0.000000e+00 -1.000000e+00 -1.000000e+00 8.500000e+02 3.909419e-01 -1.000000e+00 -1.000000e+00 8.231788e+00 0.000000e+00 -1.000000e+00 0.000000e+00 6.589820e-03 1.750000e+03 3.363020e+00 0.000000e+00 -9.990070e+05 3.000000e+00 -1.000000e+00 9.368252e-01 -1.0 0.000000e+00 0.000000e+00 -1.000000e+00 7.968134e-01 -1.000000e+00 -9.990070e+05 7.634153e-01 7.634153e-01 9.707060e-01 1.564363e+00 5.286892e+00 0.000000e+00 -1.000000e+00 8.168173e-02 0.000000e+00 4.886259e+00
1.098292e+00 -1.000000e+00 4.000000e+03 -1.000000e+00 -1.000000e+00 0.000000e+00 1.859928e-01 -1.000000e+00 -1.000000e+00 3.975587e+00 0.000000e+00 -1.000000e+00 1.000000e+00 9.263132e-04 1.800000e+03 1.655045e+00 1.000000e+00 -9.990070e+05 3.000000e+00 -1.000000e+00 8.181723e-01 -1.0 0.000000e+00 0.000000e+00 -1.000000e+00 6.460363e-01 -1.000000e+00 -9.990070e+05 7.163261e-01 7.163261e-01 9.462740e-01 7.739644e-01 2.583538e+00 0.000000e+00 -1.000000e+00 2.074661e-02 0.000000e+00 2.401426e+00
1.117593e+00 -1.000000e+00 4.000000e+03 -1.000000e+00 -1.000000e+00 2.000000e+02 1.919522e-01 -1.000000e+00 -1.000000e+00 4.043754e+00 0.000000e+00 -1.000000e+00 1.000000e+00 9.908517e-04 1.800000e+03 1.683770e+00 1.000000e+00 -9.990070e+05 3.000000e+00 -1.000000e+00 8.313552e-01 -1.0 0.000000e+00 0.000000e+00 -1.000000e+00 6.532583e-01 -1.000000e+00 -9.990070e+05 7.314153e-01 7.314153e-01 9.475751e-01 7.877455e-01 2.628052e+00 0.000000e+00 -1.000000e+00 2.180420e-02 0.000000e+00 2.441141e+00
1.171658e+00 -1.000000e+00 0.000000e+00 -1.000000e+00 -1.000000e+00 4.000000e+02 2.084255e-01 -1.000000e+00 -1.000000e+00 4.253174e+00 0.000000e+00 -1.000000e+00 0.000000e+00 1.185193e-03 1.800000e+03 1.767516e+00 0.000000e+00 -9.990070e+05 3.000000e+00 -1.000000e+00 8.665882e-01 -1.0 0.000000e+00 0.000000e+00 -1.000000e+00 6.717574e-01 -1.000000e+00 -9.990070e+05 7.742654e-01 7.742654e-01 9.508286e-01 8.250714e-01 2.760993e+00 0.000000e+00 -1.000000e+00 2.487316e-02 0.000000e+00 2.565526e+00
1.349756e+00 -1.000000e+00 0.000000e+00 -1.000000e+00 -1.000000e+00 6.000000e+02 2.570337e-01 -1.000000e+00 -1.000000e+00 4.899482e+00 0.000000e+00 -1.000000e+00 0.000000e+00 1.923399e-03 1.800000e+03 2.035889e+00 0.000000e+00 -9.990070e+05 3.000000e+00 -1.000000e+00 9.496441e-01 -1.0 0.000000e+00 0.000000e+00 -1.000000e+00 7.164520e-01 -1.000000e+00 -9.990070e+05 8.952020e-01 8.952020e-01 9.582898e-01 9.506163e-01 3.180376e+00 0.000000e+00 -1.000000e+00 3.534754e-02 0.000000e+00 2.953463e+00
2.101665e+00 -1.000000e+00 0.000000e+00 -1.000000e+00 -1.000000e+00 8.000000e+02 3.803658e-01 -1.000000e+00 -1.000000e+00 7.685979e+00 0.000000e+00 -1.000000e+00 0.000000e+00 5.956796e-03 1.800000e+03 3.177586e+00 0.000000e+00 -9.990070e+05 3.000000e+00 -1.000000e+00 9.413637e-01 -1.0 0.000000e+00 0.000000e+00 -1.000000e+00 7.918166e-01 -1.000000e+00 -9.990070e+05 7.925292e-01 7.925292e-01 9.699604e-01 1.477990e+00 4.974694e+00 0.000000e+00 -1.000000e+00 7.663263e-02 0.000000e+00 4.612155e+00
1.364563e+00 -1.000000e+00 0.000000e+00 -1.000000e+00 -1.000000e+00 1.500000e+02 2.606083e-01 -1.000000e+00 -1.000000e+00 4.940321e+00 0.000000e+00 -1.000000e+00 0.000000e+00 1.989443e-03 1.850000e+03 2.055903e+00 0.000000e+00 -9.990070e+05 3.000000e+00 -1.000000e+00 9.547879e-01 -1.0 0.000000e+00 0.000000e+00 -1.000000e+00 7.192763e-01 -1.000000e+00 -9.990070e+05 9.042618e-01 9.042618e-01 9.587452e-01 9.617515e-01 3.209687e+00 0.000000e+00 -1.000000e+00 3.621347e-02 0.000000e+00 2.982061e+00
1.420180e+00 -1.000000e+00 0.000000e+00 -1.000000e+00 -1.000000e+00 3.500000e+02 2.738238e-01 -1.000000e+00 -1.000000e+00 5.144483e+00 0.000000e+00 -1.000000e+00 0.000000e+00 2.250595e-03 1.850000e+03 2.139803e+00 0.000000e+00 -9.990070e+05 3.000000e+00 -1.000000e+00 9.719988e-01 -1.0 0.000000e+00 0.000000e+00 -1.000000e+00 7.292753e-01 -1.000000e+00 -9.990070e+05 9.366458e-01 9.366458e-01 9.603441e-01 1.000915e+00 3.341316e+00 0.000000e+00 -1.000000e+00 3.954532e-02 0.000000e+00 3.103881e+00
1.578207e+00 -1.000000e+00 0.000000e+00 -1.000000e+00 -1.000000e+00 5.500000e+02 3.070137e-01 -1.000000e+00 -1.000000e+00 5.725030e+00 0.000000e+00 -1.000000e+00 0.000000e+00 3.046463e-03 1.850000e+03 2.378435e+00 0.000000e+00 -9.990070e+05 3.000000e+00 -1.000000e+00 9.932797e-01 -1.0 0.000000e+00 0.000000e+00 -1.000000e+00 7.517432e-01 -1.000000e+00 -9.990070e+05 9.820667e-01 9.820667e-01 9.638681e-01 1.112126e+00 3.715628e+00 0.000000e+00 -1.000000e+00 4.892965e-02 0.000000e+00 3.449765e+00
2.001104e+00 -1.000000e+00 0.000000e+00 -1.000000e+00 -1.000000e+00 7.500000e+02 3.698321e-01 -1.000000e+00 -1.000000e+00 7.332370e+00 0.000000e+00 -1.000000e+00 0.000000e+00 5.395811e-03 1.850000e+03 3.027223e+00 0.000000e+00 -9.990070e+05 3.000000e+00 -1.000000e+00 9.469034e-01 -1.0 0.000000e+00 0.000000e+00 -1.000000e+00 7.866765e-01 -1.000000e+00 -9.990070e+05 8.214124e-01 8.214124e-01 9.691906e-01 1.408849e+00 4.740801e+00 0.000000e+00 -1.000000e+00 7.191058e-02 0.000000e+00 4.390864e+00
1.781147e+00 -1.000000e+00 0.000000e+00 -1.000000e+00 -1.000000e+00 1.000000e+02 3.411955e-01 -1.000000e+00 -1.000000e+00 6.458823e+00 0.000000e+00 -1.000000e+00 0.000000e+00 4.148386e-03 1.900000e+03 2.683300e+00 0.000000e+00 -9.990070e+05 3.000000e+00 -1.000000e+00 9.651342e-01 -1.0 0.000000e+00 0.000000e+00 -1.000000e+00 7.717603e-01 -1.000000e+00 -9.990070e+05 8.957993e-01 8.957993e-01 9.669384e-01 1.255430e+00 4.191596e+00 0.000000e+00 -1.000000e+00 6.044026e-02 0.000000e+00 3.891704e+00
1.731205e+00 -1.000000e+00 0.000000e+00 -1.000000e+00 -1.000000e+00 3.000000e+02 3.335050e-01 -1.000000e+00 -1.000000e+00 6.275020e+00 0.000000e+00 -1.000000e+00 0.000000e+00 3.869267e-03 1.900000e+03 2.607727e+00 0.000000e+00 -9.990070e+05 3.000000e+00 -1.000000e+00 9.707198e-01 -1.0 0.000000e+00 0.000000e+00 -1.000000e+00 7.674880e-01 -1.000000e+00 -9.990070e+05 9.149066e-01 9.149066e-01 9.662880e-01 1.220173e+00 4.073189e+00 0.000000e+00 -1.000000e+00 5.766221e-02 0.000000e+00 3.786271e+00
1.901651e+00 -1.000000e+00 0.000000e+00 -1.000000e+00 -1.000000e+00 5.000000e+02 3.577073e-01 -1.000000e+00 -1.000000e+00 6.904499e+00 0.000000e+00 -1.000000e+00 0.000000e+00 4.823175e-03 1.900000e+03 2.866554e+00 0.000000e+00 -9.990070e+05 3.000000e+00 -1.000000e+00 9.537118e-01 -1.0 0.000000e+00 0.000000e+00 -1.000000e+00 7.805395e-01 -1.000000e+00 -9.990070e+05 8.524723e-01 8.524723e-01 9.682674e-01 1.339636e+00 4.479388e+00 0.000000e+00 -1.000000e+00 6.682387e-02 0.000000e+00 4.163218e+00
2.162057e+00 -1.000000e+00 0.000000e+00 -1.000000e+00 -1.000000e+00 7.000000e+02 3.861118e-01 -1.000000e+00 -1.000000e+00 7.862049e+00 0.000000e+00 -1.000000e+00 0.000000e+00 6.291327e-03 1.900000e+03 3.260248e+00 0.000000e+00 -9.990070e+05 3.000000e+00 -1.000000e+00 9.384194e-01 -1.0 0.000000e+00 0.000000e+00 -1.000000e+00 7.945509e-01 -1.000000e+00 -9.990070e+05 7.756467e-01 7.756467e-01 9.703688e-01 1.522664e+00 5.096714e+00 0.000000e+00 -1.000000e+00 7.933595e-02 0.000000e+00 4.736875e+00
3.137794e+00 -1.000000e+00 0.000000e+00 -1.000000e+00 -1.000000e+00 9.000000e+02 4.421307e-01 -1.000000e+00 -1.000000e+00 1.150349e+01 0.000000e+00 -1.000000e+00 0.000000e+00 1.113580e-02 1.900000e+03 4.735632e+00 0.000000e+00 -9.990070e+05 3.000000e+00 -1.000000e+00 9.298508e-01 -1.0 0.000000e+00 0.000000e+00 -1.000000e+00 8.190637e-01 -1.000000e+00 -9.990070e+05 6.038803e-01 6.038803e-01 9.739960e-01 2.208639e+00 7.420118e+00 0.000000e+00 -1.000000e+00 1.113569e-01 0.000000e+00 6.878523e+00
2.274712e+00 -1.000000e+00 0.000000e+00 -1.000000e+00 -1.000000e+00 2.500000e+02 3.958496e-01 -1.000000e+00 -1.000000e+00 8.246999e+00 0.000000e+00 -1.000000e+00 0.000000e+00 6.910623e-03 1.950000e+03 3.420208e+00 0.000000e+00 -9.990070e+05 3.000000e+00 -1.000000e+00 9.346306e-01 -1.0 0.000000e+00 0.000000e+00 -1.000000e+00 7.990800e-01 -1.000000e+00 -9.990070e+05 7.483503e-01 7.483503e-01 9.710433e-01 1.605082e+00 5.345966e+00 0.000000e+00 -1.000000e+00 8.413663e-02 0.000000e+00 4.963896e+00
2.319430e+00 -1.000000e+00 0.000000e+00 -1.000000e+00 -1.000000e+00 4.500000e+02 3.993825e-01 -1.000000e+00 -1.000000e+00 8.409770e+00 0.000000e+00 -1.000000e+00 0.000000e+00 7.153262e-03 1.950000e+03 3.486993e+00 0.000000e+00 -9.990070e+05 3.000000e+00 -1.000000e+00 9.333945e-01 -1.0 0.000000e+00 0.000000e+00 -1.000000e+00 8.006921e-01 -1.000000e+00 -9.990070e+05 7.380618e-01 7.380618e-01 9.712829e-01 1.636670e+00 5.451758e+00 0.000000e+00 -1.000000e+00 8.594985e-02 0.000000e+00 5.062962e+00
2.262627e+00 -1.000000e+00 0.000000e+00 -1.000000e+00 -1.000000e+00 5.000000e+01 3.948048e-01 -1.000000e+00 -1.000000e+00 8.206077e+00 0.000000e+00 -1.000000e+00 0.000000e+00 6.840780e-03 1.950000e+03 3.402894e+00 0.000000e+00 -9.990070e+05 3.000000e+00 -1.000000e+00 9.349376e-01 -1.0 0.000000e+00 0.000000e+00 -1.000000e+00 7.986001e-01 -1.000000e+00 -9.990070e+05 7.511158e-01 7.511158e-01 9.709720e-01 1.596134e+00 5.319197e+00 0.000000e+00 -1.000000e+00 8.360784e-02 0.000000e+00 4.942774e+00
2.495853e+00 -1.000000e+00 0.000000e+00 -1.000000e+00 -1.000000e+00 6.500000e+02 4.118262e-01 -1.000000e+00 -1.000000e+00 9.060012e+00 0.000000e+00 -1.000000e+00 0.000000e+00 8.095251e-03 1.950000e+03 3.751735e+00 0.000000e+00 -9.990070e+05 3.000000e+00 -1.000000e+00 9.301324e-01 -1.0 0.000000e+00 0.000000e+00 -1.000000e+00 8.062476e-01 -1.000000e+00 -9.990070e+05 7.013974e-01 7.013974e-01 9.721067e-01 1.761254e+00 5.870436e+00 0.000000e+00 -1.000000e+00 9.265959e-02 0.000000e+00 5.447813e+00
3.214893e+00 -1.000000e+00 0.000000e+00 -1.000000e+00 -1.000000e+00 8.500000e+02 4.447989e-01 -1.000000e+00 -1.000000e+00 1.175050e+01 0.000000e+00 -1.000000e+00 0.000000e+00 1.146955e-02 1.950000e+03 4.846188e+00 0.000000e+00 -9.990070e+05 3.000000e+00 -1.000000e+00 9.304754e-01 -1.0 0.000000e+00 0.000000e+00 -1.000000e+00 8.201490e-01 -1.000000e+00 -9.990070e+05 5.944516e-01 5.944516e-01 9.741554e-01 2.264688e+00 7.587019e+00 0.000000e+00 -1.000000e+00 1.131808e-01 0.000000e+00 7.038698e+00
2.809979e+00 -1.000000e+00 0.000000e+00 -1.000000e+00 -1.000000e+00 0.000000e+00 4.289961e-01 -1.000000e+00 -1.000000e+00 1.020162e+01 0.000000e+00 -1.000000e+00 0.000000e+00 9.664576e-03 2.000000e+03 4.224200e+00 0.000000e+00 -9.990070e+05 3.000000e+00 -1.000000e+00 9.283254e-01 -1.0 0.000000e+00 0.000000e+00 -1.000000e+00 8.136239e-01 -1.000000e+00 -9.990070e+05 6.475160e-01 6.475160e-01 9.731958e-01 1.983011e+00 6.608948e+00 0.000000e+00 -1.000000e+00 1.028138e-01 0.000000e+00 6.129837e+00
2.749318e+00 -1.000000e+00 0.000000e+00 -1.000000e+00 -1.000000e+00 2.000000e+02 4.261496e-01 -1.000000e+00 -1.000000e+00 9.974568e+00 0.000000e+00 -1.000000e+00 0.000000e+00 9.379295e-03 2.000000e+03 4.132857e+00 0.000000e+00 -9.990070e+05 3.000000e+00 -1.000000e+00 9.283775e-01 -1.0 0.000000e+00 0.000000e+00 -1.000000e+00 8.124226e-01 -1.000000e+00 -9.990070e+05 6.567604e-01 6.567604e-01 9.730188e-01 1.939978e+00 6.465086e+00 0.000000e+00 -1.000000e+00 1.010538e-01 0.000000e+00 6.004611e+00
2.811386e+00 -1.000000e+00 0.000000e+00 -1.000000e+00 -1.000000e+00 4.000000e+02 4.291237e-01 -1.000000e+00 -1.000000e+00 1.020535e+01 0.000000e+00 -1.000000e+00 0.000000e+00 9.677621e-03 2.000000e+03 4.227150e+00 0.000000e+00 -9.990070e+05 3.000000e+00 -1.000000e+00 9.283553e-01 -1.0 0.000000e+00 0.000000e+00 -1.000000e+00 8.136775e-01 -1.000000e+00 -9.990070e+05 6.472109e-01 6.472109e-01 9.732037e-01 1.983441e+00 6.613050e+00 0.000000e+00 -1.000000e+00 1.028934e-01 0.000000e+00 6.142502e+00
3.061192e+00 -1.000000e+00 0.000000e+00 -1.000000e+00 -1.000000e+00 6.000000e+02 4.393672e-01 -1.000000e+00 -1.000000e+00 1.112217e+01 0.000000e+00 -1.000000e+00 0.000000e+00 1.080334e-02 2.000000e+03 4.603521e+00 0.000000e+00 -9.990070e+05 3.000000e+00 -1.000000e+00 9.291905e-01 -1.0 0.000000e+00 0.000000e+00 -1.000000e+00 8.179328e-01 -1.000000e+00 -9.990070e+05 6.128863e-01 6.128863e-01 9.738299e-01 2.159425e+00 7.204236e+00 0.000000e+00 -1.000000e+00 1.095000e-01 0.000000e+00 6.689858e+00
3.514622e+00 -1.000000e+00 0.000000e+00 -1.000000e+00 -1.000000e+00 8.000000e+02 4.546588e-01 -1.000000e+00 -1.000000e+00 1.281982e+01 0.000000e+00 -1.000000e+00 0.000000e+00 1.282306e-02 2.000000e+03 5.301529e+00 0.000000e+00 -9.990070e+05 3.000000e+00 -1.000000e+00 9.342194e-01 -1.0 0.000000e+00 0.000000e+00 -1.000000e+00 8.241053e-01 -1.000000e+00 -9.990070e+05 5.590021e-01 5.590021e-01 9.747354e-01 2.474488e+00 8.295092e+00 0.000000e+00 -1.000000e+00 1.201945e-01 0.000000e+00 7.708590e+00
-1.000000e+00 -1.000000e+00 0.000000e+00 -1.000000e+00 -1.000000e+00 3.870000e+02 1.521392e-01 -1.000000e+00 -1.000000e+00 -1.000000e+00 0.000000e+00 -1.000000e+00 0.000000e+00 6.109725e-04 4.120000e+02 -1.000000e+00 0.000000e+00 -9.990070e+05 3.000000e+00 -1.000000e+00 5.347466e-01 -1.0 0.000000e+00 0.000000e+00 -1.000000e+00 5.984487e-01 -1.000000e+00 -9.990070e+05 3.870527e-01 3.870527e-01 9.371858e-01 -1.000000e+00 -1.000000e+00 0.000000e+00 -1.000000e+00 1.522739e-02 0.000000e+00 -1.000000e+00
7.205479e-02 -1.000000e+00 0.000000e+00 -1.000000e+00 -1.000000e+00 0.000000e+00 1.240834e-05 -1.000000e+00 -1.000000e+00 3.874426e-01 0.000000e+00 -1.000000e+00 0.000000e+00 1.886749e-10 6.000000e+02 1.142563e-01 0.000000e+00 -9.990070e+05 3.000000e+00 -1.000000e+00 1.654143e-04 -1.0 0.000000e+00 0.000000e+00 -1.000000e+00 7.508996e-04 -1.000000e+00 -9.990070e+05 1.151997e-04 1.151997e-04 1.777429e-02 5.062164e-02 1.978918e-01 0.000000e+00 -1.000000e+00 7.861148e-08 0.000000e+00 1.760702e-01
2.578647e+00 -1.000000e+00 0.000000e+00 -1.000000e+00 -1.000000e+00 5.870000e+02 3.894264e-01 -1.000000e+00 -1.000000e+00 1.000000e+02 0.000000e+00 -1.000000e+00 0.000000e+00 6.494385e-03 6.120000e+02 4.513375e+00 0.000000e+00 -9.990070e+05 3.000000e+00 -1.000000e+00 9.635599e-01 -1.0 0.000000e+00 0.000000e+00 -1.000000e+00 7.961070e-01 -1.000000e+00 -9.990070e+05 8.555954e-01 8.555954e-01 9.706008e-01 2.275919e+00 1.074730e+01 0.000000e+00 -1.000000e+00 8.093834e-02 0.000000e+00 7.701978e+00
3.235525e+00 -1.000000e+00 0.000000e+00 -1.000000e+00 -1.000000e+00 5.750000e+02 4.267728e-01 -1.000000e+00 -1.000000e+00 4.650699e+01 0.000000e+00 -1.000000e+00 0.000000e+00 9.440818e-03 6.250000e+02 5.020801e+00 0.000000e+00 -9.990070e+05 3.000000e+00 -1.000000e+00 9.446902e-01 -1.0 0.000000e+00 0.000000e+00 -1.000000e+00 8.126863e-01 -1.000000e+00 -9.990070e+05 7.186744e-01 7.186744e-01 9.730577e-01 2.371955e+00 9.641599e+00 0.000000e+00 -1.000000e+00 1.014364e-01 0.000000e+00 8.147270e+00
3.233991e+00 -1.000000e+00 0.000000e+00 -1.000000e+00 -1.000000e+00 5.000000e+02 4.130920e-01 -1.000000e+00 -1.000000e+00 3.003624e+01 0.000000e+00 -1.000000e+00 0.000000e+00 8.199448e-03 7.000000e+02 5.843465e+00 0.000000e+00 -9.990070e+05 3.000000e+00 -1.000000e+00 9.524201e-01 -1.0 0.000000e+00 0.000000e+00 -1.000000e+00 8.068024e-01 -1.000000e+00 -9.990070e+05 7.806932e-01 7.806932e-01 9.721887e-01 2.123468e+00 1.254226e+01 0.000000e+00 -1.000000e+00 9.337153e-02 0.000000e+00 9.164520e+00
6.606916e+00 -1.000000e+00 0.000000e+00 -1.000000e+00 -1.000000e+00 6.750000e+02 5.000000e-01 -1.000000e+00 -1.000000e+00 2.641604e+01 0.000000e+00 -1.000000e+00 0.000000e+00 2.275013e-02 7.250000e+02 1.005881e+01 0.000000e+00 -9.990070e+05 3.000000e+00 -1.000000e+00 1.049367e+00 -1.0 0.000000e+00 0.000000e+00 -1.000000e+00 8.413447e-01 -1.000000e+00 -9.990070e+05 3.202973e-01 3.202973e-01 9.772499e-01 4.656483e+00 1.625963e+01 0.000000e+00 -1.000000e+00 1.586553e-01 0.000000e+00 1.496204e+01
6.243361e-01 -1.000000e+00 0.000000e+00 -1.000000e+00 -1.000000e+00 4.500000e+02 4.515443e-02 -1.000000e+00 -1.000000e+00 2.774126e+00 0.000000e+00 -1.000000e+00 0.000000e+00 6.250842e-05 7.500000e+02 9.714225e-01 0.000000e+00 -9.990070e+05 3.000000e+00 -1.000000e+00 3.143179e-01 -1.0 0.000000e+00 0.000000e+00 -1.000000e+00 3.132189e-01 -1.000000e+00 -9.990070e+05 2.534087e-01 2.534087e-01 8.355891e-01 4.325246e-01 1.614683e+00 0.000000e+00 -1.000000e+00 2.672122e-03 0.000000e+00 1.468760e+00
-1.000000e+00 -1.000000e+00 0.000000e+00 -1.000000e+00 -1.000000e+00 6.500000e+02 5.000000e-01 -1.000000e+00 -1.000000e+00 -1.000000e+00 0.000000e+00 -1.000000e+00 0.000000e+00 2.275013e-02 7.500000e+02 -1.000000e+00 0.000000e+00 -9.990070e+05 3.000000e+00 -1.000000e+00 1.190211e+00 -1.0 0.000000e+00 0.000000e+00 -1.000000e+00 8.413447e-01 -1.000000e+00 -9.990070e+05 2.233204e-01 2.233204e-01 9.772499e-01 -1.000000e+00 -1.000000e+00 0.000000e+00 -1.000000e+00 1.586553e-01 0.000000e+00 -1.000000e+00
1.030865e-01 -1.000000e+00 0.000000e+00 -1.000000e+00 -1.000000e+00 0.000000e+00 3.122630e-09 -1.000000e+00 -1.000000e+00 3.978939e-01 0.000000e+00 -1.000000e+00 0.000000e+00 2.281131e-15 8.000000e+02 1.572001e-01 0.000000e+00 -9.990070e+05 3.000000e+00 -1.000000e+00 1.900442e-07 -1.0 0.000000e+00 0.000000e+00 -1.000000e+00 8.435254e-07 -1.000000e+00 -9.990070e+05 1.417814e-07 1.417814e-07 8.672322e-05 7.268619e-02 2.505902e-01 0.000000e+00 -1.000000e+00 4.359198e-12 0.000000e+00 2.316032e-01
9.971028e-01 -1.000000e+00 0.000000e+00 -1.000000e+00 -1.000000e+00 6.000000e+02 1.523071e-01 -1.000000e+00 -1.000000e+00 5.436586e+00 0.000000e+00 -1.000000e+00 0.000000e+00 6.123381e-04 8.000000e+02 1.619115e+00 0.000000e+00 -9.990070e+05 3.000000e+00 -1.000000e+00 6.970945e-01 -1.0 0.000000e+00 0.000000e+00 -1.000000e+00 5.987165e-01 -1.000000e+00 -9.990070e+05 5.804631e-01 5.804631e-01 9.372398e-01 6.842146e-01 2.899044e+00 0.000000e+00 -1.000000e+00 1.525281e-02 0.000000e+00 2.502541e+00
8.571053e+00 -1.000000e+00 0.000000e+00 -1.000000e+00 -1.000000e+00 7.870000e+02 5.000000e-01 -1.000000e+00 -1.000000e+00 7.219327e+01 0.000000e+00 -1.000000e+00 0.000000e+00 2.275013e-02 8.120000e+02 1.556645e+01 0.000000e+00 -9.990070e+05 3.000000e+00 -1.000000e+00 1.064119e+00 -1.0 0.000000e+00 0.000000e+00 -1.000000e+00 8.413447e-01 -1.000000e+00 -9.990070e+05 3.056696e-01 3.056696e-01 9.772499e-01 5.411692e+00 3.220907e+01 0.000000e+00 -1.000000e+00 1.586553e-01 0.000000e+00 2.418175e+01
3.722483e+00 -1.000000e+00 0.000000e+00 -1.000000e+00 -1.000000e+00 7.750000e+02 4.589891e-01 -1.000000e+00 -1.000000e+00 1.426987e+01 0.000000e+00 -1.000000e+00 0.000000e+00 1.348419e-02 8.250000e+02 5.657014e+00 0.000000e+00 -9.990070e+05 3.000000e+00 -1.000000e+00 9.387945e-01 -1.0 0.000000e+00 0.000000e+00 -1.000000e+00 8.258170e-01 -1.000000e+00 -9.990070e+05 5.536595e-01 5.536595e-01 9.749860e-01 2.628180e+00 9.003521e+00 0.000000e+00 -1.000000e+00 1.234158e-01 0.000000e+00 8.314268e+00
1.443267e+00 -1.000000e+00 0.000000e+00 -1.000000e+00 -1.000000e+00 5.500000e+02 2.729705e-01 -1.000000e+00 -1.000000e+00 6.368567e+00 0.000000e+00 -1.000000e+00 0.000000e+00 2.232882e-03 8.500000e+02 2.263255e+00 0.000000e+00 -9.990070e+05 3.000000e+00 -1.000000e+00 9.623601e-01 -1.0 0.000000e+00 0.000000e+00 -1.000000e+00 7.286497e-01 -1.000000e+00 -9.990070e+05 9.160579e-01 9.160579e-01 9.602447e-01 1.000979e+00 3.770843e+00 0.000000e+00 -1.000000e+00 3.932375e-02 0.000000e+00 3.417180e+00
1.208152e+01 -1.000000e+00 0.000000e+00 -1.000000e+00 -1.000000e+00 7.500000e+02 4.801525e-01 -1.000000e+00 -1.000000e+00 1.100000e+02 0.000000e+00 -1.000000e+00 0.000000e+00 1.746155e-02 8.500000e+02 3.566423e+01 0.000000e+00 -9.990070e+05 3.000000e+00 -1.000000e+00 9.661700e-01 -1.0 0.000000e+00 0.000000e+00 -1.000000e+00 8.339746e-01 -1.000000e+00 -9.990070e+05 5.303896e-01 5.303896e-01 9.761774e-01 6.354968e+00 1.100000e+02 0.000000e+00 -1.000000e+00 1.404851e-01 0.000000e+00 6.373331e+01
5.363354e-01 -1.000000e+00 0.000000e+00 -1.000000e+00 -1.000000e+00 5.000000e+02 2.327796e-02 -1.000000e+00 -1.000000e+00 2.112258e+00 0.000000e+00 -1.000000e+00 0.000000e+00 1.964970e-05 9.000000e+02 8.160942e-01 0.000000e+00 -9.990070e+05 3.000000e+00 -1.000000e+00 1.932222e-01 -1.0 0.000000e+00 0.000000e+00 -1.000000e+00 2.042037e-01 -1.000000e+00 -9.990070e+05 1.548475e-01 1.548475e-01 7.297068e-01 3.781380e-01 1.314040e+00 0.000000e+00 -1.000000e+00 1.079914e-03 0.000000e+00 1.205384e+00
3.017027e+00 -1.000000e+00 0.000000e+00 -1.000000e+00 -1.000000e+00 7.000000e+02 4.372125e-01 -1.000000e+00 -1.000000e+00 1.136619e+01 0.000000e+00 -1.000000e+00 0.000000e+00 1.055303e-02 9.000000e+02 4.588052e+00 0.000000e+00 -9.990070e+05 3.000000e+00 -1.000000e+00 9.309118e-01 -1.0 0.000000e+00 0.000000e+00 -1.000000e+00 8.170461e-01 -1.000000e+00 -9.990070e+05 6.284150e-01 6.284150e-01 9.736995e-01 2.131117e+00 7.250438e+00 0.000000e+00 -1.000000e+00 1.080746e-01 0.000000e+00 6.712874e+00
4.886155e+01 -1.000000e+00 0.000000e+00 -1.000000e+00 -1.000000e+00 8.870000e+02 5.000000e-01 -1.000000e+00 -1.000000e+00 3.455959e+02 0.000000e+00 -1.000000e+00 0.000000e+00 2.275013e-02 9.120000e+02 1.316290e+02 0.000000e+00 -9.990070e+05 3.000000e+00 -1.000000e+00 1.160126e+00 -1.0 0.000000e+00 0.000000e+00 -1.000000e+00 8.413447e-01 -1.000000e+00 -9.990070e+05 1.650238e-01 1.650238e-01 9.772499e-01 2.331926e+01 3.455959e+02 0.000000e+00 -1.000000e+00 1.586553e-01 0.000000e+00 2.516833e+02
5.148120e-01 -1.000000e+00 0.000000e+00 -1.000000e+00 -1.000000e+00 4.500000e+02 2.060582e-02 -1.000000e+00 -1.000000e+00 2.098288e+00 0.000000e+00 -1.000000e+00 0.000000e+00 1.595123e-05 9.500000e+02 7.894540e-01 0.000000e+00 -9.990070e+05 3.000000e+00 -1.000000e+00 1.750156e-01 -1.0 0.000000e+00 0.000000e+00 -1.000000e+00 1.882717e-01 -1.000000e+00 -9.990070e+05 1.398941e-01 1.398941e-01 7.062143e-01 3.620396e-01 1.283729e+00 0.000000e+00 -1.000000e+00 9.160200e-04 0.000000e+00 1.174536e+00
1.631564e+00 -1.000000e+00 0.000000e+00 -1.000000e+00 -1.000000e+00 6.500000e+02 3.158622e-01 -1.000000e+00 -1.000000e+00 6.138460e+00 0.000000e+00 -1.000000e+00 0.000000e+00 3.299735e-03 9.500000e+02 2.481387e+00 0.000000e+00 -9.990070e+05 3.000000e+00 -1.000000e+00 9.878085e-01 -1.0 0.000000e+00 0.000000e+00 -1.000000e+00 7.571925e-01 -1.000000e+00 -9.990070e+05 9.664347e-01 9.664347e-01 9.647099e-01 1.152449e+00 3.919427e+00 0.000000e+00 -1.000000e+00 5.171103e-02 0.000000e+00 3.626899e+00
-1.000000e+00 -1.000000e+00 0.000000e+00 -1.000000e+00 -1.000000e+00 8.500000e+02 5.000000e-01 -1.000000e+00 -1.000000e+00 -1.000000e+00 0.000000e+00 -1.000000e+00 0.000000e+00 2.275013e-02 9.500000e+02 -1.000000e+00 0.000000e+00 -9.990070e+05 3.000000e+00 -1.000000e+00 1.228871e+00 -1.0 0.000000e+00 0.000000e+00 -1.000000e+00 8.413447e-01 -1.000000e+00 -9.990070e+05 1.859436e-01 1.859436e-01 9.772499e-01 -1.000000e+00 -1.000000e+00 0.000000e+00 -1.000000e+00 1.586553e-01 0.000000e+00 -1.000000e+00
