6.739563e-01 -1.000000e+00 4.000000e+03 -1.000000e+00 -1.000000e+00 0.000000e+00 5.734766e-02 -1.000000e+00 -1.000000e+00 2.814436e+00 0.000000e+00 -1.000000e+00 1.000000e+00 9.600566e-05 1.000000e+03 1.048174e+00 1.000000e+00 -9.990070e+05 2.000000e+00 -1.000000e+00 1.888849e-01 -1.0 0.000000e+00 0.000000e+00 -1.000000e+00 3.624946e-01 -1.000000e+00 -9.990070e+05 1.200492e-01 1.200492e-01 8.639631e-01 4.695908e-01 1.715349e+00 0.000000e+00 -1.000000e+00 3.725983e-03 1.000000e+00 1.234420e+00
1.831659e+00 -1.000000e+00 0.000000e+00 -1.000000e+00 -1.000000e+00 6.000000e+02 3.426328e-01 -1.000000e+00 -1.000000e+00 7.056472e+00 0.000000e+00 -1.000000e+00 0.000000e+00 4.202869e-03 1.000000e+03 2.807146e+00 0.000000e+00 -9.990070e+05 3.000000e+00 -1.000000e+00 8.553186e-01 -1.0 0.000000e+00 0.000000e+00 -1.000000e+00 7.725453e-01 -1.000000e+00 -9.990070e+05 6.319249e-01 6.319249e-01 9.670577e-01 1.283934e+00 4.471543e+00 0.000000e+00 -1.000000e+00 6.097269e-02 0.000000e+00 3.279166e+00
1.570085e+00 -1.000000e+00 4.000000e+03 -1.000000e+00 -1.000000e+00 8.000000e+02 2.913701e-01 -1.000000e+00 -1.000000e+00 7.447050e+00 0.000000e+00 -1.000000e+00 1.000000e+00 2.643661e-03 1.000000e+03 2.492691e+00 1.000000e+00 -9.990070e+05 2.000000e+00 -1.000000e+00 7.564848e-01 -1.0 0.000000e+00 0.000000e+00 -1.000000e+00 7.415815e-01 -1.000000e+00 -9.990070e+05 5.262230e-01 5.262230e-01 9.622854e-01 1.077097e+00 4.281854e+00 0.000000e+00 -1.000000e+00 4.431208e-02 1.000000e+00 2.958269e+00
1.665424e+00 -1.000000e+00 0.000000e+00 -1.000000e+00 -1.000000e+00 5.500000e+02 3.155519e-01 -1.000000e+00 -1.000000e+00 6.565130e+00 0.000000e+00 -1.000000e+00 0.000000e+00 3.290516e-03 1.050000e+03 2.558232e+00 0.000000e+00 -9.990070e+05 3.000000e+00 -1.000000e+00 8.058193e-01 -1.0 0.000000e+00 0.000000e+00 -1.000000e+00 7.570048e-01 -1.000000e+00 -9.990070e+05 5.759781e-01 5.759781e-01 9.646810e-01 1.165146e+00 4.114531e+00 0.000000e+00 -1.000000e+00 5.161132e-02 0.000000e+00 2.994400e+00
2.767581e+00 -1.000000e+00 0.000000e+00 -1.000000e+00 -1.000000e+00 7.500000e+02 4.194813e-01 -1.000000e+00 -1.000000e+00 1.104085e+01 0.000000e+00 -1.000000e+00 0.000000e+00 8.751790e-03 1.050000e+03 4.266264e+00 0.000000e+00 -9.990070e+05 3.000000e+00 -1.000000e+00 9.659634e-01 -1.0 0.000000e+00 0.000000e+00 -1.000000e+00 8.095756e-01 -1.000000e+00 -9.990070e+05 8.260526e-01 8.260526e-01 9.725987e-01 1.928336e+00 6.905597e+00 0.000000e+00 -1.000000e+00 9.705220e-02 0.000000e+00 5.015561e+00
1.303249e+00 -1.000000e+00 0.000000e+00 -1.000000e+00 -1.000000e+00 1.000000e+02 2.415854e-01 -1.000000e+00 -1.000000e+00 5.047337e+00 0.000000e+00 -1.000000e+00 0.000000e+00 1.658308e-03 1.100000e+03 1.993030e+00 0.000000e+00 -9.990070e+05 3.000000e+00 -1.000000e+00 6.530041e-01 -1.0 0.000000e+00 0.000000e+00 -1.000000e+00 7.035964e-01 -1.000000e+00 -9.990070e+05 4.390444e-01 4.390444e-01 9.561948e-01 9.146237e-01 3.180896e+00 0.000000e+00 -1.000000e+00 3.176626e-02 0.000000e+00 2.324695e+00
1.038394e+00 -1.000000e+00 0.000000e+00 -1.000000e+00 -1.000000e+00 3.000000e+02 1.670154e-01 -1.000000e+00 -1.000000e+00 3.976866e+00 0.000000e+00 -1.000000e+00 0.000000e+00 7.393602e-04 1.100000e+03 1.591941e+00 0.000000e+00 -9.990070e+05 3.000000e+00 -1.000000e+00 4.812999e-01 -1.0 0.000000e+00 0.000000e+00 -1.000000e+00 6.208627e-01 -1.000000e+00 -9.990070e+05 3.137313e-01 3.137313e-01 9.415862e-01 7.279193e-01 2.529113e+00 0.000000e+00 -1.000000e+00 1.755375e-02 0.000000e+00 1.863102e+00
1.571911e+00 -1.000000e+00 0.000000e+00 -1.000000e+00 -1.000000e+00 5.000000e+02 2.980329e-01 -1.000000e+00 -1.000000e+00 6.232698e+00 0.000000e+00 -1.000000e+00 0.000000e+00 2.808652e-03 1.100000e+03 2.417256e+00 0.000000e+00 -9.990070e+05 3.000000e+00 -1.000000e+00 7.713964e-01 -1.0 0.000000e+00 0.000000e+00 -1.000000e+00 7.459962e-01 -1.000000e+00 -9.990070e+05 5.412943e-01 5.412943e-01 9.629751e-01 1.098217e+00 3.901620e+00 0.000000e+00 -1.000000e+00 4.623393e-02 0.000000e+00 2.831948e+00
2.859314e+00 -1.000000e+00 0.000000e+00 -1.000000e+00 -1.000000e+00 7.000000e+02 4.251240e-01 -1.000000e+00 -1.000000e+00 1.271883e+01 0.000000e+00 -1.000000e+00 0.000000e+00 9.279143e-03 1.100000e+03 4.520725e+00 0.000000e+00 -9.990070e+05 3.000000e+00 -1.000000e+00 9.719161e-01 -1.0 0.000000e+00 0.000000e+00 -1.000000e+00 8.119878e-01 -1.000000e+00 -9.990070e+05 8.445729e-01 8.445729e-01 9.729547e-01 1.974214e+00 7.585626e+00 0.000000e+00 -1.000000e+00 1.004274e-01 0.000000e+00 5.327754e+00
2.754538e+00 -1.000000e+00 0.000000e+00 -1.000000e+00 -1.000000e+00 9.000000e+02 4.212094e-01 -1.000000e+00 -1.000000e+00 1.083489e+01 0.000000e+00 -1.000000e+00 0.000000e+00 8.909164e-03 1.100000e+03 4.229176e+00 0.000000e+00 -9.990070e+05 3.000000e+00 -1.000000e+00 9.679699e-01 -1.0 0.000000e+00 0.000000e+00 -1.000000e+00 8.103179e-01 -1.000000e+00 -9.990070e+05 8.322868e-01 8.322868e-01 9.727083e-01 1.929992e+00 6.808628e+00 0.000000e+00 -1.000000e+00 9.807319e-02 0.000000e+00 4.950040e+00
1.407213e+00 -1.000000e+00 0.000000e+00 -1.000000e+00 -1.000000e+00 2.500000e+02 2.664865e-01 -1.000000e+00 -1.000000e+00 5.404172e+00 0.000000e+00 -1.000000e+00 0.000000e+00 2.102199e-03 1.150000e+03 2.156933e+00 0.000000e+00 -9.990070e+05 3.000000e+00 -1.000000e+00 7.073878e-01 -1.0 0.000000e+00 0.000000e+00 -1.000000e+00 7.238074e-01 -1.000000e+00 -9.990070e+05 4.839871e-01 4.839871e-01 9.594723e-01 9.861903e-01 3.432215e+00 0.000000e+00 -1.000000e+00 3.766956e-02 0.000000e+00 2.523523e+00
1.767058e+00 -1.000000e+00 0.000000e+00 -1.000000e+00 -1.000000e+00 4.500000e+02 3.303193e-01 -1.000000e+00 -1.000000e+00 7.369203e+00 0.000000e+00 -1.000000e+00 0.000000e+00 3.759458e-03 1.150000e+03 2.744076e+00 0.000000e+00 -9.990070e+05 3.000000e+00 -1.000000e+00 8.334703e-01 -1.0 0.000000e+00 0.000000e+00 -1.000000e+00 7.656815e-01 -1.000000e+00 -9.990070e+05 6.062096e-01 6.062096e-01 9.660122e-01 1.233210e+00 4.496634e+00 0.000000e+00 -1.000000e+00 5.654532e-02 0.000000e+00 3.233500e+00
9.736536e-01 -1.000000e+00 0.000000e+00 -1.000000e+00 -1.000000e+00 5.000000e+01 1.454398e-01 -1.000000e+00 -1.000000e+00 3.966270e+00 0.000000e+00 -1.000000e+00 0.000000e+00 5.579636e-04 1.150000e+03 1.500728e+00 0.000000e+00 -9.990070e+05 3.000000e+00 -1.000000e+00 4.268615e-01 -1.0 0.000000e+00 0.000000e+00 -1.000000e+00 5.874625e-01 -1.000000e+00 -9.990070e+05 2.761665e-01 2.761665e-01 9.349401e-01 6.801405e-01 2.443822e+00 0.000000e+00 -1.000000e+00 1.422805e-02 0.000000e+00 1.768439e+00
3.163847e+00 -1.000000e+00 0.000000e+00 -1.000000e+00 -1.000000e+00 6.500000e+02 4.375668e-01 -1.000000e+00 -1.000000e+00 1.264066e+01 0.000000e+00 -1.000000e+00 0.000000e+00 1.059367e-02 1.150000e+03 4.865338e+00 0.000000e+00 -9.990070e+05 3.000000e+00 -1.000000e+00 9.831143e-01 -1.0 0.000000e+00 0.000000e+00 -1.000000e+00 8.171922e-01 -1.000000e+00 -9.990070e+05 8.859909e-01 8.859909e-01 9.737210e-01 2.211018e+00 7.878510e+00 0.000000e+00 -1.000000e+00 1.083077e-01 0.000000e+00 5.716402e+00
3.290051e+00 -1.000000e+00 0.000000e+00 -1.000000e+00 -1.000000e+00 8.500000e+02 4.407839e-01 -1.000000e+00 -1.000000e+00 1.467443e+01 0.000000e+00 -1.000000e+00 0.000000e+00 1.097214e-02 1.150000e+03 5.211730e+00 0.000000e+00 -9.990070e+05 3.000000e+00 -1.000000e+00 9.856800e-01 -1.0 0.000000e+00 0.000000e+00 -1.000000e+00 8.185135e-01 -1.000000e+00 -9.990070e+05 8.975109e-01 8.975109e-01 9.739152e-01 2.254837e+00 8.750736e+00 0.000000e+00 -1.000000e+00 1.104479e-01 0.000000e+00 6.144519e+00
1.248437e+00 -1.000000e+00 0.000000e+00 -1.000000e+00 -1.000000e+00 0.000000e+00 2.273622e-01 -1.000000e+00 -1.000000e+00 4.797459e+00 0.000000e+00 -1.000000e+00 0.000000e+00 1.440680e-03 1.200000e+03 1.914374e+00 0.000000e+00 -9.990070e+05 3.000000e+00 -1.000000e+00 6.222300e-01 -1.0 0.000000e+00 0.000000e+00 -1.000000e+00 6.907203e-01 -1.000000e+00 -9.990070e+05 4.155225e-01 4.155225e-01 9.540571e-01 8.748202e-01 3.047231e+00 0.000000e+00 -1.000000e+00 2.868471e-02 0.000000e+00 2.239270e+00
1.709115e+00 -1.000000e+00 0.000000e+00 -1.000000e+00 -1.000000e+00 2.000000e+02 3.231609e-01 -1.000000e+00 -1.000000e+00 6.634208e+00 0.000000e+00 -1.000000e+00 0.000000e+00 3.524248e-03 1.200000e+03 2.627280e+00 0.000000e+00 -9.990070e+05 3.000000e+00 -1.000000e+00 8.203519e-01 -1.0 0.000000e+00 0.000000e+00 -1.000000e+00 7.615395e-01 -1.000000e+00 -9.990070e+05 5.916505e-01 5.916505e-01 9.653781e-01 1.195250e+00 4.198534e+00 0.000000e+00 -1.000000e+00 5.410487e-02 0.000000e+00 3.076509e+00
1.698384e+00 -1.000000e+00 0.000000e+00 -1.000000e+00 -1.000000e+00 4.000000e+02 3.245349e-01 -1.000000e+00 -1.000000e+00 6.405752e+00 0.000000e+00 -1.000000e+00 0.000000e+00 3.568203e-03 1.200000e+03 2.599865e+00 0.000000e+00 -9.990070e+05 3.000000e+00 -1.000000e+00 8.232610e-01 -1.0 0.000000e+00 0.000000e+00 -1.000000e+00 7.623436e-01 -1.000000e+00 -9.990070e+05 5.951030e-01 5.951030e-01 9.655014e-01 1.191990e+00 4.107286e+00 0.000000e+00 -1.000000e+00 5.456605e-02 0.000000e+00 3.036584e+00
2.300027e+00 -1.000000e+00 0.000000e+00 -1.000000e+00 -1.000000e+00 6.000000e+02 3.937654e-01 -1.000000e+00 -1.000000e+00 8.704908e+00 0.000000e+00 -1.000000e+00 0.000000e+00 6.772146e-03 1.200000e+03 3.524718e+00 0.000000e+00 -9.990070e+05 3.000000e+00 -1.000000e+00 9.354045e-01 -1.0 0.000000e+00 0.000000e+00 -1.000000e+00 7.981213e-01 -1.000000e+00 -9.990070e+05 7.543482e-01 7.543482e-01 9.709007e-01 1.613244e+00 5.572126e+00 0.000000e+00 -1.000000e+00 8.308516e-02 0.000000e+00 4.123878e+00
5.625222e+00 -1.000000e+00 4.000000e+03 -1.000000e+00 -1.000000e+00 8.000000e+02 4.791904e-01 -1.000000e+00 -1.000000e+00 2.166716e+01 0.000000e+00 -1.000000e+00 1.000000e+00 1.724895e-02 1.200000e+03 8.623588e+00 1.000000e+00 -9.990070e+05 3.000000e+00 -1.000000e+00 9.963480e-01 -1.0 0.000000e+00 0.000000e+00 -1.000000e+00 8.336108e-01 -1.000000e+00 -9.990070e+05 9.276954e-01 9.276954e-01 9.761244e-01 3.943163e+00 1.373258e+01 0.000000e+00 -1.000000e+00 1.396592e-01 0.000000e+00 1.007487e+01
1.963761e+00 -1.000000e+00 0.000000e+00 -1.000000e+00 -1.000000e+00 1.500000e+02 3.594059e-01 -1.000000e+00 -1.000000e+00 7.567471e+00 0.000000e+00 -1.000000e+00 0.000000e+00 4.899133e-03 1.250000e+03 3.010627e+00 0.000000e+00 -9.990070e+05 3.000000e+00 -1.000000e+00 8.839048e-01 -1.0 0.000000e+00 0.000000e+00 -1.000000e+00 7.814143e-01 -1.000000e+00 -9.990070e+05 6.695234e-01 6.695234e-01 9.683992e-01 1.376296e+00 4.799212e+00 0.000000e+00 -1.000000e+00 6.751517e-02 0.000000e+00 3.517485e+00
1.857883e+00 -1.000000e+00 0.000000e+00 -1.000000e+00 -1.000000e+00 3.500000e+02 3.445866e-01 -1.000000e+00 -1.000000e+00 7.327696e+00 0.000000e+00 -1.000000e+00 0.000000e+00 4.278162e-03 1.250000e+03 2.854366e+00 0.000000e+00 -9.990070e+05 3.000000e+00 -1.000000e+00 8.587900e-01 -1.0 0.000000e+00 0.000000e+00 -1.000000e+00 7.736058e-01 -1.000000e+00 -9.990070e+05 6.362835e-01 6.362835e-01 9.672186e-01 1.299865e+00 4.592953e+00 0.000000e+00 -1.000000e+00 6.170336e-02 0.000000e+00 3.336922e+00
3.434151e+00 -1.000000e+00 0.000000e+00 -1.000000e+00 -1.000000e+00 5.500000e+02 4.472052e-01 -1.000000e+00 -1.000000e+00 1.321449e+01 0.000000e+00 -1.000000e+00 0.000000e+00 1.178186e-02 1.250000e+03 5.265831e+00 0.000000e+00 -9.990070e+05 3.000000e+00 -1.000000e+00 9.903653e-01 -1.0 0.000000e+00 0.000000e+00 -1.000000e+00 8.211223e-01 -1.000000e+00 -9.990070e+05 9.217106e-01 9.217106e-01 9.742982e-01 2.405407e+00 8.390345e+00 0.000000e+00 -1.000000e+00 1.148523e-01 0.000000e+00 6.161377e+00
5.480886e+00 -1.000000e+00 0.000000e+00 -1.000000e+00 -1.000000e+00 7.500000e+02 4.771795e-01 -1.000000e+00 -1.000000e+00 2.196317e+01 0.000000e+00 -1.000000e+00 0.000000e+00 1.681565e-02 1.250000e+03 8.438345e+00 0.000000e+00 -9.990070e+05 3.000000e+00 -1.000000e+00 9.967147e-01 -1.0 0.000000e+00 0.000000e+00 -1.000000e+00 8.328483e-01 -1.000000e+00 -9.990070e+05 9.398228e-01 9.398228e-01 9.760132e-01 3.823290e+00 1.369912e+01 0.000000e+00 -1.000000e+00 1.379488e-01 0.000000e+00 9.934147e+00
2.414571e+00 -1.000000e+00 0.000000e+00 -1.000000e+00 -1.000000e+00 1.000000e+02 3.982531e-01 -1.000000e+00 -1.000000e+00 9.941465e+00 0.000000e+00 -1.000000e+00 0.000000e+00 7.074584e-03 1.300000e+03 3.736085e+00 0.000000e+00 -9.990070e+05 3.000000e+00 -1.000000e+00 9.410982e-01 -1.0 0.000000e+00 0.000000e+00 -1.000000e+00 8.001785e-01 -1.000000e+00 -9.990070e+05 7.656676e-01 7.656676e-01 9.712066e-01 1.683572e+00 6.116319e+00 0.000000e+00 -1.000000e+00 8.536591e-02 0.000000e+00 4.407976e+00
3.689118e+00 -1.000000e+00 0.000000e+00 -1.000000e+00 -1.000000e+00 3.000000e+02 4.525219e-01 -1.000000e+00 -1.000000e+00 1.484748e+01 0.000000e+00 -1.000000e+00 0.000000e+00 1.251256e-02 1.300000e+03 5.674776e+00 0.000000e+00 -9.990070e+05 3.000000e+00 -1.000000e+00 9.936744e-01 -1.0 0.000000e+00 0.000000e+00 -1.000000e+00 8.232550e-01 -1.000000e+00 -9.990070e+05 9.422170e-01 9.422170e-01 9.746109e-01 2.575340e+00 9.220884e+00 0.000000e+00 -1.000000e+00 1.186371e-01 0.000000e+00 6.681848e+00
2.938176e+00 -1.000000e+00 0.000000e+00 -1.000000e+00 -1.000000e+00 5.000000e+02 4.281743e-01 -1.000000e+00 -1.000000e+00 1.193495e+01 0.000000e+00 -1.000000e+00 0.000000e+00 9.581083e-03 1.300000e+03 4.535473e+00 0.000000e+00 -9.990070e+05 3.000000e+00 -1.000000e+00 9.748765e-01 -1.0 0.000000e+00 0.000000e+00 -1.000000e+00 8.132779e-01 -1.000000e+00 -9.990070e+05 8.544935e-01 8.544935e-01 9.731449e-01 2.050120e+00 7.395355e+00 0.000000e+00 -1.000000e+00 1.023024e-01 0.000000e+00 5.345643e+00
4.375523e+00 -1.000000e+00 4.000000e+03 -1.000000e+00 -1.000000e+00 7.000000e+02 4.668220e-01 -1.000000e+00 -1.000000e+00 1.682352e+01 0.000000e+00 -1.000000e+00 1.000000e+00 1.479976e-02 1.300000e+03 6.672542e+00 1.000000e+00 -9.990070e+05 3.000000e+00 -1.000000e+00 9.996776e-01 -1.0 0.000000e+00 0.000000e+00 -1.000000e+00 8.288753e-01 -1.000000e+00 -9.990070e+05 9.956595e-01 9.956595e-01 9.754332e-01 3.073291e+00 1.057712e+01 0.000000e+00 -1.000000e+00 1.294710e-01 0.000000e+00 7.779027e+00
7.873087e+00 -1.000000e+00 4.000000e+03 -1.000000e+00 -1.000000e+00 9.000000e+02 4.889835e-01 -1.000000e+00 -1.000000e+00 3.050943e+01 0.000000e+00 -1.000000e+00 1.000000e+00 1.958682e-02 1.300000e+03 1.202026e+01 1.000000e+00 -9.990070e+05 2.000000e+00 -1.000000e+00 9.958925e-01 -1.0 0.000000e+00 0.000000e+00 -1.000000e+00 8.372848e-01 -1.000000e+00 -9.990070e+05 8.585652e-01 8.585652e-01 9.766595e-01 5.523887e+00 1.921351e+01 0.000000e+00 -1.000000e+00 1.482992e-01 1.000000e+00 1.406515e+01
2.874761e+00 -1.000000e+00 0.000000e+00 -1.000000e+00 -1.000000e+00 2.500000e+02 4.260855e-01 -1.000000e+00 -1.000000e+00 1.142743e+01 0.000000e+00 -1.000000e+00 0.000000e+00 9.372992e-03 1.350000e+03 4.417678e+00 0.000000e+00 -9.990070e+05 3.000000e+00 -1.000000e+00 9.728213e-01 -1.0 0.000000e+00 0.000000e+00 -1.000000e+00 8.123955e-01 -1.000000e+00 -9.990070e+05 8.474715e-01 8.474715e-01 9.730148e-01 2.009991e+00 7.135070e+00 0.000000e+00 -1.000000e+00 1.010145e-01 0.000000e+00 5.179465e+00
3.986688e+00 -1.000000e+00 0.000000e+00 -1.000000e+00 -1.000000e+00 4.500000e+02 4.585582e-01 -1.000000e+00 -1.000000e+00 1.742937e+01 0.000000e+00 -1.000000e+00 0.000000e+00 1.341640e-02 1.350000e+03 6.310100e+00 0.000000e+00 -9.990070e+05 3.000000e+00 -1.000000e+00 9.969059e-01 -1.0 0.000000e+00 0.000000e+00 -1.000000e+00 8.256474e-01 -1.000000e+00 -9.990070e+05 9.671524e-01 9.671524e-01 9.749612e-01 2.764523e+00 1.046971e+01 0.000000e+00 -1.000000e+00 1.230912e-01 0.000000e+00 7.403535e+00
2.297663e+00 -1.000000e+00 0.000000e+00 -1.000000e+00 -1.000000e+00 5.000000e+01 3.917474e-01 -1.000000e+00 -1.000000e+00 8.971157e+00 0.000000e+00 -1.000000e+00 0.000000e+00 6.641233e-03 1.350000e+03 3.520445e+00 0.000000e+00 -9.990070e+05 3.000000e+00 -1.000000e+00 9.326618e-01 -1.0 0.000000e+00 0.000000e+00 -1.000000e+00 7.971876e-01 -1.000000e+00 -9.990070e+05 7.489565e-01 7.489565e-01 9.707618e-01 1.610523e+00 5.648622e+00 0.000000e+00 -1.000000e+00 8.207969e-02 0.000000e+00 4.118593e+00
4.676149e+00 -1.000000e+00 0.000000e+00 -1.000000e+00 -1.000000e+00 6.500000e+02 4.701470e-01 -1.000000e+00 -1.000000e+00 1.817476e+01 0.000000e+00 -1.000000e+00 0.000000e+00 1.540995e-02 1.350000e+03 7.167192e+00 0.000000e+00 -9.990070e+05 3.000000e+00 -1.000000e+00 9.985071e-01 -1.0 0.000000e+00 0.000000e+00 -1.000000e+00 8.301593e-01 -1.000000e+00 -9.990070e+05 9.781171e-01 9.781171e-01 9.756208e-01 3.275449e+00 1.147506e+01 0.000000e+00 -1.000000e+00 1.321329e-01 0.000000e+00 8.371194e+00
7.009727e+00 -1.000000e+00 4.000000e+03 -1.000000e+00 -1.000000e+00 8.500000e+02 4.858147e-01 -1.000000e+00 -1.000000e+00 2.792040e+01 0.000000e+00 -1.000000e+00 1.000000e+00 1.878639e-02 1.350000e+03 1.077568e+01 1.000000e+00 -9.990070e+05 3.000000e+00 -1.000000e+00 9.957645e-01 -1.0 0.000000e+00 0.000000e+00 -1.000000e+00 8.361030e-01 -1.000000e+00 -9.990070e+05 8.833372e-01 8.833372e-01 9.764875e-01 4.896913e+00 1.742536e+01 0.000000e+00 -1.000000e+00 1.454464e-01 0.000000e+00 1.266373e+01
4.446871e+00 -1.000000e+00 4.000000e+03 -1.000000e+00 -1.000000e+00 0.000000e+00 4.671791e-01 -1.000000e+00 -1.000000e+00 1.740727e+01 0.000000e+00 -1.000000e+00 1.000000e+00 1.486372e-02 1.400000e+03 6.814434e+00 1.000000e+00 -9.990070e+05 2.000000e+00 -1.000000e+00 9.995343e-01 -1.0 0.000000e+00 0.000000e+00 -1.000000e+00 8.290135e-01 -1.000000e+00 -9.990070e+05 9.936758e-01 9.936758e-01 9.754534e-01 3.115185e+00 1.093591e+01 0.000000e+00 -1.000000e+00 1.297542e-01 1.000000e+00 7.969420e+00
2.876906e+00 -1.000000e+00 0.000000e+00 -1.000000e+00 -1.000000e+00 2.000000e+02 4.277669e-01 -1.000000e+00 -1.000000e+00 1.102271e+01 0.000000e+00 -1.000000e+00 0.000000e+00 9.540036e-03 1.400000e+03 4.405390e+00 0.000000e+00 -9.990070e+05 3.000000e+00 -1.000000e+00 9.745526e-01 -1.0 0.000000e+00 0.000000e+00 -1.000000e+00 8.131062e-01 -1.000000e+00 -9.990070e+05 8.534860e-01 8.534860e-01 9.731195e-01 2.017313e+00 7.004938e+00 0.000000e+00 -1.000000e+00 1.020499e-01 0.000000e+00 5.152205e+00
3.748704e+00 -1.000000e+00 4.000000e+03 -1.000000e+00 -1.000000e+00 4.000000e+02 4.558903e-01 -1.000000e+00 -1.000000e+00 1.417063e+01 0.000000e+00 -1.000000e+00 1.000000e+00 1.300662e-02 1.400000e+03 5.741366e+00 1.000000e+00 -9.990070e+05 2.000000e+00 -1.000000e+00 9.956371e-01 -1.0 0.000000e+00 0.000000e+00 -1.000000e+00 8.245937e-01 -1.000000e+00 -9.990070e+05 9.567378e-01 9.567378e-01 9.748070e-01 2.629765e+00 9.077475e+00 0.000000e+00 -1.000000e+00 1.211016e-01 1.000000e+00 6.714211e+00
6.094577e+00 -1.000000e+00 4.000000e+03 -1.000000e+00 -1.000000e+00 6.000000e+02 4.819647e-01 -1.000000e+00 -1.000000e+00 2.366825e+01 0.000000e+00 -1.000000e+00 1.000000e+00 1.787158e-02 1.400000e+03 9.354099e+00 1.000000e+00 -9.990070e+05 3.000000e+00 -1.000000e+00 9.959743e-01 -1.0 0.000000e+00 0.000000e+00 -1.000000e+00 8.346581e-01 -1.000000e+00 -9.990070e+05 9.099635e-01 9.099635e-01 9.762770e-01 4.268405e+00 1.495543e+01 0.000000e+00 -1.000000e+00 1.420542e-01 0.000000e+00 1.092985e+01
6.670454e+00 -1.000000e+00 4.000000e+03 -1.000000e+00 -1.000000e+00 8.000000e+02 4.848660e-01 -1.000000e+00 -1.000000e+00 2.562692e+01 0.000000e+00 -1.000000e+00 1.000000e+00 1.855526e-02 1.400000e+03 1.020785e+01 1.000000e+00 -9.990070e+05 2.000000e+00 -1.000000e+00 9.957776e-01 -1.0 0.000000e+00 0.000000e+00 -1.000000e+00 8.357478e-01 -1.000000e+00 -9.990070e+05 8.901010e-01 8.901010e-01 9.764357e-01 4.676934e+00 1.626227e+01 0.000000e+00 -1.000000e+00 1.446030e-01 1.000000e+00 1.193458e+01
3.756713e+00 -1.000000e+00 4.000000e+03 -1.000000e+00 -1.000000e+00 1.500000e+02 4.555611e-01 -1.000000e+00 -1.000000e+00 1.441768e+01 0.000000e+00 -1.000000e+00 1.000000e+00 1.295721e-02 1.450000e+03 5.763654e+00 1.000000e+00 -9.990070e+05 2.000000e+00 -1.000000e+00 9.954559e-01 -1.0 0.000000e+00 0.000000e+00 -1.000000e+00 8.244632e-01 -1.000000e+00 -9.990070e+05 9.553123e-01 9.553123e-01 9.747879e-01 2.632224e+00 9.165360e+00 0.000000e+00 -1.000000e+00 1.208584e-01 1.000000e+00 6.741463e+00
4.130754e+00 -1.000000e+00 0.000000e+00 -1.000000e+00 -1.000000e+00 3.500000e+02 4.633115e-01 -1.000000e+00 -1.000000e+00 1.555359e+01 0.000000e+00 -1.000000e+00 0.000000e+00 1.418996e-02 1.450000e+03 6.317971e+00 0.000000e+00 -9.990070e+05 3.000000e+00 -1.000000e+00 9.991583e-01 -1.0 0.000000e+00 0.000000e+00 -1.000000e+00 8.275105e-01 -1.000000e+00 -9.990070e+05 9.897605e-01 9.897605e-01 9.752338e-01 2.899816e+00 9.979068e+00 0.000000e+00 -1.000000e+00 1.267202e-01 0.000000e+00 7.378667e+00
4.606233e+00 -1.000000e+00 0.000000e+00 -1.000000e+00 -1.000000e+00 5.500000e+02 4.687557e-01 -1.000000e+00 -1.000000e+00 1.853879e+01 0.000000e+00 -1.000000e+00 0.000000e+00 1.515062e-02 1.450000e+03 7.088342e+00 0.000000e+00 -9.990070e+05 3.000000e+00 -1.000000e+00 9.989569e-01 -1.0 0.000000e+00 0.000000e+00 -1.000000e+00 8.296230e-01 -1.000000e+00 -9.990070e+05 9.852653e-01 9.852653e-01 9.755425e-01 3.218989e+00 1.152180e+01 0.000000e+00 -1.000000e+00 1.310123e-01 0.000000e+00 8.339751e+00
7.335161e+00 -1.000000e+00 4.000000e+03 -1.000000e+00 -1.000000e+00 7.500000e+02 4.873379e-01 -1.000000e+00 -1.000000e+00 2.831522e+01 0.000000e+00 -1.000000e+00 1.000000e+00 1.916559e-02 1.450000e+03 1.122222e+01 1.000000e+00 -9.990070e+05 2.000000e+00 -1.000000e+00 9.957854e-01 -1.0 0.000000e+00 0.000000e+00 -1.000000e+00 8.366719e-01 -1.000000e+00 -9.990070e+05 8.717364e-01 8.717364e-01 9.765703e-01 5.142399e+00 1.791333e+01 0.000000e+00 -1.000000e+00 1.468108e-01 1.000000e+00 1.312630e+01
5.241501e+00 -1.000000e+00 0.000000e+00 -1.000000e+00 -1.000000e+00 0.000000e+00 4.765609e-01 -1.000000e+00 -1.000000e+00 1.977517e+01 0.000000e+00 -1.000000e+00 0.000000e+00 1.668529e-02 1.500000e+03 8.034166e+00 0.000000e+00 -9.990070e+05 3.000000e+00 -1.000000e+00 9.968107e-01 -1.0 0.000000e+00 0.000000e+00 -1.000000e+00 8.326131e-01 -1.000000e+00 -9.990070e+05 9.429056e-01 9.429056e-01 9.759789e-01 3.676710e+00 1.268360e+01 0.000000e+00 -1.000000e+00 1.374269e-01 0.000000e+00 9.398646e+00
5.274018e+00 -1.000000e+00 4.000000e+03 -1.000000e+00 -1.000000e+00 1.000000e+02 4.762948e-01 -1.000000e+00 -1.000000e+00 2.036882e+01 0.000000e+00 -1.000000e+00 1.000000e+00 1.662964e-02 1.500000e+03 8.077123e+00 1.000000e+00 -9.990070e+05 3.000000e+00 -1.000000e+00 9.968741e-01 -1.0 0.000000e+00 0.000000e+00 -1.000000e+00 8.325120e-01 -1.000000e+00 -9.990070e+05 9.445605e-01 9.445605e-01 9.759641e-01 3.696567e+00 1.289429e+01 0.000000e+00 -1.000000e+00 1.372031e-01 0.000000e+00 9.448904e+00
5.399027e+00 -1.000000e+00 4.000000e+03 -1.000000e+00 -1.000000e+00 3.000000e+02 4.768994e-01 -1.000000e+00 -1.000000e+00 2.194330e+01 0.000000e+00 -1.000000e+00 1.000000e+00 1.675647e-02 1.500000e+03 8.335292e+00 1.000000e+00 -9.990070e+05 3.000000e+00 -1.000000e+00 9.967526e-01 -1.0 0.000000e+00 0.000000e+00 -1.000000e+00 8.327419e-01 -1.000000e+00 -9.990070e+05 9.411394e-01 9.411394e-01 9.759977e-01 3.775808e+00 1.359506e+01 0.000000e+00 -1.000000e+00 1.377123e-01 0.000000e+00 9.820670e+00
6.162617e+00 -1.000000e+00 4.000000e+03 -1.000000e+00 -1.000000e+00 5.000000e+02 4.823588e-01 -1.000000e+00 -1.000000e+00 2.345959e+01 0.000000e+00 -1.000000e+00 1.000000e+00 1.796245e-02 1.500000e+03 9.449146e+00 1.000000e+00 -9.990070e+05 2.000000e+00 -1.000000e+00 9.959344e-01 -1.0 0.000000e+00 0.000000e+00 -1.000000e+00 8.348064e-01 -1.000000e+00 -9.990070e+05 9.073304e-01 9.073304e-01 9.762986e-01 4.316677e+00 1.499234e+01 0.000000e+00 -1.000000e+00 1.423977e-01 1.000000e+00 1.105289e+01
8.441503e+00 -1.000000e+00 4.000000e+03 -1.000000e+00 -1.000000e+00 7.000000e+02 4.904744e-01 -1.000000e+00 -1.000000e+00 3.234817e+01 0.000000e+00 -1.000000e+00 1.000000e+00 1.997919e-02 1.500000e+03 1.293611e+01 1.000000e+00 -9.990070e+05 3.000000e+00 -1.000000e+00 9.960640e-01 -1.0 0.000000e+00 0.000000e+00 -1.000000e+00 8.378387e-01 -1.000000e+00 -9.990070e+05 8.456479e-01 8.456479e-01 9.767401e-01 5.919600e+00 2.056344e+01 0.000000e+00 -1.000000e+00 1.496607e-01 0.000000e+00 1.511189e+01
1.418322e+01 -1.000000e+00 0.000000e+00 -1.000000e+00 -1.000000e+00 9.000000e+02 4.987911e-01 -1.000000e+00 -1.000000e+00 5.606044e+01 0.000000e+00 -1.000000e+00 0.000000e+00 2.237132e-02 1.500000e+03 2.175079e+01 0.000000e+00 -9.990070e+05 3.000000e+00 -1.000000e+00 9.990855e-01 -1.0 0.000000e+00 0.000000e+00 -1.000000e+00 8.409028e-01 -1.000000e+00 -9.990070e+05 7.482017e-01 7.482017e-01 9.771857e-01 9.924871e+00 3.506503e+01 0.000000e+00 -1.000000e+00 1.574850e-01 0.000000e+00 2.553796e+01
7.249284e+00 -1.000000e+00 4.000000e+03 -1.000000e+00 -1.000000e+00 2.500000e+02 4.871869e-01 -1.000000e+00 -1.000000e+00 2.776593e+01 0.000000e+00 -1.000000e+00 1.000000e+00 1.912756e-02 1.550000e+03 1.108078e+01 1.000000e+00 -9.990070e+05 3.000000e+00 -1.000000e+00 9.957800e-01 -1.0 0.000000e+00 0.000000e+00 -1.000000e+00 8.366156e-01 -1.000000e+00 -9.990070e+05 8.729061e-01 8.729061e-01 9.765621e-01 5.087190e+00 1.763384e+01 0.000000e+00 -1.000000e+00 1.466751e-01 0.000000e+00 1.294643e+01
7.828037e+00 -1.000000e+00 4.000000e+03 -1.000000e+00 -1.000000e+00 4.500000e+02 4.884779e-01 -1.000000e+00 -1.000000e+00 3.411350e+01 0.000000e+00 -1.000000e+00 1.000000e+00 1.945610e-02 1.550000e+03 1.235949e+01 1.000000e+00 -9.990070e+05 3.000000e+00 -1.000000e+00 9.958531e-01 -1.0 0.000000e+00 0.000000e+00 -1.000000e+00 8.370967e-01 -1.000000e+00 -9.990070e+05 8.627856e-01 8.627856e-01 9.766321e-01 5.437465e+00 2.056913e+01 0.000000e+00 -1.000000e+00 1.478403e-01 0.000000e+00 1.456578e+01
7.410670e+00 -1.000000e+00 4.000000e+03 -1.000000e+00 -1.000000e+00 5.000000e+01 4.875628e-01 -1.000000e+00 -1.000000e+00 2.856170e+01 0.000000e+00 -1.000000e+00 1.000000e+00 1.922245e-02 1.550000e+03 1.135124e+01 1.000000e+00 -9.990070e+05 3.000000e+00 -1.000000e+00 9.957969e-01 -1.0 0.000000e+00 0.000000e+00 -1.000000e+00 8.367558e-01 -1.000000e+00 -9.990070e+05 8.700388e-01 8.700388e-01 9.765825e-01 5.192416e+00 1.811179e+01 0.000000e+00 -1.000000e+00 1.470134e-01 0.000000e+00 1.327283e+01
7.992813e+00 -1.000000e+00 0.000000e+00 -1.000000e+00 -1.000000e+00 6.500000e+02 4.889116e-01 -1.000000e+00 -1.000000e+00 3.249427e+01 0.000000e+00 -1.000000e+00 0.000000e+00 1.956818e-02 1.550000e+03 1.231384e+01 0.000000e+00 -9.990070e+05 3.000000e+00 -1.000000e+00 9.958896e-01 -1.0 0.000000e+00 0.000000e+00 -1.000000e+00 8.372581e-01 -1.000000e+00 -9.990070e+05 8.592671e-01 8.592671e-01 9.766556e-01 5.577582e+00 2.007562e+01 0.000000e+00 -1.000000e+00 1.482339e-01 0.000000e+00 1.451178e+01
1.351711e+01 -1.000000e+00 0.000000e+00 -1.000000e+00 -1.000000e+00 8.500000e+02 4.981761e-01 -1.000000e+00 -1.000000e+00 5.270618e+01 0.000000e+00 -1.000000e+00 0.000000e+00 2.218182e-02 1.550000e+03 2.068347e+01 0.000000e+00 -9.990070e+05 3.000000e+00 -1.000000e+00 9.986869e-01 -1.0 0.000000e+00 0.000000e+00 -1.000000e+00 8.406777e-01 -1.000000e+00 -9.990070e+05 7.576606e-01 7.576606e-01 9.771529e-01 9.475555e+00 3.316986e+01 0.000000e+00 -1.000000e+00 1.568930e-01 0.000000e+00 2.420821e+01
8.565719e+00 -1.000000e+00 0.000000e+00 -1.000000e+00 -1.000000e+00 0.000000e+00 4.908376e-01 -1.000000e+00 -1.000000e+00 3.233230e+01 0.000000e+00 -1.000000e+00 0.000000e+00 2.007638e-02 1.600000e+03 1.310477e+01 0.000000e+00 -9.990070e+05 3.000000e+00 -1.000000e+00 9.961203e-01 -1.0 0.000000e+00 0.000000e+00 -1.000000e+00 8.379734e-01 -1.000000e+00 -9.990070e+05 8.424293e-01 8.424293e-01 9.767597e-01 6.012784e+00 2.071332e+01 0.000000e+00 -1.000000e+00 1.499943e-01 0.000000e+00 1.530259e+01
9.968568e+00 -1.000000e+00 0.000000e+00 -1.000000e+00 -1.000000e+00 2.000000e+02 4.931092e-01 -1.000000e+00 -1.000000e+00 3.952629e+01 0.000000e+00 -1.000000e+00 0.000000e+00 2.069861e-02 1.600000e+03 1.531530e+01 0.000000e+00 -9.990070e+05 3.000000e+00 -1.000000e+00 9.965878e-01 -1.0 0.000000e+00 0.000000e+00 -1.000000e+00 8.388141e-01 -1.000000e+00 -9.990070e+05 8.204729e-01 8.204729e-01 9.768820e-01 6.973648e+00 2.472426e+01 0.000000e+00 -1.000000e+00 1.520972e-01 0.000000e+00 1.792601e+01
8.677334e+00 -1.000000e+00 4.000000e+03 -1.000000e+00 -1.000000e+00 4.000000e+02 4.909077e-01 -1.000000e+00 -1.000000e+00 3.305964e+01 0.000000e+00 -1.000000e+00 1.000000e+00 2.009518e-02 1.600000e+03 1.327213e+01 1.000000e+00 -9.990070e+05 2.000000e+00 -1.000000e+00 9.961326e-01 -1.0 0.000000e+00 0.000000e+00 -1.000000e+00 8.379994e-01 -1.000000e+00 -9.990070e+05 8.418314e-01 8.418314e-01 9.767635e-01 6.086123e+00 2.107667e+01 0.000000e+00 -1.000000e+00 1.500587e-01 1.000000e+00 1.550674e+01
9.982478e+00 -1.000000e+00 0.000000e+00 -1.000000e+00 -1.000000e+00 6.000000e+02 4.932233e-01 -1.000000e+00 -1.000000e+00 3.856969e+01 0.000000e+00 -1.000000e+00 0.000000e+00 2.073052e-02 1.600000e+03 1.530582e+01 0.000000e+00 -9.990070e+05 3.000000e+00 -1.000000e+00 9.966176e-01 -1.0 0.000000e+00 0.000000e+00 -1.000000e+00 8.388562e-01 -1.000000e+00 -9.990070e+05 8.192947e-01 8.192947e-01 9.768881e-01 6.992985e+00 2.442907e+01 0.000000e+00 -1.000000e+00 1.522035e-01 0.000000e+00 1.789180e+01
1.553889e+01 -1.000000e+00 0.000000e+00 -1.000000e+00 -1.000000e+00 8.000000e+02 5.000000e-01 -1.000000e+00 -1.000000e+00 5.870795e+01 0.000000e+00 -1.000000e+00 0.000000e+00 2.275013e-02 1.600000e+03 2.379579e+01 0.000000e+00 -9.990070e+05 3.000000e+00 -1.000000e+00 1.000372e+00 -1.0 0.000000e+00 0.000000e+00 -1.000000e+00 8.413447e-01 -1.000000e+00 -9.990070e+05 7.203494e-01 7.203494e-01 9.772499e-01 1.090087e+01 3.761489e+01 0.000000e+00 -1.000000e+00 1.586553e-01 0.000000e+00 2.781228e+01
9.399013e+00 -1.000000e+00 0.000000e+00 -1.000000e+00 -1.000000e+00 1.500000e+02 4.923559e-01 -1.000000e+00 -1.000000e+00 3.583131e+01 0.000000e+00 -1.000000e+00 0.000000e+00 2.048945e-02 1.650000e+03 1.440037e+01 0.000000e+00 -9.990070e+05 3.000000e+00 -1.000000e+00 9.964062e-01 -1.0 0.000000e+00 0.000000e+00 -1.000000e+00 8.385356e-01 -1.000000e+00 -9.990070e+05 8.280167e-01 8.280167e-01 9.768415e-01 6.592129e+00 2.284255e+01 0.000000e+00 -1.000000e+00 1.513966e-01 0.000000e+00 1.682461e+01
9.513176e+00 -1.000000e+00 0.000000e+00 -1.000000e+00 -1.000000e+00 3.500000e+02 4.924120e-01 -1.000000e+00 -1.000000e+00 3.661485e+01 0.000000e+00 -1.000000e+00 0.000000e+00 2.050491e-02 1.650000e+03 1.455963e+01 0.000000e+00 -9.990070e+05 3.000000e+00 -1.000000e+00 9.964203e-01 -1.0 0.000000e+00 0.000000e+00 -1.000000e+00 8.385564e-01 -1.000000e+00 -9.990070e+05 8.275274e-01 8.275274e-01 9.768445e-01 6.668728e+00 2.322353e+01 0.000000e+00 -1.000000e+00 1.514486e-01 0.000000e+00 1.702371e+01
1.136902e+01 -1.000000e+00 0.000000e+00 -1.000000e+00 -1.000000e+00 5.500000e+02 4.956040e-01 -1.000000e+00 -1.000000e+00 4.277778e+01 0.000000e+00 -1.000000e+00 0.000000e+00 2.141188e-02 1.650000e+03 1.739102e+01 0.000000e+00 -9.990070e+05 3.000000e+00 -1.000000e+00 9.973986e-01 -1.0 0.000000e+00 0.000000e+00 -1.000000e+00 8.397336e-01 -1.000000e+00 -9.990070e+05 7.924500e-01 7.924500e-01 9.770157e-01 7.979296e+00 2.746562e+01 0.000000e+00 -1.000000e+00 1.544402e-01 0.000000e+00 2.031992e+01
1.364724e+01 -1.000000e+00 0.000000e+00 -1.000000e+00 -1.000000e+00 7.500000e+02 4.983846e-01 -1.000000e+00 -1.000000e+00 5.236368e+01 0.000000e+00 -1.000000e+00 0.000000e+00 2.224583e-02 1.650000e+03 2.089626e+01 0.000000e+00 -9.990070e+05 3.000000e+00 -1.000000e+00 9.988174e-01 -1.0 0.000000e+00 0.000000e+00 -1.000000e+00 8.407540e-01 -1.000000e+00 -9.990070e+05 7.544959e-01 7.544959e-01 9.771640e-01 9.567921e+00 3.326196e+01 0.000000e+00 -1.000000e+00 1.570935e-01 0.000000e+00 2.442691e+01
1.623329e+01 -1.000000e+00 0.000000e+00 -1.000000e+00 -1.000000e+00 1.000000e+02 5.000000e-01 -1.000000e+00 -1.000000e+00 6.225936e+01 0.000000e+00 -1.000000e+00 0.000000e+00 2.275013e-02 1.700000e+03 2.488701e+01 0.000000e+00 -9.990070e+05 3.000000e+00 -1.000000e+00 1.000846e+00 -1.0 0.000000e+00 0.000000e+00 -1.000000e+00 8.413447e-01 -1.000000e+00 -9.990070e+05 7.109214e-01 7.109214e-01 9.772499e-01 1.137479e+01 3.959345e+01 0.000000e+00 -1.000000e+00 1.586553e-01 0.000000e+00 2.908663e+01
1.268091e+01 -1.000000e+00 4.000000e+03 -1.000000e+00 -1.000000e+00 3.000000e+02 4.971742e-01 -1.000000e+00 -1.000000e+00 4.895238e+01 0.000000e+00 -1.000000e+00 1.000000e+00 2.187760e-02 1.700000e+03 1.942562e+01 1.000000e+00 -9.990070e+05 3.000000e+00 -1.000000e+00 9.981188e-01 -1.0 0.000000e+00 0.000000e+00 -1.000000e+00 8.403104e-01 -1.000000e+00 -9.990070e+05 7.720710e-01 7.720710e-01 9.770996e-01 8.885658e+00 3.099958e+01 0.000000e+00 -1.000000e+00 1.559330e-01 0.000000e+00 2.272128e+01
1.317880e+01 -1.000000e+00 4.000000e+03 -1.000000e+00 -1.000000e+00 5.000000e+02 4.979350e-01 -1.000000e+00 -1.000000e+00 4.987636e+01 0.000000e+00 -1.000000e+00 1.000000e+00 2.210811e-02 1.700000e+03 2.016059e+01 1.000000e+00 -9.990070e+05 2.000000e+00 -1.000000e+00 9.985414e-01 -1.0 0.000000e+00 0.000000e+00 -1.000000e+00 8.405894e-01 -1.000000e+00 -9.990070e+05 7.612325e-01 7.612325e-01 9.771401e-01 9.247205e+00 3.190860e+01 0.000000e+00 -1.000000e+00 1.566615e-01 1.000000e+00 2.356251e+01
1.760131e+01 -1.000000e+00 0.000000e+00 -1.000000e+00 -1.000000e+00 7.000000e+02 5.000000e-01 -1.000000e+00 -1.000000e+00 6.649766e+01 0.000000e+00 -1.000000e+00 0.000000e+00 2.275013e-02 1.700000e+03 2.696172e+01 0.000000e+00 -9.990070e+05 3.000000e+00 -1.000000e+00 1.002186e+00 -1.0 0.000000e+00 0.000000e+00 -1.000000e+00 8.413447e-01 -1.000000e+00 -9.990070e+05 6.861130e-01 6.861130e-01 9.772499e-01 1.234682e+01 4.260846e+01 0.000000e+00 -1.000000e+00 1.586553e-01 0.000000e+00 3.152954e+01
2.136083e+01 -1.000000e+00 4.000000e+03 -1.000000e+00 -1.000000e+00 9.000000e+02 5.000000e-01 -1.000000e+00 -1.000000e+00 8.328895e+01 0.000000e+00 -1.000000e+00 1.000000e+00 2.275013e-02 1.700000e+03 3.267812e+01 1.000000e+00 -9.990070e+05 2.000000e+00 -1.000000e+00 1.005680e+00 -1.0 0.000000e+00 0.000000e+00 -1.000000e+00 8.413447e-01 -1.000000e+00 -9.990070e+05 6.306910e-01 6.306910e-01 9.772499e-01 1.497668e+01 5.237347e+01 0.000000e+00 -1.000000e+00 1.586553e-01 1.000000e+00 3.825270e+01
1.750402e+01 -1.000000e+00 0.000000e+00 -1.000000e+00 -1.000000e+00 2.500000e+02 5.000000e-01 -1.000000e+00 -1.000000e+00 6.845214e+01 0.000000e+00 -1.000000e+00 0.000000e+00 2.275013e-02 1.750000e+03 2.683430e+01 0.000000e+00 -9.990070e+05 3.000000e+00 -1.000000e+00 1.001936e+00 -1.0 0.000000e+00 0.000000e+00 -1.000000e+00 8.413447e-01 -1.000000e+00 -9.990070e+05 6.905678e-01 6.905678e-01 9.772499e-01 1.226219e+01 4.307797e+01 0.000000e+00 -1.000000e+00 1.586553e-01 0.000000e+00 3.133953e+01
1.905482e+01 -1.000000e+00 0.000000e+00 -1.000000e+00 -1.000000e+00 4.500000e+02 5.000000e-01 -1.000000e+00 -1.000000e+00 7.288348e+01 0.000000e+00 -1.000000e+00 0.000000e+00 2.275013e-02 1.750000e+03 2.923158e+01 0.000000e+00 -9.990070e+05 3.000000e+00 -1.000000e+00 1.003442e+00 -1.0 0.000000e+00 0.000000e+00 -1.000000e+00 8.413447e-01 -1.000000e+00 -9.990070e+05 6.648686e-01 6.648686e-01 9.772499e-01 1.335119e+01 4.642087e+01 0.000000e+00 -1.000000e+00 1.586553e-01 0.000000e+00 3.421203e+01
1.343621e+01 -1.000000e+00 0.000000e+00 -1.000000e+00 -1.000000e+00 5.000000e+01 4.980132e-01 -1.000000e+00 -1.000000e+00 5.251319e+01 0.000000e+00 -1.000000e+00 0.000000e+00 2.213197e-02 1.750000e+03 2.059320e+01 0.000000e+00 -9.990070e+05 3.000000e+00 -1.000000e+00 9.985878e-01 -1.0 0.000000e+00 0.000000e+00 -1.000000e+00 8.406180e-01 -1.000000e+00 -9.990070e+05 7.600630e-01 7.600630e-01 9.771443e-01 9.408888e+00 3.306449e+01 0.000000e+00 -1.000000e+00 1.567365e-01 0.000000e+00 2.412285e+01
2.287873e+01 -1.000000e+00 4.000000e+03 -1.000000e+00 -1.000000e+00 6.500000e+02 5.000000e-01 -1.000000e+00 -1.000000e+00 9.340155e+01 0.000000e+00 -1.000000e+00 1.000000e+00 2.275013e-02 1.750000e+03 3.531548e+01 1.000000e+00 -9.990070e+05 3.000000e+00 -1.000000e+00 1.006920e+00 -1.0 0.000000e+00 0.000000e+00 -1.000000e+00 8.413447e-01 -1.000000e+00 -9.990070e+05 6.134066e-01 6.134066e-01 9.772499e-01 1.597920e+01 5.751134e+01 0.000000e+00 -1.000000e+00 1.586553e-01 0.000000e+00 4.158545e+01
2.426615e+01 -1.000000e+00 4.000000e+03 -1.000000e+00 -1.000000e+00 8.500000e+02 5.000000e-01 -1.000000e+00 -1.000000e+00 9.628874e+01 0.000000e+00 -1.000000e+00 1.000000e+00 2.275013e-02 1.750000e+03 3.729035e+01 1.000000e+00 -9.990070e+05 2.000000e+00 -1.000000e+00 1.008356e+00 -1.0 0.000000e+00 0.000000e+00 -1.000000e+00 8.413447e-01 -1.000000e+00 -9.990070e+05 5.945832e-01 5.945832e-01 9.772499e-01 1.694777e+01 6.025472e+01 0.000000e+00 -1.000000e+00 1.586553e-01 1.000000e+00 4.383875e+01
2.234693e+01 -1.000000e+00 0.000000e+00 -1.000000e+00 -1.000000e+00 0.000000e+00 5.000000e-01 -1.000000e+00 -1.000000e+00 8.579862e+01 0.000000e+00 -1.000000e+00 0.000000e+00 2.275013e-02 1.800000e+03 3.421577e+01 0.000000e+00 -9.990070e+05 3.000000e+00 -1.000000e+00 1.006863e+00 -1.0 0.000000e+00 0.000000e+00 -1.000000e+00 8.413447e-01 -1.000000e+00 -9.990070e+05 6.141810e-01 6.141810e-01 9.772499e-01 1.567318e+01 5.444941e+01 0.000000e+00 -1.000000e+00 1.586553e-01 0.000000e+00 3.999410e+01
2.135989e+01 -1.000000e+00 4.000000e+03 -1.000000e+00 -1.000000e+00 2.000000e+02 5.000000e-01 -1.000000e+00 -1.000000e+00 8.163075e+01 0.000000e+00 -1.000000e+00 1.000000e+00 2.275013e-02 1.800000e+03 3.273300e+01 1.000000e+00 -9.990070e+05 2.000000e+00 -1.000000e+00 1.005699e+00 -1.0 0.000000e+00 0.000000e+00 -1.000000e+00 8.413447e-01 -1.000000e+00 -9.990070e+05 6.304259e-01 6.304259e-01 9.772499e-01 1.496673e+01 5.202335e+01 0.000000e+00 -1.000000e+00 1.586553e-01 1.000000e+00 3.828490e+01
2.143005e+01 -1.000000e+00 0.000000e+00 -1.000000e+00 -1.000000e+00 4.000000e+02 5.000000e-01 -1.000000e+00 -1.000000e+00 8.802283e+01 0.000000e+00 -1.000000e+00 0.000000e+00 2.275013e-02 1.800000e+03 3.317779e+01 0.000000e+00 -9.990070e+05 3.000000e+00 -1.000000e+00 1.005468e+00 -1.0 0.000000e+00 0.000000e+00 -1.000000e+00 8.413447e-01 -1.000000e+00 -9.990070e+05 6.337723e-01 6.337723e-01 9.772499e-01 1.497299e+01 5.419281e+01 0.000000e+00 -1.000000e+00 1.586553e-01 0.000000e+00 3.910052e+01
2.146399e+01 -1.000000e+00 0.000000e+00 -1.000000e+00 -1.000000e+00 6.000000e+02 5.000000e-01 -1.000000e+00 -1.000000e+00 8.240162e+01 0.000000e+00 -1.000000e+00 0.000000e+00 2.275013e-02 1.800000e+03 3.290917e+01 0.000000e+00 -9.990070e+05 3.000000e+00 -1.000000e+00 1.005855e+00 -1.0 0.000000e+00 0.000000e+00 -1.000000e+00 8.413447e-01 -1.000000e+00 -9.990070e+05 6.281862e-01 6.281862e-01 9.772499e-01 1.504107e+01 5.234921e+01 0.000000e+00 -1.000000e+00 1.586553e-01 0.000000e+00 3.850428e+01
3.625311e+01 -1.000000e+00 0.000000e+00 -1.000000e+00 -1.000000e+00 8.000000e+02 5.000000e-01 -1.000000e+00 -1.000000e+00 1.396877e+02 0.000000e+00 -1.000000e+00 0.000000e+00 2.275013e-02 1.800000e+03 5.552445e+01 0.000000e+00 -9.990070e+05 3.000000e+00 -1.000000e+00 1.021795e+00 -1.0 0.000000e+00 0.000000e+00 -1.000000e+00 8.413447e-01 -1.000000e+00 -9.990070e+05 4.577600e-01 4.577600e-01 9.772499e-01 2.540484e+01 8.855589e+01 0.000000e+00 -1.000000e+00 1.586553e-01 0.000000e+00 6.490409e+01
2.504380e+01 -1.000000e+00 4.000000e+03 -1.000000e+00 -1.000000e+00 1.500000e+02 5.000000e-01 -1.000000e+00 -1.000000e+00 9.844105e+01 0.000000e+00 -1.000000e+00 1.000000e+00 2.275013e-02 1.850000e+03 3.835814e+01 1.000000e+00 -9.990070e+05 3.000000e+00 -1.000000e+00 1.009618e+00 -1.0 0.000000e+00 0.000000e+00 -1.000000e+00 8.413447e-01 -1.000000e+00 -9.990070e+05 5.789828e-01 5.789828e-01 9.772499e-01 1.755454e+01 6.182242e+01 0.000000e+00 -1.000000e+00 1.586553e-01 0.000000e+00 4.498123e+01
2.624330e+01 -1.000000e+00 0.000000e+00 -1.000000e+00 -1.000000e+00 3.500000e+02 5.000000e-01 -1.000000e+00 -1.000000e+00 1.018048e+02 0.000000e+00 -1.000000e+00 0.000000e+00 2.275013e-02 1.850000e+03 4.016319e+01 0.000000e+00 -9.990070e+05 3.000000e+00 -1.000000e+00 1.011055e+00 -1.0 0.000000e+00 0.000000e+00 -1.000000e+00 8.413447e-01 -1.000000e+00 -9.990070e+05 5.621336e-01 5.621336e-01 9.772499e-01 1.840007e+01 6.423189e+01 0.000000e+00 -1.000000e+00 1.586553e-01 0.000000e+00 4.692911e+01
2.951584e+01 -1.000000e+00 4.000000e+03 -1.000000e+00 -1.000000e+00 5.500000e+02 5.000000e-01 -1.000000e+00 -1.000000e+00 1.174777e+02 0.000000e+00 -1.000000e+00 1.000000e+00 2.275013e-02 1.850000e+03 4.526946e+01 1.000000e+00 -9.990070e+05 3.000000e+00 -1.000000e+00 1.014427e+00 -1.0 0.000000e+00 0.000000e+00 -1.000000e+00 8.413447e-01 -1.000000e+00 -9.990070e+05 5.258665e-01 5.258665e-01 9.772499e-01 2.066420e+01 7.337938e+01 0.000000e+00 -1.000000e+00 1.586553e-01 0.000000e+00 5.328625e+01
3.107421e+01 -1.000000e+00 4.000000e+03 -1.000000e+00 -1.000000e+00 7.500000e+02 5.000000e-01 -1.000000e+00 -1.000000e+00 1.199456e+02 0.000000e+00 -1.000000e+00 1.000000e+00 2.275013e-02 1.850000e+03 4.755344e+01 1.000000e+00 -9.990070e+05 3.000000e+00 -1.000000e+00 1.016465e+00 -1.0 0.000000e+00 0.000000e+00 -1.000000e+00 8.413447e-01 -1.000000e+00 -9.990070e+05 5.057629e-01 5.057629e-01 9.772499e-01 2.178666e+01 7.586839e+01 0.000000e+00 -1.000000e+00 1.586553e-01 0.000000e+00 5.561865e+01
3.468037e+01 -1.000000e+00 0.000000e+00 -1.000000e+00 -1.000000e+00 1.000000e+02 5.000000e-01 -1.000000e+00 -1.000000e+00 1.327798e+02 0.000000e+00 -1.000000e+00 0.000000e+00 2.275013e-02 1.900000e+03 5.309884e+01 0.000000e+00 -9.990070e+05 3.000000e+00 -1.000000e+00 1.020389e+00 -1.0 0.000000e+00 0.000000e+00 -1.000000e+00 8.413447e-01 -1.000000e+00 -9.990070e+05 4.699031e-01 4.699031e-01 9.772499e-01 2.431536e+01 8.444335e+01 0.000000e+00 -1.000000e+00 1.586553e-01 0.000000e+00 6.205262e+01
2.952372e+01 -1.000000e+00 4.000000e+03 -1.000000e+00 -1.000000e+00 3.000000e+02 5.000000e-01 -1.000000e+00 -1.000000e+00 1.122272e+02 0.000000e+00 -1.000000e+00 1.000000e+00 2.275013e-02 1.900000e+03 4.520988e+01 1.000000e+00 -9.990070e+05 3.000000e+00 -1.000000e+00 1.014999e+00 -1.0 0.000000e+00 0.000000e+00 -1.000000e+00 8.413447e-01 -1.000000e+00 -9.990070e+05 5.201005e-01 5.201005e-01 9.772499e-01 2.070951e+01 7.164476e+01 0.000000e+00 -1.000000e+00 1.586553e-01 0.000000e+00 5.283397e+01
3.107406e+01 -1.000000e+00 4.000000e+03 -1.000000e+00 -1.000000e+00 5.000000e+02 5.000000e-01 -1.000000e+00 -1.000000e+00 1.188391e+02 0.000000e+00 -1.000000e+00 1.000000e+00 2.275013e-02 1.900000e+03 4.756085e+01 1.000000e+00 -9.990070e+05 2.000000e+00 -1.000000e+00 1.016591e+00 -1.0 0.000000e+00 0.000000e+00 -1.000000e+00 8.413447e-01 -1.000000e+00 -9.990070e+05 5.045523e-01 5.045523e-01 9.772499e-01 2.179362e+01 7.557108e+01 0.000000e+00 -1.000000e+00 1.586553e-01 1.000000e+00 5.562534e+01
4.485272e+01 -1.000000e+00 0.000000e+00 -1.000000e+00 -1.000000e+00 7.000000e+02 5.000000e-01 -1.000000e+00 -1.000000e+00 1.765290e+02 0.000000e+00 -1.000000e+00 0.000000e+00 2.275013e-02 1.900000e+03 6.888217e+01 0.000000e+00 -9.990070e+05 3.000000e+00 -1.000000e+00 1.027960e+00 -1.0 0.000000e+00 0.000000e+00 -1.000000e+00 8.413447e-01 -1.000000e+00 -9.990070e+05 4.052272e-01 4.052272e-01 9.772499e-01 3.136110e+01 1.108908e+02 0.000000e+00 -1.000000e+00 1.586553e-01 0.000000e+00 8.064628e+01
4.846660e+01 -1.000000e+00 4.000000e+03 -1.000000e+00 -1.000000e+00 9.000000e+02 5.000000e-01 -1.000000e+00 -1.000000e+00 1.918580e+02 0.000000e+00 -1.000000e+00 1.000000e+00 2.275013e-02 1.900000e+03 7.419387e+01 1.000000e+00 -9.990070e+05 3.000000e+00 -1.000000e+00 1.029689e+00 -1.0 0.000000e+00 0.000000e+00 -1.000000e+00 8.413447e-01 -1.000000e+00 -9.990070e+05 3.878585e-01 3.878585e-01 9.772499e-01 3.399503e+01 1.197765e+02 0.000000e+00 -1.000000e+00 1.586553e-01 0.000000e+00 8.702768e+01
3.892348e+01 -1.000000e+00 0.000000e+00 -1.000000e+00 -1.000000e+00 2.500000e+02 5.000000e-01 -1.000000e+00 -1.000000e+00 1.539023e+02 0.000000e+00 -1.000000e+00 0.000000e+00 2.275013e-02 1.950000e+03 5.964213e+01 0.000000e+00 -9.990070e+05 3.000000e+00 -1.000000e+00 1.024043e+00 -1.0 0.000000e+00 0.000000e+00 -1.000000e+00 8.413447e-01 -1.000000e+00 -9.990070e+05 4.387509e-01 4.387509e-01 9.772499e-01 2.726956e+01 9.629811e+01 0.000000e+00 -1.000000e+00 1.586553e-01 0.000000e+00 7.001631e+01
4.322568e+01 -1.000000e+00 4.000000e+03 -1.000000e+00 -1.000000e+00 4.500000e+02 5.000000e-01 -1.000000e+00 -1.000000e+00 1.667176e+02 0.000000e+00 -1.000000e+00 1.000000e+00 2.275013e-02 1.950000e+03 6.621792e+01 1.000000e+00 -9.990070e+05 2.000000e+00 -1.000000e+00 1.027252e+00 -1.0 0.000000e+00 0.000000e+00 -1.000000e+00 8.413447e-01 -1.000000e+00 -9.990070e+05 4.115398e-01 4.115398e-01 9.772499e-01 3.028632e+01 1.056700e+02 0.000000e+00 -1.000000e+00 1.586553e-01 1.000000e+00 7.746093e+01
4.191224e+01 -1.000000e+00 0.000000e+00 -1.000000e+00 -1.000000e+00 5.000000e+01 5.000000e-01 -1.000000e+00 -1.000000e+00 1.584401e+02 0.000000e+00 -1.000000e+00 0.000000e+00 2.275013e-02 1.950000e+03 6.414289e+01 0.000000e+00 -9.990070e+05 3.000000e+00 -1.000000e+00 1.026701e+00 -1.0 0.000000e+00 0.000000e+00 -1.000000e+00 8.413447e-01 -1.000000e+00 -9.990070e+05 4.163333e-01 4.163333e-01 9.772499e-01 2.940350e+01 1.014819e+02 0.000000e+00 -1.000000e+00 1.586553e-01 0.000000e+00 7.497132e+01
4.624415e+01 -1.000000e+00 4.000000e+03 -1.000000e+00 -1.000000e+00 6.500000e+02 5.000000e-01 -1.000000e+00 -1.000000e+00 1.772561e+02 0.000000e+00 -1.000000e+00 1.000000e+00 2.275013e-02 1.950000e+03 7.058852e+01 1.000000e+00 -9.990070e+05 3.000000e+00 -1.000000e+00 1.028914e+00 -1.0 0.000000e+00 0.000000e+00 -1.000000e+00 8.413447e-01 -1.000000e+00 -9.990070e+05 3.961655e-01 3.961655e-01 9.772499e-01 3.244760e+01 1.124215e+02 0.000000e+00 -1.000000e+00 1.586553e-01 0.000000e+00 8.249423e+01
4.853203e+01 -1.000000e+00 0.000000e+00 -1.000000e+00 -1.000000e+00 8.500000e+02 5.000000e-01 -1.000000e+00 -1.000000e+00 1.837504e+02 0.000000e+00 -1.000000e+00 0.000000e+00 2.275013e-02 1.950000e+03 7.390190e+01 0.000000e+00 -9.990070e+05 3.000000e+00 -1.000000e+00 1.029759e+00 -1.0 0.000000e+00 0.000000e+00 -1.000000e+00 8.413447e-01 -1.000000e+00 -9.990070e+05 3.869787e-01 3.869787e-01 9.772499e-01 3.408239e+01 1.171790e+02 0.000000e+00 -1.000000e+00 1.586553e-01 0.000000e+00 8.638587e+01
5.285859e+01 -1.000000e+00 4.000000e+03 -1.000000e+00 -1.000000e+00 0.000000e+00 5.000000e-01 -1.000000e+00 -1.000000e+00 1.981978e+02 0.000000e+00 -1.000000e+00 1.000000e+00 2.275013e-02 2.000000e+03 8.042993e+01 1.000000e+00 -9.990070e+05 2.000000e+00 -1.000000e+00 1.030559e+00 -1.0 0.000000e+00 0.000000e+00 -1.000000e+00 8.413447e-01 -1.000000e+00 -9.990070e+05 3.736395e-01 3.736395e-01 9.772499e-01 3.714006e+01 1.270884e+02 0.000000e+00 -1.000000e+00 1.586553e-01 1.000000e+00 9.387641e+01
4.674606e+01 -1.000000e+00 0.000000e+00 -1.000000e+00 -1.000000e+00 2.000000e+02 5.000000e-01 -1.000000e+00 -1.000000e+00 1.770418e+02 0.000000e+00 -1.000000e+00 0.000000e+00 2.275013e-02 2.000000e+03 7.137558e+01 0.000000e+00 -9.990070e+05 3.000000e+00 -1.000000e+00 1.029144e+00 -1.0 0.000000e+00 0.000000e+00 -1.000000e+00 8.413447e-01 -1.000000e+00 -9.990070e+05 3.938215e-01 3.938215e-01 9.772499e-01 3.280384e+01 1.131275e+02 0.000000e+00 -1.000000e+00 1.586553e-01 0.000000e+00 8.337015e+01
4.474030e+01 -1.000000e+00 0.000000e+00 -1.000000e+00 -1.000000e+00 4.000000e+02 5.000000e-01 -1.000000e+00 -1.000000e+00 1.744997e+02 0.000000e+00 -1.000000e+00 0.000000e+00 2.275013e-02 2.000000e+03 6.854790e+01 0.000000e+00 -9.990070e+05 3.000000e+00 -1.000000e+00 1.028036e+00 -1.0 0.000000e+00 0.000000e+00 -1.000000e+00 8.413447e-01 -1.000000e+00 -9.990070e+05 4.045205e-01 4.045205e-01 9.772499e-01 3.133615e+01 1.099271e+02 0.000000e+00 -1.000000e+00 1.586553e-01 0.000000e+00 8.023767e+01
4.881257e+01 -1.000000e+00 0.000000e+00 -1.000000e+00 -1.000000e+00 6.000000e+02 5.000000e-01 -1.000000e+00 -1.000000e+00 1.863849e+02 0.000000e+00 -1.000000e+00 0.000000e+00 2.275013e-02 2.000000e+03 7.436620e+01 0.000000e+00 -9.990070e+05 3.000000e+00 -1.000000e+00 1.029758e+00 -1.0 0.000000e+00 0.000000e+00 -1.000000e+00 8.413447e-01 -1.000000e+00 -9.990070e+05 3.870133e-01 3.870133e-01 9.772499e-01 3.424743e+01 1.184023e+02 0.000000e+00 -1.000000e+00 1.586553e-01 0.000000e+00 8.719797e+01
4.995830e+01 -1.000000e+00 0.000000e+00 -1.000000e+00 -1.000000e+00 8.000000e+02 5.000000e-01 -1.000000e+00 -1.000000e+00 1.927627e+02 0.000000e+00 -1.000000e+00 0.000000e+00 2.275013e-02 2.000000e+03 7.656070e+01 0.000000e+00 -9.990070e+05 3.000000e+00 -1.000000e+00 1.030100e+00 -1.0 0.000000e+00 0.000000e+00 -1.000000e+00 8.413447e-01 -1.000000e+00 -9.990070e+05 3.825836e-01 3.825836e-01 9.772499e-01 3.501723e+01 1.220875e+02 0.000000e+00 -1.000000e+00 1.586553e-01 0.000000e+00 8.958623e+01
-1.000000e+00 -1.000000e+00 0.000000e+00 -1.000000e+00 -1.000000e+00 0.000000e+00 2.916398e-01 -1.000000e+00 -1.000000e+00 -1.000000e+00 0.000000e+00 -1.000000e+00 0.000000e+00 2.650161e-03 4.000000e+02 -1.000000e+00 0.000000e+00 -9.990070e+05 3.000000e+00 -1.000000e+00 6.166612e-01 -1.0 0.000000e+00 0.000000e+00 -1.000000e+00 7.417629e-01 -1.000000e+00 -9.990070e+05 3.315735e-01 3.315735e-01 9.623138e-01 -1.000000e+00 -1.000000e+00 0.000000e+00 -1.000000e+00 4.438863e-02 0.000000e+00 -1.000000e+00
3.055658e+09 -1.000000e+00 4.000000e+03 -1.000000e+00 -1.000000e+00 3.870000e+02 1.121339e-01 -1.000000e+00 -1.000000e+00 5.555740e+08 0.000000e+00 -1.000000e+00 1.000000e+00 3.347584e-04 4.120000e+02 5.555739e+08 1.000000e+00 -9.990070e+05 3.000000e+00 -1.000000e+00 2.890497e-01 -1.0 0.000000e+00 0.000000e+00 -1.000000e+00 5.227025e-01 -1.000000e+00 -9.990070e+05 1.692542e-01 1.692542e-01 9.202149e-01 3.055658e+09 5.555739e+08 0.000000e+00 -1.000000e+00 9.685444e-03 0.000000e+00 6.286380e+08
3.629377e+00 -1.000000e+00 0.000000e+00 -1.000000e+00 -1.000000e+00 3.750000e+02 5.361721e-02 -1.000000e+00 -1.000000e+00 1.100000e+02 0.000000e+00 -1.000000e+00 0.000000e+00 8.502572e-05 4.250000e+02 3.753944e+00 0.000000e+00 -9.990070e+05 3.000000e+00 -1.000000e+00 1.492773e-01 -1.0 0.000000e+00 0.000000e+00 -1.000000e+00 3.481045e-01 -1.000000e+00 -9.990070e+05 8.781500e-02 8.781500e-02 8.564830e-01 3.607461e+00 1.100000e+02 0.000000e+00 -1.000000e+00 3.392060e-03 0.000000e+00 8.921328e+01
1.632978e+00 -1.000000e+00 0.000000e+00 -1.000000e+00 -1.000000e+00 4.500000e+02 2.140299e-01 -1.000000e+00 -1.000000e+00 1.000000e+02 0.000000e+00 -1.000000e+00 0.000000e+00 1.257026e-03 5.500000e+02 4.166237e+00 0.000000e+00 -9.990070e+05 3.000000e+00 -1.000000e+00 5.376762e-01 -1.0 0.000000e+00 0.000000e+00 -1.000000e+00 6.776069e-01 -1.000000e+00 -9.990070e+05 3.294247e-01 3.294247e-01 9.518353e-01 1.584190e+00 1.000000e+02 0.000000e+00 -1.000000e+00 2.596835e-02 0.000000e+00 5.793851e+00
3.116895e-01 -1.000000e+00 0.000000e+00 -1.000000e+00 -1.000000e+00 0.000000e+00 1.028361e-02 -1.000000e+00 -1.000000e+00 2.409246e+01 0.000000e+00 -1.000000e+00 0.000000e+00 4.967779e-06 6.000000e+02 5.320664e-01 0.000000e+00 -9.990070e+05 3.000000e+00 -1.000000e+00 3.565134e-02 -1.0 0.000000e+00 0.000000e+00 -1.000000e+00 1.172976e-01 -1.000000e+00 -9.990070e+05 2.160454e-02 2.160454e-02 5.611220e-01 2.043691e-01 1.231924e+00 0.000000e+00 -1.000000e+00 3.622725e-04 0.000000e+00 6.260562e-01
2.844335e+00 -1.000000e+00 0.000000e+00 -1.000000e+00 -1.000000e+00 5.870000e+02 3.807765e-01 -1.000000e+00 -1.000000e+00 1.000000e+02 0.000000e+00 -1.000000e+00 0.000000e+00 5.980002e-03 6.120000e+02 4.572131e+00 0.000000e+00 -9.990070e+05 3.000000e+00 -1.000000e+00 9.053361e-01 -1.0 0.000000e+00 0.000000e+00 -1.000000e+00 7.920136e-01 -1.000000e+00 -9.990070e+05 6.883454e-01 6.883454e-01 9.699899e-01 1.863635e+00 1.291743e+01 0.000000e+00 -1.000000e+00 7.682278e-02 0.000000e+00 5.543979e+00
9.805418e-01 -1.000000e+00 4.000000e+03 -1.000000e+00 -1.000000e+00 5.750000e+02 1.376406e-01 -1.000000e+00 -1.000000e+00 4.467057e+01 0.000000e+00 -1.000000e+00 1.000000e+00 4.998187e-04 6.250000e+02 1.860466e+00 1.000000e+00 -9.990070e+05 2.000000e+00 -1.000000e+00 3.785091e-01 -1.0 0.000000e+00 0.000000e+00 -1.000000e+00 5.738943e-01 -1.000000e+00 -9.990070e+05 2.339618e-01 2.339618e-01 9.320771e-01 5.892654e-01 4.475126e+00 0.000000e+00 -1.000000e+00 1.310141e-02 1.000000e+00 2.290466e+00
2.699623e-01 -1.000000e+00 0.000000e+00 -1.000000e+00 -1.000000e+00 5.500000e+02 3.978785e-03 -1.000000e+00 -1.000000e+00 1.833555e+00 0.000000e+00 -1.000000e+00 0.000000e+00 1.061725e-06 6.500000e+02 4.640804e-01 0.000000e+00 -9.990070e+05 3.000000e+00 -1.000000e+00 1.568706e-02 -1.0 0.000000e+00 0.000000e+00 -1.000000e+00 6.012949e-02 -1.000000e+00 -9.990070e+05 9.641829e-03 9.641829e-03 3.781002e-01 1.836989e-01 8.886050e-01 0.000000e+00 -1.000000e+00 1.045257e-04 0.000000e+00 5.575933e-01
3.234411e-01 -1.000000e+00 0.000000e+00 -1.000000e+00 -1.000000e+00 5.000000e+02 2.769408e-03 -1.000000e+00 -1.000000e+00 1.492091e+00 0.000000e+00 -1.000000e+00 0.000000e+00 5.968385e-07 7.000000e+02 5.053682e-01 0.000000e+00 -9.990070e+05 3.000000e+00 -1.000000e+00 1.177013e-02 -1.0 0.000000e+00 0.000000e+00 -1.000000e+00 4.634488e-02 -1.000000e+00 -9.990070e+05 7.318891e-03 7.318891e-03 3.207774e-01 2.220295e-01 8.491769e-01 0.000000e+00 -1.000000e+00 6.545281e-05 0.000000e+00 5.978708e-01
9.849218e+02 -1.000000e+00 0.000000e+00 -1.000000e+00 -1.000000e+00 6.870000e+02 4.808618e-01 -1.000000e+00 -1.000000e+00 1.306512e+03 0.000000e+00 -1.000000e+00 0.000000e+00 1.762052e-02 7.120000e+02 1.050562e+03 0.000000e+00 -9.990070e+05 3.000000e+00 -1.000000e+00 9.969451e-01 -1.0 0.000000e+00 0.000000e+00 -1.000000e+00 8.342424e-01 -1.000000e+00 -9.990070e+05 9.340059e-01 9.340059e-01 9.762164e-01 9.335744e+02 1.143518e+03 0.000000e+00 -1.000000e+00 1.410971e-01 0.000000e+00 1.039791e+03
1.605598e+00 -1.000000e+00 0.000000e+00 -1.000000e+00 -1.000000e+00 6.750000e+02 2.744111e-01 -1.000000e+00 -1.000000e+00 1.266418e+01 0.000000e+00 -1.000000e+00 0.000000e+00 2.262856e-03 7.250000e+02 2.832893e+00 0.000000e+00 -9.990070e+05 3.000000e+00 -1.000000e+00 7.013558e-01 -1.0 0.000000e+00 0.000000e+00 -1.000000e+00 7.297043e-01 -1.000000e+00 -9.990070e+05 4.659654e-01 4.659654e-01 9.604123e-01 1.026874e+00 5.812068e+00 0.000000e+00 -1.000000e+00 3.969833e-02 0.000000e+00 3.367829e+00
4.196954e-01 -1.000000e+00 0.000000e+00 -1.000000e+00 -1.000000e+00 4.500000e+02 1.092544e-02 -1.000000e+00 -1.000000e+00 1.970267e+00 0.000000e+00 -1.000000e+00 0.000000e+00 5.491596e-06 7.500000e+02 6.606555e-01 0.000000e+00 -9.990070e+05 3.000000e+00 -1.000000e+00 4.116881e-02 -1.0 0.000000e+00 0.000000e+00 -1.000000e+00 1.223068e-01 -1.000000e+00 -9.990070e+05 2.565244e-02 2.565244e-02 5.739396e-01 2.886155e-01 1.126722e+00 0.000000e+00 -1.000000e+00 3.925029e-04 0.000000e+00 7.820880e-01
4.696762e-01 -1.000000e+00 0.000000e+00 -1.000000e+00 -1.000000e+00 6.500000e+02 2.497150e-02 -1.000000e+00 -1.000000e+00 2.854775e+00 0.000000e+00 -1.000000e+00 0.000000e+00 2.217006e-05 7.500000e+02 7.892793e-01 0.000000e+00 -9.990070e+05 3.000000e+00 -1.000000e+00 8.504965e-02 -1.0 0.000000e+00 0.000000e+00 -1.000000e+00 2.139225e-01 -1.000000e+00 -9.990070e+05 5.269873e-02 5.269873e-02 7.427499e-01 3.124578e-01 1.471969e+00 0.000000e+00 -1.000000e+00 1.187631e-03 0.000000e+00 9.476064e-01
2.451354e-01 -1.000000e+00 4.000000e+03 -1.000000e+00 -1.000000e+00 0.000000e+00 2.360977e-04 -1.000000e+00 -1.000000e+00 9.904700e-01 0.000000e+00 -1.000000e+00 1.000000e+00 1.371681e-08 8.000000e+02 3.761357e-01 1.000000e+00 -9.990070e+05 3.000000e+00 -1.000000e+00 1.217256e-03 -1.0 0.000000e+00 0.000000e+00 -1.000000e+00 7.430972e-03 -1.000000e+00 -9.990070e+05 7.560984e-04 7.560984e-04 9.356445e-02 1.714039e-01 6.099194e-01 0.000000e+00 -1.000000e+00 2.912629e-06 0.000000e+00 4.430630e-01
5.922434e-01 -1.000000e+00 4.000000e+03 -1.000000e+00 -1.000000e+00 6.000000e+02 3.971777e-02 -1.000000e+00 -1.000000e+00 2.719368e+00 0.000000e+00 -1.000000e+00 1.000000e+00 4.978727e-05 8.000000e+02 9.304652e-01 1.000000e+00 -9.990070e+05 2.000000e+00 -1.000000e+00 1.345667e-01 -1.0 0.000000e+00 0.000000e+00 -1.000000e+00 2.889666e-01 -1.000000e+00 -9.990070e+05 8.487318e-02 8.487318e-02 8.182344e-01 4.055409e-01 1.581463e+00 0.000000e+00 -1.000000e+00 2.238449e-03 1.000000e+00 1.104928e+00
5.556141e+00 -1.000000e+00 0.000000e+00 -1.000000e+00 -1.000000e+00 7.870000e+02 4.620423e-01 -1.000000e+00 -1.000000e+00 5.701945e+01 0.000000e+00 -1.000000e+00 0.000000e+00 1.397774e-02 8.120000e+02 1.088097e+01 0.000000e+00 -9.990070e+05 3.000000e+00 -1.000000e+00 9.977342e-01 -1.0 0.000000e+00 0.000000e+00 -1.000000e+00 8.270148e-01 -1.000000e+00 -9.990070e+05 9.737017e-01 9.737017e-01 9.751613e-01 3.573577e+00 2.397656e+01 0.000000e+00 -1.000000e+00 1.257406e-01 0.000000e+00 1.330037e+01
3.159808e+00 -1.000000e+00 0.000000e+00 -1.000000e+00 -1.000000e+00 7.750000e+02 4.292283e-01 -1.000000e+00 -1.000000e+00 1.701380e+01 0.000000e+00 -1.000000e+00 0.000000e+00 9.688332e-03 8.250000e+02 5.203931e+00 0.000000e+00 -9.990070e+05 3.000000e+00 -1.000000e+00 9.743265e-01 -1.0 0.000000e+00 0.000000e+00 -1.000000e+00 8.137215e-01 -1.000000e+00 -9.990070e+05 8.498938e-01 8.498938e-01 9.732102e-01 2.150989e+00 9.314898e+00 0.000000e+00 -1.000000e+00 1.029587e-01 0.000000e+00 6.204176e+00
1.039681e+00 -1.000000e+00 0.000000e+00 -1.000000e+00 -1.000000e+00 5.500000e+02 1.658869e-01 -1.000000e+00 -1.000000e+00 4.311611e+00 0.000000e+00 -1.000000e+00 0.000000e+00 7.290836e-04 8.500000e+02 1.612209e+00 0.000000e+00 -9.990070e+05 3.000000e+00 -1.000000e+00 4.757285e-01 -1.0 0.000000e+00 0.000000e+00 -1.000000e+00 6.192510e-01 -1.000000e+00 -9.990070e+05 3.087929e-01 3.087929e-01 9.412773e-01 7.249114e-01 2.632062e+00 0.000000e+00 -1.000000e+00 1.737196e-02 0.000000e+00 1.898221e+00
1.013360e+00 -1.000000e+00 4.000000e+03 -1.000000e+00 -1.000000e+00 7.500000e+02 1.575818e-01 -1.000000e+00 -1.000000e+00 4.068671e+00 0.000000e+00 -1.000000e+00 1.000000e+00 6.561969e-04 8.500000e+02 1.555057e+00 1.000000e+00 -9.990070e+05 2.000000e+00 -1.000000e+00 4.559409e-01 -1.0 0.000000e+00 0.000000e+00 -1.000000e+00 6.069518e-01 -1.000000e+00 -9.990070e+05 2.954680e-01 2.954680e-01 9.388825e-01 7.084831e-01 2.521758e+00 0.000000e+00 -1.000000e+00 1.606113e-02 1.000000e+00 1.829995e+00
9.296685e-01 -1.000000e+00 4.000000e+03 -1.000000e+00 -1.000000e+00 5.000000e+02 1.319944e-01 -1.000000e+00 -1.000000e+00 3.639289e+00 0.000000e+00 -1.000000e+00 1.000000e+00 4.600379e-04 9.000000e+02 1.426875e+00 1.000000e+00 -9.990070e+05 3.000000e+00 -1.000000e+00 3.929298e-01 -1.0 0.000000e+00 0.000000e+00 -1.000000e+00 5.635079e-01 -1.000000e+00 -9.990070e+05 2.534534e-01 2.534534e-01 9.298131e-01 6.507513e-01 2.287254e+00 0.000000e+00 -1.000000e+00 1.231006e-02 0.000000e+00 1.670453e+00
9.400810e-01 -1.000000e+00 0.000000e+00 -1.000000e+00 -1.000000e+00 7.000000e+02 1.350077e-01 -1.000000e+00 -1.000000e+00 3.843633e+00 0.000000e+00 -1.000000e+00 0.000000e+00 4.810310e-04 9.000000e+02 1.450118e+00 0.000000e+00 -9.990070e+05 3.000000e+00 -1.000000e+00 4.003470e-01 -1.0 0.000000e+00 0.000000e+00 -1.000000e+00 5.691123e-01 -1.000000e+00 -9.990070e+05 2.583107e-01 2.583107e-01 9.310428e-01 6.573686e-01 2.368723e+00 0.000000e+00 -1.000000e+00 1.272988e-02 0.000000e+00 1.709843e+00
1.481757e+01 -1.000000e+00 4.000000e+03 -1.000000e+00 -1.000000e+00 8.870000e+02 4.997508e-01 -1.000000e+00 -1.000000e+00 5.600164e+01 0.000000e+00 -1.000000e+00 1.000000e+00 2.267136e-02 9.120000e+02 2.269612e+01 1.000000e+00 -9.990070e+05 3.000000e+00 -1.000000e+00 9.997965e-01 -1.0 0.000000e+00 0.000000e+00 -1.000000e+00 8.412537e-01 -1.000000e+00 -9.990070e+05 7.330231e-01 7.330231e-01 9.772366e-01 1.039776e+01 3.585591e+01 0.000000e+00 -1.000000e+00 1.584134e-01 0.000000e+00 2.652829e+01
3.226825e+01 -1.000000e+00 0.000000e+00 -1.000000e+00 -1.000000e+00 8.750000e+02 5.000000e-01 -1.000000e+00 -1.000000e+00 1.225320e+02 0.000000e+00 -1.000000e+00 0.000000e+00 2.275013e-02 9.250000e+02 4.935317e+01 0.000000e+00 -9.990070e+05 3.000000e+00 -1.000000e+00 1.018055e+00 -1.0 0.000000e+00 0.000000e+00 -1.000000e+00 8.413447e-01 -1.000000e+00 -9.990070e+05 4.906957e-01 4.906957e-01 9.772499e-01 2.264936e+01 7.821865e+01 0.000000e+00 -1.000000e+00 1.586553e-01 0.000000e+00 5.759121e+01
6.966861e-01 -1.000000e+00 4.000000e+03 -1.000000e+00 -1.000000e+00 4.500000e+02 6.219855e-02 -1.000000e+00 -1.000000e+00 2.809558e+00 0.000000e+00 -1.000000e+00 1.000000e+00 1.112544e-04 9.500000e+02 1.071902e+00 1.000000e+00 -9.990070e+05 3.000000e+00 -1.000000e+00 2.034290e-01 -1.0 0.000000e+00 0.000000e+00 -1.000000e+00 3.803867e-01 -1.000000e+00 -9.990070e+05 1.295193e-01 1.295193e-01 8.724924e-01 4.863748e-01 1.742006e+00 0.000000e+00 -1.000000e+00 4.174810e-03 0.000000e+00 1.262830e+00
1.368408e+00 -1.000000e+00 0.000000e+00 -1.000000e+00 -1.000000e+00 6.500000e+02 2.557646e-01 -1.000000e+00 -1.000000e+00 6.041609e+00 0.000000e+00 -1.000000e+00 0.000000e+00 1.900396e-03 9.500000e+02 2.161379e+00 0.000000e+00 -9.990070e+05 3.000000e+00 -1.000000e+00 6.820826e-01 -1.0 0.000000e+00 0.000000e+00 -1.000000e+00 7.154363e-01 -1.000000e+00 -9.990070e+05 4.615196e-01 4.615196e-01 9.581257e-01 9.489268e-01 3.613218e+00 0.000000e+00 -1.000000e+00 3.504357e-02 0.000000e+00 2.538098e+00
2.133313e+00 -1.000000e+00 0.000000e+00 -1.000000e+00 -1.000000e+00 8.500000e+02 3.757133e-01 -1.000000e+00 -1.000000e+00 8.368909e+00 0.000000e+00 -1.000000e+00 0.000000e+00 5.701105e-03 9.500000e+02 3.279456e+00 0.000000e+00 -9.990070e+05 3.000000e+00 -1.000000e+00 9.090739e-01 -1.0 0.000000e+00 0.000000e+00 -1.000000e+00 7.895673e-01 -1.000000e+00 -9.990070e+05 7.067795e-01 7.067795e-01 9.696239e-01 1.490881e+00 5.265997e+00 0.000000e+00 -1.000000e+00 7.451072e-02 0.000000e+00 3.841485e+00
