5.797395e-02 -1.000000e+00 0.000000e+00 -1.000000e+00 -1.000000e+00 0.000000e+00 4.658587e-17 -1.000000e+00 -1.000000e+00 2.103772e-01 0.000000e+00 -1.000000e+00 0.000000e+00 2.612623e-25 1.000000e+03 8.724788e-02 0.000000e+00 -9.990070e+05 3.000000e+00 -1.000000e+00 4.708177e-16 -1.0 0.000000e+00 0.000000e+00 -1.000000e+00 1.413987e-13 -1.000000e+00 -9.990070e+05 2.747658e-16 2.747658e-16 1.605379e-10 4.083946e-02 1.362989e-01 0.000000e+00 -1.000000e+00 5.721294e-21 0.000000e+00 1.009751e-01
6.460520e-01 -1.000000e+00 0.000000e+00 -1.000000e+00 -1.000000e+00 6.000000e+02 4.596612e-02 -1.000000e+00 -1.000000e+00 2.386046e+00 0.000000e+00 -1.000000e+00 0.000000e+00 6.452464e-05 1.000000e+03 9.794354e-01 0.000000e+00 -9.990070e+05 3.000000e+00 -1.000000e+00 1.523542e-01 -1.0 0.000000e+00 0.000000e+00 -1.000000e+00 3.167095e-01 -1.000000e+00 -9.990070e+05 9.593905e-02 9.593905e-02 8.378791e-01 4.542005e-01 1.537071e+00 0.000000e+00 -1.000000e+00 2.738847e-03 0.000000e+00 1.132703e+00
1.384825e+01 -1.000000e+00 0.000000e+00 -1.000000e+00 -1.000000e+00 8.000000e+02 4.936834e-01 -1.000000e+00 -1.000000e+00 1.294341e+02 0.000000e+00 -1.000000e+00 0.000000e+00 2.085994e-02 1.000000e+03 2.523404e+01 0.000000e+00 -9.990070e+05 3.000000e+00 -1.000000e+00 9.970999e-01 -1.0 0.000000e+00 0.000000e+00 -1.000000e+00 8.390261e-01 -1.000000e+00 -9.990070e+05 8.318201e-01 8.318201e-01 9.769128e-01 9.035193e+00 5.460463e+01 0.000000e+00 -1.000000e+00 1.526333e-01 0.000000e+00 3.017397e+01
4.215030e-01 -1.000000e+00 4.000000e+03 -1.000000e+00 -1.000000e+00 5.500000e+02 6.275171e-03 -1.000000e+00 -1.000000e+00 1.543639e+00 0.000000e+00 -1.000000e+00 1.000000e+00 2.211762e-06 1.050000e+03 6.372096e-01 1.000000e+00 -9.990070e+05 3.000000e+00 -1.000000e+00 2.494315e-02 -1.0 0.000000e+00 0.000000e+00 -1.000000e+00 8.308471e-02 -1.000000e+00 -9.990070e+05 1.554107e-02 1.554107e-02 4.606199e-01 2.959949e-01 9.977124e-01 0.000000e+00 -1.000000e+00 1.891786e-04 0.000000e+00 7.371249e-01
1.926951e+00 -1.000000e+00 4.000000e+03 -1.000000e+00 -1.000000e+00 7.500000e+02 3.607524e-01 -1.000000e+00 -1.000000e+00 6.944793e+00 0.000000e+00 -1.000000e+00 1.000000e+00 4.960295e-03 1.050000e+03 2.894873e+00 1.000000e+00 -9.990070e+05 2.000000e+00 -1.000000e+00 8.805895e-01 -1.0 0.000000e+00 0.000000e+00 -1.000000e+00 7.821042e-01 -1.000000e+00 -9.990070e+05 6.597464e-01 6.597464e-01 9.685032e-01 1.359050e+00 4.513248e+00 0.000000e+00 -1.000000e+00 6.806801e-02 1.000000e+00 3.349771e+00
7.764277e-02 -1.000000e+00 0.000000e+00 -1.000000e+00 -1.000000e+00 1.000000e+02 5.730793e-14 -1.000000e+00 -1.000000e+00 2.775094e-01 0.000000e+00 -1.000000e+00 0.000000e+00 1.833093e-21 1.100000e+03 1.162280e-01 0.000000e+00 -9.990070e+05 3.000000e+00 -1.000000e+00 5.289075e-13 -1.0 0.000000e+00 0.000000e+00 -1.000000e+00 7.313139e-11 -1.000000e+00 -9.990070e+05 3.114810e-13 3.114810e-13 3.505881e-08 5.489377e-02 1.809566e-01 0.000000e+00 -1.000000e+00 1.679028e-17 0.000000e+00 1.345239e-01
1.041071e-01 -1.000000e+00 0.000000e+00 -1.000000e+00 -1.000000e+00 3.000000e+02 1.312104e-10 -1.000000e+00 -1.000000e+00 3.752229e-01 0.000000e+00 -1.000000e+00 0.000000e+00 3.584096e-17 1.100000e+03 1.562141e-01 0.000000e+00 -9.990070e+05 3.000000e+00 -1.000000e+00 1.035883e-09 -1.0 0.000000e+00 0.000000e+00 -1.000000e+00 5.770776e-08 -1.000000e+00 -9.990070e+05 6.159673e-10 6.159673e-10 9.610237e-06 7.350523e-02 2.434669e-01 0.000000e+00 -1.000000e+00 1.121323e-13 0.000000e+00 1.807295e-01
2.489664e-01 -1.000000e+00 4.000000e+03 -1.000000e+00 -1.000000e+00 5.000000e+02 9.393522e-05 -1.000000e+00 -1.000000e+00 9.017431e-01 0.000000e+00 -1.000000e+00 1.000000e+00 3.510549e-09 1.100000e+03 3.746987e-01 1.000000e+00 -9.990070e+05 2.000000e+00 -1.000000e+00 4.830560e-04 -1.0 0.000000e+00 0.000000e+00 -1.000000e+00 3.663790e-03 -1.000000e+00 -9.990070e+05 2.960962e-04 2.960962e-04 5.668319e-02 1.754253e-01 5.848706e-01 0.000000e+00 -1.000000e+00 9.307301e-07 1.000000e+00 4.333957e-01
1.221166e+00 -1.000000e+00 4.000000e+03 -1.000000e+00 -1.000000e+00 7.000000e+02 2.224091e-01 -1.000000e+00 -1.000000e+00 4.395045e+00 0.000000e+00 -1.000000e+00 1.000000e+00 1.370272e-03 1.100000e+03 1.830630e+00 1.000000e+00 -9.990070e+05 2.000000e+00 -1.000000e+00 6.038048e-01 -1.0 0.000000e+00 0.000000e+00 -1.000000e+00 6.859741e-01 -1.000000e+00 -9.990070e+05 3.981518e-01 3.981518e-01 9.532583e-01 8.625065e-01 2.856494e+00 0.000000e+00 -1.000000e+00 2.765682e-02 1.000000e+00 2.119527e+00
6.150884e+00 -1.000000e+00 0.000000e+00 -1.000000e+00 -1.000000e+00 9.000000e+02 4.836881e-01 -1.000000e+00 -1.000000e+00 2.342464e+01 0.000000e+00 -1.000000e+00 0.000000e+00 1.827356e-02 1.100000e+03 9.325812e+00 0.000000e+00 -9.990070e+05 3.000000e+00 -1.000000e+00 9.965406e-01 -1.0 0.000000e+00 0.000000e+00 -1.000000e+00 8.353061e-01 -1.000000e+00 -9.990070e+05 9.143267e-01 9.143267e-01 9.763714e-01 4.349519e+00 1.481249e+01 0.000000e+00 -1.000000e+00 1.435627e-01 0.000000e+00 1.077134e+01
9.778642e-02 -1.000000e+00 0.000000e+00 -1.000000e+00 -1.000000e+00 2.500000e+02 2.072734e-11 -1.000000e+00 -1.000000e+00 3.507891e-01 0.000000e+00 -1.000000e+00 0.000000e+00 3.295358e-18 1.150000e+03 1.465637e-01 0.000000e+00 -9.990070e+05 3.000000e+00 -1.000000e+00 1.720702e-10 -1.0 0.000000e+00 0.000000e+00 -1.000000e+00 1.192424e-08 -1.000000e+00 -9.990070e+05 1.021588e-10 1.021588e-10 2.591369e-06 6.908136e-02 2.283710e-01 0.000000e+00 -1.000000e+00 1.352109e-14 0.000000e+00 1.696222e-01
1.859661e-01 -1.000000e+00 0.000000e+00 -1.000000e+00 -1.000000e+00 4.500000e+02 2.902684e-06 -1.000000e+00 -1.000000e+00 6.711119e-01 0.000000e+00 -1.000000e+00 0.000000e+00 2.429061e-11 1.150000e+03 2.792966e-01 0.000000e+00 -9.990070e+05 3.000000e+00 -1.000000e+00 1.730272e-05 -1.0 0.000000e+00 0.000000e+00 -1.000000e+00 2.354495e-04 -1.000000e+00 -9.990070e+05 1.049909e-05 1.049909e-05 7.415428e-03 1.312198e-01 4.355131e-01 0.000000e+00 -1.000000e+00 1.366069e-08 0.000000e+00 3.231296e-01
8.340456e-02 -1.000000e+00 4.000000e+03 -1.000000e+00 -1.000000e+00 5.000000e+01 2.722721e-13 -1.000000e+00 -1.000000e+00 2.974295e-01 0.000000e+00 -1.000000e+00 1.000000e+00 1.309457e-20 1.150000e+03 1.247100e-01 1.000000e+00 -9.990070e+05 2.000000e+00 -1.000000e+00 2.457187e-12 -1.0 0.000000e+00 0.000000e+00 -1.000000e+00 2.836815e-10 -1.000000e+00 -9.990070e+05 1.450460e-12 1.450460e-12 1.111733e-07 5.901226e-02 1.941975e-01 0.000000e+00 -1.000000e+00 9.778565e-17 1.000000e+00 1.443716e-01
6.227067e-01 -1.000000e+00 0.000000e+00 -1.000000e+00 -1.000000e+00 6.500000e+02 4.140378e-02 -1.000000e+00 -1.000000e+00 2.505449e+00 0.000000e+00 -1.000000e+00 0.000000e+00 5.358654e-05 1.150000e+03 9.470941e-01 0.000000e+00 -9.990070e+05 3.000000e+00 -1.000000e+00 1.372006e-01 -1.0 0.000000e+00 0.000000e+00 -1.000000e+00 2.966557e-01 -1.000000e+00 -9.990070e+05 8.594971e-02 8.594971e-02 8.240259e-01 4.398229e-01 1.536848e+00 0.000000e+00 -1.000000e+00 2.370439e-03 0.000000e+00 1.102318e+00
2.558850e+00 -1.000000e+00 0.000000e+00 -1.000000e+00 -1.000000e+00 8.500000e+02 4.156365e-01 -1.000000e+00 -1.000000e+00 9.396471e+00 0.000000e+00 -1.000000e+00 0.000000e+00 8.414020e-03 1.150000e+03 3.867316e+00 0.000000e+00 -9.990070e+05 3.000000e+00 -1.000000e+00 9.585686e-01 -1.0 0.000000e+00 0.000000e+00 -1.000000e+00 8.079122e-01 -1.000000e+00 -9.990070e+05 8.008487e-01 8.008487e-01 9.723529e-01 1.797975e+00 6.058377e+00 0.000000e+00 -1.000000e+00 9.481976e-02 0.000000e+00 4.472724e+00
1.137630e-01 -1.000000e+00 0.000000e+00 -1.000000e+00 -1.000000e+00 0.000000e+00 3.615398e-10 -1.000000e+00 -1.000000e+00 4.047643e-01 0.000000e+00 -1.000000e+00 0.000000e+00 1.341973e-16 1.200000e+03 1.700401e-01 0.000000e+00 -9.990070e+05 3.000000e+00 -1.000000e+00 2.848836e-09 -1.0 0.000000e+00 0.000000e+00 -1.000000e+00 1.365814e-07 -1.000000e+00 -9.990070e+05 1.700903e-09 1.700903e-09 1.956588e-05 8.052364e-02 2.645854e-01 0.000000e+00 -1.000000e+00 3.600519e-13 0.000000e+00 1.967903e-01
1.055168e-01 -1.000000e+00 0.000000e+00 -1.000000e+00 -1.000000e+00 2.000000e+02 7.142279e-11 -1.000000e+00 -1.000000e+00 3.761031e-01 0.000000e+00 -1.000000e+00 0.000000e+00 1.628393e-17 1.200000e+03 1.578414e-01 0.000000e+00 -9.990070e+05 3.000000e+00 -1.000000e+00 5.843434e-10 -1.0 0.000000e+00 0.000000e+00 -1.000000e+00 3.435850e-08 -1.000000e+00 -9.990070e+05 3.480226e-10 3.480226e-10 6.253308e-06 7.463092e-02 2.456921e-01 0.000000e+00 -1.000000e+00 5.577439e-14 0.000000e+00 1.827008e-01
1.659356e-01 -1.000000e+00 0.000000e+00 -1.000000e+00 -1.000000e+00 4.000000e+02 4.310072e-07 -1.000000e+00 -1.000000e+00 5.932760e-01 0.000000e+00 -1.000000e+00 0.000000e+00 1.729401e-12 1.200000e+03 2.482980e-01 0.000000e+00 -9.990070e+05 3.000000e+00 -1.000000e+00 2.773302e-06 -1.0 0.000000e+00 0.000000e+00 -1.000000e+00 5.019292e-05 -1.000000e+00 -9.990070e+05 1.677382e-06 1.677382e-06 2.252656e-03 1.173798e-01 3.870030e-01 0.000000e+00 -1.000000e+00 1.406562e-09 0.000000e+00 2.873659e-01
3.720635e-01 -1.000000e+00 0.000000e+00 -1.000000e+00 -1.000000e+00 6.000000e+02 2.663706e-03 -1.000000e+00 -1.000000e+00 1.340195e+00 0.000000e+00 -1.000000e+00 0.000000e+00 5.612456e-07 1.200000e+03 5.588382e-01 0.000000e+00 -9.990070e+05 3.000000e+00 -1.000000e+00 1.129834e-02 -1.0 0.000000e+00 0.000000e+00 -1.000000e+00 4.505957e-02 -1.000000e+00 -9.990070e+05 7.015823e-03 7.015823e-03 3.150598e-01 2.624478e-01 8.712602e-01 0.000000e+00 -1.000000e+00 6.225488e-05 0.000000e+00 6.466632e-01
1.819391e+00 -1.000000e+00 4.000000e+03 -1.000000e+00 -1.000000e+00 8.000000e+02 3.467645e-01 -1.000000e+00 -1.000000e+00 6.662921e+00 0.000000e+00 -1.000000e+00 1.000000e+00 4.363793e-03 1.200000e+03 2.748762e+00 1.000000e+00 -9.990070e+05 3.000000e+00 -1.000000e+00 8.568747e-01 -1.0 0.000000e+00 0.000000e+00 -1.000000e+00 7.747791e-01 -1.000000e+00 -9.990070e+05 6.290620e-01 6.290620e-01 9.673965e-01 1.278837e+00 4.302119e+00 0.000000e+00 -1.000000e+00 6.252725e-02 0.000000e+00 3.177940e+00
1.297757e-01 -1.000000e+00 4.000000e+03 -1.000000e+00 -1.000000e+00 1.500000e+02 5.212238e-09 -1.000000e+00 -1.000000e+00 4.615969e-01 0.000000e+00 -1.000000e+00 1.000000e+00 4.496484e-15 1.250000e+03 1.941798e-01 1.000000e+00 -9.990070e+05 3.000000e+00 -1.000000e+00 3.837329e-08 -1.0 0.000000e+00 0.000000e+00 -1.000000e+00 1.296756e-06 -1.000000e+00 -9.990070e+05 2.301248e-08 2.301248e-08 1.229088e-04 9.178751e-02 3.017125e-01 0.000000e+00 -1.000000e+00 7.905481e-12 0.000000e+00 2.246518e-01
1.482212e-01 -1.000000e+00 0.000000e+00 -1.000000e+00 -1.000000e+00 3.500000e+02 5.845690e-08 -1.000000e+00 -1.000000e+00 5.271577e-01 0.000000e+00 -1.000000e+00 0.000000e+00 1.141012e-13 1.250000e+03 2.216320e-01 0.000000e+00 -9.990070e+05 3.000000e+00 -1.000000e+00 4.030051e-07 -1.0 0.000000e+00 0.000000e+00 -1.000000e+00 9.713344e-06 -1.000000e+00 -9.990070e+05 2.428938e-07 2.428938e-07 6.182977e-04 1.048719e-01 3.446422e-01 0.000000e+00 -1.000000e+00 1.332128e-10 0.000000e+00 2.565017e-01
2.931557e-01 -1.000000e+00 4.000000e+03 -1.000000e+00 -1.000000e+00 5.500000e+02 4.148153e-04 -1.000000e+00 -1.000000e+00 1.055004e+00 0.000000e+00 -1.000000e+00 1.000000e+00 3.193660e-08 1.250000e+03 4.403991e-01 1.000000e+00 -9.990070e+05 3.000000e+00 -1.000000e+00 1.975779e-03 -1.0 0.000000e+00 0.000000e+00 -1.000000e+00 1.139084e-02 -1.000000e+00 -9.990070e+05 1.217663e-03 1.217663e-03 1.258984e-01 2.068021e-01 6.863793e-01 0.000000e+00 -1.000000e+00 5.885140e-06 0.000000e+00 5.094147e-01
1.049029e+00 -1.000000e+00 0.000000e+00 -1.000000e+00 -1.000000e+00 7.500000e+02 1.704459e-01 -1.000000e+00 -1.000000e+00 3.789424e+00 0.000000e+00 -1.000000e+00 0.000000e+00 7.711594e-04 1.250000e+03 1.577562e+00 0.000000e+00 -9.990070e+05 3.000000e+00 -1.000000e+00 4.821803e-01 -1.0 0.000000e+00 0.000000e+00 -1.000000e+00 6.256782e-01 -1.000000e+00 -9.990070e+05 3.114174e-01 3.114174e-01 9.425025e-01 7.394037e-01 2.461388e+00 0.000000e+00 -1.000000e+00 1.811179e-02 0.000000e+00 1.825086e+00
1.639263e-01 -1.000000e+00 4.000000e+03 -1.000000e+00 -1.000000e+00 1.000000e+02 2.739501e-07 -1.000000e+00 -1.000000e+00 5.805548e-01 0.000000e+00 -1.000000e+00 1.000000e+00 9.296503e-13 1.300000e+03 2.448422e-01 1.000000e+00 -9.990070e+05 2.000000e+00 -1.000000e+00 1.804702e-06 -1.0 0.000000e+00 0.000000e+00 -1.000000e+00 3.464893e-05 -1.000000e+00 -9.990070e+05 1.091774e-06 1.091774e-06 1.686367e-03 1.161201e-01 3.803508e-01 0.000000e+00 -1.000000e+00 8.224146e-10 1.000000e+00 2.832215e-01
1.726358e-01 -1.000000e+00 0.000000e+00 -1.000000e+00 -1.000000e+00 3.000000e+02 6.902300e-07 -1.000000e+00 -1.000000e+00 6.138456e-01 0.000000e+00 -1.000000e+00 0.000000e+00 3.305271e-12 1.300000e+03 2.583027e-01 0.000000e+00 -9.990070e+05 3.000000e+00 -1.000000e+00 4.391068e-06 -1.0 0.000000e+00 0.000000e+00 -1.000000e+00 7.367565e-05 -1.000000e+00 -9.990070e+05 2.660587e-06 2.660587e-06 3.035769e-03 1.221052e-01 4.013184e-01 0.000000e+00 -1.000000e+00 2.459972e-09 0.000000e+00 2.988425e-01
2.391725e-01 -1.000000e+00 4.000000e+03 -1.000000e+00 -1.000000e+00 5.000000e+02 5.199724e-05 -1.000000e+00 -1.000000e+00 8.546601e-01 0.000000e+00 -1.000000e+00 1.000000e+00 1.480598e-09 1.300000e+03 3.577004e-01 1.000000e+00 -9.990070e+05 3.000000e+00 -1.000000e+00 2.760528e-04 -1.0 0.000000e+00 0.000000e+00 -1.000000e+00 2.315506e-03 -1.000000e+00 -9.990070e+05 1.690067e-04 1.690067e-04 4.071079e-02 1.692083e-01 5.573077e-01 0.000000e+00 -1.000000e+00 4.500629e-07 0.000000e+00 4.140870e-01
7.220556e-01 -1.000000e+00 0.000000e+00 -1.000000e+00 -1.000000e+00 7.000000e+02 6.527014e-02 -1.000000e+00 -1.000000e+00 2.609260e+00 0.000000e+00 -1.000000e+00 0.000000e+00 1.214807e-04 1.300000e+03 1.083539e+00 0.000000e+00 -9.990070e+05 3.000000e+00 -1.000000e+00 2.089228e-01 -1.0 0.000000e+00 0.000000e+00 -1.000000e+00 3.912645e-01 -1.000000e+00 -9.990070e+05 1.321450e-01 1.321450e-01 8.773055e-01 5.097938e-01 1.690885e+00 0.000000e+00 -1.000000e+00 4.467366e-03 0.000000e+00 1.253861e+00
3.202054e+00 -1.000000e+00 4.000000e+03 -1.000000e+00 -1.000000e+00 9.000000e+02 4.441969e-01 -1.000000e+00 -1.000000e+00 1.149521e+01 0.000000e+00 -1.000000e+00 1.000000e+00 1.139312e-02 1.300000e+03 4.800786e+00 1.000000e+00 -9.990070e+05 2.000000e+00 -1.000000e+00 9.861541e-01 -1.0 0.000000e+00 0.000000e+00 -1.000000e+00 8.199047e-01 -1.000000e+00 -9.990070e+05 8.955218e-01 8.955218e-01 9.741195e-01 2.261138e+00 7.486339e+00 0.000000e+00 -1.000000e+00 1.127666e-01 1.000000e+00 5.557492e+00
2.046349e-01 -1.000000e+00 4.000000e+03 -1.000000e+00 -1.000000e+00 2.500000e+02 6.898695e-06 -1.000000e+00 -1.000000e+00 7.246674e-01 0.000000e+00 -1.000000e+00 1.000000e+00 8.205168e-11 1.350000e+03 3.057415e-01 1.000000e+00 -9.990070e+05 2.000000e+00 -1.000000e+00 4.032397e-05 -1.0 0.000000e+00 0.000000e+00 -1.000000e+00 4.708917e-04 -1.000000e+00 -9.990070e+05 2.457979e-05 2.457979e-05 1.253230e-02 1.450275e-01 4.748151e-01 0.000000e+00 -1.000000e+00 3.867661e-08 1.000000e+00 3.533632e-01
2.504600e-01 -1.000000e+00 4.000000e+03 -1.000000e+00 -1.000000e+00 4.500000e+02 8.098147e-05 -1.000000e+00 -1.000000e+00 8.913046e-01 0.000000e+00 -1.000000e+00 1.000000e+00 2.824657e-09 1.350000e+03 3.744454e-01 1.000000e+00 -9.990070e+05 3.000000e+00 -1.000000e+00 4.225270e-04 -1.0 0.000000e+00 0.000000e+00 -1.000000e+00 3.266513e-03 -1.000000e+00 -9.990070e+05 2.592299e-04 2.592299e-04 5.220047e-02 1.772345e-01 5.824769e-01 0.000000e+00 -1.000000e+00 7.753304e-07 0.000000e+00 4.333761e-01
1.993894e-01 -1.000000e+00 4.000000e+03 -1.000000e+00 -1.000000e+00 5.000000e+01 4.819602e-06 -1.000000e+00 -1.000000e+00 7.056256e-01 0.000000e+00 -1.000000e+00 1.000000e+00 4.948041e-11 1.350000e+03 2.979128e-01 1.000000e+00 -9.990070e+05 2.000000e+00 -1.000000e+00 2.860964e-05 -1.0 0.000000e+00 0.000000e+00 -1.000000e+00 3.536018e-04 -1.000000e+00 -9.990070e+05 1.742572e-05 1.742572e-05 1.009696e-02 1.413421e-01 4.625096e-01 0.000000e+00 -1.000000e+00 2.511226e-08 1.000000e+00 3.442129e-01
5.048091e-01 -1.000000e+00 0.000000e+00 -1.000000e+00 -1.000000e+00 6.500000e+02 1.539253e-02 -1.000000e+00 -1.000000e+00 1.806271e+00 0.000000e+00 -1.000000e+00 0.000000e+00 9.733623e-06 1.350000e+03 7.555924e-01 0.000000e+00 -9.990070e+05 3.000000e+00 -1.000000e+00 5.698141e-02 -1.0 0.000000e+00 0.000000e+00 -1.000000e+00 1.546621e-01 -1.000000e+00 -9.990070e+05 3.570106e-02 3.570106e-02 6.466671e-01 3.570223e-01 1.178032e+00 0.000000e+00 -1.000000e+00 6.193230e-04 0.000000e+00 8.744608e-01
1.946452e+00 -1.000000e+00 4.000000e+03 -1.000000e+00 -1.000000e+00 8.500000e+02 3.631824e-01 -1.000000e+00 -1.000000e+00 7.095773e+00 0.000000e+00 -1.000000e+00 1.000000e+00 5.072840e-03 1.350000e+03 2.930500e+00 1.000000e+00 -9.990070e+05 3.000000e+00 -1.000000e+00 8.848120e-01 -1.0 0.000000e+00 0.000000e+00 -1.000000e+00 7.833413e-01 -1.000000e+00 -9.990070e+05 6.658055e-01 6.658055e-01 9.686894e-01 1.371214e+00 4.580421e+00 0.000000e+00 -1.000000e+00 6.907663e-02 0.000000e+00 3.390411e+00
2.610945e-01 -1.000000e+00 4.000000e+03 -1.000000e+00 -1.000000e+00 0.000000e+00 1.169211e-04 -1.000000e+00 -1.000000e+00 9.242308e-01 0.000000e+00 -1.000000e+00 1.000000e+00 4.842572e-09 1.400000e+03 3.901630e-01 1.000000e+00 -9.990070e+05 2.000000e+00 -1.000000e+00 6.006072e-04 -1.0 0.000000e+00 0.000000e+00 -1.000000e+00 4.337770e-03 -1.000000e+00 -9.990070e+05 3.691176e-04 3.691176e-04 6.395498e-02 1.851008e-01 6.057385e-01 0.000000e+00 -1.000000e+00 1.219188e-06 1.000000e+00 4.506912e-01
2.548248e-01 -1.000000e+00 4.000000e+03 -1.000000e+00 -1.000000e+00 2.000000e+02 9.146938e-05 -1.000000e+00 -1.000000e+00 9.025982e-01 0.000000e+00 -1.000000e+00 1.000000e+00 3.376238e-09 1.400000e+03 3.808248e-01 1.000000e+00 -9.990070e+05 2.000000e+00 -1.000000e+00 4.758056e-04 -1.0 0.000000e+00 0.000000e+00 -1.000000e+00 3.589239e-03 -1.000000e+00 -9.990070e+05 2.921979e-04 2.921979e-04 5.585401e-02 1.806294e-01 5.913797e-01 0.000000e+00 -1.000000e+00 9.007257e-07 1.000000e+00 4.399695e-01
2.750085e-01 -1.000000e+00 4.000000e+03 -1.000000e+00 -1.000000e+00 4.000000e+02 2.026543e-04 -1.000000e+00 -1.000000e+00 9.764165e-01 0.000000e+00 -1.000000e+00 1.000000e+00 1.092633e-08 1.400000e+03 4.110841e-01 1.000000e+00 -9.990070e+05 2.000000e+00 -1.000000e+00 1.010066e-03 -1.0 0.000000e+00 0.000000e+00 -1.000000e+00 6.613891e-03 -1.000000e+00 -9.990070e+05 6.217110e-04 6.217110e-04 8.621971e-02 1.948453e-01 6.389599e-01 0.000000e+00 -1.000000e+00 2.408995e-06 1.000000e+00 4.751557e-01
4.078944e-01 -1.000000e+00 4.000000e+03 -1.000000e+00 -1.000000e+00 6.000000e+02 4.635047e-03 -1.000000e+00 -1.000000e+00 1.454496e+00 0.000000e+00 -1.000000e+00 1.000000e+00 1.356033e-06 1.400000e+03 6.101636e-01 1.000000e+00 -9.990070e+05 2.000000e+00 -1.000000e+00 1.892800e-02 -1.0 0.000000e+00 0.000000e+00 -1.000000e+00 6.704581e-02 -1.000000e+00 -9.990070e+05 1.178928e-02 1.178928e-02 4.044807e-01 2.888051e-01 9.498380e-01 0.000000e+00 -1.000000e+00 1.274367e-04 1.000000e+00 7.054968e-01
1.125919e+00 -1.000000e+00 4.000000e+03 -1.000000e+00 -1.000000e+00 8.000000e+02 1.948733e-01 -1.000000e+00 -1.000000e+00 4.103248e+00 0.000000e+00 -1.000000e+00 1.000000e+00 1.023569e-03 1.400000e+03 1.698145e+00 1.000000e+00 -9.990070e+05 3.000000e+00 -1.000000e+00 5.402683e-01 -1.0 0.000000e+00 0.000000e+00 -1.000000e+00 6.566906e-01 -1.000000e+00 -9.990070e+05 3.519026e-01 3.519026e-01 9.481871e-01 7.922309e-01 2.654981e+00 0.000000e+00 -1.000000e+00 2.233258e-02 0.000000e+00 1.963881e+00
3.218635e-01 -1.000000e+00 0.000000e+00 -1.000000e+00 -1.000000e+00 1.500000e+02 8.052168e-04 -1.000000e+00 -1.000000e+00 1.138988e+00 0.000000e+00 -1.000000e+00 0.000000e+00 8.747182e-08 1.450000e+03 4.810630e-01 0.000000e+00 -9.990070e+05 3.000000e+00 -1.000000e+00 3.713596e-03 -1.0 0.000000e+00 0.000000e+00 -1.000000e+00 1.872327e-02 -1.000000e+00 -9.990070e+05 2.297829e-03 2.297829e-03 1.766893e-01 2.282583e-01 7.466520e-01 0.000000e+00 -1.000000e+00 1.355210e-05 0.000000e+00 5.553900e-01
3.119538e-01 -1.000000e+00 4.000000e+03 -1.000000e+00 -1.000000e+00 3.500000e+02 6.226655e-04 -1.000000e+00 -1.000000e+00 1.104705e+00 0.000000e+00 -1.000000e+00 1.000000e+00 5.908631e-08 1.450000e+03 4.662711e-01 1.000000e+00 -9.990070e+05 2.000000e+00 -1.000000e+00 2.916159e-03 -1.0 0.000000e+00 0.000000e+00 -1.000000e+00 1.545471e-02 -1.000000e+00 -9.990070e+05 1.802567e-03 1.802567e-03 1.551551e-01 2.211812e-01 7.239212e-01 0.000000e+00 -1.000000e+00 9.799791e-06 1.000000e+00 5.384488e-01
3.973761e-01 -1.000000e+00 4.000000e+03 -1.000000e+00 -1.000000e+00 5.500000e+02 3.873366e-03 -1.000000e+00 -1.000000e+00 1.412145e+00 0.000000e+00 -1.000000e+00 1.000000e+00 1.017131e-06 1.450000e+03 5.941486e-01 1.000000e+00 -9.990070e+05 3.000000e+00 -1.000000e+00 1.605074e-02 -1.0 0.000000e+00 0.000000e+00 -1.000000e+00 5.898589e-02 -1.000000e+00 -9.990070e+05 9.992525e-03 9.992525e-03 3.735967e-01 2.815224e-01 9.237501e-01 0.000000e+00 -1.000000e+00 1.009510e-04 0.000000e+00 6.866872e-01
7.888599e-01 -1.000000e+00 0.000000e+00 -1.000000e+00 -1.000000e+00 7.500000e+02 8.555147e-02 -1.000000e+00 -1.000000e+00 2.838186e+00 0.000000e+00 -1.000000e+00 0.000000e+00 2.003209e-04 1.450000e+03 1.184294e+00 0.000000e+00 -9.990070e+05 3.000000e+00 -1.000000e+00 2.653867e-01 -1.0 0.000000e+00 0.000000e+00 -1.000000e+00 4.553516e-01 -1.000000e+00 -9.990070e+05 1.683908e-01 1.683908e-01 9.011294e-01 5.568025e-01 1.845257e+00 0.000000e+00 -1.000000e+00 6.555293e-03 0.000000e+00 1.369875e+00
4.180396e-01 -1.000000e+00 0.000000e+00 -1.000000e+00 -1.000000e+00 0.000000e+00 5.235157e-03 -1.000000e+00 -1.000000e+00 1.477172e+00 0.000000e+00 -1.000000e+00 0.000000e+00 1.649653e-06 1.500000e+03 6.245021e-01 0.000000e+00 -9.990070e+05 3.000000e+00 -1.000000e+00 2.124054e-02 -1.0 0.000000e+00 0.000000e+00 -1.000000e+00 7.310001e-02 -1.000000e+00 -9.990070e+05 1.324715e-02 1.324715e-02 4.264512e-01 2.964595e-01 9.689408e-01 0.000000e+00 -1.000000e+00 1.493208e-04 0.000000e+00 7.212614e-01
4.021754e-01 -1.000000e+00 4.000000e+03 -1.000000e+00 -1.000000e+00 1.000000e+02 4.117446e-03 -1.000000e+00 -1.000000e+00 1.422972e+00 0.000000e+00 -1.000000e+00 1.000000e+00 1.121525e-06 1.500000e+03 6.009532e-01 1.000000e+00 -9.990070e+05 3.000000e+00 -1.000000e+00 1.700986e-02 -1.0 0.000000e+00 0.000000e+00 -1.000000e+00 6.161928e-02 -1.000000e+00 -9.990070e+05 1.059666e-02 1.059666e-02 3.839049e-01 2.851406e-01 9.328315e-01 0.000000e+00 -1.000000e+00 1.092733e-04 0.000000e+00 6.941467e-01
3.800804e-01 -1.000000e+00 0.000000e+00 -1.000000e+00 -1.000000e+00 3.000000e+02 2.824301e-03 -1.000000e+00 -1.000000e+00 1.344804e+00 0.000000e+00 -1.000000e+00 0.000000e+00 6.156538e-07 1.500000e+03 5.679738e-01 0.000000e+00 -9.990070e+05 3.000000e+00 -1.000000e+00 1.198985e-02 -1.0 0.000000e+00 0.000000e+00 -1.000000e+00 4.700643e-02 -1.000000e+00 -9.990070e+05 7.456649e-03 7.456649e-03 3.236930e-01 2.694989e-01 8.815985e-01 0.000000e+00 -1.000000e+00 6.712836e-05 0.000000e+00 6.559551e-01
4.411662e-01 -1.000000e+00 4.000000e+03 -1.000000e+00 -1.000000e+00 5.000000e+02 7.305168e-03 -1.000000e+00 -1.000000e+00 1.563858e+00 0.000000e+00 -1.000000e+00 1.000000e+00 2.832551e-06 1.500000e+03 6.592718e-01 1.000000e+00 -9.990070e+05 2.000000e+00 -1.000000e+00 2.885389e-02 -1.0 0.000000e+00 0.000000e+00 -1.000000e+00 9.244693e-02 -1.000000e+00 -9.990070e+05 1.802010e-02 1.802010e-02 4.905309e-01 3.126417e-01 1.024154e+00 0.000000e+00 -1.000000e+00 2.308648e-04 1.000000e+00 7.619274e-01
6.807086e-01 -1.000000e+00 0.000000e+00 -1.000000e+00 -1.000000e+00 7.000000e+02 5.327964e-02 -1.000000e+00 -1.000000e+00 2.432391e+00 0.000000e+00 -1.000000e+00 0.000000e+00 8.406406e-05 1.500000e+03 1.018621e+00 0.000000e+00 -9.990070e+05 3.000000e+00 -1.000000e+00 1.746470e-01 -1.0 0.000000e+00 0.000000e+00 -1.000000e+00 3.467740e-01 -1.000000e+00 -9.990070e+05 1.103213e-01 1.103213e-01 8.557609e-01 4.813945e-01 1.586505e+00 0.000000e+00 -1.000000e+00 3.362334e-03 0.000000e+00 1.179057e+00
1.882187e+00 -1.000000e+00 4.000000e+03 -1.000000e+00 -1.000000e+00 9.000000e+02 3.551736e-01 -1.000000e+00 -1.000000e+00 6.812610e+00 0.000000e+00 -1.000000e+00 1.000000e+00 4.712282e-03 1.500000e+03 2.831144e+00 1.000000e+00 -9.990070e+05 3.000000e+00 -1.000000e+00 8.715160e-01 -1.0 0.000000e+00 0.000000e+00 -1.000000e+00 7.792252e-01 -1.000000e+00 -9.990070e+05 6.478288e-01 6.478288e-01 9.680690e-01 1.326648e+00 4.418340e+00 0.000000e+00 -1.000000e+00 6.580512e-02 0.000000e+00 3.274875e+00
4.962395e-01 -1.000000e+00 0.000000e+00 -1.000000e+00 -1.000000e+00 2.500000e+02 1.379976e-02 -1.000000e+00 -1.000000e+00 1.756105e+00 0.000000e+00 -1.000000e+00 0.000000e+00 8.103436e-06 1.550000e+03 7.413217e-01 0.000000e+00 -9.990070e+05 3.000000e+00 -1.000000e+00 5.170346e-02 -1.0 0.000000e+00 0.000000e+00 -1.000000e+00 1.435736e-01 -1.000000e+00 -9.990070e+05 3.240007e-02 3.240007e-02 6.236056e-01 3.517156e-01 1.151016e+00 0.000000e+00 -1.000000e+00 5.353156e-04 0.000000e+00 8.567940e-01
5.327746e-01 -1.000000e+00 0.000000e+00 -1.000000e+00 -1.000000e+00 4.500000e+02 1.959321e-02 -1.000000e+00 -1.000000e+00 1.889437e+00 0.000000e+00 -1.000000e+00 0.000000e+00 1.463948e-05 1.550000e+03 7.960513e-01 0.000000e+00 -9.990070e+05 3.000000e+00 -1.000000e+00 7.111034e-02 -1.0 0.000000e+00 0.000000e+00 -1.000000e+00 1.820243e-01 -1.000000e+00 -9.990070e+05 4.464410e-02 4.464410e-02 6.962257e-01 3.774122e-01 1.237068e+00 0.000000e+00 -1.000000e+00 8.559307e-04 0.000000e+00 9.205882e-01
5.380116e-01 -1.000000e+00 0.000000e+00 -1.000000e+00 -1.000000e+00 5.000000e+01 2.045658e-02 -1.000000e+00 -1.000000e+00 1.905259e+00 0.000000e+00 -1.000000e+00 0.000000e+00 1.575479e-05 1.550000e+03 8.037405e-01 0.000000e+00 -9.990070e+05 3.000000e+00 -1.000000e+00 7.396091e-02 -1.0 0.000000e+00 0.000000e+00 -1.000000e+00 1.873586e-01 -1.000000e+00 -9.990070e+05 4.644814e-02 4.644814e-02 7.047828e-01 3.812252e-01 1.248331e+00 0.000000e+00 -1.000000e+00 9.070930e-04 0.000000e+00 9.292302e-01
6.641685e-01 -1.000000e+00 0.000000e+00 -1.000000e+00 -1.000000e+00 6.500000e+02 4.873054e-02 -1.000000e+00 -1.000000e+00 2.365579e+00 0.000000e+00 -1.000000e+00 0.000000e+00 7.161954e-05 1.550000e+03 9.929718e-01 0.000000e+00 -9.990070e+05 3.000000e+00 -1.000000e+00 1.613621e-01 -1.0 0.000000e+00 0.000000e+00 -1.000000e+00 3.283602e-01 -1.000000e+00 -9.990070e+05 1.018755e-01 1.018755e-01 8.451840e-01 4.699678e-01 1.545485e+00 0.000000e+00 -1.000000e+00 2.969845e-03 0.000000e+00 1.149381e+00
1.340004e+00 -1.000000e+00 0.000000e+00 -1.000000e+00 -1.000000e+00 8.500000e+02 2.543487e-01 -1.000000e+00 -1.000000e+00 4.821991e+00 0.000000e+00 -1.000000e+00 0.000000e+00 1.875000e-03 1.550000e+03 2.009614e+00 0.000000e+00 -9.990070e+05 3.000000e+00 -1.000000e+00 6.746217e-01 -1.0 0.000000e+00 0.000000e+00 -1.000000e+00 7.142949e-01 -1.000000e+00 -9.990070e+05 4.531038e-01 4.531038e-01 9.579409e-01 9.462349e-01 3.134771e+00 0.000000e+00 -1.000000e+00 3.470657e-02 0.000000e+00 2.326145e+00
6.598095e-01 -1.000000e+00 0.000000e+00 -1.000000e+00 -1.000000e+00 0.000000e+00 4.735169e-02 -1.000000e+00 -1.000000e+00 2.335844e+00 0.000000e+00 -1.000000e+00 0.000000e+00 6.803660e-05 1.600000e+03 9.854340e-01 0.000000e+00 -9.990070e+05 3.000000e+00 -1.000000e+00 1.574294e-01 -1.0 0.000000e+00 0.000000e+00 -1.000000e+00 3.225943e-01 -1.000000e+00 -9.990070e+05 9.940890e-02 9.940890e-02 8.416322e-01 4.674237e-01 1.530603e+00 0.000000e+00 -1.000000e+00 2.853906e-03 0.000000e+00 1.139855e+00
6.419435e-01 -1.000000e+00 0.000000e+00 -1.000000e+00 -1.000000e+00 2.000000e+02 4.277468e-02 -1.000000e+00 -1.000000e+00 2.272255e+00 0.000000e+00 -1.000000e+00 0.000000e+00 5.677236e-05 1.600000e+03 9.587376e-01 0.000000e+00 -9.990070e+05 3.000000e+00 -1.000000e+00 1.437528e-01 -1.0 0.000000e+00 0.000000e+00 -1.000000e+00 3.027944e-01 -1.000000e+00 -9.990070e+05 9.070263e-02 9.070263e-02 8.284511e-01 4.548012e-01 1.489028e+00 0.000000e+00 -1.000000e+00 2.479430e-03 0.000000e+00 1.108856e+00
6.547313e-01 -1.000000e+00 0.000000e+00 -1.000000e+00 -1.000000e+00 4.000000e+02 4.603889e-02 -1.000000e+00 -1.000000e+00 2.318207e+00 0.000000e+00 -1.000000e+00 0.000000e+00 6.470687e-05 1.600000e+03 9.778668e-01 0.000000e+00 -9.990070e+05 3.000000e+00 -1.000000e+00 1.535143e-01 -1.0 0.000000e+00 0.000000e+00 -1.000000e+00 3.170209e-01 -1.000000e+00 -9.990070e+05 9.691295e-02 9.691295e-02 8.380810e-01 4.638200e-01 1.518925e+00 0.000000e+00 -1.000000e+00 2.744853e-03 0.000000e+00 1.131092e+00
7.068028e-01 -1.000000e+00 0.000000e+00 -1.000000e+00 -1.000000e+00 6.000000e+02 6.031086e-02 -1.000000e+00 -1.000000e+00 2.509254e+00 0.000000e+00 -1.000000e+00 0.000000e+00 1.051896e-04 1.600000e+03 1.055904e+00 0.000000e+00 -9.990070e+05 3.000000e+00 -1.000000e+00 1.951609e-01 -1.0 0.000000e+00 0.000000e+00 -1.000000e+00 3.735305e-01 -1.000000e+00 -9.990070e+05 1.234555e-01 1.234555e-01 8.693183e-01 5.004019e-01 1.641894e+00 0.000000e+00 -1.000000e+00 3.998215e-03 0.000000e+00 1.222176e+00
1.139501e+00 -1.000000e+00 4.000000e+03 -1.000000e+00 -1.000000e+00 8.000000e+02 1.983342e-01 -1.000000e+00 -1.000000e+00 4.063408e+00 0.000000e+00 -1.000000e+00 1.000000e+00 1.063282e-03 1.600000e+03 1.704437e+00 1.000000e+00 -9.990070e+05 2.000000e+00 -1.000000e+00 5.488684e-01 -1.0 0.000000e+00 0.000000e+00 -1.000000e+00 6.606693e-01 -1.000000e+00 -9.990070e+05 3.582440e-01 3.582440e-01 9.488917e-01 8.065914e-01 2.653636e+00 0.000000e+00 -1.000000e+00 2.296728e-02 1.000000e+00 1.971489e+00
8.184085e-01 -1.000000e+00 0.000000e+00 -1.000000e+00 -1.000000e+00 1.500000e+02 9.425636e-02 -1.000000e+00 -1.000000e+00 2.899612e+00 0.000000e+00 -1.000000e+00 0.000000e+00 2.403466e-04 1.650000e+03 1.222914e+00 0.000000e+00 -9.990070e+05 3.000000e+00 -1.000000e+00 2.893227e-01 -1.0 0.000000e+00 0.000000e+00 -1.000000e+00 4.792536e-01 -1.000000e+00 -9.990070e+05 1.839465e-01 1.839465e-01 9.084602e-01 5.799484e-01 1.899506e+00 0.000000e+00 -1.000000e+00 7.531966e-03 0.000000e+00 1.413521e+00
8.347625e-01 -1.000000e+00 0.000000e+00 -1.000000e+00 -1.000000e+00 3.500000e+02 9.952310e-02 -1.000000e+00 -1.000000e+00 2.956986e+00 0.000000e+00 -1.000000e+00 0.000000e+00 2.664273e-04 1.650000e+03 1.247365e+00 0.000000e+00 -9.990070e+05 3.000000e+00 -1.000000e+00 3.034058e-01 -1.0 0.000000e+00 0.000000e+00 -1.000000e+00 4.927998e-01 -1.000000e+00 -9.990070e+05 1.930600e-01 1.930600e-01 9.123237e-01 5.915784e-01 1.937302e+00 0.000000e+00 -1.000000e+00 8.145831e-03 0.000000e+00 1.441618e+00
8.573126e-01 -1.000000e+00 0.000000e+00 -1.000000e+00 -1.000000e+00 5.500000e+02 1.068888e-01 -1.000000e+00 -1.000000e+00 3.039084e+00 0.000000e+00 -1.000000e+00 0.000000e+00 3.053145e-04 1.650000e+03 1.281142e+00 0.000000e+00 -9.990070e+05 3.000000e+00 -1.000000e+00 3.228780e-01 -1.0 0.000000e+00 0.000000e+00 -1.000000e+00 5.106786e-01 -1.000000e+00 -9.990070e+05 2.056919e-01 2.056919e-01 9.171398e-01 6.074678e-01 1.990336e+00 0.000000e+00 -1.000000e+00 9.033148e-03 0.000000e+00 1.480882e+00
1.073608e+00 -1.000000e+00 0.000000e+00 -1.000000e+00 -1.000000e+00 7.500000e+02 1.778261e-01 -1.000000e+00 -1.000000e+00 3.822478e+00 0.000000e+00 -1.000000e+00 0.000000e+00 8.425041e-04 1.650000e+03 1.605579e+00 0.000000e+00 -9.990070e+05 3.000000e+00 -1.000000e+00 5.004452e-01 -1.0 0.000000e+00 0.000000e+00 -1.000000e+00 6.356300e-01 -1.000000e+00 -9.990070e+05 3.242159e-01 3.242159e-01 9.443661e-01 7.602436e-01 2.498152e+00 0.000000e+00 -1.000000e+00 1.934063e-02 0.000000e+00 1.856392e+00
1.063641e+00 -1.000000e+00 0.000000e+00 -1.000000e+00 -1.000000e+00 1.000000e+02 1.746231e-01 -1.000000e+00 -1.000000e+00 3.771120e+00 0.000000e+00 -1.000000e+00 0.000000e+00 8.110402e-04 1.700000e+03 1.589998e+00 0.000000e+00 -9.990070e+05 3.000000e+00 -1.000000e+00 4.929159e-01 -1.0 0.000000e+00 0.000000e+00 -1.000000e+00 6.313774e-01 -1.000000e+00 -9.990070e+05 3.190707e-01 3.190707e-01 9.435746e-01 7.538701e-01 2.469821e+00 0.000000e+00 -1.000000e+00 1.880252e-02 0.000000e+00 1.836786e+00
1.047091e+00 -1.000000e+00 0.000000e+00 -1.000000e+00 -1.000000e+00 3.000000e+02 1.693107e-01 -1.000000e+00 -1.000000e+00 3.712346e+00 0.000000e+00 -1.000000e+00 0.000000e+00 7.605418e-04 1.700000e+03 1.565260e+00 0.000000e+00 -9.990070e+05 3.000000e+00 -1.000000e+00 4.801296e-01 -1.0 0.000000e+00 0.000000e+00 -1.000000e+00 6.240983e-01 -1.000000e+00 -9.990070e+05 3.102844e-01 3.102844e-01 9.422029e-01 7.421673e-01 2.431338e+00 0.000000e+00 -1.000000e+00 1.792620e-02 0.000000e+00 1.808145e+00
1.080868e+00 -1.000000e+00 0.000000e+00 -1.000000e+00 -1.000000e+00 5.000000e+02 1.801043e-01 -1.000000e+00 -1.000000e+00 3.833231e+00 0.000000e+00 -1.000000e+00 0.000000e+00 8.653585e-04 1.700000e+03 1.615779e+00 0.000000e+00 -9.990070e+05 3.000000e+00 -1.000000e+00 5.060210e-01 -1.0 0.000000e+00 0.000000e+00 -1.000000e+00 6.385947e-01 -1.000000e+00 -9.990070e+05 3.281387e-01 3.281387e-01 9.449138e-01 7.660331e-01 2.510143e+00 0.000000e+00 -1.000000e+00 1.972789e-02 0.000000e+00 1.866696e+00
1.200005e+00 -1.000000e+00 4.000000e+03 -1.000000e+00 -1.000000e+00 7.000000e+02 2.163396e-01 -1.000000e+00 -1.000000e+00 4.258906e+00 0.000000e+00 -1.000000e+00 1.000000e+00 1.287527e-03 1.700000e+03 1.793864e+00 1.000000e+00 -9.990070e+05 3.000000e+00 -1.000000e+00 5.904820e-01 -1.0 0.000000e+00 0.000000e+00 -1.000000e+00 6.799573e-01 -1.000000e+00 -9.990070e+05 3.884779e-01 3.884779e-01 9.522370e-01 8.501928e-01 2.787848e+00 0.000000e+00 -1.000000e+00 2.642756e-02 0.000000e+00 2.073322e+00
1.769282e+00 -1.000000e+00 4.000000e+03 -1.000000e+00 -1.000000e+00 9.000000e+02 3.395590e-01 -1.000000e+00 -1.000000e+00 6.322374e+00 0.000000e+00 -1.000000e+00 1.000000e+00 4.087262e-03 1.700000e+03 2.651623e+00 1.000000e+00 -9.990070e+05 2.000000e+00 -1.000000e+00 8.444711e-01 -1.0 0.000000e+00 0.000000e+00 -1.000000e+00 7.708614e-01 -1.000000e+00 -9.990070e+05 6.144223e-01 6.144223e-01 9.668018e-01 1.250054e+00 4.124546e+00 0.000000e+00 -1.000000e+00 5.983918e-02 1.000000e+00 3.067486e+00
1.294817e+00 -1.000000e+00 0.000000e+00 -1.000000e+00 -1.000000e+00 2.500000e+02 2.427075e-01 -1.000000e+00 -1.000000e+00 4.593618e+00 0.000000e+00 -1.000000e+00 0.000000e+00 1.676511e-03 1.750000e+03 1.935234e+00 0.000000e+00 -9.990070e+05 3.000000e+00 -1.000000e+00 6.495313e-01 -1.0 0.000000e+00 0.000000e+00 -1.000000e+00 7.045679e-01 -1.000000e+00 -9.990070e+05 4.333057e-01 4.333057e-01 9.563545e-01 9.172990e-01 3.007379e+00 0.000000e+00 -1.000000e+00 3.201793e-02 0.000000e+00 2.237270e+00
1.271334e+00 -1.000000e+00 0.000000e+00 -1.000000e+00 -1.000000e+00 4.500000e+02 2.363940e-01 -1.000000e+00 -1.000000e+00 4.514459e+00 0.000000e+00 -1.000000e+00 0.000000e+00 1.576113e-03 1.750000e+03 1.900405e+00 0.000000e+00 -9.990070e+05 3.000000e+00 -1.000000e+00 6.355703e-01 -1.0 0.000000e+00 0.000000e+00 -1.000000e+00 6.990202e-01 -1.000000e+00 -9.990070e+05 4.224507e-01 4.224507e-01 9.554398e-01 9.005820e-01 2.954172e+00 0.000000e+00 -1.000000e+00 3.061857e-02 0.000000e+00 2.197059e+00
1.386048e+00 -1.000000e+00 4.000000e+03 -1.000000e+00 -1.000000e+00 5.000000e+01 2.657388e-01 -1.000000e+00 -1.000000e+00 4.918053e+00 0.000000e+00 -1.000000e+00 1.000000e+00 2.087563e-03 1.750000e+03 2.071695e+00 1.000000e+00 -9.990070e+05 2.000000e+00 -1.000000e+00 6.990949e-01 -1.0 0.000000e+00 0.000000e+00 -1.000000e+00 7.232387e-01 -1.000000e+00 -9.990070e+05 4.732479e-01 4.732479e-01 9.593812e-01 9.819190e-01 3.219578e+00 0.000000e+00 -1.000000e+00 3.748210e-02 1.000000e+00 2.394926e+00
1.392887e+00 -1.000000e+00 4.000000e+03 -1.000000e+00 -1.000000e+00 6.500000e+02 2.673710e-01 -1.000000e+00 -1.000000e+00 4.943989e+00 0.000000e+00 -1.000000e+00 1.000000e+00 2.119628e-03 1.750000e+03 2.082073e+00 1.000000e+00 -9.990070e+05 3.000000e+00 -1.000000e+00 7.025347e-01 -1.0 0.000000e+00 0.000000e+00 -1.000000e+00 7.244774e-01 -1.000000e+00 -9.990070e+05 4.761199e-01 4.761199e-01 9.595794e-01 9.867763e-01 3.236010e+00 0.000000e+00 -1.000000e+00 3.789221e-02 0.000000e+00 2.406775e+00
1.767506e+00 -1.000000e+00 4.000000e+03 -1.000000e+00 -1.000000e+00 8.500000e+02 3.392718e-01 -1.000000e+00 -1.000000e+00 6.319226e+00 0.000000e+00 -1.000000e+00 1.000000e+00 4.076634e-03 1.750000e+03 2.649159e+00 1.000000e+00 -9.990070e+05 3.000000e+00 -1.000000e+00 8.439531e-01 -1.0 0.000000e+00 0.000000e+00 -1.000000e+00 7.707031e-01 -1.000000e+00 -9.990070e+05 6.138109e-01 6.138109e-01 9.667777e-01 1.248821e+00 4.121084e+00 0.000000e+00 -1.000000e+00 5.973426e-02 0.000000e+00 3.064449e+00
1.795880e+00 -1.000000e+00 4.000000e+03 -1.000000e+00 -1.000000e+00 0.000000e+00 3.435195e-01 -1.000000e+00 -1.000000e+00 6.383245e+00 0.000000e+00 -1.000000e+00 1.000000e+00 4.236863e-03 1.800000e+03 2.686503e+00 1.000000e+00 -9.990070e+05 2.000000e+00 -1.000000e+00 8.515634e-01 -1.0 0.000000e+00 0.000000e+00 -1.000000e+00 7.730275e-01 -1.000000e+00 -9.990070e+05 6.229135e-01 6.229135e-01 9.671309e-01 1.270325e+00 4.174045e+00 0.000000e+00 -1.000000e+00 6.130331e-02 1.000000e+00 3.108433e+00
1.682480e+00 -1.000000e+00 0.000000e+00 -1.000000e+00 -1.000000e+00 2.000000e+02 3.257565e-01 -1.000000e+00 -1.000000e+00 5.979760e+00 0.000000e+00 -1.000000e+00 0.000000e+00 3.607749e-03 1.800000e+03 2.514498e+00 0.000000e+00 -9.990070e+05 3.000000e+00 -1.000000e+00 8.193160e-01 -1.0 0.000000e+00 0.000000e+00 -1.000000e+00 7.630549e-01 -1.000000e+00 -9.990070e+05 5.861550e-01 5.861550e-01 9.656104e-01 1.190781e+00 3.910769e+00 0.000000e+00 -1.000000e+00 5.497892e-02 0.000000e+00 2.910511e+00
1.665917e+00 -1.000000e+00 0.000000e+00 -1.000000e+00 -1.000000e+00 4.000000e+02 3.229092e-01 -1.000000e+00 -1.000000e+00 5.915360e+00 0.000000e+00 -1.000000e+00 0.000000e+00 3.516257e-03 1.800000e+03 2.489871e+00 0.000000e+00 -9.990070e+05 3.000000e+00 -1.000000e+00 8.139825e-01 -1.0 0.000000e+00 0.000000e+00 -1.000000e+00 7.613917e-01 -1.000000e+00 -9.990070e+05 5.804347e-01 5.804347e-01 9.653555e-01 1.179801e+00 3.870919e+00 0.000000e+00 -1.000000e+00 5.402077e-02 0.000000e+00 2.879693e+00
1.678065e+00 -1.000000e+00 0.000000e+00 -1.000000e+00 -1.000000e+00 6.000000e+02 3.250329e-01 -1.000000e+00 -1.000000e+00 5.959643e+00 0.000000e+00 -1.000000e+00 0.000000e+00 3.584271e-03 1.800000e+03 2.507345e+00 0.000000e+00 -9.990070e+05 3.000000e+00 -1.000000e+00 8.179575e-01 -1.0 0.000000e+00 0.000000e+00 -1.000000e+00 7.626340e-01 -1.000000e+00 -9.990070e+05 5.846840e-01 5.846840e-01 9.655459e-01 1.187833e+00 3.898997e+00 0.000000e+00 -1.000000e+00 5.473403e-02 0.000000e+00 2.902112e+00
1.946069e+00 -1.000000e+00 4.000000e+03 -1.000000e+00 -1.000000e+00 8.000000e+02 3.633172e-01 -1.000000e+00 -1.000000e+00 6.930241e+00 0.000000e+00 -1.000000e+00 1.000000e+00 5.079166e-03 1.800000e+03 2.910686e+00 1.000000e+00 -9.990070e+05 3.000000e+00 -1.000000e+00 8.852075e-01 -1.0 0.000000e+00 0.000000e+00 -1.000000e+00 7.834097e-01 -1.000000e+00 -9.990070e+05 6.665283e-01 6.665283e-01 9.686997e-01 1.376670e+00 4.527713e+00 0.000000e+00 -1.000000e+00 6.913300e-02 0.000000e+00 3.368728e+00
2.086823e+00 -1.000000e+00 4.000000e+03 -1.000000e+00 -1.000000e+00 1.500000e+02 3.789236e-01 -1.000000e+00 -1.000000e+00 7.415592e+00 0.000000e+00 -1.000000e+00 1.000000e+00 5.876135e-03 1.850000e+03 3.119025e+00 1.000000e+00 -9.990070e+05 2.000000e+00 -1.000000e+00 9.097308e-01 -1.0 0.000000e+00 0.000000e+00 -1.000000e+00 7.911228e-01 -1.000000e+00 -9.990070e+05 7.033431e-01 7.033431e-01 9.698567e-01 1.476862e+00 4.850292e+00 0.000000e+00 -1.000000e+00 7.596858e-02 1.000000e+00 3.610136e+00
2.146433e+00 -1.000000e+00 4.000000e+03 -1.000000e+00 -1.000000e+00 3.500000e+02 3.847628e-01 -1.000000e+00 -1.000000e+00 7.636925e+00 0.000000e+00 -1.000000e+00 1.000000e+00 6.210844e-03 1.850000e+03 3.209426e+00 1.000000e+00 -9.990070e+05 3.000000e+00 -1.000000e+00 9.183836e-01 -1.0 0.000000e+00 0.000000e+00 -1.000000e+00 7.939132e-01 -1.000000e+00 -9.990070e+05 7.177416e-01 7.177416e-01 9.702736e-01 1.518692e+00 4.991755e+00 0.000000e+00 -1.000000e+00 7.869290e-02 0.000000e+00 3.714497e+00
2.182487e+00 -1.000000e+00 4.000000e+03 -1.000000e+00 -1.000000e+00 5.500000e+02 3.881033e-01 -1.000000e+00 -1.000000e+00 7.757952e+00 0.000000e+00 -1.000000e+00 1.000000e+00 6.412409e-03 1.850000e+03 3.262442e+00 1.000000e+00 -9.990070e+05 3.000000e+00 -1.000000e+00 9.232078e-01 -1.0 0.000000e+00 0.000000e+00 -1.000000e+00 7.954877e-01 -1.000000e+00 -9.990070e+05 7.261831e-01 7.261831e-01 9.705085e-01 1.544435e+00 5.073398e+00 0.000000e+00 -1.000000e+00 8.029486e-02 0.000000e+00 3.775994e+00
2.256942e+00 -1.000000e+00 4.000000e+03 -1.000000e+00 -1.000000e+00 7.500000e+02 3.945711e-01 -1.000000e+00 -1.000000e+00 8.025559e+00 0.000000e+00 -1.000000e+00 1.000000e+00 6.825274e-03 1.850000e+03 3.374249e+00 1.000000e+00 -9.990070e+05 3.000000e+00 -1.000000e+00 9.322499e-01 -1.0 0.000000e+00 0.000000e+00 -1.000000e+00 7.984926e-01 -1.000000e+00 -9.990070e+05 7.429092e-01 7.429092e-01 9.709560e-01 1.596975e+00 5.247384e+00 0.000000e+00 -1.000000e+00 8.349002e-02 0.000000e+00 3.905400e+00
2.812750e+00 -1.000000e+00 4.000000e+03 -1.000000e+00 -1.000000e+00 1.000000e+02 4.293338e-01 -1.000000e+00 -1.000000e+00 1.001363e+01 0.000000e+00 -1.000000e+00 1.000000e+00 9.699145e-03 1.900000e+03 4.210425e+00 1.000000e+00 -9.990070e+05 3.000000e+00 -1.000000e+00 9.732659e-01 -1.0 0.000000e+00 0.000000e+00 -1.000000e+00 8.137658e-01 -1.000000e+00 -9.990070e+05 8.442190e-01 8.442190e-01 9.732167e-01 1.988724e+00 6.543160e+00 0.000000e+00 -1.000000e+00 1.030246e-01 0.000000e+00 4.871682e+00
2.635672e+00 -1.000000e+00 4.000000e+03 -1.000000e+00 -1.000000e+00 3.000000e+02 4.203473e-01 -1.000000e+00 -1.000000e+00 9.374133e+00 0.000000e+00 -1.000000e+00 1.000000e+00 8.830211e-03 1.900000e+03 3.941225e+00 1.000000e+00 -9.990070e+05 2.000000e+00 -1.000000e+00 9.640175e-01 -1.0 0.000000e+00 0.000000e+00 -1.000000e+00 8.099480e-01 -1.000000e+00 -9.990070e+05 8.158659e-01 8.158659e-01 9.726537e-01 1.864708e+00 6.128581e+00 0.000000e+00 -1.000000e+00 9.756246e-02 1.000000e+00 4.561428e+00
2.738718e+00 -1.000000e+00 4.000000e+03 -1.000000e+00 -1.000000e+00 5.000000e+02 4.257616e-01 -1.000000e+00 -1.000000e+00 9.741137e+00 0.000000e+00 -1.000000e+00 1.000000e+00 9.341243e-03 1.900000e+03 4.095119e+00 1.000000e+00 -9.990070e+05 3.000000e+00 -1.000000e+00 9.697230e-01 -1.0 0.000000e+00 0.000000e+00 -1.000000e+00 8.122582e-01 -1.000000e+00 -9.990070e+05 8.327799e-01 8.327799e-01 9.729946e-01 1.937677e+00 6.368336e+00 0.000000e+00 -1.000000e+00 1.008164e-01 0.000000e+00 4.739537e+00
2.751521e+00 -1.000000e+00 4.000000e+03 -1.000000e+00 -1.000000e+00 7.000000e+02 4.263851e-01 -1.000000e+00 -1.000000e+00 9.795053e+00 0.000000e+00 -1.000000e+00 1.000000e+00 9.402488e-03 1.900000e+03 4.115446e+00 1.000000e+00 -9.990070e+05 3.000000e+00 -1.000000e+00 9.703576e-01 -1.0 0.000000e+00 0.000000e+00 -1.000000e+00 8.125223e-01 -1.000000e+00 -9.990070e+05 8.347764e-01 8.347764e-01 9.730335e-01 1.946384e+00 6.400822e+00 0.000000e+00 -1.000000e+00 1.011983e-01 0.000000e+00 4.763066e+00
3.209616e+00 -1.000000e+00 4.000000e+03 -1.000000e+00 -1.000000e+00 9.000000e+02 4.446772e-01 -1.000000e+00 -1.000000e+00 1.143440e+01 0.000000e+00 -1.000000e+00 1.000000e+00 1.145405e-02 1.900000e+03 4.803065e+00 1.000000e+00 -9.990070e+05 3.000000e+00 -1.000000e+00 9.865550e-01 -1.0 0.000000e+00 0.000000e+00 -1.000000e+00 8.200996e-01 -1.000000e+00 -9.990070e+05 8.975545e-01 8.975545e-01 9.741481e-01 2.269712e+00 7.469108e+00 0.000000e+00 -1.000000e+00 1.130969e-01 0.000000e+00 5.558282e+00
3.669800e+00 -1.000000e+00 4.000000e+03 -1.000000e+00 -1.000000e+00 2.500000e+02 4.570414e-01 -1.000000e+00 -1.000000e+00 1.308237e+01 0.000000e+00 -1.000000e+00 1.000000e+00 1.318137e-02 1.950000e+03 5.500788e+00 1.000000e+00 -9.990070e+05 2.000000e+00 -1.000000e+00 9.946949e-01 -1.0 0.000000e+00 0.000000e+00 -1.000000e+00 8.250490e-01 -1.000000e+00 -9.990070e+05 9.465596e-01 9.465596e-01 9.748736e-01 2.592610e+00 8.548440e+00 0.000000e+00 -1.000000e+00 1.219560e-01 1.000000e+00 6.361393e+00
3.472738e+00 -1.000000e+00 4.000000e+03 -1.000000e+00 -1.000000e+00 4.500000e+02 4.523305e-01 -1.000000e+00 -1.000000e+00 1.237091e+01 0.000000e+00 -1.000000e+00 1.000000e+00 1.248523e-02 1.950000e+03 5.203211e+00 1.000000e+00 -9.990070e+05 3.000000e+00 -1.000000e+00 9.918833e-01 -1.0 0.000000e+00 0.000000e+00 -1.000000e+00 8.231786e-01 -1.000000e+00 -9.990070e+05 9.271175e-01 9.271175e-01 9.745997e-01 2.454030e+00 8.085074e+00 0.000000e+00 -1.000000e+00 1.184985e-01 0.000000e+00 6.017962e+00
3.654710e+00 -1.000000e+00 4.000000e+03 -1.000000e+00 -1.000000e+00 5.000000e+01 4.566991e-01 -1.000000e+00 -1.000000e+00 1.303013e+01 0.000000e+00 -1.000000e+00 1.000000e+00 1.312908e-02 1.950000e+03 5.478454e+00 1.000000e+00 -9.990070e+05 2.000000e+00 -1.000000e+00 9.945034e-01 -1.0 0.000000e+00 0.000000e+00 -1.000000e+00 8.249137e-01 -1.000000e+00 -9.990070e+05 9.451139e-01 9.451139e-01 9.748538e-01 2.581828e+00 8.514028e+00 0.000000e+00 -1.000000e+00 1.217012e-01 1.000000e+00 6.335803e+00
3.342402e+00 -1.000000e+00 4.000000e+03 -1.000000e+00 -1.000000e+00 6.500000e+02 4.487614e-01 -1.000000e+00 -1.000000e+00 1.190176e+01 0.000000e+00 -1.000000e+00 1.000000e+00 1.198979e-02 1.950000e+03 5.005511e+00 1.000000e+00 -9.990070e+05 2.000000e+00 -1.000000e+00 9.895134e-01 -1.0 0.000000e+00 0.000000e+00 -1.000000e+00 8.217491e-01 -1.000000e+00 -9.990070e+05 9.130493e-01 9.130493e-01 9.743901e-01 2.362597e+00 7.778171e+00 0.000000e+00 -1.000000e+00 1.159469e-01 1.000000e+00 5.790430e+00
3.699522e+00 -1.000000e+00 4.000000e+03 -1.000000e+00 -1.000000e+00 8.500000e+02 4.576781e-01 -1.000000e+00 -1.000000e+00 1.320467e+01 0.000000e+00 -1.000000e+00 1.000000e+00 1.327936e-02 1.950000e+03 5.547773e+00 1.000000e+00 -9.990070e+05 2.000000e+00 -1.000000e+00 9.950459e-01 -1.0 0.000000e+00 0.000000e+00 -1.000000e+00 8.253004e-01 -1.000000e+00 -9.990070e+05 9.492646e-01 9.492646e-01 9.749104e-01 2.612846e+00 8.624195e+00 0.000000e+00 -1.000000e+00 1.224312e-01 1.000000e+00 6.415606e+00
4.704942e+00 -1.000000e+00 4.000000e+03 -1.000000e+00 -1.000000e+00 0.000000e+00 4.731689e-01 -1.000000e+00 -1.000000e+00 1.678174e+01 0.000000e+00 -1.000000e+00 1.000000e+00 1.599396e-02 2.000000e+03 7.044134e+00 1.000000e+00 -9.990070e+05 2.000000e+00 -1.000000e+00 9.986020e-01 -1.0 0.000000e+00 0.000000e+00 -1.000000e+00 8.313191e-01 -1.000000e+00 -9.990070e+05 9.773097e-01 9.773097e-01 9.757901e-01 3.326112e+00 1.095543e+01 0.000000e+00 -1.000000e+00 1.346007e-01 1.000000e+00 8.151285e+00
4.370741e+00 -1.000000e+00 4.000000e+03 -1.000000e+00 -1.000000e+00 2.000000e+02 4.691341e-01 -1.000000e+00 -1.000000e+00 1.558154e+01 0.000000e+00 -1.000000e+00 1.000000e+00 1.522057e-02 2.000000e+03 6.546604e+00 1.000000e+00 -9.990070e+05 2.000000e+00 -1.000000e+00 9.998625e-01 -1.0 0.000000e+00 0.000000e+00 -1.000000e+00 8.297690e-01 -1.000000e+00 -9.990070e+05 9.980112e-01 9.980112e-01 9.755638e-01 3.089093e+00 1.017681e+01 0.000000e+00 -1.000000e+00 1.313161e-01 1.000000e+00 7.573780e+00
4.295110e+00 -1.000000e+00 4.000000e+03 -1.000000e+00 -1.000000e+00 4.000000e+02 4.680933e-01 -1.000000e+00 -1.000000e+00 1.530429e+01 0.000000e+00 -1.000000e+00 1.000000e+00 1.502919e-02 2.000000e+03 6.432889e+00 1.000000e+00 -9.990070e+05 2.000000e+00 -1.000000e+00 9.999245e-01 -1.0 0.000000e+00 0.000000e+00 -1.000000e+00 8.293672e-01 -1.000000e+00 -9.990070e+05 9.989420e-01 9.989420e-01 9.755051e-01 3.035762e+00 9.998490e+00 0.000000e+00 -1.000000e+00 1.304822e-01 1.000000e+00 7.442105e+00
4.365472e+00 -1.000000e+00 4.000000e+03 -1.000000e+00 -1.000000e+00 6.000000e+02 4.690605e-01 -1.000000e+00 -1.000000e+00 1.555894e+01 0.000000e+00 -1.000000e+00 1.000000e+00 1.520692e-02 2.000000e+03 6.538314e+00 1.000000e+00 -9.990070e+05 2.000000e+00 -1.000000e+00 9.998847e-01 -1.0 0.000000e+00 0.000000e+00 -1.000000e+00 8.297406e-01 -1.000000e+00 -9.990070e+05 9.983353e-01 9.983353e-01 9.755596e-01 3.085454e+00 1.016335e+01 0.000000e+00 -1.000000e+00 1.312569e-01 1.000000e+00 7.564487e+00
4.473453e+00 -1.000000e+00 0.000000e+00 -1.000000e+00 -1.000000e+00 8.000000e+02 4.704638e-01 -1.000000e+00 -1.000000e+00 1.594618e+01 0.000000e+00 -1.000000e+00 0.000000e+00 1.546983e-02 2.000000e+03 6.699151e+00 0.000000e+00 -9.990070e+05 3.000000e+00 -1.000000e+00 9.994559e-01 -1.0 0.000000e+00 0.000000e+00 -1.000000e+00 8.302812e-01 -1.000000e+00 -9.990070e+05 9.918386e-01 9.918386e-01 9.756386e-01 3.162027e+00 1.041410e+01 0.000000e+00 -1.000000e+00 1.323895e-01 0.000000e+00 7.750839e+00
-1.000000e+00 -1.000000e+00 0.000000e+00 -1.000000e+00 -1.000000e+00 1.500000e+02 2.369457e-01 -1.000000e+00 -1.000000e+00 -1.000000e+00 0.000000e+00 -1.000000e+00 0.000000e+00 1.584692e-03 2.500000e+02 -1.000000e+00 0.000000e+00 -9.990070e+05 3.000000e+00 -1.000000e+00 5.485760e-01 -1.0 0.000000e+00 0.000000e+00 -1.000000e+00 6.995130e-01 -1.000000e+00 -9.990070e+05 3.173211e-01 3.173211e-01 9.555213e-01 -1.000000e+00 -1.000000e+00 0.000000e+00 -1.000000e+00 3.073924e-02 0.000000e+00 -1.000000e+00
1.777977e-01 -1.000000e+00 4.000000e+03 -1.000000e+00 -1.000000e+00 0.000000e+00 3.071871e-02 -1.000000e+00 -1.000000e+00 1.000000e+02 0.000000e+00 -1.000000e+00 1.000000e+00 3.173041e-05 4.000000e+02 3.703050e-01 1.000000e+00 -9.990070e+05 3.000000e+00 -1.000000e+00 8.654617e-02 -1.0 0.000000e+00 0.000000e+00 -1.000000e+00 2.450262e-01 -1.000000e+00 -9.990070e+05 5.022292e-02 5.022292e-02 7.788515e-01 1.743610e-01 1.000000e+02 0.000000e+00 -1.000000e+00 1.574022e-03 0.000000e+00 6.715156e-01
-1.000000e+00 -1.000000e+00 4.000000e+03 -1.000000e+00 -1.000000e+00 3.870000e+02 3.731370e-01 -1.000000e+00 -1.000000e+00 -1.000000e+00 0.000000e+00 -1.000000e+00 1.000000e+00 5.564986e-03 4.120000e+02 -1.000000e+00 1.000000e+00 -9.990070e+05 3.000000e+00 -1.000000e+00 8.226460e-01 -1.0 0.000000e+00 0.000000e+00 -1.000000e+00 7.883076e-01 -1.000000e+00 -9.990070e+05 5.113189e-01 5.113189e-01 9.694352e-01 -1.000000e+00 -1.000000e+00 0.000000e+00 -1.000000e+00 7.336059e-02 0.000000e+00 -1.000000e+00
9.317040e-01 -1.000000e+00 0.000000e+00 -1.000000e+00 -1.000000e+00 4.500000e+02 8.493847e-02 -1.000000e+00 -1.000000e+00 1.000000e+02 0.000000e+00 -1.000000e+00 0.000000e+00 1.976448e-04 5.500000e+02 1.602381e+00 0.000000e+00 -9.990070e+05 3.000000e+00 -1.000000e+00 2.407480e-01 -1.0 0.000000e+00 0.000000e+00 -1.000000e+00 4.535933e-01 -1.000000e+00 -9.990070e+05 1.460115e-01 1.460115e-01 9.005617e-01 9.152103e-01 1.469283e+01 0.000000e+00 -1.000000e+00 6.488310e-03 0.000000e+00 1.863138e+00
6.423794e-02 -1.000000e+00 0.000000e+00 -1.000000e+00 -1.000000e+00 0.000000e+00 1.315118e-06 -1.000000e+00 -1.000000e+00 3.019025e-01 0.000000e+00 -1.000000e+00 0.000000e+00 8.061213e-12 6.000000e+02 1.000267e-01 0.000000e+00 -9.990070e+05 3.000000e+00 -1.000000e+00 5.932739e-06 -1.0 0.000000e+00 0.000000e+00 -1.000000e+00 1.243158e-04 -1.000000e+00 -9.990070e+05 3.422078e-06 3.422078e-06 4.547469e-03 4.441132e-02 1.682193e-01 0.000000e+00 -1.000000e+00 5.300405e-09 0.000000e+00 1.169736e-01
4.713365e+02 -1.000000e+00 4.000000e+03 -1.000000e+00 -1.000000e+00 5.750000e+02 4.620680e-01 -1.000000e+00 -1.000000e+00 1.164798e+04 0.000000e+00 -1.000000e+00 1.000000e+00 1.398198e-02 6.250000e+02 6.776430e+03 1.000000e+00 -9.990070e+05 2.000000e+00 -1.000000e+00 9.897758e-01 -1.0 0.000000e+00 0.000000e+00 -1.000000e+00 8.270248e-01 -1.000000e+00 -9.990070e+05 8.899637e-01 8.899637e-01 9.751627e-01 3.874997e+02 1.164798e+04 0.000000e+00 -1.000000e+00 1.257603e-01 1.000000e+00 9.471070e+03
8.413021e-01 -1.000000e+00 0.000000e+00 -1.000000e+00 -1.000000e+00 5.000000e+02 1.172059e-01 -1.000000e+00 -1.000000e+00 7.455445e+00 0.000000e+00 -1.000000e+00 0.000000e+00 3.646487e-04 7.000000e+02 1.557253e+00 0.000000e+00 -9.990070e+05 3.000000e+00 -1.000000e+00 3.243229e-01 -1.0 0.000000e+00 0.000000e+00 -1.000000e+00 5.338062e-01 -1.000000e+00 -9.990070e+05 1.984287e-01 1.984287e-01 9.229482e-01 5.488296e-01 3.259604e+00 0.000000e+00 -1.000000e+00 1.033240e-02 0.000000e+00 1.860703e+00
3.002070e+00 -1.000000e+00 4.000000e+03 -1.000000e+00 -1.000000e+00 6.870000e+02 4.335911e-01 -1.000000e+00 -1.000000e+00 1.225043e+01 0.000000e+00 -1.000000e+00 1.000000e+00 1.014899e-02 7.120000e+02 4.592795e+00 1.000000e+00 -9.990070e+05 3.000000e+00 -1.000000e+00 9.751007e-01 -1.0 0.000000e+00 0.000000e+00 -1.000000e+00 8.155458e-01 -1.000000e+00 -9.990070e+05 8.462964e-01 8.462964e-01 9.734788e-01 2.113067e+00 7.439049e+00 0.000000e+00 -1.000000e+00 1.057222e-01 0.000000e+00 5.346203e+00
6.687734e+00 -1.000000e+00 0.000000e+00 -1.000000e+00 -1.000000e+00 6.750000e+02 4.859704e-01 -1.000000e+00 -1.000000e+00 2.529122e+01 0.000000e+00 -1.000000e+00 0.000000e+00 1.882470e-02 7.250000e+02 1.017183e+01 0.000000e+00 -9.990070e+05 3.000000e+00 -1.000000e+00 9.966166e-01 -1.0 0.000000e+00 0.000000e+00 -1.000000e+00 8.361612e-01 -1.000000e+00 -9.990070e+05 9.039010e-01 9.039010e-01 9.764959e-01 4.719707e+00 1.608466e+01 0.000000e+00 -1.000000e+00 1.455853e-01 0.000000e+00 1.175354e+01
4.339135e-01 -1.000000e+00 0.000000e+00 -1.000000e+00 -1.000000e+00 4.500000e+02 1.278752e-02 -1.000000e+00 -1.000000e+00 2.050597e+00 0.000000e+00 -1.000000e+00 0.000000e+00 7.134642e-06 7.500000e+02 6.853946e-01 0.000000e+00 -9.990070e+05 3.000000e+00 -1.000000e+00 4.569134e-02 -1.0 0.000000e+00 0.000000e+00 -1.000000e+00 1.362835e-01 -1.000000e+00 -9.990070e+05 2.813194e-02 2.813194e-02 6.074150e-01 2.990734e-01 1.170280e+00 0.000000e+00 -1.000000e+00 4.836866e-04 0.000000e+00 8.013897e-01
7.130850e+00 -1.000000e+00 4.000000e+03 -1.000000e+00 -1.000000e+00 6.500000e+02 4.449521e-01 -1.000000e+00 -1.000000e+00 1.000000e+02 0.000000e+00 -1.000000e+00 1.000000e+00 1.148911e-02 7.500000e+02 1.786712e+01 1.000000e+00 -9.990070e+05 3.000000e+00 -1.000000e+00 9.817974e-01 -1.0 0.000000e+00 0.000000e+00 -1.000000e+00 8.202111e-01 -1.000000e+00 -9.990070e+05 8.645938e-01 8.645938e-01 9.741645e-01 3.953964e+00 6.417550e+01 0.000000e+00 -1.000000e+00 1.132864e-01 0.000000e+00 2.254343e+01
5.073955e-02 -1.000000e+00 4.000000e+03 -1.000000e+00 -1.000000e+00 0.000000e+00 4.221029e-18 -1.000000e+00 -1.000000e+00 1.855189e-01 0.000000e+00 -1.000000e+00 1.000000e+00 1.366421e-26 8.000000e+02 7.650658e-02 1.000000e+00 -9.990070e+05 2.000000e+00 -1.000000e+00 4.572530e-17 -1.0 0.000000e+00 0.000000e+00 -1.000000e+00 1.684521e-14 -1.000000e+00 -9.990070e+05 2.671100e-17 2.671100e-17 2.511903e-11 3.569409e-02 1.197367e-01 0.000000e+00 -1.000000e+00 3.939620e-22 1.000000e+00 8.855703e-02
1.190913e+00 -1.000000e+00 0.000000e+00 -1.000000e+00 -1.000000e+00 6.000000e+02 2.077145e-01 -1.000000e+00 -1.000000e+00 5.548585e+00 0.000000e+00 -1.000000e+00 0.000000e+00 1.176296e-03 8.000000e+02 1.866658e+00 0.000000e+00 -9.990070e+05 3.000000e+00 -1.000000e+00 5.629660e-01 -1.0 0.000000e+00 0.000000e+00 -1.000000e+00 6.710002e-01 -1.000000e+00 -9.990070e+05 3.649629e-01 3.649629e-01 9.506975e-01 8.216866e-01 3.178932e+00 0.000000e+00 -1.000000e+00 2.473614e-02 0.000000e+00 2.182045e+00
1.354258e+01 -1.000000e+00 0.000000e+00 -1.000000e+00 -1.000000e+00 7.870000e+02 4.984042e-01 -1.000000e+00 -1.000000e+00 4.909444e+01 0.000000e+00 -1.000000e+00 0.000000e+00 2.225186e-02 8.120000e+02 2.040804e+01 0.000000e+00 -9.990070e+05 3.000000e+00 -1.000000e+00 9.989215e-01 -1.0 0.000000e+00 0.000000e+00 -1.000000e+00 8.407612e-01 -1.000000e+00 -9.990070e+05 7.697486e-01 7.697486e-01 9.771651e-01 9.531960e+00 3.185947e+01 0.000000e+00 -1.000000e+00 1.571123e-01 0.000000e+00 2.360351e+01
7.744173e+00 -1.000000e+00 4.000000e+03 -1.000000e+00 -1.000000e+00 7.750000e+02 4.896380e-01 -1.000000e+00 -1.000000e+00 2.820616e+01 0.000000e+00 -1.000000e+00 1.000000e+00 1.975781e-02 8.250000e+02 1.166461e+01 1.000000e+00 -9.990070e+05 2.000000e+00 -1.000000e+00 9.965102e-01 -1.0 0.000000e+00 0.000000e+00 -1.000000e+00 8.375282e-01 -1.000000e+00 -9.990070e+05 8.708404e-01 8.708404e-01 9.766949e-01 5.450977e+00 1.823657e+01 0.000000e+00 -1.000000e+00 1.488954e-01 1.000000e+00 1.350245e+01
1.164842e+00 -1.000000e+00 0.000000e+00 -1.000000e+00 -1.000000e+00 5.500000e+02 1.975875e-01 -1.000000e+00 -1.000000e+00 7.684366e+00 0.000000e+00 -1.000000e+00 0.000000e+00 1.054625e-03 8.500000e+02 2.012022e+00 0.000000e+00 -9.990070e+05 3.000000e+00 -1.000000e+00 5.292185e-01 -1.0 0.000000e+00 0.000000e+00 -1.000000e+00 6.598187e-01 -1.000000e+00 -9.990070e+05 3.366846e-01 3.366846e-01 9.487415e-01 7.994261e-01 3.837265e+00 0.000000e+00 -1.000000e+00 2.282953e-02 0.000000e+00 2.382262e+00
2.050256e+01 -1.000000e+00 0.000000e+00 -1.000000e+00 -1.000000e+00 7.500000e+02 4.930417e-01 -1.000000e+00 -1.000000e+00 1.487192e+02 0.000000e+00 -1.000000e+00 0.000000e+00 2.067975e-02 8.500000e+02 5.458283e+01 0.000000e+00 -9.990070e+05 3.000000e+00 -1.000000e+00 9.970574e-01 -1.0 0.000000e+00 0.000000e+00 -1.000000e+00 8.387891e-01 -1.000000e+00 -9.990070e+05 8.431479e-01 8.431479e-01 9.768784e-01 1.048955e+01 1.487192e+02 0.000000e+00 -1.000000e+00 1.520343e-01 0.000000e+00 6.847937e+01
3.879137e-01 -1.000000e+00 4.000000e+03 -1.000000e+00 -1.000000e+00 5.000000e+02 4.694123e-03 -1.000000e+00 -1.000000e+00 1.512640e+00 0.000000e+00 -1.000000e+00 1.000000e+00 1.383914e-06 9.000000e+02 5.921852e-01 1.000000e+00 -9.990070e+05 2.000000e+00 -1.000000e+00 1.870544e-02 -1.0 0.000000e+00 0.000000e+00 -1.000000e+00 6.765255e-02 -1.000000e+00 -9.990070e+05 1.157612e-02 1.157612e-02 4.067280e-01 2.732316e-01 9.483003e-01 0.000000e+00 -1.000000e+00 1.295527e-04 1.000000e+00 6.850297e-01
3.401143e+00 -1.000000e+00 4.000000e+03 -1.000000e+00 -1.000000e+00 7.000000e+02 4.443030e-01 -1.000000e+00 -1.000000e+00 1.558192e+01 0.000000e+00 -1.000000e+00 1.000000e+00 1.140654e-02 9.000000e+02 5.351762e+00 1.000000e+00 -9.990070e+05 2.000000e+00 -1.000000e+00 9.855750e-01 -1.0 0.000000e+00 0.000000e+00 -1.000000e+00 8.199478e-01 -1.000000e+00 -9.990070e+05 8.913535e-01 8.913535e-01 9.741258e-01 2.330994e+00 9.074034e+00 0.000000e+00 -1.000000e+00 1.128395e-01 1.000000e+00 6.269536e+00
1.524272e+01 -1.000000e+00 0.000000e+00 -1.000000e+00 -1.000000e+00 8.750000e+02 5.000000e-01 -1.000000e+00 -1.000000e+00 5.478075e+01 0.000000e+00 -1.000000e+00 0.000000e+00 2.275013e-02 9.250000e+02 2.290213e+01 0.000000e+00 -9.990070e+05 3.000000e+00 -1.000000e+00 1.000060e+00 -1.0 0.000000e+00 0.000000e+00 -1.000000e+00 8.413447e-01 -1.000000e+00 -9.990070e+05 7.398917e-01 7.398917e-01 9.772499e-01 1.075016e+01 3.567235e+01 0.000000e+00 -1.000000e+00 1.586553e-01 0.000000e+00 2.649020e+01
2.484767e-01 -1.000000e+00 0.000000e+00 -1.000000e+00 -1.000000e+00 4.500000e+02 2.147558e-04 -1.000000e+00 -1.000000e+00 9.792126e-01 0.000000e+00 -1.000000e+00 0.000000e+00 1.191102e-08 9.500000e+02 3.767841e-01 0.000000e+00 -9.990070e+05 3.000000e+00 -1.000000e+00 1.021175e-03 -1.0 0.000000e+00 0.000000e+00 -1.000000e+00 6.913240e-03 -1.000000e+00 -9.990070e+05 6.230306e-04 6.230306e-04 8.894383e-02 1.755827e-01 6.070315e-01 0.000000e+00 -1.000000e+00 2.588970e-06 0.000000e+00 4.381662e-01
1.406288e+00 -1.000000e+00 0.000000e+00 -1.000000e+00 -1.000000e+00 6.500000e+02 2.698023e-01 -1.000000e+00 -1.000000e+00 5.304764e+00 0.000000e+00 -1.000000e+00 0.000000e+00 2.168178e-03 9.500000e+02 2.138672e+00 0.000000e+00 -9.990070e+05 3.000000e+00 -1.000000e+00 7.058573e-01 -1.0 0.000000e+00 0.000000e+00 -1.000000e+00 7.263035e-01 -1.000000e+00 -9.990070e+05 4.778922e-01 4.778922e-01 9.598710e-01 9.928718e-01 3.379859e+00 0.000000e+00 -1.000000e+00 3.850908e-02 0.000000e+00 2.469099e+00
1.440255e+01 -1.000000e+00 0.000000e+00 -1.000000e+00 -1.000000e+00 8.500000e+02 4.897633e-01 -1.000000e+00 -1.000000e+00 1.100000e+02 0.000000e+00 -1.000000e+00 0.000000e+00 1.979077e-02 9.500000e+02 3.235671e+01 0.000000e+00 -9.990070e+05 3.000000e+00 -1.000000e+00 9.966051e-01 -1.0 0.000000e+00 0.000000e+00 -1.000000e+00 8.375747e-01 -1.000000e+00 -9.990070e+05 8.726195e-01 8.726195e-01 9.767017e-01 7.718921e+00 9.267523e+01 0.000000e+00 -1.000000e+00 1.490099e-01 0.000000e+00 3.990526e+01
