7.809714e-01 -1.000000e+00 0.000000e+00 -1.000000e+00 -1.000000e+00 0.000000e+00 8.114793e-02 -1.000000e+00 -1.000000e+00 2.269215e+00 0.000000e+00 -1.000000e+00 0.000000e+00 1.815083e-04 1.000000e+03 1.102622e+00 0.000000e+00 -9.990070e+05 3.000000e+00 -1.000000e+00 6.327125e-02 -1.0 0.000000e+00 0.000000e+00 -1.000000e+00 4.424890e-01 -1.000000e+00 -9.990070e+05 1.600168e-02 1.600168e-02 8.968784e-01 5.829920e-01 1.591182e+00 0.000000e+00 -1.000000e+00 6.079399e-03 0.000000e+00 8.708122e-01
1.675382e+00 -1.000000e+00 0.000000e+00 -1.000000e+00 -1.000000e+00 6.000000e+02 3.769500e-01 -1.000000e+00 -1.000000e+00 4.741551e+00 0.000000e+00 -1.000000e+00 0.000000e+00 5.767801e-03 1.000000e+03 2.351122e+00 0.000000e+00 -9.990070e+05 3.000000e+00 -1.000000e+00 5.699584e-01 -1.0 0.000000e+00 0.000000e+00 -1.000000e+00 7.901683e-01 -1.000000e+00 -9.990070e+05 1.464556e-01 1.464556e-01 9.697139e-01 1.247211e+00 3.370470e+00 0.000000e+00 -1.000000e+00 7.506901e-02 0.000000e+00 1.861327e+00
1.806619e+00 -1.000000e+00 0.000000e+00 -1.000000e+00 -1.000000e+00 8.000000e+02 3.979571e-01 -1.000000e+00 -1.000000e+00 4.999799e+00 0.000000e+00 -1.000000e+00 0.000000e+00 7.054141e-03 1.000000e+03 2.522462e+00 0.000000e+00 -9.990070e+05 3.000000e+00 -1.000000e+00 6.345835e-01 -1.0 0.000000e+00 0.000000e+00 -1.000000e+00 8.000436e-01 -1.000000e+00 -9.990070e+05 1.665513e-01 1.665513e-01 9.711866e-01 1.340103e+00 3.584141e+00 0.000000e+00 -1.000000e+00 8.521355e-02 0.000000e+00 2.003941e+00
1.648504e+00 -1.000000e+00 0.000000e+00 -1.000000e+00 -1.000000e+00 5.500000e+02 3.719668e-01 -1.000000e+00 -1.000000e+00 4.616197e+00 0.000000e+00 -1.000000e+00 0.000000e+00 5.504400e-03 1.050000e+03 2.306546e+00 0.000000e+00 -9.990070e+05 3.000000e+00 -1.000000e+00 5.556927e-01 -1.0 0.000000e+00 0.000000e+00 -1.000000e+00 7.877320e-01 -1.000000e+00 -9.990070e+05 1.423449e-01 1.423449e-01 9.693489e-01 1.223571e+00 3.297632e+00 0.000000e+00 -1.000000e+00 7.284395e-02 0.000000e+00 1.830706e+00
2.893310e+00 -1.000000e+00 0.000000e+00 -1.000000e+00 -1.000000e+00 7.500000e+02 4.743859e-01 -1.000000e+00 -1.000000e+00 7.937323e+00 0.000000e+00 -1.000000e+00 0.000000e+00 1.623752e-02 1.050000e+03 4.032821e+00 0.000000e+00 -9.990070e+05 3.000000e+00 -1.000000e+00 9.111867e-01 -1.0 0.000000e+00 0.000000e+00 -1.000000e+00 8.317843e-01 -1.000000e+00 -9.990070e+05 2.884442e-01 2.884442e-01 9.758580e-01 2.147226e+00 5.724978e+00 0.000000e+00 -1.000000e+00 1.356079e-01 0.000000e+00 3.204822e+00
1.012736e+00 -1.000000e+00 0.000000e+00 -1.000000e+00 -1.000000e+00 1.000000e+02 1.772470e-01 -1.000000e+00 -1.000000e+00 2.790518e+00 0.000000e+00 -1.000000e+00 0.000000e+00 8.367576e-04 1.100000e+03 1.413738e+00 0.000000e+00 -9.990070e+05 3.000000e+00 -1.000000e+00 1.736956e-01 -1.0 0.000000e+00 0.000000e+00 -1.000000e+00 6.348685e-01 -1.000000e+00 -9.990070e+05 4.300105e-02 4.300105e-02 9.442249e-01 7.514395e-01 2.006478e+00 0.000000e+00 -1.000000e+00 1.924279e-02 0.000000e+00 1.122679e+00
9.829215e-01 -1.000000e+00 0.000000e+00 -1.000000e+00 -1.000000e+00 3.000000e+02 1.647901e-01 -1.000000e+00 -1.000000e+00 2.695314e+00 0.000000e+00 -1.000000e+00 0.000000e+00 7.191831e-04 1.100000e+03 1.371859e+00 0.000000e+00 -9.990070e+05 3.000000e+00 -1.000000e+00 1.566642e-01 -1.0 0.000000e+00 0.000000e+00 -1.000000e+00 6.176714e-01 -1.000000e+00 -9.990070e+05 3.865303e-02 3.865303e-02 9.409736e-01 7.312312e-01 1.941756e+00 0.000000e+00 -1.000000e+00 1.719614e-02 0.000000e+00 1.088540e+00
1.513120e+00 -1.000000e+00 0.000000e+00 -1.000000e+00 -1.000000e+00 5.000000e+02 3.444664e-01 -1.000000e+00 -1.000000e+00 4.222322e+00 0.000000e+00 -1.000000e+00 0.000000e+00 4.273487e-03 1.100000e+03 2.115718e+00 0.000000e+00 -9.990070e+05 3.000000e+00 -1.000000e+00 4.815391e-01 -1.0 0.000000e+00 0.000000e+00 -1.000000e+00 7.735408e-01 -1.000000e+00 -9.990070e+05 1.213462e-01 1.213462e-01 9.672088e-01 1.122520e+00 3.020024e+00 0.000000e+00 -1.000000e+00 6.165817e-02 0.000000e+00 1.679031e+00
3.545410e+00 -1.000000e+00 0.000000e+00 -1.000000e+00 -1.000000e+00 7.000000e+02 4.883843e-01 -1.000000e+00 -1.000000e+00 1.035804e+01 0.000000e+00 -1.000000e+00 0.000000e+00 1.943204e-02 1.100000e+03 5.025336e+00 0.000000e+00 -9.990070e+05 3.000000e+00 -1.000000e+00 9.627750e-01 -1.0 0.000000e+00 0.000000e+00 -1.000000e+00 8.370619e-01 -1.000000e+00 -9.990070e+05 3.345905e-01 3.345905e-01 9.766271e-01 2.645179e+00 7.261692e+00 0.000000e+00 -1.000000e+00 1.477556e-01 0.000000e+00 3.952244e+00
2.997825e+00 -1.000000e+00 0.000000e+00 -1.000000e+00 -1.000000e+00 9.000000e+02 4.774389e-01 -1.000000e+00 -1.000000e+00 8.457491e+00 0.000000e+00 -1.000000e+00 0.000000e+00 1.687074e-02 1.100000e+03 4.203249e+00 0.000000e+00 -9.990070e+05 3.000000e+00 -1.000000e+00 9.227732e-01 -1.0 0.000000e+00 0.000000e+00 -1.000000e+00 8.329468e-01 -1.000000e+00 -9.990070e+05 2.971838e-01 2.971838e-01 9.760275e-01 2.235868e+00 6.012177e+00 0.000000e+00 -1.000000e+00 1.381683e-01 0.000000e+00 3.327111e+00
-1.000000e+00 -1.000000e+00 4.000000e+03 -1.000000e+00 -1.000000e+00 8.700000e+01 3.425649e-01 -1.000000e+00 -1.000000e+00 -1.000000e+00 0.000000e+00 -1.000000e+00 1.000000e+00 4.200281e-03 1.120000e+02 -1.000000e+00 1.000000e+00 -9.990070e+05 2.000000e+00 -1.000000e+00 6.673305e-01 -1.0 0.000000e+00 0.000000e+00 -1.000000e+00 7.725083e-01 -1.000000e+00 -9.990070e+05 3.183727e-01 3.183727e-01 9.670521e-01 -1.000000e+00 -1.000000e+00 0.000000e+00 -1.000000e+00 6.094747e-02 1.000000e+00 -1.000000e+00
1.222654e+00 -1.000000e+00 0.000000e+00 -1.000000e+00 -1.000000e+00 2.500000e+02 2.607825e-01 -1.000000e+00 -1.000000e+00 3.381337e+00 0.000000e+00 -1.000000e+00 0.000000e+00 1.992709e-03 1.150000e+03 1.707925e+00 0.000000e+00 -9.990070e+05 3.000000e+00 -1.000000e+00 3.035985e-01 -1.0 0.000000e+00 0.000000e+00 -1.000000e+00 7.194126e-01 -1.000000e+00 -9.990070e+05 7.521540e-02 7.521540e-02 9.587671e-01 9.059066e-01 2.429307e+00 0.000000e+00 -1.000000e+00 3.625603e-02 0.000000e+00 1.356215e+00
1.471522e+00 -1.000000e+00 0.000000e+00 -1.000000e+00 -1.000000e+00 4.500000e+02 3.351555e-01 -1.000000e+00 -1.000000e+00 4.074385e+00 0.000000e+00 -1.000000e+00 0.000000e+00 3.927465e-03 1.150000e+03 2.055358e+00 0.000000e+00 -9.990070e+05 3.000000e+00 -1.000000e+00 4.579866e-01 -1.0 0.000000e+00 0.000000e+00 -1.000000e+00 7.684154e-01 -1.000000e+00 -9.990070e+05 1.147369e-01 1.147369e-01 9.664294e-01 1.091333e+00 2.920909e+00 0.000000e+00 -1.000000e+00 5.824858e-02 0.000000e+00 1.630414e+00
1.485651e+00 -1.000000e+00 0.000000e+00 -1.000000e+00 -1.000000e+00 5.000000e+01 3.390220e-01 -1.000000e+00 -1.000000e+00 4.072881e+00 0.000000e+00 -1.000000e+00 0.000000e+00 4.067415e-03 1.150000e+03 2.073607e+00 0.000000e+00 -9.990070e+05 3.000000e+00 -1.000000e+00 4.674218e-01 -1.0 0.000000e+00 0.000000e+00 -1.000000e+00 7.705653e-01 -1.000000e+00 -9.990070e+05 1.172613e-01 1.172613e-01 9.667568e-01 1.105837e+00 2.933825e+00 0.000000e+00 -1.000000e+00 5.964315e-02 0.000000e+00 1.645200e+00
2.614816e+00 -1.000000e+00 0.000000e+00 -1.000000e+00 -1.000000e+00 6.500000e+02 4.636740e-01 -1.000000e+00 -1.000000e+00 7.268179e+00 0.000000e+00 -1.000000e+00 0.000000e+00 1.425137e-02 1.150000e+03 3.654768e+00 0.000000e+00 -9.990070e+05 3.000000e+00 -1.000000e+00 8.701591e-01 -1.0 0.000000e+00 0.000000e+00 -1.000000e+00 8.276519e-01 -1.000000e+00 -9.990070e+05 2.624832e-01 2.624832e-01 9.752544e-01 1.943878e+00 5.213571e+00 0.000000e+00 -1.000000e+00 1.270014e-01 0.000000e+00 2.901906e+00
5.101840e+00 -1.000000e+00 0.000000e+00 -1.000000e+00 -1.000000e+00 8.500000e+02 5.000000e-01 -1.000000e+00 -1.000000e+00 1.433791e+01 0.000000e+00 -1.000000e+00 0.000000e+00 2.275013e-02 1.150000e+03 7.152133e+00 0.000000e+00 -9.990070e+05 3.000000e+00 -1.000000e+00 1.005061e+00 -1.0 0.000000e+00 0.000000e+00 -1.000000e+00 8.413447e-01 -1.000000e+00 -9.990070e+05 4.121069e-01 4.121069e-01 9.772499e-01 3.793122e+00 1.023383e+01 0.000000e+00 -1.000000e+00 1.586553e-01 0.000000e+00 5.666279e+00
1.938431e+00 -1.000000e+00 0.000000e+00 -1.000000e+00 -1.000000e+00 0.000000e+00 4.150170e-01 -1.000000e+00 -1.000000e+00 5.327290e+00 0.000000e+00 -1.000000e+00 0.000000e+00 8.361134e-03 1.200000e+03 2.705868e+00 0.000000e+00 -9.990070e+05 3.000000e+00 -1.000000e+00 6.903281e-01 -1.0 0.000000e+00 0.000000e+00 -1.000000e+00 8.076427e-01 -1.000000e+00 -9.990070e+05 1.845062e-01 1.845062e-01 9.723130e-01 1.441048e+00 3.833764e+00 0.000000e+00 -1.000000e+00 9.446502e-02 0.000000e+00 2.147538e+00
1.635353e+00 -1.000000e+00 0.000000e+00 -1.000000e+00 -1.000000e+00 2.000000e+02 3.705031e-01 -1.000000e+00 -1.000000e+00 4.496678e+00 0.000000e+00 -1.000000e+00 0.000000e+00 5.429676e-03 1.200000e+03 2.283316e+00 0.000000e+00 -9.990070e+05 3.000000e+00 -1.000000e+00 5.508167e-01 -1.0 0.000000e+00 0.000000e+00 -1.000000e+00 7.870091e-01 -1.000000e+00 -9.990070e+05 1.405199e-01 1.405199e-01 9.692405e-01 1.216623e+00 3.233312e+00 0.000000e+00 -1.000000e+00 7.220270e-02 0.000000e+00 1.811029e+00
1.624199e+00 -1.000000e+00 0.000000e+00 -1.000000e+00 -1.000000e+00 4.000000e+02 3.682197e-01 -1.000000e+00 -1.000000e+00 4.473928e+00 0.000000e+00 -1.000000e+00 0.000000e+00 5.315409e-03 1.200000e+03 2.268469e+00 0.000000e+00 -9.990070e+05 3.000000e+00 -1.000000e+00 5.444233e-01 -1.0 0.000000e+00 0.000000e+00 -1.000000e+00 7.858744e-01 -1.000000e+00 -9.990070e+05 1.387083e-01 1.387083e-01 9.690702e-01 1.206850e+00 3.215879e+00 0.000000e+00 -1.000000e+00 7.121329e-02 0.000000e+00 1.799204e+00
2.351167e+00 -1.000000e+00 0.000000e+00 -1.000000e+00 -1.000000e+00 6.000000e+02 4.498149e-01 -1.000000e+00 -1.000000e+00 6.504535e+00 0.000000e+00 -1.000000e+00 0.000000e+00 1.213329e-02 1.200000e+03 3.281559e+00 0.000000e+00 -9.990070e+05 3.000000e+00 -1.000000e+00 8.168989e-01 -1.0 0.000000e+00 0.000000e+00 -1.000000e+00 8.221721e-01 -1.000000e+00 -9.990070e+05 2.349575e-01 2.349575e-01 9.744521e-01 1.746739e+00 4.675209e+00 0.000000e+00 -1.000000e+00 1.166941e-01 0.000000e+00 2.606812e+00
5.833546e+00 -1.000000e+00 0.000000e+00 -1.000000e+00 -1.000000e+00 8.000000e+02 5.000000e-01 -1.000000e+00 -1.000000e+00 1.647321e+01 0.000000e+00 -1.000000e+00 0.000000e+00 2.275013e-02 1.200000e+03 8.184287e+00 0.000000e+00 -9.990070e+05 3.000000e+00 -1.000000e+00 1.010537e+00 -1.0 0.000000e+00 0.000000e+00 -1.000000e+00 8.413447e-01 -1.000000e+00 -9.990070e+05 4.368192e-01 4.368192e-01 9.772499e-01 4.338648e+00 1.172754e+01 0.000000e+00 -1.000000e+00 1.586553e-01 0.000000e+00 6.480131e+00
2.448679e+00 -1.000000e+00 0.000000e+00 -1.000000e+00 -1.000000e+00 1.500000e+02 4.558590e-01 -1.000000e+00 -1.000000e+00 6.729059e+00 0.000000e+00 -1.000000e+00 0.000000e+00 1.300192e-02 1.250000e+03 3.412233e+00 0.000000e+00 -9.990070e+05 3.000000e+00 -1.000000e+00 8.399370e-01 -1.0 0.000000e+00 0.000000e+00 -1.000000e+00 8.245813e-01 -1.000000e+00 -9.990070e+05 2.460142e-01 2.460142e-01 9.748051e-01 1.818192e+00 4.846852e+00 0.000000e+00 -1.000000e+00 1.210785e-01 0.000000e+00 2.711889e+00
2.245494e+00 -1.000000e+00 0.000000e+00 -1.000000e+00 -1.000000e+00 3.500000e+02 4.432369e-01 -1.000000e+00 -1.000000e+00 6.154838e+00 0.000000e+00 -1.000000e+00 0.000000e+00 1.127261e-02 1.250000e+03 3.129136e+00 0.000000e+00 -9.990070e+05 3.000000e+00 -1.000000e+00 7.917653e-01 -1.0 0.000000e+00 0.000000e+00 -1.000000e+00 8.195144e-01 -1.000000e+00 -9.990070e+05 2.233316e-01 2.233316e-01 9.740622e-01 1.666386e+00 4.440508e+00 0.000000e+00 -1.000000e+00 1.121093e-01 0.000000e+00 2.487213e+00
2.582831e+00 -1.000000e+00 0.000000e+00 -1.000000e+00 -1.000000e+00 5.500000e+02 4.625210e-01 -1.000000e+00 -1.000000e+00 7.120033e+00 0.000000e+00 -1.000000e+00 0.000000e+00 1.405729e-02 1.250000e+03 3.601837e+00 0.000000e+00 -9.990070e+05 3.000000e+00 -1.000000e+00 8.655867e-01 -1.0 0.000000e+00 0.000000e+00 -1.000000e+00 8.272019e-01 -1.000000e+00 -9.990070e+05 2.596349e-01 2.596349e-01 9.751886e-01 1.918297e+00 5.123254e+00 0.000000e+00 -1.000000e+00 1.261091e-01 0.000000e+00 2.862448e+00
4.139387e+00 -1.000000e+00 0.000000e+00 -1.000000e+00 -1.000000e+00 7.500000e+02 4.961233e-01 -1.000000e+00 -1.000000e+00 1.135826e+01 0.000000e+00 -1.000000e+00 0.000000e+00 2.156442e-02 1.250000e+03 5.770939e+00 0.000000e+00 -9.990070e+05 3.000000e+00 -1.000000e+00 9.885202e-01 -1.0 0.000000e+00 0.000000e+00 -1.000000e+00 8.399245e-01 -1.000000e+00 -9.990070e+05 3.709275e-01 3.709275e-01 9.770435e-01 3.071439e+00 8.192977e+00 0.000000e+00 -1.000000e+00 1.549323e-01 0.000000e+00 4.585514e+00
2.775268e+00 -1.000000e+00 0.000000e+00 -1.000000e+00 -1.000000e+00 1.000000e+02 4.705015e-01 -1.000000e+00 -1.000000e+00 7.596657e+00 0.000000e+00 -1.000000e+00 0.000000e+00 1.547697e-02 1.300000e+03 3.866506e+00 0.000000e+00 -9.990070e+05 3.000000e+00 -1.000000e+00 8.963317e-01 -1.0 0.000000e+00 0.000000e+00 -1.000000e+00 8.302957e-01 -1.000000e+00 -9.990070e+05 2.782435e-01 2.782435e-01 9.756407e-01 2.059209e+00 5.483691e+00 0.000000e+00 -1.000000e+00 1.324200e-01 0.000000e+00 3.073418e+00
2.798411e+00 -1.000000e+00 0.000000e+00 -1.000000e+00 -1.000000e+00 3.000000e+02 4.713403e-01 -1.000000e+00 -1.000000e+00 7.648007e+00 0.000000e+00 -1.000000e+00 0.000000e+00 1.563711e-02 1.300000e+03 3.897994e+00 0.000000e+00 -9.990070e+05 3.000000e+00 -1.000000e+00 8.995479e-01 -1.0 0.000000e+00 0.000000e+00 -1.000000e+00 8.306181e-01 -1.000000e+00 -9.990070e+05 2.803703e-01 2.803703e-01 9.756878e-01 2.075898e+00 5.524718e+00 0.000000e+00 -1.000000e+00 1.331019e-01 0.000000e+00 3.098464e+00
2.799524e+00 -1.000000e+00 0.000000e+00 -1.000000e+00 -1.000000e+00 5.000000e+02 4.712559e-01 -1.000000e+00 -1.000000e+00 7.705723e+00 0.000000e+00 -1.000000e+00 0.000000e+00 1.562089e-02 1.300000e+03 3.902855e+00 0.000000e+00 -9.990070e+05 3.000000e+00 -1.000000e+00 8.992196e-01 -1.0 0.000000e+00 0.000000e+00 -1.000000e+00 8.305856e-01 -1.000000e+00 -9.990070e+05 2.801387e-01 2.801387e-01 9.756830e-01 2.078880e+00 5.547810e+00 0.000000e+00 -1.000000e+00 1.330331e-01 0.000000e+00 3.101280e+00
4.255598e+00 -1.000000e+00 0.000000e+00 -1.000000e+00 -1.000000e+00 7.000000e+02 4.969490e-01 -1.000000e+00 -1.000000e+00 1.194798e+01 0.000000e+00 -1.000000e+00 0.000000e+00 2.180998e-02 1.300000e+03 5.963339e+00 0.000000e+00 -9.990070e+05 3.000000e+00 -1.000000e+00 9.910734e-01 -1.0 0.000000e+00 0.000000e+00 -1.000000e+00 8.402278e-01 -1.000000e+00 -9.990070e+05 3.759147e-01 3.759147e-01 9.770875e-01 3.165790e+00 8.527973e+00 0.000000e+00 -1.000000e+00 1.557180e-01 0.000000e+00 4.724112e+00
9.257591e+00 -1.000000e+00 0.000000e+00 -1.000000e+00 -1.000000e+00 9.000000e+02 5.000000e-01 -1.000000e+00 -1.000000e+00 2.577143e+01 0.000000e+00 -1.000000e+00 0.000000e+00 2.275013e-02 1.300000e+03 1.293522e+01 0.000000e+00 -9.990070e+05 3.000000e+00 -1.000000e+00 1.014355e+00 -1.0 0.000000e+00 0.000000e+00 -1.000000e+00 8.413447e-01 -1.000000e+00 -9.990070e+05 5.091634e-01 5.091634e-01 9.772499e-01 6.863753e+00 1.843721e+01 0.000000e+00 -1.000000e+00 1.586553e-01 0.000000e+00 1.026148e+01
3.941911e+00 -1.000000e+00 0.000000e+00 -1.000000e+00 -1.000000e+00 2.500000e+02 4.942175e-01 -1.000000e+00 -1.000000e+00 1.082759e+01 0.000000e+00 -1.000000e+00 0.000000e+00 2.101151e-02 1.350000e+03 5.494183e+00 0.000000e+00 -9.990070e+05 3.000000e+00 -1.000000e+00 9.824562e-01 -1.0 0.000000e+00 0.000000e+00 -1.000000e+00 8.392230e-01 -1.000000e+00 -9.990070e+05 3.605003e-01 3.605003e-01 9.769415e-01 2.926118e+00 7.802737e+00 0.000000e+00 -1.000000e+00 1.531337e-01 0.000000e+00 4.366079e+00
3.540225e+00 -1.000000e+00 0.000000e+00 -1.000000e+00 -1.000000e+00 4.500000e+02 4.890800e-01 -1.000000e+00 -1.000000e+00 9.669722e+00 0.000000e+00 -1.000000e+00 0.000000e+00 1.961192e-02 1.350000e+03 4.930664e+00 0.000000e+00 -9.990070e+05 3.000000e+00 -1.000000e+00 9.651324e-01 -1.0 0.000000e+00 0.000000e+00 -1.000000e+00 8.373208e-01 -1.000000e+00 -9.990070e+05 3.367607e-01 3.367607e-01 9.766647e-01 2.626113e+00 6.986700e+00 0.000000e+00 -1.000000e+00 1.483870e-01 0.000000e+00 3.919845e+00
4.139595e+00 -1.000000e+00 0.000000e+00 -1.000000e+00 -1.000000e+00 5.000000e+01 4.962138e-01 -1.000000e+00 -1.000000e+00 1.132223e+01 0.000000e+00 -1.000000e+00 0.000000e+00 2.159116e-02 1.350000e+03 5.765709e+00 0.000000e+00 -9.990070e+05 3.000000e+00 -1.000000e+00 9.888043e-01 -1.0 0.000000e+00 0.000000e+00 -1.000000e+00 8.399578e-01 -1.000000e+00 -9.990070e+05 3.715126e-01 3.715126e-01 9.770483e-01 3.071578e+00 8.174516e+00 0.000000e+00 -1.000000e+00 1.550183e-01 0.000000e+00 4.584717e+00
4.240369e+00 -1.000000e+00 0.000000e+00 -1.000000e+00 -1.000000e+00 6.500000e+02 4.970192e-01 -1.000000e+00 -1.000000e+00 1.160087e+01 0.000000e+00 -1.000000e+00 0.000000e+00 2.183105e-02 1.350000e+03 5.908505e+00 0.000000e+00 -9.990070e+05 3.000000e+00 -1.000000e+00 9.912842e-01 -1.0 0.000000e+00 0.000000e+00 -1.000000e+00 8.402536e-01 -1.000000e+00 -9.990070e+05 3.761979e-01 3.761979e-01 9.770913e-01 3.145455e+00 8.377764e+00 0.000000e+00 -1.000000e+00 1.557851e-01 0.000000e+00 4.695270e+00
7.113568e+00 -1.000000e+00 0.000000e+00 -1.000000e+00 -1.000000e+00 8.500000e+02 5.000000e-01 -1.000000e+00 -1.000000e+00 1.961129e+01 0.000000e+00 -1.000000e+00 0.000000e+00 2.275013e-02 1.350000e+03 9.936852e+00 0.000000e+00 -9.990070e+05 3.000000e+00 -1.000000e+00 1.014087e+00 -1.0 0.000000e+00 0.000000e+00 -1.000000e+00 8.413447e-01 -1.000000e+00 -9.990070e+05 4.707284e-01 4.707284e-01 9.772499e-01 5.272268e+00 1.411072e+01 0.000000e+00 -1.000000e+00 1.586553e-01 0.000000e+00 7.884096e+00
5.775831e+00 -1.000000e+00 0.000000e+00 -1.000000e+00 -1.000000e+00 0.000000e+00 5.000000e-01 -1.000000e+00 -1.000000e+00 1.614527e+01 0.000000e+00 -1.000000e+00 0.000000e+00 2.275013e-02 1.400000e+03 8.078989e+00 0.000000e+00 -9.990070e+05 3.000000e+00 -1.000000e+00 1.010351e+00 -1.0 0.000000e+00 0.000000e+00 -1.000000e+00 8.413447e-01 -1.000000e+00 -9.990070e+05 4.357283e-01 4.357283e-01 9.772499e-01 4.293553e+00 1.154562e+01 0.000000e+00 -1.000000e+00 1.586553e-01 0.000000e+00 6.412830e+00
4.504491e+00 -1.000000e+00 0.000000e+00 -1.000000e+00 -1.000000e+00 2.000000e+02 4.988941e-01 -1.000000e+00 -1.000000e+00 1.263061e+01 0.000000e+00 -1.000000e+00 0.000000e+00 2.240326e-02 1.400000e+03 6.304904e+00 0.000000e+00 -9.990070e+05 3.000000e+00 -1.000000e+00 9.968648e-01 -1.0 0.000000e+00 0.000000e+00 -1.000000e+00 8.409405e-01 -1.000000e+00 -9.990070e+05 3.886268e-01 3.886268e-01 9.771911e-01 3.354515e+00 9.008054e+00 0.000000e+00 -1.000000e+00 1.575844e-01 0.000000e+00 5.000096e+00
4.844955e+00 -1.000000e+00 0.000000e+00 -1.000000e+00 -1.000000e+00 4.000000e+02 5.000000e-01 -1.000000e+00 -1.000000e+00 1.342591e+01 0.000000e+00 -1.000000e+00 0.000000e+00 2.275013e-02 1.400000e+03 6.763968e+00 0.000000e+00 -9.990070e+05 3.000000e+00 -1.000000e+00 1.002268e+00 -1.0 0.000000e+00 0.000000e+00 -1.000000e+00 8.413447e-01 -1.000000e+00 -9.990070e+05 4.028572e-01 4.028572e-01 9.772499e-01 3.598921e+00 9.640768e+00 0.000000e+00 -1.000000e+00 1.586553e-01 0.000000e+00 5.372840e+00
4.879283e+00 -1.000000e+00 0.000000e+00 -1.000000e+00 -1.000000e+00 6.000000e+02 5.000000e-01 -1.000000e+00 -1.000000e+00 1.338643e+01 0.000000e+00 -1.000000e+00 0.000000e+00 2.275013e-02 1.400000e+03 6.801487e+00 0.000000e+00 -9.990070e+05 3.000000e+00 -1.000000e+00 1.002884e+00 -1.0 0.000000e+00 0.000000e+00 -1.000000e+00 8.413447e-01 -1.000000e+00 -9.990070e+05 4.046184e-01 4.046184e-01 9.772499e-01 3.620452e+00 9.654801e+00 0.000000e+00 -1.000000e+00 1.586553e-01 0.000000e+00 5.404129e+00
6.467614e+00 -1.000000e+00 0.000000e+00 -1.000000e+00 -1.000000e+00 8.000000e+02 5.000000e-01 -1.000000e+00 -1.000000e+00 1.779271e+01 0.000000e+00 -1.000000e+00 0.000000e+00 2.275013e-02 1.400000e+03 9.024151e+00 0.000000e+00 -9.990070e+05 3.000000e+00 -1.000000e+00 1.012994e+00 -1.0 0.000000e+00 0.000000e+00 -1.000000e+00 8.413447e-01 -1.000000e+00 -9.990070e+05 4.553633e-01 4.553633e-01 9.772499e-01 4.795979e+00 1.281991e+01 0.000000e+00 -1.000000e+00 1.586553e-01 0.000000e+00 7.165701e+00
5.706454e+00 -1.000000e+00 0.000000e+00 -1.000000e+00 -1.000000e+00 1.500000e+02 5.000000e-01 -1.000000e+00 -1.000000e+00 1.560816e+01 0.000000e+00 -1.000000e+00 0.000000e+00 2.275013e-02 1.450000e+03 7.950696e+00 0.000000e+00 -9.990070e+05 3.000000e+00 -1.000000e+00 1.010133e+00 -1.0 0.000000e+00 0.000000e+00 -1.000000e+00 8.413447e-01 -1.000000e+00 -9.990070e+05 4.342235e-01 4.342235e-01 9.772499e-01 4.232321e+00 1.127094e+01 0.000000e+00 -1.000000e+00 1.586553e-01 0.000000e+00 6.318647e+00
5.849395e+00 -1.000000e+00 0.000000e+00 -1.000000e+00 -1.000000e+00 3.500000e+02 5.000000e-01 -1.000000e+00 -1.000000e+00 1.604997e+01 0.000000e+00 -1.000000e+00 0.000000e+00 2.275013e-02 1.450000e+03 8.154673e+00 0.000000e+00 -9.990070e+05 3.000000e+00 -1.000000e+00 1.010836e+00 -1.0 0.000000e+00 0.000000e+00 -1.000000e+00 8.413447e-01 -1.000000e+00 -9.990070e+05 4.384292e-01 4.384292e-01 9.772499e-01 4.339031e+00 1.157453e+01 0.000000e+00 -1.000000e+00 1.586553e-01 0.000000e+00 6.479534e+00
5.946180e+00 -1.000000e+00 0.000000e+00 -1.000000e+00 -1.000000e+00 5.500000e+02 5.000000e-01 -1.000000e+00 -1.000000e+00 1.628515e+01 0.000000e+00 -1.000000e+00 0.000000e+00 2.275013e-02 1.450000e+03 8.287251e+00 0.000000e+00 -9.990070e+05 3.000000e+00 -1.000000e+00 1.011292e+00 -1.0 0.000000e+00 0.000000e+00 -1.000000e+00 8.413447e-01 -1.000000e+00 -9.990070e+05 4.413782e-01 4.413782e-01 9.772499e-01 4.409917e+00 1.175361e+01 0.000000e+00 -1.000000e+00 1.586553e-01 0.000000e+00 6.584545e+00
7.012699e+00 -1.000000e+00 0.000000e+00 -1.000000e+00 -1.000000e+00 7.500000e+02 5.000000e-01 -1.000000e+00 -1.000000e+00 1.921961e+01 0.000000e+00 -1.000000e+00 0.000000e+00 2.275013e-02 1.450000e+03 9.783498e+00 0.000000e+00 -9.990070e+05 3.000000e+00 -1.000000e+00 1.014000e+00 -1.0 0.000000e+00 0.000000e+00 -1.000000e+00 8.413447e-01 -1.000000e+00 -9.990070e+05 4.689089e-01 4.689089e-01 9.772499e-01 5.208064e+00 1.386197e+01 0.000000e+00 -1.000000e+00 1.586553e-01 0.000000e+00 7.766319e+00
8.931572e+00 -1.000000e+00 0.000000e+00 -1.000000e+00 -1.000000e+00 0.000000e+00 5.000000e-01 -1.000000e+00 -1.000000e+00 2.441300e+01 0.000000e+00 -1.000000e+00 0.000000e+00 2.275013e-02 1.500000e+03 1.245521e+01 0.000000e+00 -9.990070e+05 3.000000e+00 -1.000000e+00 1.014472e+00 -1.0 0.000000e+00 0.000000e+00 -1.000000e+00 8.413447e-01 -1.000000e+00 -9.990070e+05 5.048866e-01 5.048866e-01 9.772499e-01 6.642225e+00 1.762372e+01 0.000000e+00 -1.000000e+00 1.586553e-01 0.000000e+00 9.888794e+00
8.292712e+00 -1.000000e+00 0.000000e+00 -1.000000e+00 -1.000000e+00 1.000000e+02 5.000000e-01 -1.000000e+00 -1.000000e+00 2.270433e+01 0.000000e+00 -1.000000e+00 0.000000e+00 2.275013e-02 1.500000e+03 1.156789e+01 0.000000e+00 -9.990070e+05 3.000000e+00 -1.000000e+00 1.014619e+00 -1.0 0.000000e+00 0.000000e+00 -1.000000e+00 8.413447e-01 -1.000000e+00 -9.990070e+05 4.944623e-01 4.944623e-01 9.772499e-01 6.170722e+00 1.636890e+01 0.000000e+00 -1.000000e+00 1.586553e-01 0.000000e+00 9.181594e+00
8.023845e+00 -1.000000e+00 0.000000e+00 -1.000000e+00 -1.000000e+00 3.000000e+02 5.000000e-01 -1.000000e+00 -1.000000e+00 2.206551e+01 0.000000e+00 -1.000000e+00 0.000000e+00 2.275013e-02 1.500000e+03 1.120356e+01 0.000000e+00 -9.990070e+05 3.000000e+00 -1.000000e+00 1.014614e+00 -1.0 0.000000e+00 0.000000e+00 -1.000000e+00 8.413447e-01 -1.000000e+00 -9.990070e+05 4.894210e-01 4.894210e-01 9.772499e-01 5.962228e+00 1.587684e+01 0.000000e+00 -1.000000e+00 1.586553e-01 0.000000e+00 8.889159e+00
8.362534e+00 -1.000000e+00 0.000000e+00 -1.000000e+00 -1.000000e+00 5.000000e+02 5.000000e-01 -1.000000e+00 -1.000000e+00 2.307508e+01 0.000000e+00 -1.000000e+00 0.000000e+00 2.275013e-02 1.500000e+03 1.167952e+01 0.000000e+00 -9.990070e+05 3.000000e+00 -1.000000e+00 1.014611e+00 -1.0 0.000000e+00 0.000000e+00 -1.000000e+00 8.413447e-01 -1.000000e+00 -9.990070e+05 4.951583e-01 4.951583e-01 9.772499e-01 6.200653e+00 1.658606e+01 0.000000e+00 -1.000000e+00 1.586553e-01 0.000000e+00 9.266125e+00
8.342883e+00 -1.000000e+00 0.000000e+00 -1.000000e+00 -1.000000e+00 7.000000e+02 5.000000e-01 -1.000000e+00 -1.000000e+00 2.304515e+01 0.000000e+00 -1.000000e+00 0.000000e+00 2.275013e-02 1.500000e+03 1.165017e+01 0.000000e+00 -9.990070e+05 3.000000e+00 -1.000000e+00 1.014614e+00 -1.0 0.000000e+00 0.000000e+00 -1.000000e+00 8.413447e-01 -1.000000e+00 -9.990070e+05 4.948470e-01 4.948470e-01 9.772499e-01 6.183055e+00 1.655423e+01 0.000000e+00 -1.000000e+00 1.586553e-01 0.000000e+00 9.243752e+00
1.242125e+01 -1.000000e+00 0.000000e+00 -1.000000e+00 -1.000000e+00 9.000000e+02 5.000000e-01 -1.000000e+00 -1.000000e+00 3.451797e+01 0.000000e+00 -1.000000e+00 0.000000e+00 2.275013e-02 1.500000e+03 1.737804e+01 0.000000e+00 -9.990070e+05 3.000000e+00 -1.000000e+00 1.012429e+00 -1.0 0.000000e+00 0.000000e+00 -1.000000e+00 8.413447e-01 -1.000000e+00 -9.990070e+05 5.450848e-01 5.450848e-01 9.772499e-01 9.200988e+00 2.472192e+01 0.000000e+00 -1.000000e+00 1.586553e-01 0.000000e+00 1.377616e+01
-1.000000e+00 -1.000000e+00 4.000000e+03 -1.000000e+00 -1.000000e+00 5.000000e+01 3.420689e-01 -1.000000e+00 -1.000000e+00 -1.000000e+00 0.000000e+00 -1.000000e+00 1.000000e+00 4.181405e-03 1.500000e+02 -1.000000e+00 1.000000e+00 -9.990070e+05 2.000000e+00 -1.000000e+00 6.646093e-01 -1.0 0.000000e+00 0.000000e+00 -1.000000e+00 7.722378e-01 -1.000000e+00 -9.990070e+05 3.156359e-01 3.156359e-01 9.670110e-01 -1.000000e+00 -1.000000e+00 0.000000e+00 -1.000000e+00 6.076331e-02 1.000000e+00 -1.000000e+00
1.064797e+01 -1.000000e+00 0.000000e+00 -1.000000e+00 -1.000000e+00 2.500000e+02 5.000000e-01 -1.000000e+00 -1.000000e+00 2.911163e+01 0.000000e+00 -1.000000e+00 0.000000e+00 2.275013e-02 1.550000e+03 1.485460e+01 0.000000e+00 -9.990070e+05 3.000000e+00 -1.000000e+00 1.013546e+00 -1.0 0.000000e+00 0.000000e+00 -1.000000e+00 8.413447e-01 -1.000000e+00 -9.990070e+05 5.277358e-01 5.277358e-01 9.772499e-01 7.927602e+00 2.100218e+01 0.000000e+00 -1.000000e+00 1.586553e-01 0.000000e+00 1.178969e+01
9.758159e+00 -1.000000e+00 0.000000e+00 -1.000000e+00 -1.000000e+00 4.500000e+02 5.000000e-01 -1.000000e+00 -1.000000e+00 2.672066e+01 0.000000e+00 -1.000000e+00 0.000000e+00 2.275013e-02 1.550000e+03 1.361513e+01 0.000000e+00 -9.990070e+05 3.000000e+00 -1.000000e+00 1.014089e+00 -1.0 0.000000e+00 0.000000e+00 -1.000000e+00 8.413447e-01 -1.000000e+00 -9.990070e+05 5.165999e-01 5.165999e-01 9.772499e-01 7.258717e+00 1.926697e+01 0.000000e+00 -1.000000e+00 1.586553e-01 0.000000e+00 1.080489e+01
1.333985e+01 -1.000000e+00 0.000000e+00 -1.000000e+00 -1.000000e+00 5.000000e+01 5.000000e-01 -1.000000e+00 -1.000000e+00 3.725784e+01 0.000000e+00 -1.000000e+00 0.000000e+00 2.275013e-02 1.550000e+03 1.866166e+01 0.000000e+00 -9.990070e+05 3.000000e+00 -1.000000e+00 1.011840e+00 -1.0 0.000000e+00 0.000000e+00 -1.000000e+00 8.413447e-01 -1.000000e+00 -9.990070e+05 5.529458e-01 5.529458e-01 9.772499e-01 9.888310e+00 2.663213e+01 0.000000e+00 -1.000000e+00 1.586553e-01 0.000000e+00 1.480251e+01
1.005264e+01 -1.000000e+00 0.000000e+00 -1.000000e+00 -1.000000e+00 6.500000e+02 5.000000e-01 -1.000000e+00 -1.000000e+00 2.759255e+01 0.000000e+00 -1.000000e+00 0.000000e+00 2.275013e-02 1.550000e+03 1.403514e+01 0.000000e+00 -9.990070e+05 3.000000e+00 -1.000000e+00 1.013926e+00 -1.0 0.000000e+00 0.000000e+00 -1.000000e+00 8.413447e-01 -1.000000e+00 -9.990070e+05 5.202720e-01 5.202720e-01 9.772499e-01 7.475584e+00 1.987162e+01 0.000000e+00 -1.000000e+00 1.586553e-01 0.000000e+00 1.113350e+01
1.206468e+01 -1.000000e+00 0.000000e+00 -1.000000e+00 -1.000000e+00 8.500000e+02 5.000000e-01 -1.000000e+00 -1.000000e+00 3.308263e+01 0.000000e+00 -1.000000e+00 0.000000e+00 2.275013e-02 1.550000e+03 1.683733e+01 0.000000e+00 -9.990070e+05 3.000000e+00 -1.000000e+00 1.012624e+00 -1.0 0.000000e+00 0.000000e+00 -1.000000e+00 8.413447e-01 -1.000000e+00 -9.990070e+05 5.423574e-01 5.423574e-01 9.772499e-01 8.968514e+00 2.384271e+01 0.000000e+00 -1.000000e+00 1.586553e-01 0.000000e+00 1.336173e+01
1.649021e+01 -1.000000e+00 0.000000e+00 -1.000000e+00 -1.000000e+00 0.000000e+00 5.000000e-01 -1.000000e+00 -1.000000e+00 4.591896e+01 0.000000e+00 -1.000000e+00 0.000000e+00 2.275013e-02 1.600000e+03 2.305916e+01 0.000000e+00 -9.990070e+05 3.000000e+00 -1.000000e+00 1.010055e+00 -1.0 0.000000e+00 0.000000e+00 -1.000000e+00 8.413447e-01 -1.000000e+00 -9.990070e+05 5.744373e-01 5.744373e-01 9.772499e-01 1.221461e+01 3.285691e+01 0.000000e+00 -1.000000e+00 1.586553e-01 0.000000e+00 1.829436e+01
1.403682e+01 -1.000000e+00 0.000000e+00 -1.000000e+00 -1.000000e+00 2.000000e+02 5.000000e-01 -1.000000e+00 -1.000000e+00 3.851451e+01 0.000000e+00 -1.000000e+00 0.000000e+00 2.275013e-02 1.600000e+03 1.959100e+01 0.000000e+00 -9.990070e+05 3.000000e+00 -1.000000e+00 1.011377e+00 -1.0 0.000000e+00 0.000000e+00 -1.000000e+00 8.413447e-01 -1.000000e+00 -9.990070e+05 5.588010e-01 5.588010e-01 9.772499e-01 1.043257e+01 2.774918e+01 0.000000e+00 -1.000000e+00 1.586553e-01 0.000000e+00 1.554649e+01
1.175035e+01 -1.000000e+00 0.000000e+00 -1.000000e+00 -1.000000e+00 4.000000e+02 5.000000e-01 -1.000000e+00 -1.000000e+00 3.212215e+01 0.000000e+00 -1.000000e+00 0.000000e+00 2.275013e-02 1.600000e+03 1.638751e+01 0.000000e+00 -9.990070e+05 3.000000e+00 -1.000000e+00 1.012823e+00 -1.0 0.000000e+00 0.000000e+00 -1.000000e+00 8.413447e-01 -1.000000e+00 -9.990070e+05 5.394630e-01 5.394630e-01 9.772499e-01 8.744349e+00 2.317955e+01 0.000000e+00 -1.000000e+00 1.586553e-01 0.000000e+00 1.300561e+01
1.244880e+01 -1.000000e+00 0.000000e+00 -1.000000e+00 -1.000000e+00 6.000000e+02 5.000000e-01 -1.000000e+00 -1.000000e+00 3.410594e+01 0.000000e+00 -1.000000e+00 0.000000e+00 2.275013e-02 1.600000e+03 1.737015e+01 0.000000e+00 -9.990070e+05 3.000000e+00 -1.000000e+00 1.012369e+00 -1.0 0.000000e+00 0.000000e+00 -1.000000e+00 8.413447e-01 -1.000000e+00 -9.990070e+05 5.459403e-01 5.459403e-01 9.772499e-01 9.264495e+00 2.457670e+01 0.000000e+00 -1.000000e+00 1.586553e-01 0.000000e+00 1.378033e+01
1.334138e+01 -1.000000e+00 0.000000e+00 -1.000000e+00 -1.000000e+00 8.000000e+02 5.000000e-01 -1.000000e+00 -1.000000e+00 3.668095e+01 0.000000e+00 -1.000000e+00 0.000000e+00 2.275013e-02 1.600000e+03 1.862620e+01 0.000000e+00 -9.990070e+05 3.000000e+00 -1.000000e+00 1.011807e+00 -1.0 0.000000e+00 0.000000e+00 -1.000000e+00 8.413447e-01 -1.000000e+00 -9.990070e+05 5.534006e-01 5.534006e-01 9.772499e-01 9.915001e+00 2.639430e+01 0.000000e+00 -1.000000e+00 1.586553e-01 0.000000e+00 1.477737e+01
1.705007e+01 -1.000000e+00 0.000000e+00 -1.000000e+00 -1.000000e+00 1.500000e+02 5.000000e-01 -1.000000e+00 -1.000000e+00 4.660056e+01 0.000000e+00 -1.000000e+00 0.000000e+00 2.275013e-02 1.650000e+03 2.378388e+01 0.000000e+00 -9.990070e+05 3.000000e+00 -1.000000e+00 1.009740e+00 -1.0 0.000000e+00 0.000000e+00 -1.000000e+00 8.413447e-01 -1.000000e+00 -9.990070e+05 5.780287e-01 5.780287e-01 9.772499e-01 1.269399e+01 3.362518e+01 0.000000e+00 -1.000000e+00 1.586553e-01 0.000000e+00 1.888131e+01
1.503570e+01 -1.000000e+00 0.000000e+00 -1.000000e+00 -1.000000e+00 3.500000e+02 5.000000e-01 -1.000000e+00 -1.000000e+00 4.121315e+01 0.000000e+00 -1.000000e+00 0.000000e+00 2.275013e-02 1.650000e+03 2.098027e+01 0.000000e+00 -9.990070e+05 3.000000e+00 -1.000000e+00 1.010789e+00 -1.0 0.000000e+00 0.000000e+00 -1.000000e+00 8.413447e-01 -1.000000e+00 -9.990070e+05 5.659049e-01 5.659049e-01 9.772499e-01 1.118601e+01 2.969492e+01 0.000000e+00 -1.000000e+00 1.586553e-01 0.000000e+00 1.664997e+01
1.583990e+01 -1.000000e+00 0.000000e+00 -1.000000e+00 -1.000000e+00 5.500000e+02 5.000000e-01 -1.000000e+00 -1.000000e+00 4.338020e+01 0.000000e+00 -1.000000e+00 0.000000e+00 2.275013e-02 1.650000e+03 2.210640e+01 0.000000e+00 -9.990070e+05 3.000000e+00 -1.000000e+00 1.010358e+00 -1.0 0.000000e+00 0.000000e+00 -1.000000e+00 8.413447e-01 -1.000000e+00 -9.990070e+05 5.709499e-01 5.709499e-01 9.772499e-01 1.179360e+01 3.126342e+01 0.000000e+00 -1.000000e+00 1.586553e-01 0.000000e+00 1.753732e+01
1.487736e+01 -1.000000e+00 0.000000e+00 -1.000000e+00 -1.000000e+00 7.500000e+02 5.000000e-01 -1.000000e+00 -1.000000e+00 4.087709e+01 0.000000e+00 -1.000000e+00 0.000000e+00 2.275013e-02 1.650000e+03 2.076854e+01 0.000000e+00 -9.990070e+05 3.000000e+00 -1.000000e+00 1.010891e+00 -1.0 0.000000e+00 0.000000e+00 -1.000000e+00 8.413447e-01 -1.000000e+00 -9.990070e+05 5.646923e-01 5.646923e-01 9.772499e-01 1.105519e+01 2.942790e+01 0.000000e+00 -1.000000e+00 1.586553e-01 0.000000e+00 1.647926e+01
2.232518e+01 -1.000000e+00 0.000000e+00 -1.000000e+00 -1.000000e+00 1.000000e+02 5.000000e-01 -1.000000e+00 -1.000000e+00 6.126073e+01 0.000000e+00 -1.000000e+00 0.000000e+00 2.275013e-02 1.700000e+03 3.115598e+01 0.000000e+00 -9.990070e+05 3.000000e+00 -1.000000e+00 1.007710e+00 -1.0 0.000000e+00 0.000000e+00 -1.000000e+00 8.413447e-01 -1.000000e+00 -9.990070e+05 6.008479e-01 6.008479e-01 9.772499e-01 1.660647e+01 4.411203e+01 0.000000e+00 -1.000000e+00 1.586553e-01 0.000000e+00 2.471251e+01
1.946554e+01 -1.000000e+00 0.000000e+00 -1.000000e+00 -1.000000e+00 3.000000e+02 5.000000e-01 -1.000000e+00 -1.000000e+00 5.367082e+01 0.000000e+00 -1.000000e+00 0.000000e+00 2.275013e-02 1.700000e+03 2.718536e+01 0.000000e+00 -9.990070e+05 3.000000e+00 -1.000000e+00 1.008718e+00 -1.0 0.000000e+00 0.000000e+00 -1.000000e+00 8.413447e-01 -1.000000e+00 -9.990070e+05 5.895436e-01 5.895436e-01 9.772499e-01 1.446947e+01 3.854201e+01 0.000000e+00 -1.000000e+00 1.586553e-01 0.000000e+00 2.157589e+01
2.188780e+01 -1.000000e+00 0.000000e+00 -1.000000e+00 -1.000000e+00 5.000000e+02 5.000000e-01 -1.000000e+00 -1.000000e+00 5.993460e+01 0.000000e+00 -1.000000e+00 0.000000e+00 2.275013e-02 1.700000e+03 3.053608e+01 0.000000e+00 -9.990070e+05 3.000000e+00 -1.000000e+00 1.007846e+00 -1.0 0.000000e+00 0.000000e+00 -1.000000e+00 8.413447e-01 -1.000000e+00 -9.990070e+05 5.993217e-01 5.993217e-01 9.772499e-01 1.629162e+01 4.319961e+01 0.000000e+00 -1.000000e+00 1.586553e-01 0.000000e+00 2.422508e+01
1.886181e+01 -1.000000e+00 0.000000e+00 -1.000000e+00 -1.000000e+00 7.000000e+02 5.000000e-01 -1.000000e+00 -1.000000e+00 5.175665e+01 0.000000e+00 -1.000000e+00 0.000000e+00 2.275013e-02 1.700000e+03 2.632598e+01 0.000000e+00 -9.990070e+05 3.000000e+00 -1.000000e+00 1.008964e+00 -1.0 0.000000e+00 0.000000e+00 -1.000000e+00 8.413447e-01 -1.000000e+00 -9.990070e+05 5.867890e-01 5.867890e-01 9.772499e-01 1.403515e+01 3.726313e+01 0.000000e+00 -1.000000e+00 1.586553e-01 0.000000e+00 2.088971e+01
2.198299e+01 -1.000000e+00 0.000000e+00 -1.000000e+00 -1.000000e+00 9.000000e+02 5.000000e-01 -1.000000e+00 -1.000000e+00 6.021558e+01 0.000000e+00 -1.000000e+00 0.000000e+00 2.275013e-02 1.700000e+03 3.067589e+01 0.000000e+00 -9.990070e+05 3.000000e+00 -1.000000e+00 1.007820e+00 -1.0 0.000000e+00 0.000000e+00 -1.000000e+00 8.413447e-01 -1.000000e+00 -9.990070e+05 5.996212e-01 5.996212e-01 9.772499e-01 1.635842e+01 4.340352e+01 0.000000e+00 -1.000000e+00 1.586553e-01 0.000000e+00 2.433204e+01
2.620713e+01 -1.000000e+00 0.000000e+00 -1.000000e+00 -1.000000e+00 2.500000e+02 5.000000e-01 -1.000000e+00 -1.000000e+00 7.292453e+01 0.000000e+00 -1.000000e+00 0.000000e+00 2.275013e-02 1.750000e+03 3.664358e+01 0.000000e+00 -9.990070e+05 3.000000e+00 -1.000000e+00 1.006653e+00 -1.0 0.000000e+00 0.000000e+00 -1.000000e+00 8.413447e-01 -1.000000e+00 -9.990070e+05 6.128437e-01 6.128437e-01 9.772499e-01 1.940649e+01 5.218851e+01 0.000000e+00 -1.000000e+00 1.586553e-01 0.000000e+00 2.907374e+01
2.793326e+01 -1.000000e+00 0.000000e+00 -1.000000e+00 -1.000000e+00 4.500000e+02 5.000000e-01 -1.000000e+00 -1.000000e+00 7.642520e+01 0.000000e+00 -1.000000e+00 0.000000e+00 2.275013e-02 1.750000e+03 3.897088e+01 0.000000e+00 -9.990070e+05 3.000000e+00 -1.000000e+00 1.006235e+00 -1.0 0.000000e+00 0.000000e+00 -1.000000e+00 8.413447e-01 -1.000000e+00 -9.990070e+05 6.176440e-01 6.176440e-01 9.772499e-01 2.079959e+01 5.510640e+01 0.000000e+00 -1.000000e+00 1.586553e-01 0.000000e+00 3.092861e+01
3.054647e+01 -1.000000e+00 0.000000e+00 -1.000000e+00 -1.000000e+00 5.000000e+01 5.000000e-01 -1.000000e+00 -1.000000e+00 8.353763e+01 0.000000e+00 -1.000000e+00 0.000000e+00 2.275013e-02 1.750000e+03 4.261321e+01 0.000000e+00 -9.990070e+05 3.000000e+00 -1.000000e+00 1.005720e+00 -1.0 0.000000e+00 0.000000e+00 -1.000000e+00 8.413447e-01 -1.000000e+00 -9.990070e+05 6.236608e-01 6.236608e-01 9.772499e-01 2.274995e+01 6.024488e+01 0.000000e+00 -1.000000e+00 1.586553e-01 0.000000e+00 3.382043e+01
2.253697e+01 -1.000000e+00 0.000000e+00 -1.000000e+00 -1.000000e+00 6.500000e+02 5.000000e-01 -1.000000e+00 -1.000000e+00 6.231981e+01 0.000000e+00 -1.000000e+00 0.000000e+00 2.275013e-02 1.750000e+03 3.148055e+01 0.000000e+00 -9.990070e+05 3.000000e+00 -1.000000e+00 1.007647e+00 -1.0 0.000000e+00 0.000000e+00 -1.000000e+00 8.413447e-01 -1.000000e+00 -9.990070e+05 6.015579e-01 6.015579e-01 9.772499e-01 1.672593e+01 4.470437e+01 0.000000e+00 -1.000000e+00 1.586553e-01 0.000000e+00 2.497647e+01
2.385116e+01 -1.000000e+00 0.000000e+00 -1.000000e+00 -1.000000e+00 8.500000e+02 5.000000e-01 -1.000000e+00 -1.000000e+00 6.532485e+01 0.000000e+00 -1.000000e+00 0.000000e+00 2.275013e-02 1.750000e+03 3.328379e+01 0.000000e+00 -9.990070e+05 3.000000e+00 -1.000000e+00 1.007240e+00 -1.0 0.000000e+00 0.000000e+00 -1.000000e+00 8.413447e-01 -1.000000e+00 -9.990070e+05 6.061496e-01 6.061496e-01 9.772499e-01 1.775494e+01 4.708048e+01 0.000000e+00 -1.000000e+00 1.586553e-01 0.000000e+00 2.641336e+01
4.005883e+01 -1.000000e+00 0.000000e+00 -1.000000e+00 -1.000000e+00 0.000000e+00 5.000000e-01 -1.000000e+00 -1.000000e+00 1.100210e+02 0.000000e+00 -1.000000e+00 0.000000e+00 2.275013e-02 1.800000e+03 5.591045e+01 0.000000e+00 -9.990070e+05 3.000000e+00 -1.000000e+00 1.004392e+00 -1.0 0.000000e+00 0.000000e+00 -1.000000e+00 8.413447e-01 -1.000000e+00 -9.990070e+05 6.399673e-01 6.399673e-01 9.772499e-01 2.979980e+01 7.916424e+01 0.000000e+00 -1.000000e+00 1.586553e-01 0.000000e+00 4.436205e+01
3.527460e+01 -1.000000e+00 0.000000e+00 -1.000000e+00 -1.000000e+00 2.000000e+02 5.000000e-01 -1.000000e+00 -1.000000e+00 9.649923e+01 0.000000e+00 -1.000000e+00 0.000000e+00 2.275013e-02 1.800000e+03 4.921756e+01 0.000000e+00 -9.990070e+05 3.000000e+00 -1.000000e+00 1.004973e+00 -1.0 0.000000e+00 0.000000e+00 -1.000000e+00 8.413447e-01 -1.000000e+00 -9.990070e+05 6.326569e-01 6.326569e-01 9.772499e-01 2.628230e+01 6.956365e+01 0.000000e+00 -1.000000e+00 1.586553e-01 0.000000e+00 3.905421e+01
3.589593e+01 -1.000000e+00 0.000000e+00 -1.000000e+00 -1.000000e+00 4.000000e+02 5.000000e-01 -1.000000e+00 -1.000000e+00 9.835859e+01 0.000000e+00 -1.000000e+00 0.000000e+00 2.275013e-02 1.800000e+03 5.009368e+01 0.000000e+00 -9.990070e+05 3.000000e+00 -1.000000e+00 1.004890e+00 -1.0 0.000000e+00 0.000000e+00 -1.000000e+00 8.413447e-01 -1.000000e+00 -9.990070e+05 6.336660e-01 6.336660e-01 9.772499e-01 2.673060e+01 7.085213e+01 0.000000e+00 -1.000000e+00 1.586553e-01 0.000000e+00 3.975079e+01
3.172683e+01 -1.000000e+00 0.000000e+00 -1.000000e+00 -1.000000e+00 6.000000e+02 5.000000e-01 -1.000000e+00 -1.000000e+00 8.783954e+01 0.000000e+00 -1.000000e+00 0.000000e+00 2.275013e-02 1.800000e+03 4.432592e+01 0.000000e+00 -9.990070e+05 3.000000e+00 -1.000000e+00 1.005527e+00 -1.0 0.000000e+00 0.000000e+00 -1.000000e+00 8.413447e-01 -1.000000e+00 -9.990070e+05 6.259634e-01 6.259634e-01 9.772499e-01 2.354848e+01 6.296100e+01 0.000000e+00 -1.000000e+00 1.586553e-01 0.000000e+00 3.517330e+01
3.287907e+01 -1.000000e+00 0.000000e+00 -1.000000e+00 -1.000000e+00 8.000000e+02 5.000000e-01 -1.000000e+00 -1.000000e+00 9.070640e+01 0.000000e+00 -1.000000e+00 0.000000e+00 2.275013e-02 1.800000e+03 4.591145e+01 0.000000e+00 -9.990070e+05 3.000000e+00 -1.000000e+00 1.005334e+00 -1.0 0.000000e+00 0.000000e+00 -1.000000e+00 8.413447e-01 -1.000000e+00 -9.990070e+05 6.282649e-01 6.282649e-01 9.772499e-01 2.442917e+01 6.512537e+01 0.000000e+00 -1.000000e+00 1.586553e-01 0.000000e+00 3.643736e+01
4.409403e+01 -1.000000e+00 4.000000e+03 -1.000000e+00 -1.000000e+00 1.500000e+02 5.000000e-01 -1.000000e+00 -1.000000e+00 1.210381e+02 0.000000e+00 -1.000000e+00 1.000000e+00 2.275013e-02 1.850000e+03 6.153840e+01 1.000000e+00 -9.990070e+05 3.000000e+00 -1.000000e+00 1.003992e+00 -1.0 0.000000e+00 0.000000e+00 -1.000000e+00 8.413447e-01 -1.000000e+00 -9.990070e+05 6.451453e-01 6.451453e-01 9.772499e-01 3.280437e+01 8.712163e+01 0.000000e+00 -1.000000e+00 1.586553e-01 0.000000e+00 4.883050e+01
4.073082e+01 -1.000000e+00 0.000000e+00 -1.000000e+00 -1.000000e+00 3.500000e+02 5.000000e-01 -1.000000e+00 -1.000000e+00 1.113671e+02 0.000000e+00 -1.000000e+00 0.000000e+00 2.275013e-02 1.850000e+03 5.682716e+01 0.000000e+00 -9.990070e+05 3.000000e+00 -1.000000e+00 1.004315e+00 -1.0 0.000000e+00 0.000000e+00 -1.000000e+00 8.413447e-01 -1.000000e+00 -9.990070e+05 6.409400e-01 6.409400e-01 9.772499e-01 3.034477e+01 8.031412e+01 0.000000e+00 -1.000000e+00 1.586553e-01 0.000000e+00 4.509285e+01
4.210172e+01 -1.000000e+00 0.000000e+00 -1.000000e+00 -1.000000e+00 5.500000e+02 5.000000e-01 -1.000000e+00 -1.000000e+00 1.157005e+02 0.000000e+00 -1.000000e+00 0.000000e+00 2.275013e-02 1.850000e+03 5.877255e+01 0.000000e+00 -9.990070e+05 3.000000e+00 -1.000000e+00 1.004183e+00 -1.0 0.000000e+00 0.000000e+00 -1.000000e+00 8.413447e-01 -1.000000e+00 -9.990070e+05 6.426577e-01 6.426577e-01 9.772499e-01 3.130630e+01 8.324952e+01 0.000000e+00 -1.000000e+00 1.586553e-01 0.000000e+00 4.663167e+01
4.343745e+01 -1.000000e+00 0.000000e+00 -1.000000e+00 -1.000000e+00 7.500000e+02 5.000000e-01 -1.000000e+00 -1.000000e+00 1.189397e+02 0.000000e+00 -1.000000e+00 0.000000e+00 2.275013e-02 1.850000e+03 6.061803e+01 0.000000e+00 -9.990070e+05 3.000000e+00 -1.000000e+00 1.004053e+00 -1.0 0.000000e+00 0.000000e+00 -1.000000e+00 8.413447e-01 -1.000000e+00 -9.990070e+05 6.443508e-01 6.443508e-01 9.772499e-01 3.233407e+01 8.573791e+01 0.000000e+00 -1.000000e+00 1.586553e-01 0.000000e+00 4.809590e+01
7.014770e+01 -1.000000e+00 0.000000e+00 -1.000000e+00 -1.000000e+00 1.000000e+02 5.000000e-01 -1.000000e+00 -1.000000e+00 1.917151e+02 0.000000e+00 -1.000000e+00 0.000000e+00 2.275013e-02 1.900000e+03 9.786202e+01 0.000000e+00 -9.990070e+05 3.000000e+00 -1.000000e+00 1.002499e+00 -1.0 0.000000e+00 0.000000e+00 -1.000000e+00 8.413447e-01 -1.000000e+00 -9.990070e+05 6.665121e-01 6.665121e-01 9.772499e-01 5.229370e+01 1.382850e+02 0.000000e+00 -1.000000e+00 1.586553e-01 0.000000e+00 7.766159e+01
5.392470e+01 -1.000000e+00 0.000000e+00 -1.000000e+00 -1.000000e+00 3.000000e+02 5.000000e-01 -1.000000e+00 -1.000000e+00 1.475944e+02 0.000000e+00 -1.000000e+00 0.000000e+00 2.275013e-02 1.900000e+03 7.524841e+01 0.000000e+00 -9.990070e+05 3.000000e+00 -1.000000e+00 1.003264e+00 -1.0 0.000000e+00 0.000000e+00 -1.000000e+00 8.413447e-01 -1.000000e+00 -9.990070e+05 6.550725e-01 6.550725e-01 9.772499e-01 4.015398e+01 1.064022e+02 0.000000e+00 -1.000000e+00 1.586553e-01 0.000000e+00 5.970556e+01
5.856935e+01 -1.000000e+00 0.000000e+00 -1.000000e+00 -1.000000e+00 5.000000e+02 5.000000e-01 -1.000000e+00 -1.000000e+00 1.605520e+02 0.000000e+00 -1.000000e+00 0.000000e+00 2.275013e-02 1.900000e+03 8.175437e+01 0.000000e+00 -9.990070e+05 3.000000e+00 -1.000000e+00 1.003006e+00 -1.0 0.000000e+00 0.000000e+00 -1.000000e+00 8.413447e-01 -1.000000e+00 -9.990070e+05 6.587890e-01 6.587890e-01 9.772499e-01 4.360370e+01 1.156462e+02 0.000000e+00 -1.000000e+00 1.586553e-01 0.000000e+00 6.485538e+01
4.872667e+01 -1.000000e+00 0.000000e+00 -1.000000e+00 -1.000000e+00 7.000000e+02 5.000000e-01 -1.000000e+00 -1.000000e+00 1.332005e+02 0.000000e+00 -1.000000e+00 0.000000e+00 2.275013e-02 1.900000e+03 6.797506e+01 0.000000e+00 -9.990070e+05 3.000000e+00 -1.000000e+00 1.003610e+00 -1.0 0.000000e+00 0.000000e+00 -1.000000e+00 8.413447e-01 -1.000000e+00 -9.990070e+05 6.502619e-01 6.502619e-01 9.772499e-01 3.629559e+01 9.607945e+01 0.000000e+00 -1.000000e+00 1.586553e-01 0.000000e+00 5.394589e+01
5.621417e+01 -1.000000e+00 0.000000e+00 -1.000000e+00 -1.000000e+00 9.000000e+02 5.000000e-01 -1.000000e+00 -1.000000e+00 1.542241e+02 0.000000e+00 -1.000000e+00 0.000000e+00 2.275013e-02 1.900000e+03 7.848426e+01 0.000000e+00 -9.990070e+05 3.000000e+00 -1.000000e+00 1.003136e+00 -1.0 0.000000e+00 0.000000e+00 -1.000000e+00 8.413447e-01 -1.000000e+00 -9.990070e+05 6.569082e-01 6.569082e-01 9.772499e-01 4.181826e+01 1.110839e+02 0.000000e+00 -1.000000e+00 1.586553e-01 0.000000e+00 6.225330e+01
7.917200e+01 -1.000000e+00 0.000000e+00 -1.000000e+00 -1.000000e+00 2.500000e+02 5.000000e-01 -1.000000e+00 -1.000000e+00 2.166273e+02 0.000000e+00 -1.000000e+00 0.000000e+00 2.275013e-02 1.950000e+03 1.104735e+02 0.000000e+00 -9.990070e+05 3.000000e+00 -1.000000e+00 1.002213e+00 -1.0 0.000000e+00 0.000000e+00 -1.000000e+00 8.413447e-01 -1.000000e+00 -9.990070e+05 6.711100e-01 6.711100e-01 9.772499e-01 5.898457e+01 1.561551e+02 0.000000e+00 -1.000000e+00 1.586553e-01 0.000000e+00 8.765992e+01
6.831455e+01 -1.000000e+00 0.000000e+00 -1.000000e+00 -1.000000e+00 4.500000e+02 5.000000e-01 -1.000000e+00 -1.000000e+00 1.882674e+02 0.000000e+00 -1.000000e+00 0.000000e+00 2.275013e-02 1.950000e+03 9.539681e+01 0.000000e+00 -9.990070e+05 3.000000e+00 -1.000000e+00 1.002572e+00 -1.0 0.000000e+00 0.000000e+00 -1.000000e+00 8.413447e-01 -1.000000e+00 -9.990070e+05 6.653685e-01 6.653685e-01 9.772499e-01 5.078754e+01 1.352356e+02 0.000000e+00 -1.000000e+00 1.586553e-01 0.000000e+00 7.570243e+01
8.333795e+01 -1.000000e+00 4.000000e+03 -1.000000e+00 -1.000000e+00 5.000000e+01 5.000000e-01 -1.000000e+00 -1.000000e+00 2.281137e+02 0.000000e+00 -1.000000e+00 1.000000e+00 2.275013e-02 1.950000e+03 1.162727e+02 1.000000e+00 -9.990070e+05 1.000000e+00 -1.000000e+00 1.002100e+00 -1.0 0.000000e+00 1.000000e+00 -1.000000e+00 8.413447e-01 -1.000000e+00 -9.990070e+05 6.729872e-01 6.729872e-01 9.772499e-01 6.206849e+01 1.644148e+02 0.000000e+00 -1.000000e+00 1.586553e-01 0.000000e+00 9.228833e+01
6.414370e+01 -1.000000e+00 4.000000e+03 -1.000000e+00 -1.000000e+00 6.500000e+02 5.000000e-01 -1.000000e+00 -1.000000e+00 1.759362e+02 0.000000e+00 -1.000000e+00 1.000000e+00 2.275013e-02 1.950000e+03 8.952345e+01 1.000000e+00 -9.990070e+05 3.000000e+00 -1.000000e+00 1.002737e+00 -1.0 0.000000e+00 0.000000e+00 -1.000000e+00 8.413447e-01 -1.000000e+00 -9.990070e+05 6.628386e-01 6.628386e-01 9.772499e-01 4.776922e+01 1.266503e+02 0.000000e+00 -1.000000e+00 1.586553e-01 0.000000e+00 7.104817e+01
6.193626e+01 -1.000000e+00 0.000000e+00 -1.000000e+00 -1.000000e+00 8.500000e+02 5.000000e-01 -1.000000e+00 -1.000000e+00 1.697206e+02 0.000000e+00 -1.000000e+00 0.000000e+00 2.275013e-02 1.950000e+03 8.645117e+01 0.000000e+00 -9.990070e+05 3.000000e+00 -1.000000e+00 1.002840e+00 -1.0 0.000000e+00 0.000000e+00 -1.000000e+00 8.413447e-01 -1.000000e+00 -9.990070e+05 6.613241e-01 6.613241e-01 9.772499e-01 4.611658e+01 1.222713e+02 0.000000e+00 -1.000000e+00 1.586553e-01 0.000000e+00 6.858395e+01
1.044695e+02 -1.000000e+00 4.000000e+03 -1.000000e+00 -1.000000e+00 0.000000e+00 5.000000e-01 -1.000000e+00 -1.000000e+00 2.879284e+02 0.000000e+00 -1.000000e+00 1.000000e+00 2.275013e-02 2.000000e+03 1.458749e+02 1.000000e+00 -9.990070e+05 3.000000e+00 -1.000000e+00 1.001675e+00 -1.0 0.000000e+00 0.000000e+00 -1.000000e+00 8.413447e-01 -1.000000e+00 -9.990070e+05 6.805129e-01 6.805129e-01 9.772499e-01 7.762004e+01 2.068472e+02 0.000000e+00 -1.000000e+00 1.586553e-01 0.000000e+00 1.157199e+02
1.047895e+02 -1.000000e+00 0.000000e+00 -1.000000e+00 -1.000000e+00 2.000000e+02 5.000000e-01 -1.000000e+00 -1.000000e+00 2.865026e+02 0.000000e+00 -1.000000e+00 0.000000e+00 2.275013e-02 2.000000e+03 1.461847e+02 0.000000e+00 -9.990070e+05 3.000000e+00 -1.000000e+00 1.001665e+00 -1.0 0.000000e+00 0.000000e+00 -1.000000e+00 8.413447e-01 -1.000000e+00 -9.990070e+05 6.806801e-01 6.806801e-01 9.772499e-01 7.806509e+01 2.066227e+02 0.000000e+00 -1.000000e+00 1.586553e-01 0.000000e+00 1.160268e+02
8.414908e+01 -1.000000e+00 4.000000e+03 -1.000000e+00 -1.000000e+00 4.000000e+02 5.000000e-01 -1.000000e+00 -1.000000e+00 2.302021e+02 0.000000e+00 -1.000000e+00 1.000000e+00 2.275013e-02 2.000000e+03 1.174121e+02 1.000000e+00 -9.990070e+05 1.000000e+00 -1.000000e+00 1.002080e+00 -1.0 0.000000e+00 1.000000e+00 -1.000000e+00 8.413447e-01 -1.000000e+00 -9.990070e+05 6.733250e-01 6.733250e-01 9.772499e-01 6.270544e+01 1.659546e+02 0.000000e+00 -1.000000e+00 1.586553e-01 0.000000e+00 9.316741e+01
8.535708e+01 -1.000000e+00 0.000000e+00 -1.000000e+00 -1.000000e+00 6.000000e+02 5.000000e-01 -1.000000e+00 -1.000000e+00 2.350665e+02 0.000000e+00 -1.000000e+00 0.000000e+00 2.275013e-02 2.000000e+03 1.192261e+02 0.000000e+00 -9.990070e+05 3.000000e+00 -1.000000e+00 1.002058e+00 -1.0 0.000000e+00 0.000000e+00 -1.000000e+00 8.413447e-01 -1.000000e+00 -9.990070e+05 6.737401e-01 6.737401e-01 9.772499e-01 6.341090e+01 1.690296e+02 0.000000e+00 -1.000000e+00 1.586553e-01 0.000000e+00 9.456490e+01
7.730383e+01 -1.000000e+00 0.000000e+00 -1.000000e+00 -1.000000e+00 8.000000e+02 5.000000e-01 -1.000000e+00 -1.000000e+00 2.116108e+02 0.000000e+00 -1.000000e+00 0.000000e+00 2.275013e-02 2.000000e+03 1.078845e+02 0.000000e+00 -9.990070e+05 3.000000e+00 -1.000000e+00 1.002268e+00 -1.0 0.000000e+00 0.000000e+00 -1.000000e+00 8.413447e-01 -1.000000e+00 -9.990070e+05 6.702145e-01 6.702145e-01 9.772499e-01 5.759441e+01 1.525324e+02 0.000000e+00 -1.000000e+00 1.586553e-01 0.000000e+00 8.558761e+01
-1.000000e+00 -1.000000e+00 0.000000e+00 -1.000000e+00 -1.000000e+00 1.870000e+02 1.341843e-01 -1.000000e+00 -1.000000e+00 -1.000000e+00 0.000000e+00 -1.000000e+00 0.000000e+00 4.752409e-04 2.120000e+02 -1.000000e+00 0.000000e+00 -9.990070e+05 3.000000e+00 -1.000000e+00 2.061830e-01 -1.0 0.000000e+00 0.000000e+00 -1.000000e+00 5.675950e-01 -1.000000e+00 -9.990070e+05 8.432794e-02 8.432794e-02 9.307118e-01 -1.000000e+00 -1.000000e+00 0.000000e+00 -1.000000e+00 1.261459e-02 0.000000e+00 -1.000000e+00
0.000000e+00 -1.000000e+00 0.000000e+00 -1.000000e+00 -1.000000e+00 1.750000e+02 8.044033e-02 -1.000000e+00 -1.000000e+00 1.100000e+02 0.000000e+00 -1.000000e+00 0.000000e+00 1.785741e-04 2.250000e+02 1.100000e+02 0.000000e+00 -9.990070e+05 3.000000e+00 -1.000000e+00 1.127221e-01 -1.0 0.000000e+00 0.000000e+00 -1.000000e+00 4.403710e-01 -1.000000e+00 -9.990070e+05 4.489018e-02 4.489018e-02 8.961560e-01 0.000000e+00 1.100000e+02 0.000000e+00 -1.000000e+00 6.004078e-03 0.000000e+00 3.310134e+00
-1.000000e+00 -1.000000e+00 4.000000e+03 -1.000000e+00 -1.000000e+00 1.500000e+02 2.145664e-01 -1.000000e+00 -1.000000e+00 -1.000000e+00 0.000000e+00 -1.000000e+00 1.000000e+00 1.264064e-03 2.500000e+02 -1.000000e+00 1.000000e+00 -9.990070e+05 2.000000e+00 -1.000000e+00 3.612460e-01 -1.0 0.000000e+00 0.000000e+00 -1.000000e+00 6.781559e-01 -1.000000e+00 -9.990070e+05 1.524223e-01 1.524223e-01 9.519293e-01 -1.000000e+00 -1.000000e+00 0.000000e+00 -1.000000e+00 2.607460e-02 1.000000e+00 -1.000000e+00
1.348344e-01 -1.000000e+00 0.000000e+00 -1.000000e+00 -1.000000e+00 0.000000e+00 7.170726e-04 -1.000000e+00 -1.000000e+00 1.272755e+00 0.000000e+00 -1.000000e+00 0.000000e+00 7.326798e-08 4.000000e+02 2.271650e-01 0.000000e+00 -9.990070e+05 3.000000e+00 -1.000000e+00 4.438329e-04 -1.0 0.000000e+00 0.000000e+00 -1.000000e+00 1.717373e-02 -1.000000e+00 -9.990070e+05 1.522037e-04 1.522037e-04 1.666697e-01 9.394239e-02 4.630598e-01 0.000000e+00 -1.000000e+00 1.170739e-05 0.000000e+00 1.750451e-01
1.271635e-01 -1.000000e+00 0.000000e+00 -1.000000e+00 -1.000000e+00 3.870000e+02 3.503969e-04 -1.000000e+00 -1.000000e+00 1.092863e+00 0.000000e+00 -1.000000e+00 0.000000e+00 2.477094e-08 4.120000e+02 2.134406e-01 0.000000e+00 -9.990070e+05 3.000000e+00 -1.000000e+00 2.053831e-04 -1.0 0.000000e+00 0.000000e+00 -1.000000e+00 1.002767e-02 -1.000000e+00 -9.990070e+05 7.089166e-05 7.089166e-05 1.152850e-01 8.655379e-02 4.186492e-01 0.000000e+00 -1.000000e+00 4.765072e-06 0.000000e+00 1.639304e-01
7.809567e-02 -1.000000e+00 0.000000e+00 -1.000000e+00 -1.000000e+00 3.750000e+02 2.846894e-06 -1.000000e+00 -1.000000e+00 3.702705e-01 0.000000e+00 -1.000000e+00 0.000000e+00 2.363996e-11 4.250000e+02 1.183158e-01 0.000000e+00 -9.990070e+05 3.000000e+00 -1.000000e+00 1.186160e-06 -1.0 0.000000e+00 0.000000e+00 -1.000000e+00 2.318043e-04 -1.000000e+00 -9.990070e+05 4.179178e-07 4.179178e-07 7.327810e-03 5.508805e-02 1.965509e-01 0.000000e+00 -1.000000e+00 1.334657e-08 0.000000e+00 9.353942e-02
1.073400e-01 -1.000000e+00 0.000000e+00 -1.000000e+00 -1.000000e+00 4.500000e+02 2.053478e-10 -1.000000e+00 -1.000000e+00 3.568203e-01 0.000000e+00 -1.000000e+00 0.000000e+00 6.417691e-17 5.500000e+02 1.557317e-01 0.000000e+00 -9.990070e+05 3.000000e+00 -1.000000e+00 2.954589e-11 -1.0 0.000000e+00 0.000000e+00 -1.000000e+00 8.448076e-08 -1.000000e+00 -9.990070e+05 9.586101e-12 9.586101e-12 1.316844e-05 7.886131e-02 2.351506e-01 0.000000e+00 -1.000000e+00 1.876852e-13 0.000000e+00 1.226234e-01
1.911250e-01 -1.000000e+00 0.000000e+00 -1.000000e+00 -1.000000e+00 0.000000e+00 2.120486e-07 -1.000000e+00 -1.000000e+00 5.815371e-01 0.000000e+00 -1.000000e+00 0.000000e+00 6.552969e-13 6.000000e+02 2.718155e-01 0.000000e+00 -9.990070e+05 3.000000e+00 -1.000000e+00 4.104539e-08 -1.0 0.000000e+00 0.000000e+00 -1.000000e+00 2.808629e-05 -1.000000e+00 -9.990070e+05 1.262665e-08 1.262665e-08 1.430364e-03 1.412468e-01 3.985484e-01 0.000000e+00 -1.000000e+00 6.075764e-10 0.000000e+00 2.166817e-01
5.754544e-01 -1.000000e+00 0.000000e+00 -1.000000e+00 -1.000000e+00 5.870000e+02 3.629036e-02 -1.000000e+00 -1.000000e+00 2.536738e+00 0.000000e+00 -1.000000e+00 0.000000e+00 4.246832e-05 6.120000e+02 8.922930e-01 0.000000e+00 -9.990070e+05 3.000000e+00 -1.000000e+00 2.825409e-02 -1.0 0.000000e+00 0.000000e+00 -1.000000e+00 2.728349e-01 -1.000000e+00 -9.990070e+05 8.242499e-03 8.242499e-03 8.051046e-01 4.136249e-01 1.487287e+00 0.000000e+00 -1.000000e+00 1.977278e-03 0.000000e+00 6.841768e-01
1.952259e-01 -1.000000e+00 0.000000e+00 -1.000000e+00 -1.000000e+00 5.750000e+02 5.123942e-08 -1.000000e+00 -1.000000e+00 5.711769e-01 0.000000e+00 -1.000000e+00 0.000000e+00 9.551919e-14 6.250000e+02 2.772034e-01 0.000000e+00 -9.990070e+05 3.000000e+00 -1.000000e+00 7.459886e-09 -1.0 0.000000e+00 0.000000e+00 -1.000000e+00 8.709608e-06 -1.000000e+00 -9.990070e+05 2.211912e-09 2.211912e-09 5.669430e-04 1.454889e-01 4.011433e-01 0.000000e+00 -1.000000e+00 1.141197e-10 0.000000e+00 2.199581e-01
1.514406e-01 -1.000000e+00 0.000000e+00 -1.000000e+00 -1.000000e+00 5.500000e+02 1.965399e-10 -1.000000e+00 -1.000000e+00 4.416333e-01 0.000000e+00 -1.000000e+00 0.000000e+00 6.061639e-17 6.500000e+02 2.146283e-01 0.000000e+00 -9.990070e+05 3.000000e+00 -1.000000e+00 2.058815e-11 -1.0 0.000000e+00 0.000000e+00 -1.000000e+00 8.138967e-08 -1.000000e+00 -9.990070e+05 6.287419e-12 6.287419e-12 1.276936e-05 1.128203e-01 3.100864e-01 0.000000e+00 -1.000000e+00 1.784523e-13 0.000000e+00 1.696755e-01
2.999126e-01 -1.000000e+00 0.000000e+00 -1.000000e+00 -1.000000e+00 5.000000e+02 2.890761e-05 -1.000000e+00 -1.000000e+00 8.433213e-01 0.000000e+00 -1.000000e+00 0.000000e+00 6.333243e-10 7.000000e+02 4.208894e-01 0.000000e+00 -9.990070e+05 3.000000e+00 -1.000000e+00 6.450935e-06 -1.0 0.000000e+00 0.000000e+00 -1.000000e+00 1.463095e-03 -1.000000e+00 -9.990070e+05 1.779895e-06 1.779895e-06 2.911651e-02 2.234520e-01 6.018707e-01 0.000000e+00 -1.000000e+00 2.196305e-07 0.000000e+00 3.347141e-01
1.196502e+00 -1.000000e+00 0.000000e+00 -1.000000e+00 -1.000000e+00 6.870000e+02 2.463801e-01 -1.000000e+00 -1.000000e+00 3.759927e+00 0.000000e+00 -1.000000e+00 0.000000e+00 1.737202e-03 7.120000e+02 1.711898e+00 0.000000e+00 -9.990070e+05 3.000000e+00 -1.000000e+00 2.842297e-01 -1.0 0.000000e+00 0.000000e+00 -1.000000e+00 7.077046e-01 -1.000000e+00 -9.990070e+05 7.241491e-02 7.241491e-02 9.568684e-01 8.768723e-01 2.542767e+00 0.000000e+00 -1.000000e+00 3.285064e-02 0.000000e+00 1.349621e+00
5.024536e-01 -1.000000e+00 0.000000e+00 -1.000000e+00 -1.000000e+00 6.750000e+02 7.676814e-03 -1.000000e+00 -1.000000e+00 1.424037e+00 0.000000e+00 -1.000000e+00 0.000000e+00 3.071752e-06 7.250000e+02 7.060057e-01 0.000000e+00 -9.990070e+05 3.000000e+00 -1.000000e+00 3.612383e-03 -1.0 0.000000e+00 0.000000e+00 -1.000000e+00 9.571473e-02 -1.000000e+00 -9.990070e+05 9.413464e-04 9.413464e-04 5.005199e-01 3.732199e-01 1.013321e+00 0.000000e+00 -1.000000e+00 2.464097e-04 0.000000e+00 5.608650e-01
5.278672e-01 -1.000000e+00 0.000000e+00 -1.000000e+00 -1.000000e+00 4.500000e+02 1.077409e-02 -1.000000e+00 -1.000000e+00 1.494803e+00 0.000000e+00 -1.000000e+00 0.000000e+00 5.366089e-06 7.500000e+02 7.422919e-01 0.000000e+00 -9.990070e+05 3.000000e+00 -1.000000e+00 5.392009e-03 -1.0 0.000000e+00 0.000000e+00 -1.000000e+00 1.211351e-01 -1.000000e+00 -9.990070e+05 1.399277e-03 1.399277e-03 5.709813e-01 3.932832e-01 1.063539e+00 0.000000e+00 -1.000000e+00 3.853171e-04 0.000000e+00 5.886806e-01
3.088009e-01 -1.000000e+00 0.000000e+00 -1.000000e+00 -1.000000e+00 6.500000e+02 7.629267e-05 -1.000000e+00 -1.000000e+00 8.978678e-01 0.000000e+00 -1.000000e+00 0.000000e+00 2.588707e-09 7.500000e+02 4.374414e-01 0.000000e+00 -9.990070e+05 3.000000e+00 -1.000000e+00 1.936940e-05 -1.0 0.000000e+00 0.000000e+00 -1.000000e+00 3.119027e-03 -1.000000e+00 -9.990070e+05 5.344137e-06 5.344137e-06 5.049378e-02 2.305146e-01 6.312446e-01 0.000000e+00 -1.000000e+00 7.204921e-07 0.000000e+00 3.453916e-01
2.699747e-01 -1.000000e+00 0.000000e+00 -1.000000e+00 -1.000000e+00 0.000000e+00 1.227630e-05 -1.000000e+00 -1.000000e+00 7.852625e-01 0.000000e+00 -1.000000e+00 0.000000e+00 1.858230e-10 8.000000e+02 3.817575e-01 0.000000e+00 -9.990070e+05 3.000000e+00 -1.000000e+00 2.609669e-06 -1.0 0.000000e+00 0.000000e+00 -1.000000e+00 7.445599e-04 -1.000000e+00 -9.990070e+05 7.335123e-07 7.335123e-07 1.766231e-02 2.016169e-01 5.509923e-01 0.000000e+00 -1.000000e+00 7.759973e-08 0.000000e+00 3.012560e-01
6.893867e-01 -1.000000e+00 0.000000e+00 -1.000000e+00 -1.000000e+00 6.000000e+02 4.867440e-02 -1.000000e+00 -1.000000e+00 2.007985e+00 0.000000e+00 -1.000000e+00 0.000000e+00 7.147195e-05 8.000000e+02 9.735275e-01 0.000000e+00 -9.990070e+05 3.000000e+00 -1.000000e+00 3.352071e-02 -1.0 0.000000e+00 0.000000e+00 -1.000000e+00 3.281272e-01 -1.000000e+00 -9.990070e+05 8.558057e-03 8.558057e-03 8.450428e-01 5.152382e-01 1.404685e+00 0.000000e+00 -1.000000e+00 2.965097e-03 0.000000e+00 7.680751e-01
2.325407e+00 -1.000000e+00 0.000000e+00 -1.000000e+00 -1.000000e+00 7.870000e+02 4.443837e-01 -1.000000e+00 -1.000000e+00 7.694814e+00 0.000000e+00 -1.000000e+00 0.000000e+00 1.141676e-02 8.120000e+02 3.381637e+00 0.000000e+00 -9.990070e+05 3.000000e+00 -1.000000e+00 7.984307e-01 -1.0 0.000000e+00 0.000000e+00 -1.000000e+00 8.199805e-01 -1.000000e+00 -9.990070e+05 2.293113e-01 2.293113e-01 9.741306e-01 1.715594e+00 5.111474e+00 0.000000e+00 -1.000000e+00 1.128949e-01 0.000000e+00 2.635693e+00
1.364634e+00 -1.000000e+00 4.000000e+03 -1.000000e+00 -1.000000e+00 7.750000e+02 3.065086e-01 -1.000000e+00 -1.000000e+00 3.931813e+00 0.000000e+00 -1.000000e+00 1.000000e+00 3.032590e-03 8.250000e+02 1.929160e+00 1.000000e+00 -9.990070e+05 3.000000e+00 -1.000000e+00 3.951275e-01 -1.0 0.000000e+00 0.000000e+00 -1.000000e+00 7.514258e-01 -1.000000e+00 -9.990070e+05 9.927630e-02 9.927630e-02 9.638189e-01 1.019771e+00 2.775381e+00 0.000000e+00 -1.000000e+00 4.877470e-02 0.000000e+00 1.522749e+00
9.223899e-01 -1.000000e+00 0.000000e+00 -1.000000e+00 -1.000000e+00 5.500000e+02 1.382238e-01 -1.000000e+00 -1.000000e+00 2.580358e+00 0.000000e+00 -1.000000e+00 0.000000e+00 5.040368e-04 8.500000e+02 1.289244e+00 0.000000e+00 -9.990070e+05 3.000000e+00 -1.000000e+00 1.247906e-01 -1.0 0.000000e+00 0.000000e+00 -1.000000e+00 5.749393e-01 -1.000000e+00 -9.990070e+05 3.111592e-02 3.111592e-02 9.323013e-01 6.852087e-01 1.842828e+00 0.000000e+00 -1.000000e+00 1.318430e-02 0.000000e+00 1.024651e+00
4.567361e-01 -1.000000e+00 0.000000e+00 -1.000000e+00 -1.000000e+00 7.500000e+02 3.697097e-03 -1.000000e+00 -1.000000e+00 1.299253e+00 0.000000e+00 -1.000000e+00 0.000000e+00 9.442597e-07 8.500000e+02 6.434081e-01 0.000000e+00 -9.990070e+05 3.000000e+00 -1.000000e+00 1.526931e-03 -1.0 0.000000e+00 0.000000e+00 -1.000000e+00 5.705153e-02 -1.000000e+00 -9.990070e+05 4.000985e-04 4.000985e-04 3.658825e-01 3.409820e-01 9.219887e-01 0.000000e+00 -1.000000e+00 9.504201e-05 0.000000e+00 5.087071e-01
1.051337e+00 -1.000000e+00 4.000000e+03 -1.000000e+00 -1.000000e+00 5.000000e+02 1.943358e-01 -1.000000e+00 -1.000000e+00 2.956158e+00 0.000000e+00 -1.000000e+00 1.000000e+00 1.017494e-03 9.000000e+02 1.474878e+00 1.000000e+00 -9.990070e+05 2.000000e+00 -1.000000e+00 1.979042e-01 -1.0 0.000000e+00 0.000000e+00 -1.000000e+00 6.560642e-01 -1.000000e+00 -9.990070e+05 4.912231e-02 4.912231e-02 9.480757e-01 7.815527e-01 2.111389e+00 0.000000e+00 -1.000000e+00 2.223485e-02 1.000000e+00 1.169244e+00
1.106235e+00 -1.000000e+00 0.000000e+00 -1.000000e+00 -1.000000e+00 7.000000e+02 2.154221e-01 -1.000000e+00 -1.000000e+00 3.287204e+00 0.000000e+00 -1.000000e+00 0.000000e+00 1.275347e-03 9.000000e+02 1.568739e+00 0.000000e+00 -9.990070e+05 3.000000e+00 -1.000000e+00 2.305917e-01 -1.0 0.000000e+00 0.000000e+00 -1.000000e+00 6.790277e-01 -1.000000e+00 -9.990070e+05 5.770833e-02 5.770833e-02 9.520783e-01 8.230787e-01 2.278490e+00 0.000000e+00 -1.000000e+00 2.624459e-02 0.000000e+00 1.235183e+00
5.693221e+00 -1.000000e+00 0.000000e+00 -1.000000e+00 -1.000000e+00 8.870000e+02 5.000000e-01 -1.000000e+00 -1.000000e+00 1.900382e+01 0.000000e+00 -1.000000e+00 0.000000e+00 2.275013e-02 9.120000e+02 8.283975e+00 0.000000e+00 -9.990070e+05 3.000000e+00 -1.000000e+00 1.007984e+00 -1.0 0.000000e+00 0.000000e+00 -1.000000e+00 8.413447e-01 -1.000000e+00 -9.990070e+05 4.279856e-01 4.279856e-01 9.772499e-01 4.183241e+00 1.252216e+01 0.000000e+00 -1.000000e+00 1.586553e-01 0.000000e+00 6.460473e+00
2.135878e+00 -1.000000e+00 0.000000e+00 -1.000000e+00 -1.000000e+00 8.750000e+02 4.328944e-01 -1.000000e+00 -1.000000e+00 6.234644e+00 0.000000e+00 -1.000000e+00 0.000000e+00 1.007357e-02 9.250000e+02 3.021072e+00 0.000000e+00 -9.990070e+05 3.000000e+00 -1.000000e+00 7.548903e-01 -1.0 0.000000e+00 0.000000e+00 -1.000000e+00 8.152558e-01 -1.000000e+00 -9.990070e+05 2.096759e-01 2.096759e-01 9.734361e-01 1.593437e+00 4.360666e+00 0.000000e+00 -1.000000e+00 1.052758e-01 0.000000e+00 2.382158e+00
9.038404e-01 -1.000000e+00 0.000000e+00 -1.000000e+00 -1.000000e+00 4.500000e+02 1.300332e-01 -1.000000e+00 -1.000000e+00 2.510245e+00 0.000000e+00 -1.000000e+00 0.000000e+00 4.466634e-04 9.500000e+02 1.264612e+00 0.000000e+00 -9.990070e+05 3.000000e+00 -1.000000e+00 1.148882e-01 -1.0 0.000000e+00 0.000000e+00 -1.000000e+00 5.597829e-01 -1.000000e+00 -9.990070e+05 2.860533e-02 2.860533e-02 9.289849e-01 6.694798e-01 1.798905e+00 0.000000e+00 -1.000000e+00 1.203991e-02 0.000000e+00 1.003216e+00
1.854091e+00 -1.000000e+00 0.000000e+00 -1.000000e+00 -1.000000e+00 6.500000e+02 4.035804e-01 -1.000000e+00 -1.000000e+00 5.232059e+00 0.000000e+00 -1.000000e+00 0.000000e+00 7.455192e-03 9.500000e+02 2.601984e+00 0.000000e+00 -9.990070e+05 3.000000e+00 -1.000000e+00 6.530601e-01 -1.0 0.000000e+00 0.000000e+00 -1.000000e+00 8.025872e-01 -1.000000e+00 -9.990070e+05 1.727523e-01 1.727523e-01 9.715643e-01 1.379205e+00 3.728301e+00 0.000000e+00 -1.000000e+00 8.815604e-02 0.000000e+00 2.061833e+00
8.916603e-01 -1.000000e+00 0.000000e+00 -1.000000e+00 -1.000000e+00 8.500000e+02 1.248468e-01 -1.000000e+00 -1.000000e+00 2.492485e+00 0.000000e+00 -1.000000e+00 0.000000e+00 4.123739e-04 9.500000e+02 1.247085e+00 0.000000e+00 -9.990070e+05 3.000000e+00 -1.000000e+00 1.091277e-01 -1.0 0.000000e+00 0.000000e+00 -1.000000e+00 5.496259e-01 -1.000000e+00 -9.990070e+05 2.723720e-02 2.723720e-02 9.266806e-01 6.609267e-01 1.779435e+00 0.000000e+00 -1.000000e+00 1.133715e-02 0.000000e+00 9.904365e-01
