2.381802e-01 -1.000000e+00 4.000000e+03 -1.000000e+00 -1.000000e+00 0.000000e+00 1.657068e-07 -1.000000e+00 -1.000000e+00 6.449489e-01 0.000000e+00 -1.000000e+00 1.000000e+00 4.683037e-13 1.000000e+03 3.321908e-01 1.000000e+00 -9.990070e+05 3.000000e+00 -1.000000e+00 6.688176e-09 -1.0 0.000000e+00 0.000000e+00 -1.000000e+00 2.293734e-05 -1.000000e+00 -9.990070e+05 1.369238e-09 1.369238e-09 1.219868e-03 1.773788e-01 4.680579e-01 0.000000e+00 -1.000000e+00 4.541115e-10 0.000000e+00 2.392493e-01
6.912126e-01 -1.000000e+00 4.000000e+03 -1.000000e+00 -1.000000e+00 6.000000e+02 5.142928e-02 -1.000000e+00 -1.000000e+00 1.887604e+00 0.000000e+00 -1.000000e+00 1.000000e+00 7.888659e-05 1.000000e+03 9.640759e-01 1.000000e+00 -9.990070e+05 2.000000e+00 -1.000000e+00 2.176595e-02 -1.0 0.000000e+00 0.000000e+00 -1.000000e+00 3.393941e-01 -1.000000e+00 -9.990070e+05 3.692746e-03 3.692746e-03 8.516555e-01 5.126562e-01 1.363528e+00 0.000000e+00 -1.000000e+00 3.200858e-03 1.000000e+00 6.960262e-01
4.237020e+00 -1.000000e+00 0.000000e+00 -1.000000e+00 -1.000000e+00 8.000000e+02 5.000000e-01 -1.000000e+00 -1.000000e+00 1.165986e+01 0.000000e+00 -1.000000e+00 0.000000e+00 2.275013e-02 1.000000e+03 5.916477e+00 0.000000e+00 -9.990070e+05 3.000000e+00 -1.000000e+00 1.035840e+00 -1.0 0.000000e+00 0.000000e+00 -1.000000e+00 8.413447e-01 -1.000000e+00 -9.990070e+05 2.771535e-01 2.771535e-01 9.772499e-01 3.137265e+00 8.387864e+00 0.000000e+00 -1.000000e+00 1.586553e-01 0.000000e+00 4.267604e+00
4.466957e-01 -1.000000e+00 4.000000e+03 -1.000000e+00 -1.000000e+00 5.500000e+02 2.491002e-03 -1.000000e+00 -1.000000e+00 1.207257e+00 0.000000e+00 -1.000000e+00 1.000000e+00 5.049237e-07 1.050000e+03 6.225566e-01 1.000000e+00 -9.990070e+05 3.000000e+00 -1.000000e+00 4.393017e-04 -1.0 0.000000e+00 0.000000e+00 -1.000000e+00 4.292559e-02 -1.000000e+00 -9.990070e+05 7.777026e-05 7.777026e-05 3.054067e-01 3.324580e-01 8.761689e-01 0.000000e+00 -1.000000e+00 5.711291e-05 0.000000e+00 4.487989e-01
2.371029e+00 -1.000000e+00 0.000000e+00 -1.000000e+00 -1.000000e+00 7.500000e+02 4.689578e-01 -1.000000e+00 -1.000000e+00 6.447991e+00 0.000000e+00 -1.000000e+00 0.000000e+00 1.518792e-02 1.050000e+03 3.305296e+00 0.000000e+00 -9.990070e+05 3.000000e+00 -1.000000e+00 8.438531e-01 -1.0 0.000000e+00 0.000000e+00 -1.000000e+00 8.297010e-01 -1.000000e+00 -9.990070e+05 1.605930e-01 1.605930e-01 9.755539e-01 1.761546e+00 4.663493e+00 0.000000e+00 -1.000000e+00 1.311745e-01 0.000000e+00 2.384607e+00
3.766482e-01 -1.000000e+00 0.000000e+00 -1.000000e+00 -1.000000e+00 1.000000e+02 4.094915e-04 -1.000000e+00 -1.000000e+00 1.023370e+00 0.000000e+00 -1.000000e+00 0.000000e+00 3.132055e-08 1.100000e+03 5.256695e-01 0.000000e+00 -9.990070e+05 3.000000e+00 -1.000000e+00 4.880676e-05 -1.0 0.000000e+00 0.000000e+00 -1.000000e+00 1.128041e-02 -1.000000e+00 -9.990070e+05 8.862937e-06 8.862937e-06 1.250558e-01 2.800151e-01 7.414120e-01 0.000000e+00 -1.000000e+00 5.790721e-06 0.000000e+00 3.782569e-01
3.405068e-01 -1.000000e+00 4.000000e+03 -1.000000e+00 -1.000000e+00 3.000000e+02 1.002117e-04 -1.000000e+00 -1.000000e+00 9.199787e-01 0.000000e+00 -1.000000e+00 1.000000e+00 3.860118e-09 1.100000e+03 4.746399e-01 1.000000e+00 -9.990070e+05 3.000000e+00 -1.000000e+00 9.265535e-06 -1.0 0.000000e+00 0.000000e+00 -1.000000e+00 3.851454e-03 -1.000000e+00 -9.990070e+05 1.721273e-06 1.721273e-06 5.874743e-02 2.532402e-01 6.681032e-01 0.000000e+00 -1.000000e+00 1.007957e-06 0.000000e+00 3.419699e-01
4.144262e-01 -1.000000e+00 0.000000e+00 -1.000000e+00 -1.000000e+00 5.000000e+02 1.199693e-03 -1.000000e+00 -1.000000e+00 1.124374e+00 0.000000e+00 -1.000000e+00 0.000000e+00 1.614900e-07 1.100000e+03 5.780890e-01 0.000000e+00 -9.990070e+05 3.000000e+00 -1.000000e+00 1.804513e-04 -1.0 0.000000e+00 0.000000e+00 -1.000000e+00 2.515896e-02 -1.000000e+00 -9.990070e+05 3.240911e-05 3.240911e-05 2.153370e-01 3.083440e-01 8.148834e-01 0.000000e+00 -1.000000e+00 2.245645e-05 0.000000e+00 4.163996e-01
1.198300e+00 -1.000000e+00 0.000000e+00 -1.000000e+00 -1.000000e+00 7.000000e+02 2.751334e-01 -1.000000e+00 -1.000000e+00 3.247604e+00 0.000000e+00 -1.000000e+00 0.000000e+00 2.278018e-03 1.100000e+03 1.670483e+00 0.000000e+00 -9.990070e+05 3.000000e+00 -1.000000e+00 2.548054e-01 -1.0 0.000000e+00 0.000000e+00 -1.000000e+00 7.302303e-01 -1.000000e+00 -9.990070e+05 4.138111e-02 4.138111e-02 9.604958e-01 8.916589e-01 2.353063e+00 0.000000e+00 -1.000000e+00 3.988713e-02 0.000000e+00 1.204799e+00
6.096002e+00 -1.000000e+00 0.000000e+00 -1.000000e+00 -1.000000e+00 9.000000e+02 5.000000e-01 -1.000000e+00 -1.000000e+00 1.658987e+01 0.000000e+00 -1.000000e+00 0.000000e+00 2.275013e-02 1.100000e+03 8.502193e+00 0.000000e+00 -9.990070e+05 3.000000e+00 -1.000000e+00 1.048993e+00 -1.0 0.000000e+00 0.000000e+00 -1.000000e+00 8.413447e-01 -1.000000e+00 -9.990070e+05 3.418467e-01 3.418467e-01 9.772499e-01 4.532162e+00 1.198542e+01 0.000000e+00 -1.000000e+00 1.586553e-01 0.000000e+00 6.127457e+00
4.174219e-01 -1.000000e+00 4.000000e+03 -1.000000e+00 -1.000000e+00 2.500000e+02 1.265829e-03 -1.000000e+00 -1.000000e+00 1.128910e+00 0.000000e+00 -1.000000e+00 1.000000e+00 1.754621e-07 1.150000e+03 5.821797e-01 1.000000e+00 -9.990070e+05 3.000000e+00 -1.000000e+00 1.893171e-04 -1.0 0.000000e+00 0.000000e+00 -1.000000e+00 2.617426e-02 -1.000000e+00 -9.990070e+05 3.367728e-05 3.367728e-05 2.210666e-01 3.109573e-01 8.200676e-01 0.000000e+00 -1.000000e+00 2.404132e-05 0.000000e+00 4.191415e-01
4.640981e-01 -1.000000e+00 4.000000e+03 -1.000000e+00 -1.000000e+00 4.500000e+02 3.545771e-03 -1.000000e+00 -1.000000e+00 1.252807e+00 0.000000e+00 -1.000000e+00 1.000000e+00 8.834095e-07 1.150000e+03 6.468504e-01 1.000000e+00 -9.990070e+05 3.000000e+00 -1.000000e+00 6.734560e-04 -1.0 0.000000e+00 0.000000e+00 -1.000000e+00 5.536772e-02 -1.000000e+00 -9.990070e+05 1.178602e-04 1.178602e-04 3.590656e-01 3.453477e-01 9.100553e-01 0.000000e+00 -1.000000e+00 9.003898e-05 0.000000e+00 4.660886e-01
5.399996e-01 -1.000000e+00 4.000000e+03 -1.000000e+00 -1.000000e+00 5.000000e+01 1.222909e-02 -1.000000e+00 -1.000000e+00 1.464478e+00 0.000000e+00 -1.000000e+00 1.000000e+00 6.622833e-06 1.150000e+03 7.533602e-01 1.000000e+00 -9.990070e+05 3.000000e+00 -1.000000e+00 3.213978e-03 -1.0 0.000000e+00 0.000000e+00 -1.000000e+00 1.321730e-01 -1.000000e+00 -9.990070e+05 5.500529e-04 5.500529e-04 5.979093e-01 4.013120e-01 1.061646e+00 0.000000e+00 -1.000000e+00 4.558136e-04 0.000000e+00 5.423431e-01
7.730370e-01 -1.000000e+00 0.000000e+00 -1.000000e+00 -1.000000e+00 6.500000e+02 8.348001e-02 -1.000000e+00 -1.000000e+00 2.088609e+00 0.000000e+00 -1.000000e+00 0.000000e+00 1.913524e-04 1.150000e+03 1.077090e+00 0.000000e+00 -9.990070e+05 3.000000e+00 -1.000000e+00 4.164508e-02 -1.0 0.000000e+00 0.000000e+00 -1.000000e+00 4.493683e-01 -1.000000e+00 -9.990070e+05 6.898101e-03 6.898101e-03 8.991805e-01 5.752407e-01 1.516001e+00 0.000000e+00 -1.000000e+00 6.329897e-03 0.000000e+00 7.767907e-01
4.223022e+00 -1.000000e+00 0.000000e+00 -1.000000e+00 -1.000000e+00 8.500000e+02 5.000000e-01 -1.000000e+00 -1.000000e+00 1.151782e+01 0.000000e+00 -1.000000e+00 0.000000e+00 2.275013e-02 1.150000e+03 5.893890e+00 0.000000e+00 -9.990070e+05 3.000000e+00 -1.000000e+00 1.035767e+00 -1.0 0.000000e+00 0.000000e+00 -1.000000e+00 8.413447e-01 -1.000000e+00 -9.990070e+05 2.771517e-01 2.771517e-01 9.772499e-01 3.138513e+00 8.322025e+00 0.000000e+00 -1.000000e+00 1.586553e-01 0.000000e+00 4.252067e+00
7.554701e-01 -1.000000e+00 0.000000e+00 -1.000000e+00 -1.000000e+00 0.000000e+00 7.649717e-02 -1.000000e+00 -1.000000e+00 2.053248e+00 0.000000e+00 -1.000000e+00 0.000000e+00 1.626695e-04 1.200000e+03 1.053963e+00 0.000000e+00 -9.990070e+05 3.000000e+00 -1.000000e+00 3.673310e-02 -1.0 0.000000e+00 0.000000e+00 -1.000000e+00 4.283002e-01 -1.000000e+00 -9.990070e+05 6.070811e-03 6.070811e-03 8.919085e-01 5.605962e-01 1.487459e+00 0.000000e+00 -1.000000e+00 5.590219e-03 0.000000e+00 7.588072e-01
6.105835e-01 -1.000000e+00 4.000000e+03 -1.000000e+00 -1.000000e+00 2.000000e+02 2.686622e-02 -1.000000e+00 -1.000000e+00 1.654488e+00 0.000000e+00 -1.000000e+00 1.000000e+00 2.515059e-05 1.200000e+03 8.517139e-01 1.000000e+00 -9.990070e+05 3.000000e+00 -1.000000e+00 8.931241e-03 -1.0 0.000000e+00 0.000000e+00 -1.000000e+00 2.244809e-01 -1.000000e+00 -9.990070e+05 1.504199e-03 1.504199e-03 7.559155e-01 4.535517e-01 1.200245e+00 0.000000e+00 -1.000000e+00 1.311533e-03 0.000000e+00 6.131193e-01
5.542030e-01 -1.000000e+00 0.000000e+00 -1.000000e+00 -1.000000e+00 4.000000e+02 1.457327e-02 -1.000000e+00 -1.000000e+00 1.500832e+00 0.000000e+00 -1.000000e+00 0.000000e+00 8.879072e-06 1.200000e+03 7.729473e-01 0.000000e+00 -9.990070e+05 3.000000e+00 -1.000000e+00 4.028102e-03 -1.0 0.000000e+00 0.000000e+00 -1.000000e+00 1.490141e-01 -1.000000e+00 -9.990070e+05 6.871442e-04 6.871442e-04 6.351505e-01 4.120512e-01 1.088707e+00 0.000000e+00 -1.000000e+00 5.756993e-04 0.000000e+00 5.565944e-01
7.075920e-01 -1.000000e+00 4.000000e+03 -1.000000e+00 -1.000000e+00 6.000000e+02 5.744529e-02 -1.000000e+00 -1.000000e+00 1.913083e+00 0.000000e+00 -1.000000e+00 1.000000e+00 9.630172e-05 1.200000e+03 9.866153e-01 1.000000e+00 -9.990070e+05 2.000000e+00 -1.000000e+00 2.480644e-02 -1.0 0.000000e+00 0.000000e+00 -1.000000e+00 3.628637e-01 -1.000000e+00 -9.990070e+05 4.127695e-03 4.127695e-03 8.641473e-01 5.270531e-01 1.389365e+00 0.000000e+00 -1.000000e+00 3.734855e-03 1.000000e+00 7.106940e-01
2.011014e+00 -1.000000e+00 0.000000e+00 -1.000000e+00 -1.000000e+00 8.000000e+02 4.426347e-01 -1.000000e+00 -1.000000e+00 5.482275e+00 0.000000e+00 -1.000000e+00 0.000000e+00 1.119785e-02 1.200000e+03 2.805031e+00 0.000000e+00 -9.990070e+05 3.000000e+00 -1.000000e+00 7.196271e-01 -1.0 0.000000e+00 0.000000e+00 -1.000000e+00 8.192692e-01 -1.000000e+00 -9.990070e+05 1.275415e-01 1.275415e-01 9.740262e-01 1.493960e+00 3.961449e+00 0.000000e+00 -1.000000e+00 1.116990e-01 0.000000e+00 2.024192e+00
8.297548e-01 -1.000000e+00 0.000000e+00 -1.000000e+00 -1.000000e+00 1.500000e+02 1.091188e-01 -1.000000e+00 -1.000000e+00 2.254251e+00 0.000000e+00 -1.000000e+00 0.000000e+00 3.176525e-04 1.250000e+03 1.157832e+00 0.000000e+00 -9.990070e+05 3.000000e+00 -1.000000e+00 6.052734e-02 -1.0 0.000000e+00 0.000000e+00 -1.000000e+00 5.158600e-01 -1.000000e+00 -9.990070e+05 9.935537e-03 9.935537e-03 9.184803e-01 6.158120e-01 1.633368e+00 0.000000e+00 -1.000000e+00 9.308399e-03 0.000000e+00 8.333793e-01
7.136485e-01 -1.000000e+00 0.000000e+00 -1.000000e+00 -1.000000e+00 3.500000e+02 5.982381e-02 -1.000000e+00 -1.000000e+00 1.933650e+00 0.000000e+00 -1.000000e+00 0.000000e+00 1.036519e-04 1.250000e+03 9.954456e-01 0.000000e+00 -9.990070e+05 3.000000e+00 -1.000000e+00 2.616556e-02 -1.0 0.000000e+00 0.000000e+00 -1.000000e+00 3.717398e-01 -1.000000e+00 -9.990070e+05 4.342273e-03 4.342273e-03 8.684704e-01 5.304328e-01 1.402319e+00 0.000000e+00 -1.000000e+00 3.953049e-03 0.000000e+00 7.166326e-01
7.570672e-01 -1.000000e+00 0.000000e+00 -1.000000e+00 -1.000000e+00 5.500000e+02 7.684468e-02 -1.000000e+00 -1.000000e+00 2.044170e+00 0.000000e+00 -1.000000e+00 0.000000e+00 1.640408e-04 1.250000e+03 1.055098e+00 0.000000e+00 -9.990070e+05 3.000000e+00 -1.000000e+00 3.697052e-02 -1.0 0.000000e+00 0.000000e+00 -1.000000e+00 4.293827e-01 -1.000000e+00 -9.990070e+05 6.110423e-03 6.110423e-03 8.922987e-01 5.627221e-01 1.485625e+00 0.000000e+00 -1.000000e+00 5.626291e-03 0.000000e+00 7.603443e-01
1.287914e+00 -1.000000e+00 0.000000e+00 -1.000000e+00 -1.000000e+00 7.500000e+02 3.073015e-01 -1.000000e+00 -1.000000e+00 3.481936e+00 0.000000e+00 -1.000000e+00 0.000000e+00 3.054393e-03 1.250000e+03 1.795242e+00 0.000000e+00 -9.990070e+05 3.000000e+00 -1.000000e+00 3.124688e-01 -1.0 0.000000e+00 0.000000e+00 -1.000000e+00 7.519236e-01 -1.000000e+00 -9.990070e+05 5.067270e-02 5.067270e-02 9.638961e-01 9.588932e-01 2.527321e+00 0.000000e+00 -1.000000e+00 4.901810e-02 0.000000e+00 1.293933e+00
1.169400e+00 -1.000000e+00 0.000000e+00 -1.000000e+00 -1.000000e+00 1.000000e+02 2.638484e-01 -1.000000e+00 -1.000000e+00 3.171117e+00 0.000000e+00 -1.000000e+00 0.000000e+00 2.050943e-03 1.300000e+03 1.631300e+00 0.000000e+00 -9.990070e+05 3.000000e+00 -1.000000e+00 2.358749e-01 -1.0 0.000000e+00 0.000000e+00 -1.000000e+00 7.217910e-01 -1.000000e+00 -9.990070e+05 3.812504e-02 3.812504e-02 9.591492e-01 8.684889e-01 2.299520e+00 0.000000e+00 -1.000000e+00 3.701107e-02 0.000000e+00 1.174435e+00
9.779812e-01 -1.000000e+00 0.000000e+00 -1.000000e+00 -1.000000e+00 3.000000e+02 1.795700e-01 -1.000000e+00 -1.000000e+00 2.650853e+00 0.000000e+00 -1.000000e+00 0.000000e+00 8.599631e-04 1.300000e+03 1.364277e+00 0.000000e+00 -9.990070e+05 3.000000e+00 -1.000000e+00 1.259648e-01 -1.0 0.000000e+00 0.000000e+00 -1.000000e+00 6.379039e-01 -1.000000e+00 -9.990070e+05 2.045797e-02 2.045797e-02 9.447865e-01 7.268786e-01 1.922204e+00 0.000000e+00 -1.000000e+00 1.963674e-02 0.000000e+00 9.820913e-01
9.224629e-01 -1.000000e+00 0.000000e+00 -1.000000e+00 -1.000000e+00 5.000000e+02 1.529435e-01 -1.000000e+00 -1.000000e+00 2.488805e+00 0.000000e+00 -1.000000e+00 0.000000e+00 6.175324e-04 1.300000e+03 1.285472e+00 0.000000e+00 -9.990070e+05 3.000000e+00 -1.000000e+00 9.883222e-02 -1.0 0.000000e+00 0.000000e+00 -1.000000e+00 5.997285e-01 -1.000000e+00 -9.990070e+05 1.610009e-02 1.610009e-02 9.374434e-01 6.859259e-01 1.809186e+00 0.000000e+00 -1.000000e+00 1.534936e-02 0.000000e+00 9.264145e-01
1.125834e+00 -1.000000e+00 0.000000e+00 -1.000000e+00 -1.000000e+00 7.000000e+02 2.465862e-01 -1.000000e+00 -1.000000e+00 3.039745e+00 0.000000e+00 -1.000000e+00 0.000000e+00 1.740660e-03 1.300000e+03 1.569258e+00 0.000000e+00 -9.990070e+05 3.000000e+00 -1.000000e+00 2.098697e-01 -1.0 0.000000e+00 0.000000e+00 -1.000000e+00 7.078787e-01 -1.000000e+00 -9.990070e+05 3.394450e-02 3.394450e-02 9.568969e-01 8.384974e-01 2.208464e+00 0.000000e+00 -1.000000e+00 3.289779e-02 0.000000e+00 1.130757e+00
3.090435e+00 -1.000000e+00 0.000000e+00 -1.000000e+00 -1.000000e+00 9.000000e+02 4.944375e-01 -1.000000e+00 -1.000000e+00 8.376801e+00 0.000000e+00 -1.000000e+00 0.000000e+00 2.107436e-02 1.300000e+03 4.306631e+00 0.000000e+00 -9.990070e+05 3.000000e+00 -1.000000e+00 9.731987e-01 -1.0 0.000000e+00 0.000000e+00 -1.000000e+00 8.393041e-01 -1.000000e+00 -9.990070e+05 2.151425e-01 2.151425e-01 9.769533e-01 2.297596e+00 6.069247e+00 0.000000e+00 -1.000000e+00 1.533402e-01 0.000000e+00 3.106758e+00
1.349830e+00 -1.000000e+00 0.000000e+00 -1.000000e+00 -1.000000e+00 2.500000e+02 3.263772e-01 -1.000000e+00 -1.000000e+00 3.658378e+00 0.000000e+00 -1.000000e+00 0.000000e+00 3.628011e-03 1.350000e+03 1.883067e+00 0.000000e+00 -9.990070e+05 3.000000e+00 -1.000000e+00 3.516241e-01 -1.0 0.000000e+00 0.000000e+00 -1.000000e+00 7.634150e-01 -1.000000e+00 -9.990070e+05 5.705525e-02 5.705525e-02 9.656656e-01 1.003128e+00 2.653062e+00 0.000000e+00 -1.000000e+00 5.518973e-02 0.000000e+00 1.355475e+00
1.151348e+00 -1.000000e+00 0.000000e+00 -1.000000e+00 -1.000000e+00 4.500000e+02 2.566608e-01 -1.000000e+00 -1.000000e+00 3.120592e+00 0.000000e+00 -1.000000e+00 0.000000e+00 1.916616e-03 1.350000e+03 1.606107e+00 0.000000e+00 -9.990070e+05 3.000000e+00 -1.000000e+00 2.247307e-01 -1.0 0.000000e+00 0.000000e+00 -1.000000e+00 7.161543e-01 -1.000000e+00 -9.990070e+05 3.631692e-02 3.631692e-02 9.582417e-01 8.552954e-01 2.263504e+00 0.000000e+00 -1.000000e+00 3.525804e-02 0.000000e+00 1.156233e+00
1.600475e+00 -1.000000e+00 4.000000e+03 -1.000000e+00 -1.000000e+00 5.000000e+01 3.868373e-01 -1.000000e+00 -1.000000e+00 4.334103e+00 0.000000e+00 -1.000000e+00 1.000000e+00 6.335119e-03 1.350000e+03 2.232547e+00 1.000000e+00 -9.990070e+05 2.000000e+00 -1.000000e+00 5.097124e-01 -1.0 0.000000e+00 0.000000e+00 -1.000000e+00 7.948928e-01 -1.000000e+00 -9.990070e+05 8.436333e-02 8.436333e-02 9.704198e-01 1.190110e+00 3.145007e+00 0.000000e+00 -1.000000e+00 7.968394e-02 1.000000e+00 1.607132e+00
1.364853e+00 -1.000000e+00 0.000000e+00 -1.000000e+00 -1.000000e+00 6.500000e+02 3.311412e-01 -1.000000e+00 -1.000000e+00 3.689302e+00 0.000000e+00 -1.000000e+00 0.000000e+00 3.787477e-03 1.350000e+03 1.903132e+00 0.000000e+00 -9.990070e+05 3.000000e+00 -1.000000e+00 3.621196e-01 -1.0 0.000000e+00 0.000000e+00 -1.000000e+00 7.661497e-01 -1.000000e+00 -9.990070e+05 5.879671e-02 5.879671e-02 9.660838e-01 1.015754e+00 2.679390e+00 0.000000e+00 -1.000000e+00 5.683164e-02 0.000000e+00 1.370524e+00
2.167250e+00 -1.000000e+00 0.000000e+00 -1.000000e+00 -1.000000e+00 8.500000e+02 4.561066e-01 -1.000000e+00 -1.000000e+00 5.855295e+00 0.000000e+00 -1.000000e+00 0.000000e+00 1.303922e-02 1.350000e+03 3.020555e+00 0.000000e+00 -9.990070e+05 3.000000e+00 -1.000000e+00 7.809158e-01 -1.0 0.000000e+00 0.000000e+00 -1.000000e+00 8.246793e-01 -1.000000e+00 -9.990070e+05 1.422940e-01 1.422940e-01 9.748195e-01 1.614017e+00 4.251351e+00 0.000000e+00 -1.000000e+00 1.212617e-01 0.000000e+00 2.177364e+00
2.313141e+00 -1.000000e+00 0.000000e+00 -1.000000e+00 -1.000000e+00 0.000000e+00 4.654429e-01 -1.000000e+00 -1.000000e+00 6.270252e+00 0.000000e+00 -1.000000e+00 0.000000e+00 1.455611e-02 1.400000e+03 3.226580e+00 0.000000e+00 -9.990070e+05 3.000000e+00 -1.000000e+00 8.261743e-01 -1.0 0.000000e+00 0.000000e+00 -1.000000e+00 8.283403e-01 -1.000000e+00 -9.990070e+05 1.549153e-01 1.549153e-01 9.753550e-01 1.718577e+00 4.546968e+00 0.000000e+00 -1.000000e+00 1.283831e-01 0.000000e+00 2.323176e+00
1.852395e+00 -1.000000e+00 0.000000e+00 -1.000000e+00 -1.000000e+00 2.000000e+02 4.255302e-01 -1.000000e+00 -1.000000e+00 5.020028e+00 0.000000e+00 -1.000000e+00 0.000000e+00 9.318647e-03 1.400000e+03 2.584106e+00 0.000000e+00 -9.990070e+05 3.000000e+00 -1.000000e+00 6.469690e-01 -1.0 0.000000e+00 0.000000e+00 -1.000000e+00 8.121601e-01 -1.000000e+00 -9.990070e+05 1.109815e-01 1.109815e-01 9.729801e-01 1.376914e+00 3.640802e+00 0.000000e+00 -1.000000e+00 1.006750e-01 0.000000e+00 1.860259e+00
1.584635e+00 -1.000000e+00 0.000000e+00 -1.000000e+00 -1.000000e+00 4.000000e+02 3.838663e-01 -1.000000e+00 -1.000000e+00 4.286591e+00 0.000000e+00 -1.000000e+00 0.000000e+00 6.158031e-03 1.400000e+03 2.210092e+00 0.000000e+00 -9.990070e+05 3.000000e+00 -1.000000e+00 5.005018e-01 -1.0 0.000000e+00 0.000000e+00 -1.000000e+00 7.934880e-01 -1.000000e+00 -9.990070e+05 8.269681e-02 8.269681e-02 9.702101e-01 1.178846e+00 3.112386e+00 0.000000e+00 -1.000000e+00 7.826844e-02 0.000000e+00 1.591220e+00
1.551299e+00 -1.000000e+00 0.000000e+00 -1.000000e+00 -1.000000e+00 6.000000e+02 3.770634e-01 -1.000000e+00 -1.000000e+00 4.200154e+00 0.000000e+00 -1.000000e+00 0.000000e+00 5.773966e-03 1.400000e+03 2.163603e+00 0.000000e+00 -9.990070e+05 3.000000e+00 -1.000000e+00 4.800944e-01 -1.0 0.000000e+00 0.000000e+00 -1.000000e+00 7.902234e-01 -1.000000e+00 -9.990070e+05 7.906492e-02 7.906492e-02 9.697221e-01 1.153799e+00 3.047542e+00 0.000000e+00 -1.000000e+00 7.512043e-02 0.000000e+00 1.557760e+00
2.015497e+00 -1.000000e+00 0.000000e+00 -1.000000e+00 -1.000000e+00 8.000000e+02 4.433401e-01 -1.000000e+00 -1.000000e+00 5.447823e+00 0.000000e+00 -1.000000e+00 0.000000e+00 1.128548e-02 1.400000e+03 2.809872e+00 0.000000e+00 -9.990070e+05 3.000000e+00 -1.000000e+00 7.221187e-01 -1.0 0.000000e+00 0.000000e+00 -1.000000e+00 8.195564e-01 -1.000000e+00 -9.990070e+05 1.275937e-01 1.275937e-01 9.740684e-01 1.500466e+00 3.955751e+00 0.000000e+00 -1.000000e+00 1.121798e-01 0.000000e+00 2.024354e+00
2.700989e+00 -1.000000e+00 0.000000e+00 -1.000000e+00 -1.000000e+00 1.500000e+02 4.833266e-01 -1.000000e+00 -1.000000e+00 7.329652e+00 0.000000e+00 -1.000000e+00 0.000000e+00 1.818825e-02 1.450000e+03 3.767988e+00 0.000000e+00 -9.990070e+05 3.000000e+00 -1.000000e+00 9.168519e-01 -1.0 0.000000e+00 0.000000e+00 -1.000000e+00 8.351703e-01 -1.000000e+00 -9.990070e+05 1.866550e-01 1.866550e-01 9.763516e-01 2.004928e+00 5.313979e+00 0.000000e+00 -1.000000e+00 1.432450e-01 0.000000e+00 2.712875e+00
2.129164e+00 -1.000000e+00 0.000000e+00 -1.000000e+00 -1.000000e+00 3.500000e+02 4.528434e-01 -1.000000e+00 -1.000000e+00 5.766472e+00 0.000000e+00 -1.000000e+00 0.000000e+00 1.255863e-02 1.450000e+03 2.969917e+00 0.000000e+00 -9.990070e+05 3.000000e+00 -1.000000e+00 7.654238e-01 -1.0 0.000000e+00 0.000000e+00 -1.000000e+00 8.233831e-01 -1.000000e+00 -9.990070e+05 1.381515e-01 1.381515e-01 9.746296e-01 1.582579e+00 4.183357e+00 0.000000e+00 -1.000000e+00 1.188700e-01 0.000000e+00 2.138071e+00
1.941003e+00 -1.000000e+00 0.000000e+00 -1.000000e+00 -1.000000e+00 5.500000e+02 4.358269e-01 -1.000000e+00 -1.000000e+00 5.246658e+00 0.000000e+00 -1.000000e+00 0.000000e+00 1.039603e-02 1.450000e+03 2.706576e+00 0.000000e+00 -9.990070e+05 3.000000e+00 -1.000000e+00 6.893722e-01 -1.0 0.000000e+00 0.000000e+00 -1.000000e+00 8.164736e-01 -1.000000e+00 -9.990070e+05 1.200635e-01 1.200635e-01 9.736153e-01 1.444628e+00 3.810658e+00 0.000000e+00 -1.000000e+00 1.071682e-01 0.000000e+00 1.949079e+00
2.129029e+00 -1.000000e+00 0.000000e+00 -1.000000e+00 -1.000000e+00 7.500000e+02 4.530449e-01 -1.000000e+00 -1.000000e+00 5.752578e+00 0.000000e+00 -1.000000e+00 0.000000e+00 1.258762e-02 1.450000e+03 2.968364e+00 0.000000e+00 -9.990070e+05 3.000000e+00 -1.000000e+00 7.663653e-01 -1.0 0.000000e+00 0.000000e+00 -1.000000e+00 8.234634e-01 -1.000000e+00 -9.990070e+05 1.383910e-01 1.383910e-01 9.746414e-01 1.584554e+00 4.178411e+00 0.000000e+00 -1.000000e+00 1.190163e-01 0.000000e+00 2.137930e+00
3.673215e+00 -1.000000e+00 4.000000e+03 -1.000000e+00 -1.000000e+00 0.000000e+00 5.000000e-01 -1.000000e+00 -1.000000e+00 9.951486e+00 0.000000e+00 -1.000000e+00 1.000000e+00 2.275013e-02 1.500000e+03 5.124225e+00 1.000000e+00 -9.990070e+05 1.000000e+00 -1.000000e+00 1.016378e+00 -1.0 0.000000e+00 1.000000e+00 -1.000000e+00 8.413447e-01 -1.000000e+00 -9.990070e+05 2.491503e-01 2.491503e-01 9.772499e-01 2.730514e+00 7.219179e+00 0.000000e+00 -1.000000e+00 1.586553e-01 0.000000e+00 3.688261e+00
3.516282e+00 -1.000000e+00 0.000000e+00 -1.000000e+00 -1.000000e+00 1.000000e+02 5.000000e-01 -1.000000e+00 -1.000000e+00 9.548433e+00 0.000000e+00 -1.000000e+00 0.000000e+00 2.275013e-02 1.500000e+03 4.906533e+00 0.000000e+00 -9.990070e+05 3.000000e+00 -1.000000e+00 1.007479e+00 -1.0 0.000000e+00 0.000000e+00 -1.000000e+00 8.413447e-01 -1.000000e+00 -9.990070e+05 2.403435e-01 2.403435e-01 9.772499e-01 2.611170e+00 6.918517e+00 0.000000e+00 -1.000000e+00 1.586553e-01 0.000000e+00 3.531161e+00
2.928760e+00 -1.000000e+00 0.000000e+00 -1.000000e+00 -1.000000e+00 3.000000e+02 4.904004e-01 -1.000000e+00 -1.000000e+00 7.921123e+00 0.000000e+00 -1.000000e+00 0.000000e+00 1.995949e-02 1.500000e+03 4.084183e+00 0.000000e+00 -9.990070e+05 3.000000e+00 -1.000000e+00 9.529533e-01 -1.0 0.000000e+00 0.000000e+00 -1.000000e+00 8.378113e-01 -1.000000e+00 -9.990070e+05 2.034557e-01 2.034557e-01 9.767361e-01 2.176558e+00 5.752034e+00 0.000000e+00 -1.000000e+00 1.495929e-01 0.000000e+00 2.940814e+00
2.609684e+00 -1.000000e+00 0.000000e+00 -1.000000e+00 -1.000000e+00 5.000000e+02 4.800124e-01 -1.000000e+00 -1.000000e+00 7.060889e+00 0.000000e+00 -1.000000e+00 0.000000e+00 1.743037e-02 1.500000e+03 3.639150e+00 0.000000e+00 -9.990070e+05 3.000000e+00 -1.000000e+00 8.998280e-01 -1.0 0.000000e+00 0.000000e+00 -1.000000e+00 8.339216e-01 -1.000000e+00 -9.990070e+05 1.797352e-01 1.797352e-01 9.761697e-01 1.939543e+00 5.125461e+00 0.000000e+00 -1.000000e+00 1.403645e-01 0.000000e+00 2.620580e+00
2.589301e+00 -1.000000e+00 0.000000e+00 -1.000000e+00 -1.000000e+00 7.000000e+02 4.792006e-01 -1.000000e+00 -1.000000e+00 7.007797e+00 0.000000e+00 -1.000000e+00 0.000000e+00 1.725118e-02 1.500000e+03 3.611176e+00 0.000000e+00 -9.990070e+05 3.000000e+00 -1.000000e+00 8.956616e-01 -1.0 0.000000e+00 0.000000e+00 -1.000000e+00 8.336146e-01 -1.000000e+00 -9.990070e+05 1.781253e-01 1.781253e-01 9.761249e-01 1.924687e+00 5.086325e+00 0.000000e+00 -1.000000e+00 1.396679e-01 0.000000e+00 2.600103e+00
3.228495e+00 -1.000000e+00 0.000000e+00 -1.000000e+00 -1.000000e+00 9.000000e+02 4.971576e-01 -1.000000e+00 -1.000000e+00 8.728196e+00 0.000000e+00 -1.000000e+00 0.000000e+00 2.187260e-02 1.500000e+03 4.500375e+00 0.000000e+00 -9.990070e+05 3.000000e+00 -1.000000e+00 9.864895e-01 -1.0 0.000000e+00 0.000000e+00 -1.000000e+00 8.403043e-01 -1.000000e+00 -9.990070e+05 2.236387e-01 2.236387e-01 9.770987e-01 2.400597e+00 6.336667e+00 0.000000e+00 -1.000000e+00 1.559171e-01 0.000000e+00 3.242544e+00
3.888707e+00 -1.000000e+00 0.000000e+00 -1.000000e+00 -1.000000e+00 2.500000e+02 5.000000e-01 -1.000000e+00 -1.000000e+00 1.051819e+01 0.000000e+00 -1.000000e+00 0.000000e+00 2.275013e-02 1.550000e+03 5.423423e+00 0.000000e+00 -9.990070e+05 3.000000e+00 -1.000000e+00 1.025893e+00 -1.0 0.000000e+00 0.000000e+00 -1.000000e+00 8.413447e-01 -1.000000e+00 -9.990070e+05 2.605554e-01 2.605554e-01 9.772499e-01 2.894030e+00 7.637909e+00 0.000000e+00 -1.000000e+00 1.586553e-01 0.000000e+00 3.904546e+00
3.481950e+00 -1.000000e+00 0.000000e+00 -1.000000e+00 -1.000000e+00 4.500000e+02 5.000000e-01 -1.000000e+00 -1.000000e+00 9.419251e+00 0.000000e+00 -1.000000e+00 0.000000e+00 2.275013e-02 1.550000e+03 4.855642e+00 0.000000e+00 -9.990070e+05 3.000000e+00 -1.000000e+00 1.005608e+00 -1.0 0.000000e+00 0.000000e+00 -1.000000e+00 8.413447e-01 -1.000000e+00 -9.990070e+05 2.386171e-01 2.386171e-01 9.772499e-01 2.588636e+00 6.837116e+00 0.000000e+00 -1.000000e+00 1.586553e-01 0.000000e+00 3.496116e+00
4.717953e+00 -1.000000e+00 0.000000e+00 -1.000000e+00 -1.000000e+00 5.000000e+01 5.000000e-01 -1.000000e+00 -1.000000e+00 1.278165e+01 0.000000e+00 -1.000000e+00 0.000000e+00 2.275013e-02 1.550000e+03 6.580819e+00 0.000000e+00 -9.990070e+05 3.000000e+00 -1.000000e+00 1.044067e+00 -1.0 0.000000e+00 0.000000e+00 -1.000000e+00 8.413447e-01 -1.000000e+00 -9.990070e+05 2.968526e-01 2.968526e-01 9.772499e-01 3.506362e+00 9.270864e+00 0.000000e+00 -1.000000e+00 1.586553e-01 0.000000e+00 4.737652e+00
3.261259e+00 -1.000000e+00 0.000000e+00 -1.000000e+00 -1.000000e+00 6.500000e+02 4.977054e-01 -1.000000e+00 -1.000000e+00 8.822850e+00 0.000000e+00 -1.000000e+00 0.000000e+00 2.203820e-02 1.550000e+03 4.547419e+00 0.000000e+00 -9.990070e+05 3.000000e+00 -1.000000e+00 9.891274e-01 -1.0 0.000000e+00 0.000000e+00 -1.000000e+00 8.405052e-01 -1.000000e+00 -9.990070e+05 2.254626e-01 2.254626e-01 9.771279e-01 2.423949e+00 6.404574e+00 0.000000e+00 -1.000000e+00 1.564412e-01 0.000000e+00 3.274711e+00
3.537677e+00 -1.000000e+00 0.000000e+00 -1.000000e+00 -1.000000e+00 8.500000e+02 5.000000e-01 -1.000000e+00 -1.000000e+00 9.568036e+00 0.000000e+00 -1.000000e+00 0.000000e+00 2.275013e-02 1.550000e+03 4.932152e+00 0.000000e+00 -9.990070e+05 3.000000e+00 -1.000000e+00 1.009278e+00 -1.0 0.000000e+00 0.000000e+00 -1.000000e+00 8.413447e-01 -1.000000e+00 -9.990070e+05 2.420396e-01 2.420396e-01 9.772499e-01 2.631109e+00 6.943805e+00 0.000000e+00 -1.000000e+00 1.586553e-01 0.000000e+00 3.553331e+00
6.318720e+00 -1.000000e+00 0.000000e+00 -1.000000e+00 -1.000000e+00 0.000000e+00 5.000000e-01 -1.000000e+00 -1.000000e+00 1.710831e+01 0.000000e+00 -1.000000e+00 0.000000e+00 2.275013e-02 1.600000e+03 8.814793e+00 0.000000e+00 -9.990070e+05 3.000000e+00 -1.000000e+00 1.048766e+00 -1.0 0.000000e+00 0.000000e+00 -1.000000e+00 8.413447e-01 -1.000000e+00 -9.990070e+05 3.472853e-01 3.472853e-01 9.772499e-01 4.699682e+00 1.241730e+01 0.000000e+00 -1.000000e+00 1.586553e-01 0.000000e+00 6.344692e+00
5.181748e+00 -1.000000e+00 0.000000e+00 -1.000000e+00 -1.000000e+00 2.000000e+02 5.000000e-01 -1.000000e+00 -1.000000e+00 1.402510e+01 0.000000e+00 -1.000000e+00 0.000000e+00 2.275013e-02 1.600000e+03 7.226784e+00 0.000000e+00 -9.990070e+05 3.000000e+00 -1.000000e+00 1.047689e+00 -1.0 0.000000e+00 0.000000e+00 -1.000000e+00 8.413447e-01 -1.000000e+00 -9.990070e+05 3.137390e-01 3.137390e-01 9.772499e-01 3.852072e+00 1.017711e+01 0.000000e+00 -1.000000e+00 1.586553e-01 0.000000e+00 5.203500e+00
4.712643e+00 -1.000000e+00 0.000000e+00 -1.000000e+00 -1.000000e+00 4.000000e+02 5.000000e-01 -1.000000e+00 -1.000000e+00 1.276367e+01 0.000000e+00 -1.000000e+00 0.000000e+00 2.275013e-02 1.600000e+03 6.573599e+00 0.000000e+00 -9.990070e+05 3.000000e+00 -1.000000e+00 1.044000e+00 -1.0 0.000000e+00 0.000000e+00 -1.000000e+00 8.413447e-01 -1.000000e+00 -9.990070e+05 2.966118e-01 2.966118e-01 9.772499e-01 3.502425e+00 9.259717e+00 0.000000e+00 -1.000000e+00 1.586553e-01 0.000000e+00 4.732180e+00
4.362738e+00 -1.000000e+00 0.000000e+00 -1.000000e+00 -1.000000e+00 6.000000e+02 5.000000e-01 -1.000000e+00 -1.000000e+00 1.181458e+01 0.000000e+00 -1.000000e+00 0.000000e+00 2.275013e-02 1.600000e+03 6.086051e+00 0.000000e+00 -9.990070e+05 3.000000e+00 -1.000000e+00 1.038780e+00 -1.0 0.000000e+00 0.000000e+00 -1.000000e+00 8.413447e-01 -1.000000e+00 -9.990070e+05 2.824274e-01 2.824274e-01 9.772499e-01 3.245603e+00 8.574694e+00 0.000000e+00 -1.000000e+00 1.586553e-01 0.000000e+00 4.380408e+00
4.329971e+00 -1.000000e+00 0.000000e+00 -1.000000e+00 -1.000000e+00 8.000000e+02 5.000000e-01 -1.000000e+00 -1.000000e+00 1.171717e+01 0.000000e+00 -1.000000e+00 0.000000e+00 2.275013e-02 1.600000e+03 6.039667e+00 0.000000e+00 -9.990070e+05 3.000000e+00 -1.000000e+00 1.038180e+00 -1.0 0.000000e+00 0.000000e+00 -1.000000e+00 8.413447e-01 -1.000000e+00 -9.990070e+05 2.811049e-01 2.811049e-01 9.772499e-01 3.222758e+00 8.507885e+00 0.000000e+00 -1.000000e+00 1.586553e-01 0.000000e+00 4.347428e+00
7.313489e+00 -1.000000e+00 0.000000e+00 -1.000000e+00 -1.000000e+00 1.500000e+02 5.000000e-01 -1.000000e+00 -1.000000e+00 1.981969e+01 0.000000e+00 -1.000000e+00 0.000000e+00 2.275013e-02 1.650000e+03 1.020390e+01 0.000000e+00 -9.990070e+05 3.000000e+00 -1.000000e+00 1.046297e+00 -1.0 0.000000e+00 0.000000e+00 -1.000000e+00 8.413447e-01 -1.000000e+00 -9.990070e+05 3.701852e-01 3.701852e-01 9.772499e-01 5.439508e+00 1.437994e+01 0.000000e+00 -1.000000e+00 1.586553e-01 0.000000e+00 7.343448e+00
6.331479e+00 -1.000000e+00 0.000000e+00 -1.000000e+00 -1.000000e+00 3.500000e+02 5.000000e-01 -1.000000e+00 -1.000000e+00 1.716771e+01 0.000000e+00 -1.000000e+00 0.000000e+00 2.275013e-02 1.650000e+03 8.833567e+00 0.000000e+00 -9.990070e+05 3.000000e+00 -1.000000e+00 1.048750e+00 -1.0 0.000000e+00 0.000000e+00 -1.000000e+00 8.413447e-01 -1.000000e+00 -9.990070e+05 3.475395e-01 3.475395e-01 9.772499e-01 4.706400e+00 1.244878e+01 0.000000e+00 -1.000000e+00 1.586553e-01 0.000000e+00 6.357453e+00
5.566828e+00 -1.000000e+00 0.000000e+00 -1.000000e+00 -1.000000e+00 5.500000e+02 5.000000e-01 -1.000000e+00 -1.000000e+00 1.508710e+01 0.000000e+00 -1.000000e+00 0.000000e+00 2.275013e-02 1.650000e+03 7.766545e+00 0.000000e+00 -9.990070e+05 3.000000e+00 -1.000000e+00 1.048908e+00 -1.0 0.000000e+00 0.000000e+00 -1.000000e+00 8.413447e-01 -1.000000e+00 -9.990070e+05 3.261316e-01 3.261316e-01 9.772499e-01 4.139425e+00 1.094430e+01 0.000000e+00 -1.000000e+00 1.586553e-01 0.000000e+00 5.589412e+00
5.283131e+00 -1.000000e+00 0.000000e+00 -1.000000e+00 -1.000000e+00 7.500000e+02 5.000000e-01 -1.000000e+00 -1.000000e+00 1.430436e+01 0.000000e+00 -1.000000e+00 0.000000e+00 2.275013e-02 1.650000e+03 7.368315e+00 0.000000e+00 -9.990070e+05 3.000000e+00 -1.000000e+00 1.048141e+00 -1.0 0.000000e+00 0.000000e+00 -1.000000e+00 8.413447e-01 -1.000000e+00 -9.990070e+05 3.171677e-01 3.171677e-01 9.772499e-01 3.927926e+00 1.037768e+01 0.000000e+00 -1.000000e+00 1.586553e-01 0.000000e+00 5.304946e+00
9.348937e+00 -1.000000e+00 0.000000e+00 -1.000000e+00 -1.000000e+00 1.000000e+02 5.000000e-01 -1.000000e+00 -1.000000e+00 2.538866e+01 0.000000e+00 -1.000000e+00 0.000000e+00 2.275013e-02 1.700000e+03 1.304874e+01 0.000000e+00 -9.990070e+05 3.000000e+00 -1.000000e+00 1.039684e+00 -1.0 0.000000e+00 0.000000e+00 -1.000000e+00 8.413447e-01 -1.000000e+00 -9.990070e+05 4.051440e-01 4.051440e-01 9.772499e-01 6.952297e+00 1.840371e+01 0.000000e+00 -1.000000e+00 1.586553e-01 0.000000e+00 9.387415e+00
8.491117e+00 -1.000000e+00 0.000000e+00 -1.000000e+00 -1.000000e+00 3.000000e+02 5.000000e-01 -1.000000e+00 -1.000000e+00 2.298909e+01 0.000000e+00 -1.000000e+00 0.000000e+00 2.275013e-02 1.700000e+03 1.184433e+01 0.000000e+00 -9.990070e+05 3.000000e+00 -1.000000e+00 1.042451e+00 -1.0 0.000000e+00 0.000000e+00 -1.000000e+00 8.413447e-01 -1.000000e+00 -9.990070e+05 3.920130e-01 3.920130e-01 9.772499e-01 6.314735e+00 1.668438e+01 0.000000e+00 -1.000000e+00 1.586553e-01 0.000000e+00 8.526051e+00
7.324998e+00 -1.000000e+00 0.000000e+00 -1.000000e+00 -1.000000e+00 5.000000e+02 5.000000e-01 -1.000000e+00 -1.000000e+00 1.984987e+01 0.000000e+00 -1.000000e+00 0.000000e+00 2.275013e-02 1.700000e+03 1.021935e+01 0.000000e+00 -9.990070e+05 3.000000e+00 -1.000000e+00 1.046256e+00 -1.0 0.000000e+00 0.000000e+00 -1.000000e+00 8.413447e-01 -1.000000e+00 -9.990070e+05 3.704633e-01 3.704633e-01 9.772499e-01 5.448697e+00 1.440127e+01 0.000000e+00 -1.000000e+00 1.586553e-01 0.000000e+00 7.354993e+00
6.973496e+00 -1.000000e+00 0.000000e+00 -1.000000e+00 -1.000000e+00 7.000000e+02 5.000000e-01 -1.000000e+00 -1.000000e+00 1.886619e+01 0.000000e+00 -1.000000e+00 0.000000e+00 2.275013e-02 1.700000e+03 9.726357e+00 0.000000e+00 -9.990070e+05 3.000000e+00 -1.000000e+00 1.047283e+00 -1.0 0.000000e+00 0.000000e+00 -1.000000e+00 8.413447e-01 -1.000000e+00 -9.990070e+05 3.629762e-01 3.629762e-01 9.772499e-01 5.187527e+00 1.369717e+01 0.000000e+00 -1.000000e+00 1.586553e-01 0.000000e+00 7.001893e+00
6.875054e+00 -1.000000e+00 0.000000e+00 -1.000000e+00 -1.000000e+00 9.000000e+02 5.000000e-01 -1.000000e+00 -1.000000e+00 1.860008e+01 0.000000e+00 -1.000000e+00 0.000000e+00 2.275013e-02 1.700000e+03 9.588127e+00 0.000000e+00 -9.990070e+05 3.000000e+00 -1.000000e+00 1.047548e+00 -1.0 0.000000e+00 0.000000e+00 -1.000000e+00 8.413447e-01 -1.000000e+00 -9.990070e+05 3.607760e-01 3.607760e-01 9.772499e-01 5.113542e+00 1.350204e+01 0.000000e+00 -1.000000e+00 1.586553e-01 0.000000e+00 6.903047e+00
1.115682e+01 -1.000000e+00 0.000000e+00 -1.000000e+00 -1.000000e+00 2.500000e+02 5.000000e-01 -1.000000e+00 -1.000000e+00 3.026929e+01 0.000000e+00 -1.000000e+00 0.000000e+00 2.275013e-02 1.750000e+03 1.557088e+01 0.000000e+00 -9.990070e+05 3.000000e+00 -1.000000e+00 1.034577e+00 -1.0 0.000000e+00 0.000000e+00 -1.000000e+00 8.413447e-01 -1.000000e+00 -9.990070e+05 4.273554e-01 4.273554e-01 9.772499e-01 8.301138e+00 2.195530e+01 0.000000e+00 -1.000000e+00 1.586553e-01 0.000000e+00 1.120216e+01
9.531671e+00 -1.000000e+00 0.000000e+00 -1.000000e+00 -1.000000e+00 4.500000e+02 5.000000e-01 -1.000000e+00 -1.000000e+00 2.582075e+01 0.000000e+00 -1.000000e+00 0.000000e+00 2.275013e-02 1.750000e+03 1.329903e+01 0.000000e+00 -9.990070e+05 3.000000e+00 -1.000000e+00 1.039084e+00 -1.0 0.000000e+00 0.000000e+00 -1.000000e+00 8.413447e-01 -1.000000e+00 -9.990070e+05 4.078536e-01 4.078536e-01 9.772499e-01 7.093691e+00 1.874256e+01 0.000000e+00 -1.000000e+00 1.586553e-01 0.000000e+00 9.570165e+00
1.329896e+01 -1.000000e+00 0.000000e+00 -1.000000e+00 -1.000000e+00 5.000000e+01 5.000000e-01 -1.000000e+00 -1.000000e+00 3.608308e+01 0.000000e+00 -1.000000e+00 0.000000e+00 2.275013e-02 1.750000e+03 1.855924e+01 0.000000e+00 -9.990070e+05 3.000000e+00 -1.000000e+00 1.029579e+00 -1.0 0.000000e+00 0.000000e+00 -1.000000e+00 8.413447e-01 -1.000000e+00 -9.990070e+05 4.479567e-01 4.479567e-01 9.772499e-01 9.889657e+00 2.616646e+01 0.000000e+00 -1.000000e+00 1.586553e-01 0.000000e+00 1.335460e+01
8.944603e+00 -1.000000e+00 0.000000e+00 -1.000000e+00 -1.000000e+00 6.500000e+02 5.000000e-01 -1.000000e+00 -1.000000e+00 2.428257e+01 0.000000e+00 -1.000000e+00 0.000000e+00 2.275013e-02 1.750000e+03 1.248265e+01 0.000000e+00 -9.990070e+05 3.000000e+00 -1.000000e+00 1.040977e+00 -1.0 0.000000e+00 0.000000e+00 -1.000000e+00 8.413447e-01 -1.000000e+00 -9.990070e+05 3.991597e-01 3.991597e-01 9.772499e-01 6.649572e+00 1.760081e+01 0.000000e+00 -1.000000e+00 1.586553e-01 0.000000e+00 8.982373e+00
8.438531e+00 -1.000000e+00 0.000000e+00 -1.000000e+00 -1.000000e+00 8.500000e+02 5.000000e-01 -1.000000e+00 -1.000000e+00 2.285699e+01 0.000000e+00 -1.000000e+00 0.000000e+00 2.275013e-02 1.750000e+03 1.177118e+01 0.000000e+00 -9.990070e+05 3.000000e+00 -1.000000e+00 1.042624e+00 -1.0 0.000000e+00 0.000000e+00 -1.000000e+00 8.413447e-01 -1.000000e+00 -9.990070e+05 3.911488e-01 3.911488e-01 9.772499e-01 6.274965e+00 1.658328e+01 0.000000e+00 -1.000000e+00 1.586553e-01 0.000000e+00 8.473180e+00
1.699543e+01 -1.000000e+00 0.000000e+00 -1.000000e+00 -1.000000e+00 0.000000e+00 5.000000e-01 -1.000000e+00 -1.000000e+00 4.604622e+01 0.000000e+00 -1.000000e+00 0.000000e+00 2.275013e-02 1.800000e+03 2.371461e+01 0.000000e+00 -9.990070e+05 3.000000e+00 -1.000000e+00 1.023413e+00 -1.0 0.000000e+00 0.000000e+00 -1.000000e+00 8.413447e-01 -1.000000e+00 -9.990070e+05 4.737336e-01 4.737336e-01 9.772499e-01 1.264847e+01 3.342430e+01 0.000000e+00 -1.000000e+00 1.586553e-01 0.000000e+00 1.706503e+01
1.531567e+01 -1.000000e+00 4.000000e+03 -1.000000e+00 -1.000000e+00 2.000000e+02 5.000000e-01 -1.000000e+00 -1.000000e+00 4.159448e+01 0.000000e+00 -1.000000e+00 1.000000e+00 2.275013e-02 1.800000e+03 2.137725e+01 1.000000e+00 -9.990070e+05 3.000000e+00 -1.000000e+00 1.025913e+00 -1.0 0.000000e+00 0.000000e+00 -1.000000e+00 8.413447e-01 -1.000000e+00 -9.990070e+05 4.631481e-01 4.631481e-01 9.772499e-01 1.138826e+01 3.015011e+01 0.000000e+00 -1.000000e+00 1.586553e-01 0.000000e+00 1.537953e+01
1.296831e+01 -1.000000e+00 0.000000e+00 -1.000000e+00 -1.000000e+00 4.000000e+02 5.000000e-01 -1.000000e+00 -1.000000e+00 3.508024e+01 0.000000e+00 -1.000000e+00 0.000000e+00 2.275013e-02 1.800000e+03 1.808948e+01 0.000000e+00 -9.990070e+05 3.000000e+00 -1.000000e+00 1.030217e+00 -1.0 0.000000e+00 0.000000e+00 -1.000000e+00 8.413447e-01 -1.000000e+00 -9.990070e+05 4.453367e-01 4.453367e-01 9.772499e-01 9.660448e+00 2.548513e+01 0.000000e+00 -1.000000e+00 1.586553e-01 0.000000e+00 1.301995e+01
1.178292e+01 -1.000000e+00 0.000000e+00 -1.000000e+00 -1.000000e+00 6.000000e+02 5.000000e-01 -1.000000e+00 -1.000000e+00 3.198067e+01 0.000000e+00 -1.000000e+00 0.000000e+00 2.275013e-02 1.800000e+03 1.644291e+01 0.000000e+00 -9.990070e+05 3.000000e+00 -1.000000e+00 1.032995e+00 -1.0 0.000000e+00 0.000000e+00 -1.000000e+00 8.413447e-01 -1.000000e+00 -9.990070e+05 4.339077e-01 4.339077e-01 9.772499e-01 8.758640e+00 2.318208e+01 0.000000e+00 -1.000000e+00 1.586553e-01 0.000000e+00 1.183136e+01
1.095890e+01 -1.000000e+00 0.000000e+00 -1.000000e+00 -1.000000e+00 8.000000e+02 5.000000e-01 -1.000000e+00 -1.000000e+00 2.971086e+01 0.000000e+00 -1.000000e+00 0.000000e+00 2.275013e-02 1.800000e+03 1.529295e+01 0.000000e+00 -9.990070e+05 3.000000e+00 -1.000000e+00 1.035095e+00 -1.0 0.000000e+00 0.000000e+00 -1.000000e+00 8.413447e-01 -1.000000e+00 -9.990070e+05 4.251936e-01 4.251936e-01 9.772499e-01 8.156455e+00 2.155910e+01 0.000000e+00 -1.000000e+00 1.586553e-01 0.000000e+00 1.100346e+01
1.894297e+01 -1.000000e+00 0.000000e+00 -1.000000e+00 -1.000000e+00 1.500000e+02 5.000000e-01 -1.000000e+00 -1.000000e+00 5.123099e+01 0.000000e+00 -1.000000e+00 0.000000e+00 2.275013e-02 1.850000e+03 2.642083e+01 0.000000e+00 -9.990070e+05 3.000000e+00 -1.000000e+00 1.021015e+00 -1.0 0.000000e+00 0.000000e+00 -1.000000e+00 8.413447e-01 -1.000000e+00 -9.990070e+05 4.841651e-01 4.841651e-01 9.772499e-01 1.410481e+01 3.721367e+01 0.000000e+00 -1.000000e+00 1.586553e-01 0.000000e+00 1.901910e+01
1.788816e+01 -1.000000e+00 0.000000e+00 -1.000000e+00 -1.000000e+00 3.500000e+02 5.000000e-01 -1.000000e+00 -1.000000e+00 4.843301e+01 0.000000e+00 -1.000000e+00 0.000000e+00 2.275013e-02 1.850000e+03 2.495487e+01 0.000000e+00 -9.990070e+05 3.000000e+00 -1.000000e+00 1.022255e+00 -1.0 0.000000e+00 0.000000e+00 -1.000000e+00 8.413447e-01 -1.000000e+00 -9.990070e+05 4.787304e-01 4.787304e-01 9.772499e-01 1.331393e+01 3.516158e+01 0.000000e+00 -1.000000e+00 1.586553e-01 0.000000e+00 1.796092e+01
1.554095e+01 -1.000000e+00 0.000000e+00 -1.000000e+00 -1.000000e+00 5.500000e+02 5.000000e-01 -1.000000e+00 -1.000000e+00 4.216114e+01 0.000000e+00 -1.000000e+00 0.000000e+00 2.275013e-02 1.850000e+03 2.168744e+01 0.000000e+00 -9.990070e+05 3.000000e+00 -1.000000e+00 1.025538e+00 -1.0 0.000000e+00 0.000000e+00 -1.000000e+00 8.413447e-01 -1.000000e+00 -9.990070e+05 4.647209e-01 4.647209e-01 9.772499e-01 1.155957e+01 3.057704e+01 0.000000e+00 -1.000000e+00 1.586553e-01 0.000000e+00 1.560522e+01
1.390058e+01 -1.000000e+00 0.000000e+00 -1.000000e+00 -1.000000e+00 7.500000e+02 5.000000e-01 -1.000000e+00 -1.000000e+00 3.772302e+01 0.000000e+00 -1.000000e+00 0.000000e+00 2.275013e-02 1.850000e+03 1.939744e+01 0.000000e+00 -9.990070e+05 3.000000e+00 -1.000000e+00 1.028390e+00 -1.0 0.000000e+00 0.000000e+00 -1.000000e+00 8.413447e-01 -1.000000e+00 -9.990070e+05 4.528563e-01 4.528563e-01 9.772499e-01 1.033481e+01 2.734684e+01 0.000000e+00 -1.000000e+00 1.586553e-01 0.000000e+00 1.395805e+01
2.617193e+01 -1.000000e+00 0.000000e+00 -1.000000e+00 -1.000000e+00 1.000000e+02 5.000000e-01 -1.000000e+00 -1.000000e+00 7.119585e+01 0.000000e+00 -1.000000e+00 0.000000e+00 2.275013e-02 1.900000e+03 3.654096e+01 0.000000e+00 -9.990070e+05 3.000000e+00 -1.000000e+00 1.015199e+00 -1.0 0.000000e+00 0.000000e+00 -1.000000e+00 8.413447e-01 -1.000000e+00 -9.990070e+05 5.113077e-01 5.113077e-01 9.772499e-01 1.945976e+01 5.157040e+01 0.000000e+00 -1.000000e+00 1.586553e-01 0.000000e+00 2.628337e+01
2.231396e+01 -1.000000e+00 0.000000e+00 -1.000000e+00 -1.000000e+00 3.000000e+02 5.000000e-01 -1.000000e+00 -1.000000e+00 6.049998e+01 0.000000e+00 -1.000000e+00 0.000000e+00 2.275013e-02 1.900000e+03 3.113867e+01 0.000000e+00 -9.990070e+05 3.000000e+00 -1.000000e+00 1.017852e+00 -1.0 0.000000e+00 0.000000e+00 -1.000000e+00 8.413447e-01 -1.000000e+00 -9.990070e+05 4.985260e-01 4.985260e-01 9.772499e-01 1.660755e+01 4.390042e+01 0.000000e+00 -1.000000e+00 1.586553e-01 0.000000e+00 2.240423e+01
2.069927e+01 -1.000000e+00 0.000000e+00 -1.000000e+00 -1.000000e+00 5.000000e+02 5.000000e-01 -1.000000e+00 -1.000000e+00 5.605814e+01 0.000000e+00 -1.000000e+00 0.000000e+00 2.275013e-02 1.900000e+03 2.887729e+01 0.000000e+00 -9.990070e+05 3.000000e+00 -1.000000e+00 1.019245e+00 -1.0 0.000000e+00 0.000000e+00 -1.000000e+00 8.413447e-01 -1.000000e+00 -9.990070e+05 4.921035e-01 4.921035e-01 9.772499e-01 1.540630e+01 4.069211e+01 0.000000e+00 -1.000000e+00 1.586553e-01 0.000000e+00 2.078305e+01
1.869483e+01 -1.000000e+00 0.000000e+00 -1.000000e+00 -1.000000e+00 7.000000e+02 5.000000e-01 -1.000000e+00 -1.000000e+00 5.065368e+01 0.000000e+00 -1.000000e+00 0.000000e+00 2.275013e-02 1.900000e+03 2.608357e+01 0.000000e+00 -9.990070e+05 3.000000e+00 -1.000000e+00 1.021316e+00 -1.0 0.000000e+00 0.000000e+00 -1.000000e+00 8.413447e-01 -1.000000e+00 -9.990070e+05 4.828345e-01 4.828345e-01 9.772499e-01 1.390883e+01 3.675926e+01 0.000000e+00 -1.000000e+00 1.586553e-01 0.000000e+00 1.877066e+01
1.855802e+01 -1.000000e+00 0.000000e+00 -1.000000e+00 -1.000000e+00 9.000000e+02 5.000000e-01 -1.000000e+00 -1.000000e+00 5.032999e+01 0.000000e+00 -1.000000e+00 0.000000e+00 2.275013e-02 1.900000e+03 2.589564e+01 0.000000e+00 -9.990070e+05 3.000000e+00 -1.000000e+00 1.021477e+00 -1.0 0.000000e+00 0.000000e+00 -1.000000e+00 8.413447e-01 -1.000000e+00 -9.990070e+05 4.821303e-01 4.821303e-01 9.772499e-01 1.380285e+01 3.650438e+01 0.000000e+00 -1.000000e+00 1.586553e-01 0.000000e+00 1.863473e+01
3.064727e+01 -1.000000e+00 0.000000e+00 -1.000000e+00 -1.000000e+00 2.500000e+02 5.000000e-01 -1.000000e+00 -1.000000e+00 8.326216e+01 0.000000e+00 -1.000000e+00 0.000000e+00 2.275013e-02 1.950000e+03 4.280807e+01 0.000000e+00 -9.990070e+05 3.000000e+00 -1.000000e+00 1.012890e+00 -1.0 0.000000e+00 0.000000e+00 -1.000000e+00 8.413447e-01 -1.000000e+00 -9.990070e+05 5.231760e-01 5.231760e-01 9.772499e-01 2.287846e+01 6.046348e+01 0.000000e+00 -1.000000e+00 1.586553e-01 0.000000e+00 3.076569e+01
2.538022e+01 -1.000000e+00 0.000000e+00 -1.000000e+00 -1.000000e+00 4.500000e+02 5.000000e-01 -1.000000e+00 -1.000000e+00 6.882575e+01 0.000000e+00 -1.000000e+00 0.000000e+00 2.275013e-02 1.950000e+03 3.542061e+01 0.000000e+00 -9.990070e+05 3.000000e+00 -1.000000e+00 1.015671e+00 -1.0 0.000000e+00 0.000000e+00 -1.000000e+00 8.413447e-01 -1.000000e+00 -9.990070e+05 5.089708e-01 5.089708e-01 9.772499e-01 1.888561e+01 4.994021e+01 0.000000e+00 -1.000000e+00 1.586553e-01 0.000000e+00 2.548225e+01
3.355736e+01 -1.000000e+00 0.000000e+00 -1.000000e+00 -1.000000e+00 5.000000e+01 5.000000e-01 -1.000000e+00 -1.000000e+00 9.136114e+01 0.000000e+00 -1.000000e+00 0.000000e+00 2.275013e-02 1.950000e+03 4.689403e+01 0.000000e+00 -9.990070e+05 3.000000e+00 -1.000000e+00 1.011719e+00 -1.0 0.000000e+00 0.000000e+00 -1.000000e+00 8.413447e-01 -1.000000e+00 -9.990070e+05 5.295420e-01 5.295420e-01 9.772499e-01 2.508745e+01 6.630460e+01 0.000000e+00 -1.000000e+00 1.586553e-01 0.000000e+00 3.369469e+01
2.382092e+01 -1.000000e+00 0.000000e+00 -1.000000e+00 -1.000000e+00 6.500000e+02 5.000000e-01 -1.000000e+00 -1.000000e+00 6.458692e+01 0.000000e+00 -1.000000e+00 0.000000e+00 2.275013e-02 1.950000e+03 3.323702e+01 0.000000e+00 -9.990070e+05 3.000000e+00 -1.000000e+00 1.016707e+00 -1.0 0.000000e+00 0.000000e+00 -1.000000e+00 8.413447e-01 -1.000000e+00 -9.990070e+05 5.039479e-01 5.039479e-01 9.772499e-01 1.772273e+01 4.685073e+01 0.000000e+00 -1.000000e+00 1.586553e-01 0.000000e+00 2.391965e+01
2.261142e+01 -1.000000e+00 0.000000e+00 -1.000000e+00 -1.000000e+00 8.500000e+02 5.000000e-01 -1.000000e+00 -1.000000e+00 6.128294e+01 0.000000e+00 -1.000000e+00 0.000000e+00 2.275013e-02 1.950000e+03 3.155374e+01 0.000000e+00 -9.990070e+05 3.000000e+00 -1.000000e+00 1.017616e+00 -1.0 0.000000e+00 0.000000e+00 -1.000000e+00 8.413447e-01 -1.000000e+00 -9.990070e+05 4.996334e-01 4.996334e-01 9.772499e-01 1.683083e+01 4.448204e+01 0.000000e+00 -1.000000e+00 1.586553e-01 0.000000e+00 2.270215e+01
4.395925e+01 -1.000000e+00 0.000000e+00 -1.000000e+00 -1.000000e+00 0.000000e+00 5.000000e-01 -1.000000e+00 -1.000000e+00 1.100000e+02 0.000000e+00 -1.000000e+00 0.000000e+00 2.275013e-02 2.000000e+03 6.125133e+01 0.000000e+00 -9.990070e+05 3.000000e+00 -1.000000e+00 1.008872e+00 -1.0 0.000000e+00 0.000000e+00 -1.000000e+00 8.413447e-01 -1.000000e+00 -9.990070e+05 5.463063e-01 5.463063e-01 9.772499e-01 3.274531e+01 8.644401e+01 0.000000e+00 -1.000000e+00 1.586553e-01 0.000000e+00 4.414677e+01
4.056791e+01 -1.000000e+00 0.000000e+00 -1.000000e+00 -1.000000e+00 2.000000e+02 5.000000e-01 -1.000000e+00 -1.000000e+00 1.097271e+02 0.000000e+00 -1.000000e+00 0.000000e+00 2.275013e-02 2.000000e+03 5.651115e+01 0.000000e+00 -9.990070e+05 3.000000e+00 -1.000000e+00 1.009644e+00 -1.0 0.000000e+00 0.000000e+00 -1.000000e+00 8.413447e-01 -1.000000e+00 -9.990070e+05 5.415472e-01 5.415472e-01 9.772499e-01 3.010580e+01 7.969675e+01 0.000000e+00 -1.000000e+00 1.586553e-01 0.000000e+00 4.073404e+01
3.512948e+01 -1.000000e+00 0.000000e+00 -1.000000e+00 -1.000000e+00 4.000000e+02 5.000000e-01 -1.000000e+00 -1.000000e+00 9.562185e+01 0.000000e+00 -1.000000e+00 0.000000e+00 2.275013e-02 2.000000e+03 4.906739e+01 0.000000e+00 -9.990070e+05 3.000000e+00 -1.000000e+00 1.011178e+00 -1.0 0.000000e+00 0.000000e+00 -1.000000e+00 8.413447e-01 -1.000000e+00 -9.990070e+05 5.325732e-01 5.325732e-01 9.772499e-01 2.627317e+01 6.936565e+01 0.000000e+00 -1.000000e+00 1.586553e-01 0.000000e+00 3.531261e+01
3.055489e+01 -1.000000e+00 0.000000e+00 -1.000000e+00 -1.000000e+00 6.000000e+02 5.000000e-01 -1.000000e+00 -1.000000e+00 8.289153e+01 0.000000e+00 -1.000000e+00 0.000000e+00 2.275013e-02 2.000000e+03 4.266667e+01 0.000000e+00 -9.990070e+05 3.000000e+00 -1.000000e+00 1.012918e+00 -1.0 0.000000e+00 0.000000e+00 -1.000000e+00 8.413447e-01 -1.000000e+00 -9.990070e+05 5.230276e-01 5.230276e-01 9.772499e-01 2.281876e+01 6.023399e+01 0.000000e+00 -1.000000e+00 1.586553e-01 0.000000e+00 3.067360e+01
2.941546e+01 -1.000000e+00 0.000000e+00 -1.000000e+00 -1.000000e+00 8.000000e+02 5.000000e-01 -1.000000e+00 -1.000000e+00 7.972708e+01 0.000000e+00 -1.000000e+00 0.000000e+00 2.275013e-02 2.000000e+03 4.106291e+01 0.000000e+00 -9.990070e+05 3.000000e+00 -1.000000e+00 1.013442e+00 -1.0 0.000000e+00 0.000000e+00 -1.000000e+00 8.413447e-01 -1.000000e+00 -9.990070e+05 5.202619e-01 5.202619e-01 9.772499e-01 2.194828e+01 5.793238e+01 0.000000e+00 -1.000000e+00 1.586553e-01 0.000000e+00 2.952930e+01
0.000000e+00 -1.000000e+00 4.000000e+03 -1.000000e+00 -1.000000e+00 0.000000e+00 1.965625e-01 -1.000000e+00 -1.000000e+00 3.969688e+03 0.000000e+00 -1.000000e+00 1.000000e+00 1.042822e-03 2.000000e+02 3.969688e+03 1.000000e+00 -9.990070e+05 2.000000e+00 -1.000000e+00 3.417393e-01 -1.0 0.000000e+00 0.000000e+00 -1.000000e+00 6.586442e-01 -1.000000e+00 -9.990070e+05 1.502995e-01 1.502995e-01 9.485337e-01 0.000000e+00 3.969688e+03 0.000000e+00 -1.000000e+00 2.264118e-02 1.000000e+00 4.789223e+03
-1.000000e+00 -1.000000e+00 0.000000e+00 -1.000000e+00 -1.000000e+00 1.870000e+02 1.175655e-01 -1.000000e+00 -1.000000e+00 -1.000000e+00 0.000000e+00 -1.000000e+00 0.000000e+00 3.668216e-04 2.120000e+02 -1.000000e+00 0.000000e+00 -9.990070e+05 3.000000e+00 -1.000000e+00 1.874377e-01 -1.0 0.000000e+00 0.000000e+00 -1.000000e+00 5.345747e-01 -1.000000e+00 -9.990070e+05 7.972502e-02 7.972502e-02 9.231338e-01 -1.000000e+00 -1.000000e+00 0.000000e+00 -1.000000e+00 1.037887e-02 0.000000e+00 -1.000000e+00
3.050125e+10 -1.000000e+00 4.000000e+03 -1.000000e+00 -1.000000e+00 1.750000e+02 3.159855e-01 -1.000000e+00 -1.000000e+00 3.050125e+10 0.000000e+00 -1.000000e+00 1.000000e+00 3.303408e-03 2.250000e+02 3.050125e+10 1.000000e+00 -9.990070e+05 2.000000e+00 -1.000000e+00 5.966525e-01 -1.0 0.000000e+00 0.000000e+00 -1.000000e+00 7.572670e-01 -1.000000e+00 -9.990070e+05 2.733493e-01 2.733493e-01 9.647214e-01 3.050125e+10 3.050125e+10 0.000000e+00 -1.000000e+00 5.175071e-02 1.000000e+00 3.069749e+10
2.400022e-01 -1.000000e+00 0.000000e+00 -1.000000e+00 -1.000000e+00 0.000000e+00 5.373166e-04 -1.000000e+00 -1.000000e+00 1.121373e+00 0.000000e+00 -1.000000e+00 0.000000e+00 4.723183e-08 4.000000e+02 3.706915e-01 0.000000e+00 -9.990070e+05 3.000000e+00 -1.000000e+00 2.368112e-04 -1.0 0.000000e+00 0.000000e+00 -1.000000e+00 1.383849e-02 -1.000000e+00 -9.990070e+05 7.253313e-05 7.253313e-05 1.438957e-01 1.668836e-01 6.231877e-01 0.000000e+00 -1.000000e+00 8.141508e-06 0.000000e+00 2.887325e-01
1.721349e-01 -1.000000e+00 0.000000e+00 -1.000000e+00 -1.000000e+00 3.870000e+02 3.956555e-05 -1.000000e+00 -1.000000e+00 7.739765e-01 0.000000e+00 -1.000000e+00 0.000000e+00 9.962981e-10 4.120000e+02 2.644716e-01 0.000000e+00 -9.990070e+05 3.000000e+00 -1.000000e+00 1.306707e-05 -1.0 0.000000e+00 0.000000e+00 -1.000000e+00 1.870860e-03 -1.000000e+00 -9.990070e+05 4.033250e-06 4.033250e-06 3.485817e-02 1.209339e-01 4.434770e-01 0.000000e+00 -1.000000e+00 3.221552e-07 0.000000e+00 2.040608e-01
2.832374e-01 -1.000000e+00 0.000000e+00 -1.000000e+00 -1.000000e+00 3.750000e+02 2.407783e-03 -1.000000e+00 -1.000000e+00 1.480433e+00 0.000000e+00 -1.000000e+00 0.000000e+00 4.786080e-07 4.250000e+02 4.575156e-01 0.000000e+00 -9.990070e+05 3.000000e+00 -1.000000e+00 1.354578e-03 -1.0 0.000000e+00 0.000000e+00 -1.000000e+00 4.188140e-02 -1.000000e+00 -9.990070e+05 4.221834e-04 4.221834e-04 3.006075e-01 1.995027e-01 8.036994e-01 0.000000e+00 -1.000000e+00 5.467306e-05 0.000000e+00 3.492979e-01
3.849720e-01 -1.000000e+00 4.000000e+03 -1.000000e+00 -1.000000e+00 4.500000e+02 2.145025e-03 -1.000000e+00 -1.000000e+00 1.259285e+00 0.000000e+00 -1.000000e+00 1.000000e+00 3.991107e-07 5.500000e+02 5.603035e-01 1.000000e+00 -9.990070e+05 3.000000e+00 -1.000000e+00 6.035651e-04 -1.0 0.000000e+00 0.000000e+00 -1.000000e+00 3.851025e-02 -1.000000e+00 -9.990070e+05 1.382673e-04 1.382673e-04 2.847525e-01 2.819072e-01 8.417697e-01 0.000000e+00 -1.000000e+00 4.713812e-05 0.000000e+00 4.112806e-01
8.155248e-02 -1.000000e+00 4.000000e+03 -1.000000e+00 -1.000000e+00 0.000000e+00 1.513448e-18 -1.000000e+00 -1.000000e+00 2.368057e-01 0.000000e+00 -1.000000e+00 1.000000e+00 3.893962e-27 6.000000e+02 1.156687e-01 1.000000e+00 -9.990070e+05 3.000000e+00 -1.000000e+00 3.059260e-20 -1.0 0.000000e+00 0.000000e+00 -1.000000e+00 6.771979e-15 -1.000000e+00 -9.990070e+05 8.792258e-21 8.792258e-21 1.131743e-11 6.056917e-02 1.669742e-01 0.000000e+00 -1.000000e+00 1.259452e-22 0.000000e+00 8.535546e-02
3.100872e-01 -1.000000e+00 0.000000e+00 -1.000000e+00 -1.000000e+00 5.870000e+02 5.081746e-05 -1.000000e+00 -1.000000e+00 8.715378e-01 0.000000e+00 -1.000000e+00 0.000000e+00 1.432049e-09 6.120000e+02 4.349011e-01 0.000000e+00 -9.990070e+05 3.000000e+00 -1.000000e+00 5.503320e-06 -1.0 0.000000e+00 0.000000e+00 -1.000000e+00 2.274469e-03 -1.000000e+00 -9.990070e+05 1.145204e-06 1.145204e-06 4.018568e-02 2.293194e-01 6.218924e-01 0.000000e+00 -1.000000e+00 4.375852e-07 0.000000e+00 3.186589e-01
3.968950e-01 -1.000000e+00 0.000000e+00 -1.000000e+00 -1.000000e+00 5.750000e+02 9.057841e-04 -1.000000e+00 -1.000000e+00 1.100871e+00 0.000000e+00 -1.000000e+00 0.000000e+00 1.047613e-07 6.250000e+02 5.551915e-01 0.000000e+00 -9.990070e+05 3.000000e+00 -1.000000e+00 1.472135e-04 -1.0 0.000000e+00 0.000000e+00 -1.000000e+00 2.043491e-02 -1.000000e+00 -9.990070e+05 2.837211e-05 2.837211e-05 1.874039e-01 2.934438e-01 7.904420e-01 0.000000e+00 -1.000000e+00 1.572603e-05 0.000000e+00 4.056898e-01
9.214219e-01 -1.000000e+00 0.000000e+00 -1.000000e+00 -1.000000e+00 5.500000e+02 1.511699e-01 -1.000000e+00 -1.000000e+00 2.730056e+00 0.000000e+00 -1.000000e+00 0.000000e+00 6.031234e-04 6.500000e+02 1.309102e+00 0.000000e+00 -9.990070e+05 3.000000e+00 -1.000000e+00 1.043578e-01 -1.0 0.000000e+00 0.000000e+00 -1.000000e+00 5.968955e-01 -1.000000e+00 -9.990070e+05 1.854981e-02 1.854981e-02 9.368720e-01 6.841609e-01 1.902283e+00 0.000000e+00 -1.000000e+00 1.508097e-02 0.000000e+00 9.417890e-01
6.529717e-01 -1.000000e+00 0.000000e+00 -1.000000e+00 -1.000000e+00 5.000000e+02 4.071067e-02 -1.000000e+00 -1.000000e+00 1.879511e+00 0.000000e+00 -1.000000e+00 0.000000e+00 5.200880e-05 7.000000e+02 9.193415e-01 0.000000e+00 -9.990070e+05 3.000000e+00 -1.000000e+00 1.716892e-02 -1.0 0.000000e+00 0.000000e+00 -1.000000e+00 2.935137e-01 -1.000000e+00 -9.990070e+05 3.116447e-03 3.116447e-03 8.216936e-01 4.859280e-01 1.320978e+00 0.000000e+00 -1.000000e+00 2.315902e-03 0.000000e+00 6.663496e-01
5.736278e-01 -1.000000e+00 0.000000e+00 -1.000000e+00 -1.000000e+00 6.870000e+02 1.857230e-02 -1.000000e+00 -1.000000e+00 1.570498e+00 0.000000e+00 -1.000000e+00 0.000000e+00 1.336738e-05 7.120000e+02 8.011998e-01 0.000000e+00 -9.990070e+05 3.000000e+00 -1.000000e+00 5.817680e-03 -1.0 0.000000e+00 0.000000e+00 -1.000000e+00 1.755980e-01 -1.000000e+00 -9.990070e+05 1.026090e-03 1.026090e-03 6.854614e-01 4.248942e-01 1.133713e+00 0.000000e+00 -1.000000e+00 7.965145e-04 0.000000e+00 5.804885e-01
7.981715e-01 -1.000000e+00 0.000000e+00 -1.000000e+00 -1.000000e+00 6.750000e+02 9.460641e-02 -1.000000e+00 -1.000000e+00 2.164473e+00 0.000000e+00 -1.000000e+00 0.000000e+00 2.420360e-04 7.250000e+02 1.112935e+00 0.000000e+00 -9.990070e+05 3.000000e+00 -1.000000e+00 4.957740e-02 -1.0 0.000000e+00 0.000000e+00 -1.000000e+00 4.801746e-01 -1.000000e+00 -9.990070e+05 8.184051e-03 8.184051e-03 9.087292e-01 5.929199e-01 1.569061e+00 0.000000e+00 -1.000000e+00 7.572232e-03 0.000000e+00 8.019734e-01
4.735633e-01 -1.000000e+00 4.000000e+03 -1.000000e+00 -1.000000e+00 4.500000e+02 4.865168e-03 -1.000000e+00 -1.000000e+00 1.316791e+00 0.000000e+00 -1.000000e+00 1.000000e+00 1.465907e-06 7.500000e+02 6.624456e-01 1.000000e+00 -9.990070e+05 3.000000e+00 -1.000000e+00 1.066709e-03 -1.0 0.000000e+00 0.000000e+00 -1.000000e+00 6.939559e-02 -1.000000e+00 -9.990070e+05 1.928431e-04 1.928431e-04 4.131268e-01 3.501337e-01 9.435029e-01 0.000000e+00 -1.000000e+00 1.357269e-04 0.000000e+00 4.775007e-01
1.165352e+00 -1.000000e+00 0.000000e+00 -1.000000e+00 -1.000000e+00 6.500000e+02 2.614418e-01 -1.000000e+00 -1.000000e+00 3.185512e+00 0.000000e+00 -1.000000e+00 0.000000e+00 2.005113e-03 7.500000e+02 1.626195e+00 0.000000e+00 -9.990070e+05 3.000000e+00 -1.000000e+00 2.337321e-01 -1.0 0.000000e+00 0.000000e+00 -1.000000e+00 7.199273e-01 -1.000000e+00 -9.990070e+05 3.821833e-02 3.821833e-02 9.588499e-01 8.631881e-01 2.301845e+00 0.000000e+00 -1.000000e+00 3.641749e-02 0.000000e+00 1.174058e+00
1.073979e-01 -1.000000e+00 0.000000e+00 -1.000000e+00 -1.000000e+00 0.000000e+00 5.773039e-17 -1.000000e+00 -1.000000e+00 2.939592e-01 0.000000e+00 -1.000000e+00 0.000000e+00 3.403399e-25 8.000000e+02 1.499514e-01 0.000000e+00 -9.990070e+05 3.000000e+00 -1.000000e+00 9.295615e-19 -1.0 0.000000e+00 0.000000e+00 -1.000000e+00 1.709216e-13 -1.000000e+00 -9.990070e+05 2.489391e-19 2.489391e-19 1.893108e-10 7.953907e-02 2.122276e-01 0.000000e+00 -1.000000e+00 7.269018e-21 0.000000e+00 1.087465e-01
1.200040e+00 -1.000000e+00 0.000000e+00 -1.000000e+00 -1.000000e+00 6.000000e+02 2.736113e-01 -1.000000e+00 -1.000000e+00 3.441803e+00 0.000000e+00 -1.000000e+00 0.000000e+00 2.246172e-03 8.000000e+02 1.690895e+00 0.000000e+00 -9.990070e+05 3.000000e+00 -1.000000e+00 2.562988e-01 -1.0 0.000000e+00 0.000000e+00 -1.000000e+00 7.291198e-01 -1.000000e+00 -9.990070e+05 4.276893e-02 4.276893e-02 9.603194e-01 8.918309e-01 2.434539e+00 0.000000e+00 -1.000000e+00 3.949005e-02 0.000000e+00 1.218206e+00
1.077900e+00 -1.000000e+00 0.000000e+00 -1.000000e+00 -1.000000e+00 7.870000e+02 2.253934e-01 -1.000000e+00 -1.000000e+00 2.916217e+00 0.000000e+00 -1.000000e+00 0.000000e+00 1.412376e-03 8.120000e+02 1.502206e+00 0.000000e+00 -9.990070e+05 3.000000e+00 -1.000000e+00 1.808283e-01 -1.0 0.000000e+00 0.000000e+00 -1.000000e+00 6.888508e-01 -1.000000e+00 -9.990070e+05 2.932670e-02 2.932670e-02 9.537432e-01 8.008802e-01 2.116839e+00 0.000000e+00 -1.000000e+00 2.827343e-02 0.000000e+00 1.083085e+00
1.334846e+00 -1.000000e+00 0.000000e+00 -1.000000e+00 -1.000000e+00 7.750000e+02 3.220589e-01 -1.000000e+00 -1.000000e+00 3.613138e+00 0.000000e+00 -1.000000e+00 0.000000e+00 3.489392e-03 8.250000e+02 1.861542e+00 0.000000e+00 -9.990070e+05 3.000000e+00 -1.000000e+00 3.423530e-01 -1.0 0.000000e+00 0.000000e+00 -1.000000e+00 7.608914e-01 -1.000000e+00 -9.990070e+05 5.552322e-02 5.552322e-02 9.652787e-01 9.926069e-01 2.621600e+00 0.000000e+00 -1.000000e+00 5.373745e-02 0.000000e+00 1.340586e+00
7.887960e-01 -1.000000e+00 0.000000e+00 -1.000000e+00 -1.000000e+00 5.500000e+02 9.049242e-02 -1.000000e+00 -1.000000e+00 2.171619e+00 0.000000e+00 -1.000000e+00 0.000000e+00 2.225731e-04 8.500000e+02 1.101138e+00 0.000000e+00 -9.990070e+05 3.000000e+00 -1.000000e+00 4.726703e-02 -1.0 0.000000e+00 0.000000e+00 -1.000000e+00 4.691580e-01 -1.000000e+00 -9.990070e+05 7.928057e-03 7.928057e-03 9.054484e-01 5.832319e-01 1.563059e+00 0.000000e+00 -1.000000e+00 7.103836e-03 0.000000e+00 7.946402e-01
2.130610e+00 -1.000000e+00 0.000000e+00 -1.000000e+00 -1.000000e+00 7.500000e+02 4.515203e-01 -1.000000e+00 -1.000000e+00 6.088667e+00 0.000000e+00 -1.000000e+00 0.000000e+00 1.237044e-02 8.500000e+02 2.999390e+00 0.000000e+00 -9.990070e+05 3.000000e+00 -1.000000e+00 7.600796e-01 -1.0 0.000000e+00 0.000000e+00 -1.000000e+00 8.228551e-01 -1.000000e+00 -9.990070e+05 1.376058e-01 1.376058e-01 9.745523e-01 1.581307e+00 4.313021e+00 0.000000e+00 -1.000000e+00 1.179143e-01 0.000000e+00 2.150549e+00
4.252770e-01 -1.000000e+00 4.000000e+03 -1.000000e+00 -1.000000e+00 5.000000e+02 1.555951e-03 -1.000000e+00 -1.000000e+00 1.153019e+00 0.000000e+00 -1.000000e+00 1.000000e+00 2.416753e-07 9.000000e+02 5.928842e-01 1.000000e+00 -9.990070e+05 3.000000e+00 -1.000000e+00 2.509759e-04 -1.0 0.000000e+00 0.000000e+00 -1.000000e+00 3.046122e-02 -1.000000e+00 -9.990070e+05 4.518831e-05 4.518831e-05 2.443512e-01 3.164066e-01 8.352873e-01 0.000000e+00 -1.000000e+00 3.126645e-05 0.000000e+00 4.276041e-01
2.060060e+00 -1.000000e+00 0.000000e+00 -1.000000e+00 -1.000000e+00 7.000000e+02 4.464019e-01 -1.000000e+00 -1.000000e+00 5.717777e+00 0.000000e+00 -1.000000e+00 0.000000e+00 1.167637e-02 9.000000e+02 2.879355e+00 0.000000e+00 -9.990070e+05 3.000000e+00 -1.000000e+00 7.366602e-01 -1.0 0.000000e+00 0.000000e+00 -1.000000e+00 8.207980e-01 -1.000000e+00 -9.990070e+05 1.317851e-01 1.317851e-01 9.742506e-01 1.523536e+00 4.097917e+00 0.000000e+00 -1.000000e+00 1.142914e-01 0.000000e+00 2.076982e+00
2.731574e+00 -1.000000e+00 0.000000e+00 -1.000000e+00 -1.000000e+00 8.870000e+02 4.837494e-01 -1.000000e+00 -1.000000e+00 7.777938e+00 0.000000e+00 -1.000000e+00 0.000000e+00 1.828808e-02 9.120000e+02 3.838326e+00 0.000000e+00 -9.990070e+05 3.000000e+00 -1.000000e+00 9.194699e-01 -1.0 0.000000e+00 0.000000e+00 -1.000000e+00 8.353291e-01 -1.000000e+00 -9.990070e+05 1.892047e-01 1.892047e-01 9.763748e-01 2.027061e+00 5.517553e+00 0.000000e+00 -1.000000e+00 1.436167e-01 0.000000e+00 2.765451e+00
2.922490e+00 -1.000000e+00 0.000000e+00 -1.000000e+00 -1.000000e+00 8.750000e+02 4.898636e-01 -1.000000e+00 -1.000000e+00 8.100117e+00 0.000000e+00 -1.000000e+00 0.000000e+00 1.981721e-02 9.250000e+02 4.086930e+00 0.000000e+00 -9.990070e+05 3.000000e+00 -1.000000e+00 9.503531e-01 -1.0 0.000000e+00 0.000000e+00 -1.000000e+00 8.376120e-01 -1.000000e+00 -9.990070e+05 2.027479e-01 2.027479e-01 9.767071e-01 2.160118e+00 5.814374e+00 0.000000e+00 -1.000000e+00 1.491015e-01 0.000000e+00 2.944567e+00
2.586196e-01 -1.000000e+00 4.000000e+03 -1.000000e+00 -1.000000e+00 4.500000e+02 1.204557e-06 -1.000000e+00 -1.000000e+00 7.033247e-01 0.000000e+00 -1.000000e+00 1.000000e+00 7.136912e-12 9.500000e+02 3.605402e-01 1.000000e+00 -9.990070e+05 3.000000e+00 -1.000000e+00 6.681172e-08 -1.0 0.000000e+00 0.000000e+00 -1.000000e+00 1.157833e-04 -1.000000e+00 -9.990070e+05 1.373721e-08 1.373721e-08 4.305220e-03 1.921699e-01 5.086817e-01 0.000000e+00 -1.000000e+00 4.773356e-09 0.000000e+00 2.601205e-01
1.449197e+00 -1.000000e+00 0.000000e+00 -1.000000e+00 -1.000000e+00 6.500000e+02 3.535942e-01 -1.000000e+00 -1.000000e+00 3.954870e+00 0.000000e+00 -1.000000e+00 0.000000e+00 4.644577e-03 9.500000e+02 2.020157e+00 0.000000e+00 -9.990070e+05 3.000000e+00 -1.000000e+00 4.166573e-01 -1.0 0.000000e+00 0.000000e+00 -1.000000e+00 7.784001e-01 -1.000000e+00 -9.990070e+05 6.834644e-02 6.834644e-02 9.679444e-01 1.076810e+00 2.852036e+00 0.000000e+00 -1.000000e+00 6.517747e-02 0.000000e+00 1.458020e+00
4.579155e+00 -1.000000e+00 0.000000e+00 -1.000000e+00 -1.000000e+00 8.500000e+02 5.000000e-01 -1.000000e+00 -1.000000e+00 1.247384e+01 0.000000e+00 -1.000000e+00 0.000000e+00 2.275013e-02 9.500000e+02 6.391040e+00 0.000000e+00 -9.990070e+05 3.000000e+00 -1.000000e+00 1.042214e+00 -1.0 0.000000e+00 0.000000e+00 -1.000000e+00 8.413447e-01 -1.000000e+00 -9.990070e+05 2.914207e-01 2.914207e-01 9.772499e-01 3.398716e+00 9.022987e+00 0.000000e+00 -1.000000e+00 1.586553e-01 0.000000e+00 4.603086e+00
