-1.000000e+00 -1.000000e+00 0.000000e+00 -1.000000e+00 -1.000000e+00 0.000000e+00 1.266779e-04 -1.000000e+00 0.000000e+00 -1.000000e+00 0.000000e+00 -1.000000e+00 -1.000000e+00 1.197693e-07 1.600000e+03 -1.000000e+00 0.000000e+00 -9.990070e+05 3.000000e+00 -1.000000e+00 -1.000000e+00 4.242101e-06 0.000000e+00 0.000000e+00 -1.000000e+00 2.401807e-03 -1.000000e+00 -9.990070e+05 2.401807e-03 2.741922e-03 3.419186e-02 -1.000000e+00 -1.000000e+00 0.000000e+00 -1.000000e+00 112 0.000000e+00 2.844230e-03
-1.000000e+00 -1.000000e+00 0.000000e+00 -1.000000e+00 -1.000000e+00 6.000000e+02 2.921444e-01 -1.000000e+00 0.000000e+00 -1.000000e+00 0.000000e+00 -1.000000e+00 -1.000000e+00 4.972327e-02 2.000000e+03 -1.000000e+00 0.000000e+00 -9.990070e+05 3.000000e+00 -1.000000e+00 -1.000000e+00 1.261571e-01 0.000000e+00 0.000000e+00 -1.000000e+00 0.500000e+00 -1.000000e+00 -9.990070e+05 0.000000e+00 5.689642e-01 8.473486e-01 -1.000000e+00 -1.000000e+00 0.000000e+00 -1.000000e+00 9 0.000000e+00 0.000000e+00
-1.000000e+00 -1.000000e+00 0.000000e+00 -1.000000e+00 -1.000000e+00 4.500000e+02 2.576669e-21 -1.000000e+00 0.000000e+00 -1.000000e+00 0.000000e+00 -1.000000e+00 -1.000000e+00 3.713270e-29 1.150000e+03 -1.000000e+00 0.000000e+00 -9.990070e+05 3.000000e+00 -1.000000e+00 -1.000000e+00 3.413443e-25 0.000000e+00 0.000000e+00 -1.000000e+00 2.484001e-17 -1.000000e+00 -9.990070e+05 2.484001e-17 1.354259e-17 3.842766e-14 -1.000000e+00 -1.000000e+00 0.000000e+00 -1.000000e+00 115 0.000000e+00 2.880331e-17
-1.000000e+00 -1.000000e+00 0.000000e+00 -1.000000e+00 -1.000000e+00 7.000000e+02 1.053383e-05 -1.000000e+00 0.000000e+00 -1.000000e+00 0.000000e+00 -1.000000e+00 -1.000000e+00 3.285043e-09 1.300000e+03 -1.000000e+00 0.000000e+00 -9.990070e+05 3.000000e+00 -1.000000e+00 -1.000000e+00 2.032029e-07 0.000000e+00 0.000000e+00 -1.000000e+00 1.011008e-03 -1.000000e+00 -9.990070e+05 1.011008e-03 3.918889e-04 8.253786e-03 -1.000000e+00 -1.000000e+00 0.000000e+00 -1.000000e+00 115 0.000000e+00 1.115404e-03
-1.000000e+00 -1.000000e+00 0.000000e+00 -1.000000e+00 -1.000000e+00 1.000000e+02 1.954932e-01 -1.000000e+00 0.000000e+00 -1.000000e+00 0.000000e+00 -1.000000e+00 -1.000000e+00 2.166963e-02 1.900000e+03 -1.000000e+00 0.000000e+00 -9.990070e+05 3.000000e+00 -1.000000e+00 -1.000000e+00 6.858224e-02 0.000000e+00 0.000000e+00 -1.000000e+00 4.880730e-01 -1.000000e+00 -9.990070e+05 4.880730e-01 4.566361e-01 7.774376e-01 -1.000000e+00 -1.000000e+00 0.000000e+00 -1.000000e+00 112 0.000000e+00 5.441217e-01
-1.000000e+00 -1.000000e+00 0.000000e+00 -1.000000e+00 -1.000000e+00 5.000000e+01 1.830588e-28 -1.000000e+00 0.000000e+00 -1.000000e+00 0.000000e+00 -1.000000e+00 -1.000000e+00 1.129413e-37 1.150000e+03 -1.000000e+00 0.000000e+00 -9.990070e+05 3.000000e+00 -1.000000e+00 -1.000000e+00 5.022890e-33 0.000000e+00 0.000000e+00 -1.000000e+00 6.601553e-24 -1.000000e+00 -9.990070e+05 6.601553e-24 4.632767e-24 6.307209e-20 -1.000000e+00 -1.000000e+00 0.000000e+00 -1.000000e+00 115 0.000000e+00 7.733830e-24
-1.000000e+00 -1.000000e+00 0.000000e+00 -1.000000e+00 -1.000000e+00 5.000000e+02 1.709828e-10 -1.000000e+00 0.000000e+00 -1.000000e+00 0.000000e+00 -1.000000e+00 -1.000000e+00 1.111338e-15 7.000000e+02 -1.000000e+00 0.000000e+00 -9.990070e+05 3.000000e+00 -1.000000e+00 -1.000000e+00 4.791183e-13 0.000000e+00 0.000000e+00 -1.000000e+00 1.338005e-10 -1.000000e+00 -9.990070e+05 1.338005e-10 4.296426e-08 5.924198e-06 -1.000000e+00 -1.000000e+00 0.000000e+00 -1.000000e+00 111 0.000000e+00 2.536672e-10
-1.000000e+00 -1.000000e+00 0.000000e+00 -1.000000e+00 -1.000000e+00 7.500000e+02 3.795432e-03 -1.000000e+00 0.000000e+00 -1.000000e+00 0.000000e+00 -1.000000e+00 -1.000000e+00 2.164053e-05 1.050000e+03 -1.000000e+00 0.000000e+00 -9.990070e+05 3.000000e+00 -1.000000e+00 -1.000000e+00 3.098787e-04 0.000000e+00 0.000000e+00 -1.000000e+00 1.886232e-03 -1.000000e+00 -9.990070e+05 1.886232e-03 3.454861e-02 1.897965e-01 -1.000000e+00 -1.000000e+00 0.000000e+00 -1.000000e+00 117 0.000000e+00 3.778206e-03
-1.000000e+00 -1.000000e+00 0.000000e+00 -1.000000e+00 -1.000000e+00 5.000000e+02 5.533986e-21 -1.000000e+00 0.000000e+00 -1.000000e+00 0.000000e+00 -1.000000e+00 -1.000000e+00 9.347724e-29 9.000000e+02 -1.000000e+00 0.000000e+00 -9.990070e+05 3.000000e+00 -1.000000e+00 -1.000000e+00 7.936504e-25 0.000000e+00 0.000000e+00 -1.000000e+00 2.752891e-21 -1.000000e+00 -9.990070e+05 2.752891e-21 2.687185e-17 7.046223e-14 -1.000000e+00 -1.000000e+00 0.000000e+00 -1.000000e+00 117 0.000000e+00 5.508144e-21
-1.000000e+00 -1.000000e+00 0.000000e+00 -1.000000e+00 -1.000000e+00 6.000000e+02 1.361641e-02 -1.000000e+00 0.000000e+00 -1.000000e+00 0.000000e+00 -1.000000e+00 -1.000000e+00 1.741530e-04 1.600000e+03 -1.000000e+00 0.000000e+00 -9.990070e+05 3.000000e+00 -1.000000e+00 -1.000000e+00 1.657234e-03 0.000000e+00 0.000000e+00 -1.000000e+00 0.500000e+00 -1.000000e+00 -9.990070e+05 0.000000e+00 8.457553e-02 3.276222e-01 -1.000000e+00 -1.000000e+00 0.000000e+00 -1.000000e+00 4 0.000000e+00 0.000000e+00
-1.000000e+00 -1.000000e+00 0.000000e+00 -1.000000e+00 -1.000000e+00 8.500000e+02 4.205192e-01 -1.000000e+00 0.000000e+00 -1.000000e+00 0.000000e+00 -1.000000e+00 -1.000000e+00 1.104067e-01 1.950000e+03 -1.000000e+00 0.000000e+00 -9.990070e+05 3.000000e+00 -1.000000e+00 -1.000000e+00 2.237342e-01 0.000000e+00 0.000000e+00 -1.000000e+00 0.500000e+00 -1.000000e+00 -9.990070e+05 0.000000e+00 6.859253e-01 9.044306e-01 -1.000000e+00 -1.000000e+00 0.000000e+00 -1.000000e+00 9 0.000000e+00 0.000000e+00
-1.000000e+00 -1.000000e+00 0.000000e+00 -1.000000e+00 -1.000000e+00 9.000000e+02 1.650852e-01 -1.000000e+00 0.000000e+00 -1.000000e+00 0.000000e+00 -1.000000e+00 -1.000000e+00 1.546376e-02 1.100000e+03 -1.000000e+00 0.000000e+00 -9.990070e+05 3.000000e+00 -1.000000e+00 -1.000000e+00 5.336252e-02 0.000000e+00 0.000000e+00 -1.000000e+00 0.500000e+00 -1.000000e+00 -9.990070e+05 0.000000e+00 4.147467e-01 7.466614e-01 -1.000000e+00 -1.000000e+00 0.000000e+00 -1.000000e+00 5 0.000000e+00 0.000000e+00
-1.000000e+00 -1.000000e+00 0.000000e+00 -1.000000e+00 -1.000000e+00 0.000000e+00 2.175115e-02 -1.000000e+00 0.000000e+00 -1.000000e+00 0.000000e+00 -1.000000e+00 -1.000000e+00 3.844837e-04 1.800000e+03 -1.000000e+00 0.000000e+00 -9.990070e+05 3.000000e+00 -1.000000e+00 -1.000000e+00 3.105219e-03 0.000000e+00 0.000000e+00 -1.000000e+00 0.500000e+00 -1.000000e+00 -9.990070e+05 0.000000e+00 1.161407e-01 3.930592e-01 -1.000000e+00 -1.000000e+00 0.000000e+00 -1.000000e+00 9 0.000000e+00 0.000000e+00
-1.000000e+00 -1.000000e+00 0.000000e+00 -1.000000e+00 -1.000000e+00 5.500000e+02 1.166100e-11 -1.000000e+00 0.000000e+00 -1.000000e+00 0.000000e+00 -1.000000e+00 -1.000000e+00 3.456479e-17 1.250000e+03 -1.000000e+00 0.000000e+00 -9.990070e+05 3.000000e+00 -1.000000e+00 -1.000000e+00 2.208319e-14 0.000000e+00 0.000000e+00 -1.000000e+00 0.500000e+00 -1.000000e+00 -9.990070e+05 0.000000e+00 4.325995e-09 8.776731e-07 -1.000000e+00 -1.000000e+00 0.000000e+00 -1.000000e+00 1 0.000000e+00 0.000000e+00
-1.000000e+00 -1.000000e+00 4.000000e+03 -1.000000e+00 -1.000000e+00 7.500000e+01 3.812653e-01 -1.000000e+00 1.000000e+00 -1.000000e+00 0.000000e+00 -1.000000e+00 -1.000000e+00 8.863733e-02 1.250000e+02 -1.000000e+00 1.000000e+00 -9.990070e+05 3.000000e+00 -1.000000e+00 -1.000000e+00 1.913417e-01 0.000000e+00 0.000000e+00 -1.000000e+00 2.379555e-01 -1.000000e+00 -9.990070e+05 2.379555e-01 6.531373e-01 8.898290e-01 -1.000000e+00 -1.000000e+00 0.000000e+00 -1.000000e+00 117 0.000000e+00 4.214496e-01
-1.000000e+00 -1.000000e+00 0.000000e+00 -1.000000e+00 -1.000000e+00 8.000000e+02 1.095916e-01 -1.000000e+00 0.000000e+00 -1.000000e+00 0.000000e+00 -1.000000e+00 -1.000000e+00 6.992895e-03 1.000000e+03 -1.000000e+00 0.000000e+00 -9.990070e+05 3.000000e+00 -1.000000e+00 -1.000000e+00 2.937665e-02 0.000000e+00 0.000000e+00 -1.000000e+00 6.418881e-02 -1.000000e+00 -9.990070e+05 6.418881e-02 3.259575e-01 6.706679e-01 -1.000000e+00 -1.000000e+00 0.000000e+00 -1.000000e+00 108 0.000000e+00 1.207276e-01
-1.000000e+00 -1.000000e+00 0.000000e+00 -1.000000e+00 -1.000000e+00 5.750000e+02 2.676113e-11 -1.000000e+00 0.000000e+00 -1.000000e+00 0.000000e+00 -1.000000e+00 -1.000000e+00 1.006593e-16 6.250000e+02 -1.000000e+00 0.000000e+00 -9.990070e+05 3.000000e+00 -1.000000e+00 -1.000000e+00 5.707685e-14 0.000000e+00 0.000000e+00 -1.000000e+00 0.500000e+00 -1.000000e+00 -9.990070e+05 0.000000e+00 8.820707e-09 1.591541e-06 -1.000000e+00 -1.000000e+00 0.000000e+00 -1.000000e+00 14 0.000000e+00 0.000000e+00
-1.000000e+00 -1.000000e+00 0.000000e+00 -1.000000e+00 -1.000000e+00 4.000000e+02 1.857479e-03 -1.000000e+00 0.000000e+00 -1.000000e+00 0.000000e+00 -1.000000e+00 -1.000000e+00 7.001289e-06 1.600000e+03 -1.000000e+00 0.000000e+00 -9.990070e+05 3.000000e+00 -1.000000e+00 -1.000000e+00 1.235508e-04 0.000000e+00 0.000000e+00 -1.000000e+00 0.500000e+00 -1.000000e+00 -9.990070e+05 0.000000e+00 2.060749e-02 1.361401e-01 -1.000000e+00 -1.000000e+00 0.000000e+00 -1.000000e+00 9 0.000000e+00 0.000000e+00
-1.000000e+00 -1.000000e+00 0.000000e+00 -1.000000e+00 -1.000000e+00 8.000000e+02 2.623419e-01 -1.000000e+00 0.000000e+00 -1.000000e+00 0.000000e+00 -1.000000e+00 -1.000000e+00 3.962960e-02 1.800000e+03 -1.000000e+00 0.000000e+00 -9.990070e+05 3.000000e+00 -1.000000e+00 -1.000000e+00 1.069378e-01 1.000000e+00 0.000000e+00 -1.000000e+00 5.000000e-01 -1.000000e+00 -9.990070e+05 5.000000e-01 5.371113e-01 8.291981e-01 -1.000000e+00 -1.000000e+00 0.000000e+00 -1.000000e+00 114 0.000000e+00 5.754872e-01
-1.000000e+00 -1.000000e+00 0.000000e+00 -1.000000e+00 -1.000000e+00 4.000000e+02 2.598594e-01 -1.000000e+00 0.000000e+00 -1.000000e+00 0.000000e+00 -1.000000e+00 -1.000000e+00 3.884945e-02 2.000000e+03 -1.000000e+00 0.000000e+00 -9.990070e+05 3.000000e+00 -1.000000e+00 -1.000000e+00 1.053954e-01 0.000000e+00 0.000000e+00 -1.000000e+00 0.500000e+00 -1.000000e+00 -9.990070e+05 0.000000e+00 5.343583e-01 8.275712e-01 -1.000000e+00 -1.000000e+00 0.000000e+00 -1.000000e+00 9 0.000000e+00 0.000000e+00
-1.000000e+00 -1.000000e+00 0.000000e+00 -1.000000e+00 -1.000000e+00 6.000000e+02 2.230766e-07 -1.000000e+00 0.000000e+00 -1.000000e+00 0.000000e+00 -1.000000e+00 -1.000000e+00 1.543339e-11 8.000000e+02 -1.000000e+00 0.000000e+00 -9.990070e+05 3.000000e+00 -1.000000e+00 -1.000000e+00 2.032969e-09 0.000000e+00 0.000000e+00 -1.000000e+00 0.500000e+00 -1.000000e+00 -9.990070e+05 0.000000e+00 1.740022e-05 7.561182e-04 -1.000000e+00 -1.000000e+00 0.000000e+00 -1.000000e+00 5 0.000000e+00 0.000000e+00
-1.000000e+00 -1.000000e+00 0.000000e+00 -1.000000e+00 -1.000000e+00 2.500000e+02 4.867259e-11 -1.000000e+00 0.000000e+00 -1.000000e+00 0.000000e+00 -1.000000e+00 -1.000000e+00 2.178843e-16 1.350000e+03 -1.000000e+00 0.000000e+00 -9.990070e+05 3.000000e+00 -1.000000e+00 -1.000000e+00 1.132304e-13 0.000000e+00 0.000000e+00 -1.000000e+00 4.764940e-09 -1.000000e+00 -9.990070e+05 4.764940e-09 1.471539e-08 2.437223e-06 -1.000000e+00 -1.000000e+00 0.000000e+00 -1.000000e+00 114 0.000000e+00 5.967838e-09
-1.000000e+00 -1.000000e+00 0.000000e+00 -1.000000e+00 -1.000000e+00 5.500000e+02 1.060781e-17 -1.000000e+00 0.000000e+00 -1.000000e+00 0.000000e+00 -1.000000e+00 -1.000000e+00 9.300196e-25 6.500000e+02 -1.000000e+00 0.000000e+00 -9.990070e+05 3.000000e+00 -1.000000e+00 -1.000000e+00 3.463287e-21 0.000000e+00 0.000000e+00 -1.000000e+00 8.948408e-18 -1.000000e+00 -9.990070e+05 8.948408e-18 2.267220e-14 2.624075e-11 -1.000000e+00 -1.000000e+00 0.000000e+00 -1.000000e+00 111 0.000000e+00 1.707370e-17
-1.000000e+00 -1.000000e+00 0.000000e+00 -1.000000e+00 -1.000000e+00 8.500000e+02 1.613574e-01 -1.000000e+00 0.000000e+00 -1.000000e+00 0.000000e+00 -1.000000e+00 -1.000000e+00 1.478180e-02 9.500000e+02 -1.000000e+00 0.000000e+00 -9.990070e+05 3.000000e+00 -1.000000e+00 -1.000000e+00 5.159538e-02 0.000000e+00 0.000000e+00 -1.000000e+00 0.500000e+00 -1.000000e+00 -9.990070e+05 0.000000e+00 4.093286e-01 7.424644e-01 -1.000000e+00 -1.000000e+00 0.000000e+00 -1.000000e+00 5 0.000000e+00 0.000000e+00
-1.000000e+00 -1.000000e+00 0.000000e+00 -1.000000e+00 -1.000000e+00 2.000000e+02 2.384162e-01 -1.000000e+00 0.000000e+00 -1.000000e+00 0.000000e+00 -1.000000e+00 -1.000000e+00 3.248490e-02 2.000000e+03 -1.000000e+00 0.000000e+00 -9.990070e+05 3.000000e+00 -1.000000e+00 -1.000000e+00 9.244897e-02 0.000000e+00 0.000000e+00 -1.000000e+00 0.500000e+00 -1.000000e+00 -9.990070e+05 0.000000e+00 5.098821e-01 8.126783e-01 -1.000000e+00 -1.000000e+00 0.000000e+00 -1.000000e+00 9 0.000000e+00 0.000000e+00
-1.000000e+00 -1.000000e+00 0.000000e+00 -1.000000e+00 -1.000000e+00 5.000000e+02 1.064364e-04 -1.000000e+00 0.000000e+00 -1.000000e+00 0.000000e+00 -1.000000e+00 -1.000000e+00 9.269097e-08 1.500000e+03 -1.000000e+00 0.000000e+00 -9.990070e+05 3.000000e+00 -1.000000e+00 -1.000000e+00 3.421617e-06 0.000000e+00 0.000000e+00 -1.000000e+00 1.827997e-03 -1.000000e+00 -9.990070e+05 1.827997e-03 2.397811e-03 3.107370e-02 -1.000000e+00 -1.000000e+00 0.000000e+00 -1.000000e+00 114 0.000000e+00 2.192548e-03
-1.000000e+00 -1.000000e+00 0.000000e+00 -1.000000e+00 -1.000000e+00 5.000000e+02 1.526855e-02 -1.000000e+00 0.000000e+00 -1.000000e+00 0.000000e+00 -1.000000e+00 -1.000000e+00 2.110331e-04 1.700000e+03 -1.000000e+00 0.000000e+00 -9.990070e+05 3.000000e+00 -1.000000e+00 -1.000000e+00 1.930798e-03 0.000000e+00 0.000000e+00 -1.000000e+00 0.500000e+00 -1.000000e+00 -9.990070e+05 0.000000e+00 9.145120e-02 3.428741e-01 -1.000000e+00 -1.000000e+00 0.000000e+00 -1.000000e+00 9 0.000000e+00 0.000000e+00
-1.000000e+00 -1.000000e+00 0.000000e+00 -1.000000e+00 -1.000000e+00 7.750000e+02 2.704098e-03 -1.000000e+00 0.000000e+00 -1.000000e+00 0.000000e+00 -1.000000e+00 -1.000000e+00 1.263173e-05 8.250000e+02 -1.000000e+00 0.000000e+00 -9.990070e+05 3.000000e+00 -1.000000e+00 -1.000000e+00 2.000325e-04 0.000000e+00 0.000000e+00 -1.000000e+00 1.301468e-02 -1.000000e+00 -9.990070e+05 1.301468e-02 2.707134e-02 1.624688e-01 -1.000000e+00 -1.000000e+00 0.000000e+00 -1.000000e+00 110 0.000000e+00 1.667569e-02
-1.000000e+00 -1.000000e+00 0.000000e+00 -1.000000e+00 -1.000000e+00 1.000000e+02 2.387842e-06 -1.000000e+00 0.000000e+00 -1.000000e+00 0.000000e+00 -1.000000e+00 -1.000000e+00 4.063591e-10 1.500000e+03 -1.000000e+00 0.000000e+00 -9.990070e+05 3.000000e+00 -1.000000e+00 -1.000000e+00 3.407248e-08 0.000000e+00 0.000000e+00 -1.000000e+00 0.500000e+00 -1.000000e+00 -9.990070e+05 0.000000e+00 1.195824e-04 3.365627e-03 -1.000000e+00 -1.000000e+00 0.000000e+00 -1.000000e+00 9 0.000000e+00 0.000000e+00
-1.000000e+00 -1.000000e+00 0.000000e+00 -1.000000e+00 -1.000000e+00 1.000000e+02 2.170051e-41 -1.000000e+00 0.000000e+00 -1.000000e+00 0.000000e+00 -1.000000e+00 -1.000000e+00 0.000000e+00 1.100000e+03 -1.000000e+00 0.000000e+00 -9.990070e+05 3.000000e+00 -1.000000e+00 -1.000000e+00 0.000000e+00 0.000000e+00 0.000000e+00 -1.000000e+00 0.500000e+00 -1.000000e+00 -9.990070e+05 0.000000e+00 6.010189e-36 8.926740e-31 -1.000000e+00 -1.000000e+00 0.000000e+00 -1.000000e+00 13 0.000000e+00 0.000000e+00
-1.000000e+00 -1.000000e+00 0.000000e+00 -1.000000e+00 -1.000000e+00 4.500000e+02 7.178110e-27 -1.000000e+00 0.000000e+00 -1.000000e+00 0.000000e+00 -1.000000e+00 -1.000000e+00 8.595727e-36 9.500000e+02 -1.000000e+00 0.000000e+00 -9.990070e+05 3.000000e+00 -1.000000e+00 -1.000000e+00 2.743459e-31 0.000000e+00 0.000000e+00 -1.000000e+00 3.540120e-27 -1.000000e+00 -9.990070e+05 3.540120e-27 1.304788e-22 1.276690e-18 -1.000000e+00 -1.000000e+00 0.000000e+00 -1.000000e+00 117 0.000000e+00 7.087412e-27
-1.000000e+00 -1.000000e+00 0.000000e+00 -1.000000e+00 -1.000000e+00 5.500000e+02 9.035394e-19 -1.000000e+00 0.000000e+00 -1.000000e+00 0.000000e+00 -1.000000e+00 -1.000000e+00 4.556905e-26 1.050000e+03 -1.000000e+00 0.000000e+00 -9.990070e+05 3.000000e+00 -1.000000e+00 -1.000000e+00 2.237983e-22 0.000000e+00 0.000000e+00 -1.000000e+00 0.500000e+00 -1.000000e+00 -9.990070e+05 0.000000e+00 2.543588e-15 3.873593e-12 -1.000000e+00 -1.000000e+00 0.000000e+00 -1.000000e+00 1 0.000000e+00 0.000000e+00
-1.000000e+00 -1.000000e+00 0.000000e+00 -1.000000e+00 -1.000000e+00 2.500000e+02 6.530886e-30 -1.000000e+00 0.000000e+00 -1.000000e+00 0.000000e+00 -1.000000e+00 -1.000000e+00 2.242406e-39 1.150000e+03 -1.000000e+00 0.000000e+00 -9.990070e+05 3.000000e+00 -1.000000e+00 -1.000000e+00 1.337028e-34 0.000000e+00 0.000000e+00 -1.000000e+00 2.927432e-25 -1.000000e+00 -9.990070e+05 2.927432e-25 2.214367e-25 4.036977e-21 -1.000000e+00 -1.000000e+00 0.000000e+00 -1.000000e+00 115 0.000000e+00 3.437577e-25
-1.000000e+00 -1.000000e+00 0.000000e+00 -1.000000e+00 -1.000000e+00 8.500000e+02 6.852219e-02 -1.000000e+00 0.000000e+00 -1.000000e+00 0.000000e+00 -1.000000e+00 -1.000000e+00 2.914524e-03 1.550000e+03 -1.000000e+00 0.000000e+00 -9.990070e+05 3.000000e+00 -1.000000e+00 -1.000000e+00 1.506130e-02 0.000000e+00 0.000000e+00 -1.000000e+00 3.750440e-01 -1.000000e+00 -9.990070e+05 3.750440e-01 2.444473e-01 5.841007e-01 -1.000000e+00 -1.000000e+00 0.000000e+00 -1.000000e+00 115 0.000000e+00 4.017246e-01
-1.000000e+00 -1.000000e+00 0.000000e+00 -1.000000e+00 -1.000000e+00 7.000000e+02 1.081259e-01 -1.000000e+00 0.000000e+00 -1.000000e+00 0.000000e+00 -1.000000e+00 -1.000000e+00 6.816377e-03 1.700000e+03 -1.000000e+00 0.000000e+00 -9.990070e+05 3.000000e+00 -1.000000e+00 -1.000000e+00 2.881290e-02 0.000000e+00 0.000000e+00 -1.000000e+00 0.500000e+00 -1.000000e+00 -9.990070e+05 0.000000e+00 3.233320e-01 6.681614e-01 -1.000000e+00 -1.000000e+00 0.000000e+00 -1.000000e+00 4 0.000000e+00 0.000000e+00
-1.000000e+00 -1.000000e+00 0.000000e+00 -1.000000e+00 -1.000000e+00 0.000000e+00 1.983682e-02 -1.000000e+00 0.000000e+00 -1.000000e+00 0.000000e+00 -1.000000e+00 -1.000000e+00 3.285750e-04 2.000000e+02 -1.000000e+00 0.000000e+00 -9.990070e+05 3.000000e+00 -1.000000e+00 -1.000000e+00 2.742645e-03 0.000000e+00 0.000000e+00 -1.000000e+00 1.769012e-02 -1.000000e+00 -9.990070e+05 1.769012e-02 1.091761e-01 3.795540e-01 -1.000000e+00 -1.000000e+00 0.000000e+00 -1.000000e+00 115 0.000000e+00 3.002490e-02
-1.000000e+00 -1.000000e+00 0.000000e+00 -1.000000e+00 -1.000000e+00 6.500000e+02 5.371260e-03 -1.000000e+00 0.000000e+00 -1.000000e+00 0.000000e+00 -1.000000e+00 -1.000000e+00 3.778919e-05 1.550000e+03 -1.000000e+00 0.000000e+00 -9.990070e+05 3.000000e+00 -1.000000e+00 -1.000000e+00 4.865933e-04 0.000000e+00 0.000000e+00 -1.000000e+00 4.049475e-02 -1.000000e+00 -9.990070e+05 4.049475e-02 4.424041e-02 2.215961e-01 -1.000000e+00 -1.000000e+00 0.000000e+00 -1.000000e+00 114 0.000000e+00 4.760860e-02
-1.000000e+00 -1.000000e+00 0.000000e+00 -1.000000e+00 -1.000000e+00 5.000000e+01 2.046707e-05 -1.000000e+00 0.000000e+00 -1.000000e+00 0.000000e+00 -1.000000e+00 -1.000000e+00 8.475459e-09 1.550000e+03 -1.000000e+00 0.000000e+00 -9.990070e+05 3.000000e+00 -1.000000e+00 -1.000000e+00 4.546469e-07 0.000000e+00 0.000000e+00 -1.000000e+00 0.500000e+00 -1.000000e+00 -9.990070e+05 0.000000e+00 6.627301e-04 1.219636e-02 -1.000000e+00 -1.000000e+00 0.000000e+00 -1.000000e+00 9 0.000000e+00 0.000000e+00
-1.000000e+00 -1.000000e+00 0.000000e+00 -1.000000e+00 -1.000000e+00 7.870000e+02 1.696908e-02 -1.000000e+00 0.000000e+00 -1.000000e+00 0.000000e+00 -1.000000e+00 -1.000000e+00 2.521432e-04 8.120000e+02 -1.000000e+00 0.000000e+00 -9.990070e+05 3.000000e+00 -1.000000e+00 -1.000000e+00 2.223826e-03 0.000000e+00 0.000000e+00 -1.000000e+00 5.322397e-02 -1.000000e+00 -9.990070e+05 5.322397e-02 9.825153e-02 3.573687e-01 -1.000000e+00 -1.000000e+00 0.000000e+00 -1.000000e+00 110 0.000000e+00 6.821471e-02
-1.000000e+00 -1.000000e+00 0.000000e+00 -1.000000e+00 -1.000000e+00 3.000000e+02 1.903864e-16 -1.000000e+00 0.000000e+00 -1.000000e+00 0.000000e+00 -1.000000e+00 -1.000000e+00 3.265390e-23 1.300000e+03 -1.000000e+00 0.000000e+00 -9.990070e+05 3.000000e+00 -1.000000e+00 -1.000000e+00 8.690745e-20 0.000000e+00 0.000000e+00 -1.000000e+00 0.500000e+00 -1.000000e+00 -9.990070e+05 0.000000e+00 2.913235e-13 2.417332e-10 -1.000000e+00 -1.000000e+00 0.000000e+00 -1.000000e+00 13 0.000000e+00 0.000000e+00
-1.000000e+00 -1.000000e+00 0.000000e+00 -1.000000e+00 -1.000000e+00 0.000000e+00 1.811476e-12 -1.000000e+00 0.000000e+00 -1.000000e+00 0.000000e+00 -1.000000e+00 -1.000000e+00 3.192130e-18 4.000000e+02 -1.000000e+00 0.000000e+00 -9.990070e+05 3.000000e+00 -1.000000e+00 -1.000000e+00 2.646246e-15 0.000000e+00 0.000000e+00 -1.000000e+00 0.500000e+00 -1.000000e+00 -9.990070e+05 0.000000e+00 8.700574e-10 2.280962e-07 -1.000000e+00 -1.000000e+00 0.000000e+00 -1.000000e+00 3 0.000000e+00 0.000000e+00
-1.000000e+00 -1.000000e+00 0.000000e+00 -1.000000e+00 -1.000000e+00 8.000000e+02 2.063551e-02 -1.000000e+00 0.000000e+00 -1.000000e+00 0.000000e+00 -1.000000e+00 -1.000000e+00 3.514288e-04 1.400000e+03 -1.000000e+00 0.000000e+00 -9.990070e+05 3.000000e+00 -1.000000e+00 -1.000000e+00 2.892384e-03 0.000000e+00 0.000000e+00 -1.000000e+00 0.500000e+00 -1.000000e+00 -9.990070e+05 0.000000e+00 1.121113e-01 3.853031e-01 -1.000000e+00 -1.000000e+00 0.000000e+00 -1.000000e+00 1 0.000000e+00 0.000000e+00
-1.000000e+00 -1.000000e+00 0.000000e+00 -1.000000e+00 -1.000000e+00 2.000000e+02 2.868268e-09 -1.000000e+00 0.000000e+00 -1.000000e+00 0.000000e+00 -1.000000e+00 -1.000000e+00 4.480744e-14 1.400000e+03 -1.000000e+00 0.000000e+00 -9.990070e+05 3.000000e+00 -1.000000e+00 -1.000000e+00 1.244782e-11 0.000000e+00 0.000000e+00 -1.000000e+00 0.500000e+00 -1.000000e+00 -9.990070e+05 0.000000e+00 4.667423e-07 4.186944e-05 -1.000000e+00 -1.000000e+00 0.000000e+00 -1.000000e+00 13 0.000000e+00 0.000000e+00
-1.000000e+00 -1.000000e+00 0.000000e+00 -1.000000e+00 -1.000000e+00 1.500000e+02 2.536307e-07 -1.000000e+00 0.000000e+00 -1.000000e+00 0.000000e+00 -1.000000e+00 -1.000000e+00 1.838952e-11 1.450000e+03 -1.000000e+00 0.000000e+00 -9.990070e+05 3.000000e+00 -1.000000e+00 -1.000000e+00 2.366055e-09 0.000000e+00 0.000000e+00 -1.000000e+00 0.500000e+00 -1.000000e+00 -9.990070e+05 0.000000e+00 1.933139e-05 8.211717e-04 -1.000000e+00 -1.000000e+00 0.000000e+00 -1.000000e+00 4 0.000000e+00 0.000000e+00
-1.000000e+00 -1.000000e+00 0.000000e+00 -1.000000e+00 -1.000000e+00 2.500000e+02 1.204017e-02 -1.000000e+00 0.000000e+00 -1.000000e+00 0.000000e+00 -1.000000e+00 -1.000000e+00 1.418309e-04 1.750000e+03 -1.000000e+00 0.000000e+00 -9.990070e+05 3.000000e+00 -1.000000e+00 -1.000000e+00 1.407087e-03 0.000000e+00 0.000000e+00 -1.000000e+00 0.500000e+00 -1.000000e+00 -9.990070e+05 0.000000e+00 7.773117e-02 3.117809e-01 -1.000000e+00 -1.000000e+00 0.000000e+00 -1.000000e+00 9 0.000000e+00 0.000000e+00
-1.000000e+00 -1.000000e+00 0.000000e+00 -1.000000e+00 -1.000000e+00 3.500000e+02 1.130790e-01 -1.000000e+00 0.000000e+00 -1.000000e+00 0.000000e+00 -1.000000e+00 -1.000000e+00 7.422349e-03 1.850000e+03 -1.000000e+00 0.000000e+00 -9.990070e+05 3.000000e+00 -1.000000e+00 -1.000000e+00 3.073301e-02 0.000000e+00 0.000000e+00 -1.000000e+00 3.580666e-01 -1.000000e+00 -9.990070e+05 3.580666e-01 3.321356e-01 6.765009e-01 -1.000000e+00 -1.000000e+00 0.000000e+00 -1.000000e+00 112 0.000000e+00 4.028050e-01
-1.000000e+00 -1.000000e+00 0.000000e+00 -1.000000e+00 -1.000000e+00 6.870000e+02 6.677500e-04 -1.000000e+00 0.000000e+00 -1.000000e+00 0.000000e+00 -1.000000e+00 -1.000000e+00 1.444440e-06 7.120000e+02 -1.000000e+00 0.000000e+00 -9.990070e+05 3.000000e+00 -1.000000e+00 -1.000000e+00 3.372593e-05 0.000000e+00 0.000000e+00 -1.000000e+00 4.353345e-03 -1.000000e+00 -9.990070e+05 4.353345e-03 9.677315e-03 8.225594e-02 -1.000000e+00 -1.000000e+00 0.000000e+00 -1.000000e+00 110 0.000000e+00 5.566597e-03
-1.000000e+00 -1.000000e+00 0.000000e+00 -1.000000e+00 -1.000000e+00 0.000000e+00 1.441623e-06 -1.000000e+00 0.000000e+00 -1.000000e+00 0.000000e+00 -1.000000e+00 -1.000000e+00 2.012580e-10 1.500000e+03 -1.000000e+00 0.000000e+00 -9.990070e+05 3.000000e+00 -1.000000e+00 -1.000000e+00 1.863894e-08 0.000000e+00 0.000000e+00 -1.000000e+00 0.500000e+00 -1.000000e+00 -9.990070e+05 0.000000e+00 7.957836e-05 2.463504e-03 -1.000000e+00 -1.000000e+00 0.000000e+00 -1.000000e+00 9 0.000000e+00 0.000000e+00
-1.000000e+00 -1.000000e+00 0.000000e+00 -1.000000e+00 -1.000000e+00 3.000000e+02 1.854922e-05 -1.000000e+00 0.000000e+00 -1.000000e+00 0.000000e+00 -1.000000e+00 -1.000000e+00 7.361397e-09 1.500000e+03 -1.000000e+00 0.000000e+00 -9.990070e+05 3.000000e+00 -1.000000e+00 -1.000000e+00 4.034170e-07 0.000000e+00 0.000000e+00 -1.000000e+00 0.500000e+00 -1.000000e+00 -9.990070e+05 0.000000e+00 6.132601e-04 1.151628e-02 -1.000000e+00 -1.000000e+00 0.000000e+00 -1.000000e+00 4 0.000000e+00 0.000000e+00
-1.000000e+00 -1.000000e+00 0.000000e+00 -1.000000e+00 -1.000000e+00 9.000000e+02 2.196429e-01 -1.000000e+00 0.000000e+00 -1.000000e+00 0.000000e+00 -1.000000e+00 -1.000000e+00 2.744743e-02 1.500000e+03 -1.000000e+00 0.000000e+00 -9.990070e+05 3.000000e+00 -1.000000e+00 -1.000000e+00 8.167183e-02 1.000000e+00 0.000000e+00 -1.000000e+00 0.500000e+00 -1.000000e+00 -9.990070e+05 0.000000e+00 4.873459e-01 7.982577e-01 -1.000000e+00 -1.000000e+00 0.000000e+00 -1.000000e+00 13 0.000000e+00 0.000000e+00
-1.000000e+00 -1.000000e+00 0.000000e+00 -1.000000e+00 -1.000000e+00 9.000000e+02 2.125243e-01 -1.000000e+00 0.000000e+00 -1.000000e+00 0.000000e+00 -1.000000e+00 -1.000000e+00 2.566363e-02 1.700000e+03 -1.000000e+00 0.000000e+00 -9.990070e+05 3.000000e+00 -1.000000e+00 -1.000000e+00 7.772241e-02 0.000000e+00 0.000000e+00 -1.000000e+00 4.694985e-01 -1.000000e+00 -9.990070e+05 4.694985e-01 4.785053e-01 7.924063e-01 -1.000000e+00 -1.000000e+00 0.000000e+00 -1.000000e+00 114 0.000000e+00 5.341132e-01
-1.000000e+00 -1.000000e+00 0.000000e+00 -1.000000e+00 -1.000000e+00 3.870000e+02 3.978198e-04 -1.000000e+00 0.000000e+00 -1.000000e+00 0.000000e+00 -1.000000e+00 -1.000000e+00 6.590011e-07 4.120000e+02 -1.000000e+00 0.000000e+00 -9.990070e+05 3.000000e+00 -1.000000e+00 -1.000000e+00 1.760059e-05 0.000000e+00 0.000000e+00 -1.000000e+00 8.838030e-04 -1.000000e+00 -9.990070e+05 8.838030e-04 6.559129e-03 6.302833e-02 -1.000000e+00 -1.000000e+00 0.000000e+00 -1.000000e+00 110 0.000000e+00 1.337366e-03
-1.000000e+00 -1.000000e+00 0.000000e+00 -1.000000e+00 -1.000000e+00 5.000000e+01 1.745498e-01 -1.000000e+00 0.000000e+00 -1.000000e+00 0.000000e+00 -1.000000e+00 -1.000000e+00 1.727149e-02 1.950000e+03 -1.000000e+00 0.000000e+00 -9.990070e+05 3.000000e+00 -1.000000e+00 -1.000000e+00 5.794680e-02 0.000000e+00 0.000000e+00 -1.000000e+00 0.500000e+00 -1.000000e+00 -9.990070e+05 0.000000e+00 4.282112e-01 7.568704e-01 -1.000000e+00 -1.000000e+00 0.000000e+00 -1.000000e+00 9 0.000000e+00 0.000000e+00
-1.000000e+00 -1.000000e+00 0.000000e+00 -1.000000e+00 -1.000000e+00 3.500000e+02 4.077417e-07 -1.000000e+00 0.000000e+00 -1.000000e+00 0.000000e+00 -1.000000e+00 -1.000000e+00 3.522194e-11 1.450000e+03 -1.000000e+00 0.000000e+00 -9.990070e+05 3.000000e+00 -1.000000e+00 -1.000000e+00 4.150554e-09 0.000000e+00 0.000000e+00 -1.000000e+00 1.737117e-05 -1.000000e+00 -9.990070e+05 1.737117e-05 2.850745e-05 1.112542e-03 -1.000000e+00 -1.000000e+00 0.000000e+00 -1.000000e+00 112 0.000000e+00 2.111695e-05
-1.000000e+00 -1.000000e+00 0.000000e+00 -1.000000e+00 -1.000000e+00 2.500000e+02 1.735546e-01 -1.000000e+00 0.000000e+00 -1.000000e+00 0.000000e+00 -1.000000e+00 -1.000000e+00 1.707622e-02 1.950000e+03 -1.000000e+00 0.000000e+00 -9.990070e+05 3.000000e+00 -1.000000e+00 -1.000000e+00 5.745821e-02 0.000000e+00 0.000000e+00 -1.000000e+00 0.500000e+00 -1.000000e+00 -9.990070e+05 0.000000e+00 4.268145e-01 7.558258e-01 -1.000000e+00 -1.000000e+00 0.000000e+00 -1.000000e+00 9 0.000000e+00 0.000000e+00
-1.000000e+00 -1.000000e+00 0.000000e+00 -1.000000e+00 -1.000000e+00 4.500000e+02 1.992352e-02 -1.000000e+00 0.000000e+00 -1.000000e+00 0.000000e+00 -1.000000e+00 -1.000000e+00 3.310231e-04 1.750000e+03 -1.000000e+00 0.000000e+00 -9.990070e+05 3.000000e+00 -1.000000e+00 -1.000000e+00 2.758793e-03 0.000000e+00 0.000000e+00 -1.000000e+00 0.500000e+00 -1.000000e+00 -9.990070e+05 0.000000e+00 1.094968e-01 3.801864e-01 -1.000000e+00 -1.000000e+00 0.000000e+00 -1.000000e+00 9 0.000000e+00 0.000000e+00
-1.000000e+00 -1.000000e+00 0.000000e+00 -1.000000e+00 -1.000000e+00 5.000000e+01 1.980455e-02 -1.000000e+00 0.000000e+00 -1.000000e+00 0.000000e+00 -1.000000e+00 -1.000000e+00 3.276659e-04 1.750000e+03 -1.000000e+00 0.000000e+00 -9.990070e+05 3.000000e+00 -1.000000e+00 -1.000000e+00 2.736642e-03 0.000000e+00 0.000000e+00 -1.000000e+00 1.162159e-01 -1.000000e+00 -9.990070e+05 1.162159e-01 1.090565e-01 3.793181e-01 -1.000000e+00 -1.000000e+00 0.000000e+00 -1.000000e+00 112 0.000000e+00 1.332746e-01
-1.000000e+00 -1.000000e+00 0.000000e+00 -1.000000e+00 -1.000000e+00 1.500000e+02 1.206115e-23 -1.000000e+00 0.000000e+00 -1.000000e+00 0.000000e+00 -1.000000e+00 -1.000000e+00 5.902700e-32 1.250000e+03 -1.000000e+00 0.000000e+00 -9.990070e+05 3.000000e+00 -1.000000e+00 -1.000000e+00 9.314909e-28 0.000000e+00 0.000000e+00 -1.000000e+00 0.500000e+00 -1.000000e+00 -9.990070e+05 0.000000e+00 1.086220e-19 5.273852e-16 -1.000000e+00 -1.000000e+00 0.000000e+00 -1.000000e+00 13 0.000000e+00 0.000000e+00
-1.000000e+00 -1.000000e+00 0.000000e+00 -1.000000e+00 -1.000000e+00 5.000000e+01 1.738856e-12 -1.000000e+00 0.000000e+00 -1.000000e+00 0.000000e+00 -1.000000e+00 -1.000000e+00 3.029969e-18 1.350000e+03 -1.000000e+00 0.000000e+00 -9.990070e+05 3.000000e+00 -1.000000e+00 -1.000000e+00 2.525972e-15 0.000000e+00 0.000000e+00 -1.000000e+00 0.500000e+00 -1.000000e+00 -9.990070e+05 0.000000e+00 8.398466e-10 2.213982e-07 -1.000000e+00 -1.000000e+00 0.000000e+00 -1.000000e+00 13 0.000000e+00 0.000000e+00
-1.000000e+00 -1.000000e+00 0.000000e+00 -1.000000e+00 -1.000000e+00 9.000000e+02 4.378920e-01 -1.000000e+00 0.000000e+00 -1.000000e+00 0.000000e+00 -1.000000e+00 -1.000000e+00 1.210393e-01 1.900000e+03 -1.000000e+00 0.000000e+00 -9.990070e+05 3.000000e+00 -1.000000e+00 -1.000000e+00 2.387971e-01 1.000000e+00 0.000000e+00 -1.000000e+00 5.000000e-01 -1.000000e+00 -9.990070e+05 5.000000e-01 6.997317e-01 9.102785e-01 -1.000000e+00 -1.000000e+00 0.000000e+00 -1.000000e+00 112 0.000000e+00 6.401606e-01
-1.000000e+00 -1.000000e+00 0.000000e+00 -1.000000e+00 -1.000000e+00 3.000000e+02 1.752289e-39 -1.000000e+00 0.000000e+00 -1.000000e+00 0.000000e+00 -1.000000e+00 -1.000000e+00 0.000000e+00 1.100000e+03 -1.000000e+00 0.000000e+00 -9.990070e+05 3.000000e+00 -1.000000e+00 -1.000000e+00 5.605194e-45 0.000000e+00 0.000000e+00 -1.000000e+00 0.500000e+00 -1.000000e+00 -9.990070e+05 0.000000e+00 3.502703e-34 3.755929e-29 -1.000000e+00 -1.000000e+00 0.000000e+00 -1.000000e+00 1 0.000000e+00 0.000000e+00
-1.000000e+00 -1.000000e+00 0.000000e+00 -1.000000e+00 -1.000000e+00 4.500000e+02 1.999036e-23 -1.000000e+00 0.000000e+00 -1.000000e+00 0.000000e+00 -1.000000e+00 -1.000000e+00 1.080452e-31 7.500000e+02 -1.000000e+00 0.000000e+00 -9.990070e+05 3.000000e+00 -1.000000e+00 -1.000000e+00 1.622397e-27 0.000000e+00 0.000000e+00 -1.000000e+00 0.500000e+00 -1.000000e+00 -9.990070e+05 0.000000e+00 1.713336e-19 7.917679e-16 -1.000000e+00 -1.000000e+00 0.000000e+00 -1.000000e+00 3 0.000000e+00 0.000000e+00
-1.000000e+00 -1.000000e+00 0.000000e+00 -1.000000e+00 -1.000000e+00 0.000000e+00 0.000000e+00 -1.000000e+00 0.000000e+00 -1.000000e+00 0.000000e+00 -1.000000e+00 -1.000000e+00 0.000000e+00 1.000000e+03 -1.000000e+00 0.000000e+00 -9.990070e+05 3.000000e+00 -1.000000e+00 -1.000000e+00 0.000000e+00 0.000000e+00 0.000000e+00 -1.000000e+00 0.500000e+00 -1.000000e+00 -9.990070e+05 0.000000e+00 0.000000e+00 0.000000e+00 -1.000000e+00 -1.000000e+00 0.000000e+00 -1.000000e+00 1 0.000000e+00 0.000000e+00
-1.000000e+00 -1.000000e+00 0.000000e+00 -1.000000e+00 -1.000000e+00 8.750000e+02 3.218215e-01 -1.000000e+00 0.000000e+00 -1.000000e+00 0.000000e+00 -1.000000e+00 -1.000000e+00 6.116867e-02 9.250000e+02 -1.000000e+00 0.000000e+00 -9.990070e+05 3.000000e+00 -1.000000e+00 -1.000000e+00 1.465804e-01 0.000000e+00 0.000000e+00 -1.000000e+00 0.500000e+00 -1.000000e+00 -9.990070e+05 0.000000e+00 5.986862e-01 8.632177e-01 -1.000000e+00 -1.000000e+00 0.000000e+00 -1.000000e+00 14 0.000000e+00 0.000000e+00
-1.000000e+00 -1.000000e+00 0.000000e+00 -1.000000e+00 -1.000000e+00 7.500000e+02 2.025631e-03 -1.000000e+00 0.000000e+00 -1.000000e+00 0.000000e+00 -1.000000e+00 -1.000000e+00 8.018217e-06 1.450000e+03 -1.000000e+00 0.000000e+00 -9.990070e+05 3.000000e+00 -1.000000e+00 -1.000000e+00 1.380436e-04 0.000000e+00 0.000000e+00 -1.000000e+00 4.733850e-02 -1.000000e+00 -9.990070e+05 4.733850e-02 2.195178e-02 1.418678e-01 -1.000000e+00 -1.000000e+00 0.000000e+00 -1.000000e+00 115 0.000000e+00 5.137122e-02
-1.000000e+00 -1.000000e+00 0.000000e+00 -1.000000e+00 -1.000000e+00 5.500000e+02 2.033737e-02 -1.000000e+00 0.000000e+00 -1.000000e+00 0.000000e+00 -1.000000e+00 -1.000000e+00 3.428187e-04 1.650000e+03 -1.000000e+00 0.000000e+00 -9.990070e+05 3.000000e+00 -1.000000e+00 -1.000000e+00 2.836230e-03 0.000000e+00 0.000000e+00 -1.000000e+00 0.500000e+00 -1.000000e+00 -9.990070e+05 0.000000e+00 1.110207e-01 3.831770e-01 -1.000000e+00 -1.000000e+00 0.000000e+00 -1.000000e+00 4 0.000000e+00 0.000000e+00
-1.000000e+00 -1.000000e+00 0.000000e+00 -1.000000e+00 -1.000000e+00 8.500000e+02 2.145601e-01 -1.000000e+00 0.000000e+00 -1.000000e+00 0.000000e+00 -1.000000e+00 -1.000000e+00 2.616677e-02 1.750000e+03 -1.000000e+00 0.000000e+00 -9.990070e+05 3.000000e+00 -1.000000e+00 -1.000000e+00 7.884411e-02 0.000000e+00 0.000000e+00 -1.000000e+00 4.726209e-01 -1.000000e+00 -9.990070e+05 4.726209e-01 4.810509e-01 7.941027e-01 -1.000000e+00 -1.000000e+00 0.000000e+00 -1.000000e+00 114 0.000000e+00 5.373807e-01
-1.000000e+00 -1.000000e+00 0.000000e+00 -1.000000e+00 -1.000000e+00 7.000000e+02 1.474232e-04 -1.000000e+00 0.000000e+00 -1.000000e+00 0.000000e+00 -1.000000e+00 -1.000000e+00 1.498246e-07 9.000000e+02 -1.000000e+00 0.000000e+00 -9.990070e+05 3.000000e+00 -1.000000e+00 -1.000000e+00 5.117213e-06 0.000000e+00 0.000000e+00 -1.000000e+00 0.500000e+00 -1.000000e+00 -9.990070e+05 0.000000e+00 3.080799e-03 3.714235e-02 -1.000000e+00 -1.000000e+00 0.000000e+00 -1.000000e+00 5 0.000000e+00 0.000000e+00
-1.000000e+00 -1.000000e+00 0.000000e+00 -1.000000e+00 -1.000000e+00 6.000000e+02 1.008926e-11 -1.000000e+00 0.000000e+00 -1.000000e+00 0.000000e+00 -1.000000e+00 -1.000000e+00 2.870145e-17 1.200000e+03 -1.000000e+00 0.000000e+00 -9.990070e+05 3.000000e+00 -1.000000e+00 -1.000000e+00 1.871867e-14 0.000000e+00 0.000000e+00 -1.000000e+00 0.500000e+00 -1.000000e+00 -9.990070e+05 0.000000e+00 3.820092e-09 7.908873e-07 -1.000000e+00 -1.000000e+00 0.000000e+00 -1.000000e+00 1 0.000000e+00 0.000000e+00
-1.000000e+00 -1.000000e+00 0.000000e+00 -1.000000e+00 -1.000000e+00 5.870000e+02 1.202725e-09 -1.000000e+00 0.000000e+00 -1.000000e+00 0.000000e+00 -1.000000e+00 -1.000000e+00 1.424839e-14 6.120000e+02 -1.000000e+00 0.000000e+00 -9.990070e+05 3.000000e+00 -1.000000e+00 -1.000000e+00 4.546945e-12 0.000000e+00 0.000000e+00 -1.000000e+00 0.500000e+00 -1.000000e+00 -9.990070e+05 0.000000e+00 2.244463e-07 2.305396e-05 -1.000000e+00 -1.000000e+00 0.000000e+00 -1.000000e+00 14 0.000000e+00 0.000000e+00
-1.000000e+00 -1.000000e+00 0.000000e+00 -1.000000e+00 -1.000000e+00 0.000000e+00 2.025999e-09 -1.000000e+00 0.000000e+00 -1.000000e+00 0.000000e+00 -1.000000e+00 -1.000000e+00 2.831426e-14 1.400000e+03 -1.000000e+00 0.000000e+00 -9.990070e+05 3.000000e+00 -1.000000e+00 -1.000000e+00 8.317447e-12 0.000000e+00 0.000000e+00 -1.000000e+00 0.500000e+00 -1.000000e+00 -9.990070e+05 0.000000e+00 3.483714e-07 3.300128e-05 -1.000000e+00 -1.000000e+00 0.000000e+00 -1.000000e+00 4 0.000000e+00 0.000000e+00
-1.000000e+00 -1.000000e+00 0.000000e+00 -1.000000e+00 -1.000000e+00 4.500000e+02 1.853775e-01 -1.000000e+00 0.000000e+00 -1.000000e+00 0.000000e+00 -1.000000e+00 -1.000000e+00 1.947593e-02 1.950000e+03 -1.000000e+00 0.000000e+00 -9.990070e+05 3.000000e+00 -1.000000e+00 -1.000000e+00 6.336142e-02 0.000000e+00 0.000000e+00 -1.000000e+00 0.500000e+00 -1.000000e+00 -9.990070e+05 0.000000e+00 4.431310e-01 7.678279e-01 -1.000000e+00 -1.000000e+00 0.000000e+00 -1.000000e+00 9 0.000000e+00 0.000000e+00
-1.000000e+00 -1.000000e+00 0.000000e+00 -1.000000e+00 -1.000000e+00 7.500000e+02 1.272533e-06 -1.000000e+00 0.000000e+00 -1.000000e+00 0.000000e+00 -1.000000e+00 -1.000000e+00 1.692603e-10 8.500000e+02 -1.000000e+00 0.000000e+00 -9.990070e+05 3.000000e+00 -1.000000e+00 -1.000000e+00 1.606097e-08 0.000000e+00 0.000000e+00 -1.000000e+00 9.328069e-07 -1.000000e+00 -9.990070e+05 9.328069e-07 7.193650e-05 2.279435e-03 -1.000000e+00 -1.000000e+00 0.000000e+00 -1.000000e+00 111 0.000000e+00 1.758344e-06
-1.000000e+00 -1.000000e+00 0.000000e+00 -1.000000e+00 -1.000000e+00 7.000000e+02 3.915497e-03 -1.000000e+00 0.000000e+00 -1.000000e+00 0.000000e+00 -1.000000e+00 -1.000000e+00 2.274411e-05 1.500000e+03 -1.000000e+00 0.000000e+00 -9.990070e+05 3.000000e+00 -1.000000e+00 -1.000000e+00 3.226366e-04 0.000000e+00 0.000000e+00 -1.000000e+00 0.500000e+00 -1.000000e+00 -9.990070e+05 0.000000e+00 3.532714e-02 1.924869e-01 -1.000000e+00 -1.000000e+00 0.000000e+00 -1.000000e+00 13 0.000000e+00 0.000000e+00
-1.000000e+00 -1.000000e+00 0.000000e+00 -1.000000e+00 -1.000000e+00 0.000000e+00 0.000000e+00 -1.000000e+00 0.000000e+00 -1.000000e+00 0.000000e+00 -1.000000e+00 -1.000000e+00 0.000000e+00 6.000000e+02 -1.000000e+00 0.000000e+00 -9.990070e+05 3.000000e+00 -1.000000e+00 -1.000000e+00 0.000000e+00 0.000000e+00 0.000000e+00 -1.000000e+00 0.500000e+00 -1.000000e+00 -9.990070e+05 0.000000e+00 0.000000e+00 0.000000e+00 -1.000000e+00 -1.000000e+00 0.000000e+00 -1.000000e+00 1 0.000000e+00 0.000000e+00
-1.000000e+00 -1.000000e+00 0.000000e+00 -1.000000e+00 -1.000000e+00 4.500000e+02 1.414382e-08 -1.000000e+00 0.000000e+00 -1.000000e+00 0.000000e+00 -1.000000e+00 -1.000000e+00 3.732133e-13 1.350000e+03 -1.000000e+00 0.000000e+00 -9.990070e+05 3.000000e+00 -1.000000e+00 -1.000000e+00 7.972100e-11 0.000000e+00 0.000000e+00 -1.000000e+00 7.943133e-07 -1.000000e+00 -9.990070e+05 7.943133e-07 1.775768e-06 1.233054e-04 -1.000000e+00 -1.000000e+00 0.000000e+00 -1.000000e+00 114 0.000000e+00 9.826172e-07
-1.000000e+00 -1.000000e+00 0.000000e+00 -1.000000e+00 -1.000000e+00 7.500000e+02 2.821025e-04 -1.000000e+00 0.000000e+00 -1.000000e+00 0.000000e+00 -1.000000e+00 -1.000000e+00 3.933083e-07 1.250000e+03 -1.000000e+00 0.000000e+00 -9.990070e+05 3.000000e+00 -1.000000e+00 -1.000000e+00 1.145711e-05 0.000000e+00 0.000000e+00 -1.000000e+00 1.136772e-02 -1.000000e+00 -9.990070e+05 1.136772e-02 5.056372e-03 5.262081e-02 -1.000000e+00 -1.000000e+00 0.000000e+00 -1.000000e+00 115 0.000000e+00 1.246421e-02
-1.000000e+00 -1.000000e+00 0.000000e+00 -1.000000e+00 -1.000000e+00 1.870000e+02 2.612122e-02 -1.000000e+00 0.000000e+00 -1.000000e+00 0.000000e+00 -1.000000e+00 -1.000000e+00 5.265311e-04 2.120000e+02 -1.000000e+00 0.000000e+00 -9.990070e+05 3.000000e+00 -1.000000e+00 -1.000000e+00 3.978273e-03 0.000000e+00 0.000000e+00 -1.000000e+00 0.500000e+00 -1.000000e+00 -9.990070e+05 0.000000e+00 1.312182e-01 4.207943e-01 -1.000000e+00 -1.000000e+00 0.000000e+00 -1.000000e+00 11 0.000000e+00 0.000000e+00
-1.000000e+00 -1.000000e+00 0.000000e+00 -1.000000e+00 -1.000000e+00 0.000000e+00 0.000000e+00 -1.000000e+00 0.000000e+00 -1.000000e+00 0.000000e+00 -1.000000e+00 -1.000000e+00 0.000000e+00 8.000000e+02 -1.000000e+00 0.000000e+00 -9.990070e+05 3.000000e+00 -1.000000e+00 -1.000000e+00 0.000000e+00 0.000000e+00 0.000000e+00 -1.000000e+00 0.500000e+00 -1.000000e+00 -9.990070e+05 0.000000e+00 0.000000e+00 0.000000e+00 -1.000000e+00 -1.000000e+00 0.000000e+00 -1.000000e+00 1 0.000000e+00 0.000000e+00
-1.000000e+00 -1.000000e+00 0.000000e+00 -1.000000e+00 -1.000000e+00 2.000000e+02 1.495781e-04 -1.000000e+00 0.000000e+00 -1.000000e+00 0.000000e+00 -1.000000e+00 -1.000000e+00 1.530738e-07 1.600000e+03 -1.000000e+00 0.000000e+00 -9.990070e+05 3.000000e+00 -1.000000e+00 -1.000000e+00 5.209954e-06 0.000000e+00 0.000000e+00 -1.000000e+00 0.500000e+00 -1.000000e+00 -9.990070e+05 0.000000e+00 3.115298e-03 3.743669e-02 -1.000000e+00 -1.000000e+00 0.000000e+00 -1.000000e+00 9 0.000000e+00 0.000000e+00
-1.000000e+00 -1.000000e+00 0.000000e+00 -1.000000e+00 -1.000000e+00 1.000000e+02 2.147283e-03 -1.000000e+00 0.000000e+00 -1.000000e+00 0.000000e+00 -1.000000e+00 -1.000000e+00 8.786106e-06 1.700000e+03 -1.000000e+00 0.000000e+00 -9.990070e+05 3.000000e+00 -1.000000e+00 -1.000000e+00 1.487557e-04 0.000000e+00 0.000000e+00 -1.000000e+00 0.500000e+00 -1.000000e+00 -9.990070e+05 0.000000e+00 2.290368e-02 1.458375e-01 -1.000000e+00 -1.000000e+00 0.000000e+00 -1.000000e+00 9 0.000000e+00 0.000000e+00
-1.000000e+00 -1.000000e+00 0.000000e+00 -1.000000e+00 -1.000000e+00 3.750000e+02 1.004041e-06 -1.000000e+00 0.000000e+00 -1.000000e+00 0.000000e+00 -1.000000e+00 -1.000000e+00 1.218939e-10 4.250000e+02 -1.000000e+00 0.000000e+00 -9.990070e+05 3.000000e+00 -1.000000e+00 -1.000000e+00 1.210885e-08 0.000000e+00 0.000000e+00 -1.000000e+00 4.920790e-06 -1.000000e+00 -9.990070e+05 4.920790e-06 5.936677e-05 1.965761e-03 -1.000000e+00 -1.000000e+00 0.000000e+00 -1.000000e+00 110 0.000000e+00 7.226881e-06
-1.000000e+00 -1.000000e+00 0.000000e+00 -1.000000e+00 -1.000000e+00 2.000000e+02 2.119233e-02 -1.000000e+00 0.000000e+00 -1.000000e+00 0.000000e+00 -1.000000e+00 -1.000000e+00 3.677623e-04 1.800000e+03 -1.000000e+00 0.000000e+00 -9.990070e+05 3.000000e+00 -1.000000e+00 -1.000000e+00 2.998082e-03 0.000000e+00 0.000000e+00 -1.000000e+00 0.500000e+00 -1.000000e+00 -9.990070e+05 0.000000e+00 1.141324e-01 3.892128e-01 -1.000000e+00 -1.000000e+00 0.000000e+00 -1.000000e+00 9 0.000000e+00 0.000000e+00
-1.000000e+00 -1.000000e+00 0.000000e+00 -1.000000e+00 -1.000000e+00 9.000000e+02 1.557214e-01 -1.000000e+00 0.000000e+00 -1.000000e+00 0.000000e+00 -1.000000e+00 -1.000000e+00 1.378258e-02 1.300000e+03 -1.000000e+00 0.000000e+00 -9.990070e+05 3.000000e+00 -1.000000e+00 -1.000000e+00 4.896524e-02 0.000000e+00 0.000000e+00 -1.000000e+00 0.500000e+00 -1.000000e+00 -9.990070e+05 0.000000e+00 4.010073e-01 7.359166e-01 -1.000000e+00 -1.000000e+00 0.000000e+00 -1.000000e+00 3 0.000000e+00 0.000000e+00
-1.000000e+00 -1.000000e+00 0.000000e+00 -1.000000e+00 -1.000000e+00 8.500000e+02 3.034533e-02 -1.000000e+00 0.000000e+00 -1.000000e+00 0.000000e+00 -1.000000e+00 -1.000000e+00 6.826293e-04 1.350000e+03 -1.000000e+00 0.000000e+00 -9.990070e+05 3.000000e+00 -1.000000e+00 -1.000000e+00 4.878131e-03 0.000000e+00 0.000000e+00 -1.000000e+00 2.432160e-01 -1.000000e+00 -9.990070e+05 2.432160e-01 1.448841e-01 4.443635e-01 -1.000000e+00 -1.000000e+00 0.000000e+00 -1.000000e+00 115 0.000000e+00 2.617592e-01
-1.000000e+00 -1.000000e+00 0.000000e+00 -1.000000e+00 -1.000000e+00 3.500000e+02 2.976522e-16 -1.000000e+00 0.000000e+00 -1.000000e+00 0.000000e+00 -1.000000e+00 -1.000000e+00 5.677297e-23 1.250000e+03 -1.000000e+00 0.000000e+00 -9.990070e+05 3.000000e+00 -1.000000e+00 -1.000000e+00 1.432750e-19 0.000000e+00 0.000000e+00 -1.000000e+00 1.187677e-12 -1.000000e+00 -9.990070e+05 1.187677e-12 4.319976e-13 3.400773e-10 -1.000000e+00 -1.000000e+00 0.000000e+00 -1.000000e+00 115 0.000000e+00 1.353092e-12
-1.000000e+00 -1.000000e+00 0.000000e+00 -1.000000e+00 -1.000000e+00 6.000000e+02 3.852627e-12 -1.000000e+00 0.000000e+00 -1.000000e+00 0.000000e+00 -1.000000e+00 -1.000000e+00 8.362953e-18 1.000000e+03 -1.000000e+00 0.000000e+00 -9.990070e+05 3.000000e+00 -1.000000e+00 -1.000000e+00 6.245328e-15 0.000000e+00 0.000000e+00 -1.000000e+00 1.908988e-12 -1.000000e+00 -9.990070e+05 1.908988e-12 1.668364e-09 3.946440e-07 -1.000000e+00 -1.000000e+00 0.000000e+00 -1.000000e+00 117 0.000000e+00 3.821867e-12
-1.000000e+00 -1.000000e+00 0.000000e+00 -1.000000e+00 -1.000000e+00 6.500000e+02 1.550012e-08 -1.000000e+00 0.000000e+00 -1.000000e+00 0.000000e+00 -1.000000e+00 -1.000000e+00 4.217834e-13 1.150000e+03 -1.000000e+00 0.000000e+00 -9.990070e+05 3.000000e+00 -1.000000e+00 -1.000000e+00 8.871655e-11 0.000000e+00 0.000000e+00 -1.000000e+00 0.500000e+00 -1.000000e+00 -9.990070e+05 0.000000e+00 1.916667e-06 1.311064e-04 -1.000000e+00 -1.000000e+00 0.000000e+00 -1.000000e+00 1 0.000000e+00 0.000000e+00
-1.000000e+00 -1.000000e+00 0.000000e+00 -1.000000e+00 -1.000000e+00 2.000000e+02 1.690065e-29 -1.000000e+00 0.000000e+00 -1.000000e+00 0.000000e+00 -1.000000e+00 -1.000000e+00 6.848360e-39 1.200000e+03 -1.000000e+00 0.000000e+00 -9.990070e+05 3.000000e+00 -1.000000e+00 -1.000000e+00 3.758584e-34 0.000000e+00 0.000000e+00 -1.000000e+00 0.500000e+00 -1.000000e+00 -9.990070e+05 0.000000e+00 5.275629e-25 8.855929e-21 -1.000000e+00 -1.000000e+00 0.000000e+00 -1.000000e+00 13 0.000000e+00 0.000000e+00
-1.000000e+00 -1.000000e+00 0.000000e+00 -1.000000e+00 -1.000000e+00 1.500000e+02 5.754965e-04 -1.000000e+00 0.000000e+00 -1.000000e+00 0.000000e+00 -1.000000e+00 -1.000000e+00 1.152036e-06 1.650000e+03 -1.000000e+00 0.000000e+00 -9.990070e+05 3.000000e+00 -1.000000e+00 -1.000000e+00 2.796989e-05 0.000000e+00 0.000000e+00 -1.000000e+00 0.500000e+00 -1.000000e+00 -9.990070e+05 0.000000e+00 8.658448e-03 7.625818e-02 -1.000000e+00 -1.000000e+00 0.000000e+00 -1.000000e+00 9 0.000000e+00 0.000000e+00
-1.000000e+00 -1.000000e+00 0.000000e+00 -1.000000e+00 -1.000000e+00 4.000000e+02 2.504692e-19 -1.000000e+00 0.000000e+00 -1.000000e+00 0.000000e+00 -1.000000e+00 -1.000000e+00 9.532833e-27 1.200000e+03 -1.000000e+00 0.000000e+00 -9.990070e+05 3.000000e+00 -1.000000e+00 -1.000000e+00 5.390057e-23 0.000000e+00 0.000000e+00 -1.000000e+00 1.849794e-15 -1.000000e+00 -9.990070e+05 1.849794e-15 8.112821e-16 1.420841e-12 -1.000000e+00 -1.000000e+00 0.000000e+00 -1.000000e+00 115 0.000000e+00 2.127510e-15
-1.000000e+00 -1.000000e+00 0.000000e+00 -1.000000e+00 -1.000000e+00 8.000000e+02 6.632237e-02 -1.000000e+00 0.000000e+00 -1.000000e+00 0.000000e+00 -1.000000e+00 -1.000000e+00 2.745764e-03 1.600000e+03 -1.000000e+00 0.000000e+00 -9.990070e+05 3.000000e+00 -1.000000e+00 -1.000000e+00 1.438601e-02 0.000000e+00 0.000000e+00 -1.000000e+00 2.349089e-01 -1.000000e+00 -9.990070e+05 2.349089e-01 2.395098e-01 5.781945e-01 -1.000000e+00 -1.000000e+00 0.000000e+00 -1.000000e+00 114 0.000000e+00 2.708679e-01
-1.000000e+00 -1.000000e+00 4.000000e+03 -1.000000e+00 -1.000000e+00 8.700000e+01 3.113432e-01 -1.000000e+00 1.000000e+00 -1.000000e+00 0.000000e+00 -1.000000e+00 -1.000000e+00 5.696325e-02 1.120000e+02 -1.000000e+00 1.000000e+00 -9.990070e+05 2.000000e+00 -1.000000e+00 -1.000000e+00 1.392232e-01 0.000000e+00 0.000000e+00 -1.000000e+00 1.579306e-01 -1.000000e+00 -9.990070e+05 1.579306e-01 5.884035e-01 8.578398e-01 -1.000000e+00 -1.000000e+00 0.000000e+00 -1.000000e+00 111 1.000000e+00 3.135079e-01
-1.000000e+00 -1.000000e+00 4.000000e+03 -1.000000e+00 -1.000000e+00 5.000000e+01 1.537655e-01 -1.000000e+00 1.000000e+00 -1.000000e+00 0.000000e+00 -1.000000e+00 -1.000000e+00 1.344470e-02 1.500000e+02 -1.000000e+00 1.000000e+00 -9.990070e+05 3.000000e+00 -1.000000e+00 -1.000000e+00 4.806425e-02 0.000000e+00 0.000000e+00 -1.000000e+00 0.500000e+00 -1.000000e+00 -9.990070e+05 0.000000e+00 3.980819e-01 7.335847e-01 -1.000000e+00 -1.000000e+00 0.000000e+00 -1.000000e+00 5 0.000000e+00 0.000000e+00
-1.000000e+00 -1.000000e+00 0.000000e+00 -1.000000e+00 -1.000000e+00 1.500000e+02 1.054811e-01 -1.000000e+00 0.000000e+00 -1.000000e+00 0.000000e+00 -1.000000e+00 -1.000000e+00 6.503767e-03 1.850000e+03 -1.000000e+00 0.000000e+00 -9.990070e+05 3.000000e+00 -1.000000e+00 -1.000000e+00 2.780512e-02 0.000000e+00 0.000000e+00 -1.000000e+00 3.440152e-01 -1.000000e+00 -9.990070e+05 3.440152e-01 3.185495e-01 6.635525e-01 -1.000000e+00 -1.000000e+00 0.000000e+00 -1.000000e+00 112 0.000000e+00 3.872922e-01
-1.000000e+00 -1.000000e+00 0.000000e+00 -1.000000e+00 -1.000000e+00 7.000000e+02 2.253817e-01 -1.000000e+00 0.000000e+00 -1.000000e+00 0.000000e+00 -1.000000e+00 -1.000000e+00 2.893562e-02 1.900000e+03 -1.000000e+00 0.000000e+00 -9.990070e+05 3.000000e+00 -1.000000e+00 -1.000000e+00 8.491080e-02 0.000000e+00 0.000000e+00 -1.000000e+00 0.500000e+00 -1.000000e+00 -9.990070e+05 0.000000e+00 4.943519e-01 8.028160e-01 -1.000000e+00 -1.000000e+00 0.000000e+00 -1.000000e+00 9 0.000000e+00 0.000000e+00
-1.000000e+00 -1.000000e+00 0.000000e+00 -1.000000e+00 -1.000000e+00 1.000000e+02 3.993650e-14 -1.000000e+00 0.000000e+00 -1.000000e+00 0.000000e+00 -1.000000e+00 -1.000000e+00 2.558187e-20 1.300000e+03 -1.000000e+00 0.000000e+00 -9.990070e+05 3.000000e+00 -1.000000e+00 -1.000000e+00 3.520146e-17 0.000000e+00 0.000000e+00 -1.000000e+00 6.794231e-12 -1.000000e+00 -9.990070e+05 6.794231e-12 3.172075e-11 1.370809e-08 -1.000000e+00 -1.000000e+00 0.000000e+00 -1.000000e+00 114 0.000000e+00 8.623799e-12
-1.000000e+00 -1.000000e+00 0.000000e+00 -1.000000e+00 -1.000000e+00 5.000000e+02 2.202034e-11 -1.000000e+00 0.000000e+00 -1.000000e+00 0.000000e+00 -1.000000e+00 -1.000000e+00 7.829500e-17 1.300000e+03 -1.000000e+00 0.000000e+00 -9.990070e+05 3.000000e+00 -1.000000e+00 -1.000000e+00 4.566494e-14 0.000000e+00 0.000000e+00 -1.000000e+00 2.141053e-08 -1.000000e+00 -9.990070e+05 2.141053e-08 7.463671e-09 1.384508e-06 -1.000000e+00 -1.000000e+00 0.000000e+00 -1.000000e+00 115 0.000000e+00 2.412551e-08
-1.000000e+00 -1.000000e+00 0.000000e+00 -1.000000e+00 -1.000000e+00 8.500000e+02 8.208719e-02 -1.000000e+00 0.000000e+00 -1.000000e+00 0.000000e+00 -1.000000e+00 -1.000000e+00 4.065313e-03 1.150000e+03 -1.000000e+00 0.000000e+00 -9.990070e+05 3.000000e+00 -1.000000e+00 -1.000000e+00 1.943908e-02 0.000000e+00 0.000000e+00 -1.000000e+00 4.081368e-02 -1.000000e+00 -9.990070e+05 4.081368e-02 2.734242e-01 6.171079e-01 -1.000000e+00 -1.000000e+00 0.000000e+00 -1.000000e+00 117 0.000000e+00 8.179828e-02
-1.000000e+00 -1.000000e+00 0.000000e+00 -1.000000e+00 -1.000000e+00 5.500000e+02 1.486779e-09 -1.000000e+00 0.000000e+00 -1.000000e+00 0.000000e+00 -1.000000e+00 -1.000000e+00 1.883274e-14 8.500000e+02 -1.000000e+00 0.000000e+00 -9.990070e+05 3.000000e+00 -1.000000e+00 -1.000000e+00 5.811646e-12 0.000000e+00 0.000000e+00 -1.000000e+00 7.353200e-10 -1.000000e+00 -9.990070e+05 7.353200e-10 2.684076e-07 2.668025e-05 -1.000000e+00 -1.000000e+00 0.000000e+00 -1.000000e+00 117 0.000000e+00 1.472707e-09
-1.000000e+00 -1.000000e+00 0.000000e+00 -1.000000e+00 -1.000000e+00 5.500000e+02 1.698332e-05 -1.000000e+00 0.000000e+00 -1.000000e+00 0.000000e+00 -1.000000e+00 -1.000000e+00 6.488854e-09 1.450000e+03 -1.000000e+00 0.000000e+00 -9.990070e+05 3.000000e+00 -1.000000e+00 -1.000000e+00 3.624497e-07 0.000000e+00 0.000000e+00 -1.000000e+00 0.500000e+00 -1.000000e+00 -9.990070e+05 0.000000e+00 5.720202e-04 1.093743e-02 -1.000000e+00 -1.000000e+00 0.000000e+00 -1.000000e+00 13 0.000000e+00 0.000000e+00
-1.000000e+00 -1.000000e+00 -1.000000e+00 -1.000000e+00 -1.000000e+00 1.750000e+02 1.708987e-02 -1.000000e+00 0.000000e+00 -1.000000e+00 1.000000e+00 -1.000000e+00 -1.000000e+00 2.551835e-04 2.250000e+02 -1.000000e+00 0.000000e+00 -9.990070e+05 -1.000000e+00 -1.000000e+00 -1.000000e+00 2.245066e-03 0.000000e+00 0.000000e+00 -1.000000e+00 0.500000e+00 -1.000000e+00 -9.990070e+05 0.000000e+00 9.872483e-02 3.583571e-01 -1.000000e+00 -1.000000e+00 0.000000e+00 -1.000000e+00 14 0.000000e+00 0.000000e+00
-1.000000e+00 -1.000000e+00 0.000000e+00 -1.000000e+00 -1.000000e+00 7.500000e+02 2.407871e-01 -1.000000e+00 0.000000e+00 -1.000000e+00 0.000000e+00 -1.000000e+00 -1.000000e+00 3.315613e-02 1.850000e+03 -1.000000e+00 0.000000e+00 -9.990070e+05 3.000000e+00 -1.000000e+00 -1.000000e+00 9.384714e-02 1.000000e+00 0.000000e+00 -1.000000e+00 5.000000e-01 -1.000000e+00 -9.990070e+05 5.000000e-01 5.126521e-01 8.144031e-01 -1.000000e+00 -1.000000e+00 0.000000e+00 -1.000000e+00 112 0.000000e+00 5.684360e-01
-1.000000e+00 -1.000000e+00 0.000000e+00 -1.000000e+00 -1.000000e+00 8.000000e+02 3.109814e-03 -1.000000e+00 0.000000e+00 -1.000000e+00 0.000000e+00 -1.000000e+00 -1.000000e+00 1.576076e-05 1.200000e+03 -1.000000e+00 0.000000e+00 -9.990070e+05 3.000000e+00 -1.000000e+00 -1.000000e+00 2.395194e-04 0.000000e+00 0.000000e+00 -1.000000e+00 1.544143e-03 -1.000000e+00 -9.990070e+05 1.544143e-03 2.994394e-02 1.733099e-01 -1.000000e+00 -1.000000e+00 0.000000e+00 -1.000000e+00 117 0.000000e+00 3.093571e-03
-1.000000e+00 -1.000000e+00 0.000000e+00 -1.000000e+00 -1.000000e+00 0.000000e+00 2.574793e-01 -1.000000e+00 0.000000e+00 -1.000000e+00 0.000000e+00 -1.000000e+00 -1.000000e+00 3.811004e-02 2.000000e+03 -1.000000e+00 0.000000e+00 -9.990070e+05 3.000000e+00 -1.000000e+00 -1.000000e+00 1.039250e-01 0.000000e+00 0.000000e+00 -1.000000e+00 0.500000e+00 -1.000000e+00 -9.990070e+05 0.000000e+00 5.317038e-01 8.259932e-01 -1.000000e+00 -1.000000e+00 0.000000e+00 -1.000000e+00 9 0.000000e+00 0.000000e+00
-1.000000e+00 -1.000000e+00 0.000000e+00 -1.000000e+00 -1.000000e+00 4.500000e+02 1.059334e-03 -1.000000e+00 0.000000e+00 -1.000000e+00 0.000000e+00 -1.000000e+00 -1.000000e+00 2.929256e-06 1.550000e+03 -1.000000e+00 0.000000e+00 -9.990070e+05 3.000000e+00 -1.000000e+00 -1.000000e+00 6.043298e-05 0.000000e+00 0.000000e+00 -1.000000e+00 0.500000e+00 -1.000000e+00 -9.990070e+05 0.000000e+00 1.363856e-02 1.036408e-01 -1.000000e+00 -1.000000e+00 0.000000e+00 -1.000000e+00 4 0.000000e+00 0.000000e+00
-1.000000e+00 -1.000000e+00 0.000000e+00 -1.000000e+00 -1.000000e+00 7.000000e+02 1.136175e-05 -1.000000e+00 0.000000e+00 -1.000000e+00 0.000000e+00 -1.000000e+00 -1.000000e+00 3.658032e-09 1.100000e+03 -1.000000e+00 0.000000e+00 -9.990070e+05 3.000000e+00 -1.000000e+00 -1.000000e+00 2.226792e-07 0.000000e+00 0.000000e+00 -1.000000e+00 0.500000e+00 -1.000000e+00 -9.990070e+05 0.000000e+00 4.161381e-04 8.632309e-03 -1.000000e+00 -1.000000e+00 0.000000e+00 -1.000000e+00 3 0.000000e+00 0.000000e+00
-1.000000e+00 -1.000000e+00 0.000000e+00 -1.000000e+00 -1.000000e+00 6.500000e+02 1.314702e-09 -1.000000e+00 0.000000e+00 -1.000000e+00 0.000000e+00 -1.000000e+00 -1.000000e+00 1.601817e-14 7.500000e+02 -1.000000e+00 0.000000e+00 -9.990070e+05 3.000000e+00 -1.000000e+00 -1.000000e+00 5.040334e-12 0.000000e+00 0.000000e+00 -1.000000e+00 1.026234e-09 -1.000000e+00 -9.990070e+05 1.026234e-09 2.419564e-07 2.451324e-05 -1.000000e+00 -1.000000e+00 0.000000e+00 -1.000000e+00 111 0.000000e+00 1.941069e-09
-1.000000e+00 -1.000000e+00 0.000000e+00 -1.000000e+00 -1.000000e+00 0.000000e+00 1.700607e-20 -1.000000e+00 0.000000e+00 -1.000000e+00 0.000000e+00 -1.000000e+00 -1.000000e+00 3.635837e-28 1.200000e+03 -1.000000e+00 0.000000e+00 -9.990070e+05 3.000000e+00 -1.000000e+00 -1.000000e+00 2.743589e-24 0.000000e+00 0.000000e+00 -1.000000e+00 6.858705e-18 -1.000000e+00 -9.990070e+05 6.858705e-18 7.342635e-17 1.712589e-13 -1.000000e+00 -1.000000e+00 0.000000e+00 -1.000000e+00 114 0.000000e+00 8.895839e-18
-1.000000e+00 -1.000000e+00 0.000000e+00 -1.000000e+00 -1.000000e+00 7.500000e+02 1.039373e-01 -1.000000e+00 0.000000e+00 -1.000000e+00 0.000000e+00 -1.000000e+00 -1.000000e+00 6.324809e-03 1.650000e+03 -1.000000e+00 0.000000e+00 -9.990070e+05 3.000000e+00 -1.000000e+00 -1.000000e+00 2.722256e-02 1.000000e+00 0.000000e+00 -1.000000e+00 0.500000e+00 -1.000000e+00 -9.990070e+05 0.000000e+00 3.157307e-01 6.608097e-01 -1.000000e+00 -1.000000e+00 0.000000e+00 -1.000000e+00 13 0.000000e+00 0.000000e+00
-1.000000e+00 -1.000000e+00 0.000000e+00 -1.000000e+00 -1.000000e+00 2.500000e+02 1.708155e-05 -1.000000e+00 0.000000e+00 -1.000000e+00 0.000000e+00 -1.000000e+00 -1.000000e+00 6.542578e-09 1.550000e+03 -1.000000e+00 0.000000e+00 -9.990070e+05 3.000000e+00 -1.000000e+00 -1.000000e+00 3.649958e-07 0.000000e+00 0.000000e+00 -1.000000e+00 4.453140e-04 -1.000000e+00 -9.990070e+05 4.453140e-04 5.746313e-04 1.097442e-02 -1.000000e+00 -1.000000e+00 0.000000e+00 -1.000000e+00 112 0.000000e+00 5.328533e-04
-1.000000e+00 -1.000000e+00 0.000000e+00 -1.000000e+00 -1.000000e+00 1.500000e+02 1.358156e-06 -1.000000e+00 0.000000e+00 -1.000000e+00 0.000000e+00 -1.000000e+00 -1.000000e+00 1.852648e-10 2.500000e+02 -1.000000e+00 0.000000e+00 -9.990070e+05 3.000000e+00 -1.000000e+00 -1.000000e+00 1.735840e-08 0.000000e+00 0.000000e+00 -1.000000e+00 0.500000e+00 -1.000000e+00 -9.990070e+05 0.000000e+00 7.582988e-05 2.373785e-03 -1.000000e+00 -1.000000e+00 0.000000e+00 -1.000000e+00 14 0.000000e+00 0.000000e+00
-1.000000e+00 -1.000000e+00 0.000000e+00 -1.000000e+00 -1.000000e+00 3.500000e+02 2.123045e-03 -1.000000e+00 0.000000e+00 -1.000000e+00 0.000000e+00 -1.000000e+00 -1.000000e+00 8.630983e-06 1.650000e+03 -1.000000e+00 0.000000e+00 -9.990070e+05 3.000000e+00 -1.000000e+00 -1.000000e+00 1.466066e-04 0.000000e+00 0.000000e+00 -1.000000e+00 2.239358e-02 -1.000000e+00 -9.990070e+05 2.239358e-02 2.271533e-02 1.450575e-01 -1.000000e+00 -1.000000e+00 0.000000e+00 -1.000000e+00 112 0.000000e+00 2.613798e-02
-1.000000e+00 -1.000000e+00 0.000000e+00 -1.000000e+00 -1.000000e+00 6.500000e+02 1.057387e-06 -1.000000e+00 0.000000e+00 -1.000000e+00 0.000000e+00 -1.000000e+00 -1.000000e+00 1.309479e-10 9.500000e+02 -1.000000e+00 0.000000e+00 -9.990070e+05 3.000000e+00 -1.000000e+00 -1.000000e+00 1.287911e-08 0.000000e+00 0.000000e+00 -1.000000e+00 5.232124e-07 -1.000000e+00 -9.990070e+05 5.232124e-07 6.191235e-05 2.030498e-03 -1.000000e+00 -1.000000e+00 0.000000e+00 -1.000000e+00 117 0.000000e+00 1.048143e-06
-1.000000e+00 -1.000000e+00 0.000000e+00 -1.000000e+00 -1.000000e+00 6.500000e+02 2.312968e-01 -1.000000e+00 0.000000e+00 -1.000000e+00 0.000000e+00 -1.000000e+00 -1.000000e+00 3.051694e-02 1.950000e+03 -1.000000e+00 0.000000e+00 -9.990070e+05 3.000000e+00 -1.000000e+00 -1.000000e+00 8.830045e-02 0.000000e+00 0.000000e+00 -1.000000e+00 0.500000e+00 -1.000000e+00 -9.990070e+05 0.000000e+00 5.014639e-01 8.073733e-01 -1.000000e+00 -1.000000e+00 0.000000e+00 -1.000000e+00 9 0.000000e+00 0.000000e+00
-1.000000e+00 -1.000000e+00 0.000000e+00 -1.000000e+00 -1.000000e+00 4.000000e+02 5.811598e-08 -1.000000e+00 0.000000e+00 -1.000000e+00 0.000000e+00 -1.000000e+00 -1.000000e+00 2.487987e-12 1.400000e+03 -1.000000e+00 0.000000e+00 -9.990070e+05 3.000000e+00 -1.000000e+00 -1.000000e+00 4.169448e-10 0.000000e+00 0.000000e+00 -1.000000e+00 2.828189e-06 -1.000000e+00 -9.990070e+05 2.828189e-06 5.744643e-06 3.151317e-04 -1.000000e+00 -1.000000e+00 0.000000e+00 -1.000000e+00 114 0.000000e+00 3.482563e-06
-1.000000e+00 -1.000000e+00 0.000000e+00 -1.000000e+00 -1.000000e+00 5.000000e+02 1.328083e-01 -1.000000e+00 0.000000e+00 -1.000000e+00 0.000000e+00 -1.000000e+00 -1.000000e+00 1.010639e-02 1.900000e+03 -1.000000e+00 0.000000e+00 -9.990070e+05 3.000000e+00 -1.000000e+00 -1.000000e+00 3.879607e-02 0.000000e+00 0.000000e+00 -1.000000e+00 0.500000e+00 -1.000000e+00 -9.990070e+05 0.000000e+00 3.654152e-01 7.064348e-01 -1.000000e+00 -1.000000e+00 0.000000e+00 -1.000000e+00 9 0.000000e+00 0.000000e+00
-1.000000e+00 -1.000000e+00 0.000000e+00 -1.000000e+00 -1.000000e+00 3.000000e+02 1.904909e-01 -1.000000e+00 0.000000e+00 -1.000000e+00 0.000000e+00 -1.000000e+00 -1.000000e+00 2.056844e-02 1.900000e+03 -1.000000e+00 0.000000e+00 -9.990070e+05 3.000000e+00 -1.000000e+00 -1.000000e+00 6.598100e-02 0.000000e+00 0.000000e+00 -1.000000e+00 4.808716e-01 -1.000000e+00 -9.990070e+05 4.808716e-01 4.500081e-01 7.727573e-01 -1.000000e+00 -1.000000e+00 0.000000e+00 -1.000000e+00 112 0.000000e+00 5.364627e-01
-1.000000e+00 -1.000000e+00 0.000000e+00 -1.000000e+00 -1.000000e+00 6.750000e+02 1.057757e-08 -1.000000e+00 0.000000e+00 -1.000000e+00 0.000000e+00 -1.000000e+00 -1.000000e+00 2.532768e-13 7.250000e+02 -1.000000e+00 0.000000e+00 -9.990070e+05 3.000000e+00 -1.000000e+00 -1.000000e+00 5.680139e-11 0.000000e+00 0.000000e+00 -1.000000e+00 2.785803e-07 -1.000000e+00 -9.990070e+05 2.785803e-07 1.393364e-06 1.014480e-04 -1.000000e+00 -1.000000e+00 0.000000e+00 -1.000000e+00 110 0.000000e+00 3.651549e-07
-1.000000e+00 -1.000000e+00 0.000000e+00 -1.000000e+00 -1.000000e+00 3.000000e+02 3.715209e-03 -1.000000e+00 0.000000e+00 -1.000000e+00 0.000000e+00 -1.000000e+00 -1.000000e+00 2.091524e-05 1.700000e+03 -1.000000e+00 0.000000e+00 -9.990070e+05 3.000000e+00 -1.000000e+00 -1.000000e+00 3.014245e-04 0.000000e+00 0.000000e+00 -1.000000e+00 0.500000e+00 -1.000000e+00 -9.990070e+05 0.000000e+00 3.402412e-02 1.879690e-01 -1.000000e+00 -1.000000e+00 0.000000e+00 -1.000000e+00 9 0.000000e+00 0.000000e+00
-1.000000e+00 -1.000000e+00 0.000000e+00 -1.000000e+00 -1.000000e+00 5.000000e+02 1.674936e-19 -1.000000e+00 0.000000e+00 -1.000000e+00 0.000000e+00 -1.000000e+00 -1.000000e+00 5.841208e-27 1.100000e+03 -1.000000e+00 0.000000e+00 -9.990070e+05 3.000000e+00 -1.000000e+00 -1.000000e+00 3.450427e-23 0.000000e+00 0.000000e+00 -1.000000e+00 1.116165e-15 -1.000000e+00 -9.990070e+05 1.116165e-15 5.666751e-16 1.036483e-12 -1.000000e+00 -1.000000e+00 0.000000e+00 -1.000000e+00 115 0.000000e+00 1.289740e-15
-1.000000e+00 -1.000000e+00 0.000000e+00 -1.000000e+00 -1.000000e+00 5.500000e+02 1.002265e-01 -1.000000e+00 0.000000e+00 -1.000000e+00 0.000000e+00 -1.000000e+00 -1.000000e+00 5.905191e-03 1.850000e+03 -1.000000e+00 0.000000e+00 -9.990070e+05 3.000000e+00 -1.000000e+00 -1.000000e+00 2.583956e-02 0.000000e+00 0.000000e+00 -1.000000e+00 0.500000e+00 -1.000000e+00 -9.990070e+05 0.000000e+00 3.088707e-01 6.540506e-01 -1.000000e+00 -1.000000e+00 0.000000e+00 -1.000000e+00 9 0.000000e+00 0.000000e+00
-1.000000e+00 -1.000000e+00 0.000000e+00 -1.000000e+00 -1.000000e+00 6.000000e+02 1.060435e-01 -1.000000e+00 0.000000e+00 -1.000000e+00 0.000000e+00 -1.000000e+00 -1.000000e+00 6.569607e-03 1.800000e+03 -1.000000e+00 0.000000e+00 -9.990070e+05 3.000000e+00 -1.000000e+00 -1.000000e+00 2.801839e-02 0.000000e+00 0.000000e+00 -1.000000e+00 3.443762e-01 -1.000000e+00 -9.990070e+05 3.443762e-01 3.195713e-01 6.645420e-01 -1.000000e+00 -1.000000e+00 0.000000e+00 -1.000000e+00 112 0.000000e+00 3.878338e-01
-1.000000e+00 -1.000000e+00 0.000000e+00 -1.000000e+00 -1.000000e+00 4.500000e+02 2.768386e-16 -1.000000e+00 0.000000e+00 -1.000000e+00 0.000000e+00 -1.000000e+00 -1.000000e+00 5.189863e-23 5.500000e+02 -1.000000e+00 0.000000e+00 -9.990070e+05 3.000000e+00 -1.000000e+00 -1.000000e+00 1.321115e-19 0.000000e+00 0.000000e+00 -1.000000e+00 0.500000e+00 -1.000000e+00 -9.990070e+05 0.000000e+00 4.052605e-13 3.217726e-10 -1.000000e+00 -1.000000e+00 0.000000e+00 -1.000000e+00 14 0.000000e+00 0.000000e+00
-1.000000e+00 -1.000000e+00 0.000000e+00 -1.000000e+00 -1.000000e+00 6.500000e+02 3.380073e-06 -1.000000e+00 0.000000e+00 -1.000000e+00 0.000000e+00 -1.000000e+00 -1.000000e+00 6.607313e-10 1.350000e+03 -1.000000e+00 0.000000e+00 -9.990070e+05 3.000000e+00 -1.000000e+00 -1.000000e+00 5.167683e-08 0.000000e+00 0.000000e+00 -1.000000e+00 4.364276e-04 -1.000000e+00 -9.990070e+05 4.364276e-04 1.581308e-04 4.164098e-03 -1.000000e+00 -1.000000e+00 0.000000e+00 -1.000000e+00 115 0.000000e+00 4.816060e-04
-1.000000e+00 -1.000000e+00 0.000000e+00 -1.000000e+00 -1.000000e+00 4.000000e+02 3.633516e-02 -1.000000e+00 0.000000e+00 -1.000000e+00 0.000000e+00 -1.000000e+00 -1.000000e+00 9.352469e-04 1.800000e+03 -1.000000e+00 0.000000e+00 -9.990070e+05 3.000000e+00 -1.000000e+00 -1.000000e+00 6.241189e-03 0.000000e+00 0.000000e+00 -1.000000e+00 0.500000e+00 -1.000000e+00 -9.990070e+05 0.000000e+00 1.630277e-01 4.736655e-01 -1.000000e+00 -1.000000e+00 0.000000e+00 -1.000000e+00 9 0.000000e+00 0.000000e+00
-1.000000e+00 -1.000000e+00 0.000000e+00 -1.000000e+00 -1.000000e+00 8.870000e+02 2.480315e-01 -1.000000e+00 0.000000e+00 -1.000000e+00 0.000000e+00 -1.000000e+00 -1.000000e+00 3.525671e-02 9.120000e+02 -1.000000e+00 0.000000e+00 -9.990070e+05 3.000000e+00 -1.000000e+00 -1.000000e+00 9.817064e-02 0.000000e+00 0.000000e+00 -1.000000e+00 3.876225e-01 -1.000000e+00 -9.990070e+05 3.876225e-01 5.210158e-01 8.195493e-01 -1.000000e+00 -1.000000e+00 0.000000e+00 -1.000000e+00 110 0.000000e+00 4.798812e-01
-1.000000e+00 -1.000000e+00 0.000000e+00 -1.000000e+00 -1.000000e+00 6.000000e+02 2.278519e-05 -1.000000e+00 0.000000e+00 -1.000000e+00 0.000000e+00 -1.000000e+00 -1.000000e+00 9.885520e-09 1.400000e+03 -1.000000e+00 0.000000e+00 -9.990070e+05 3.000000e+00 -1.000000e+00 -1.000000e+00 5.180115e-07 0.000000e+00 0.000000e+00 -1.000000e+00 1.943193e-03 -1.000000e+00 -9.990070e+05 1.943193e-03 7.211639e-04 1.298140e-02 -1.000000e+00 -1.000000e+00 0.000000e+00 -1.000000e+00 115 0.000000e+00 2.132464e-03
-1.000000e+00 -1.000000e+00 0.000000e+00 -1.000000e+00 -1.000000e+00 6.500000e+02 7.377709e-02 -1.000000e+00 0.000000e+00 -1.000000e+00 0.000000e+00 -1.000000e+00 -1.000000e+00 3.337760e-03 1.750000e+03 -1.000000e+00 0.000000e+00 -9.990070e+05 3.000000e+00 -1.000000e+00 -1.000000e+00 1.671412e-02 0.000000e+00 0.000000e+00 -1.000000e+00 2.759365e-01 -1.000000e+00 -9.990070e+05 2.759365e-01 2.559597e-01 5.975433e-01 -1.000000e+00 -1.000000e+00 0.000000e+00 -1.000000e+00 112 0.000000e+00 3.122963e-01
-1.000000e+00 -1.000000e+00 0.000000e+00 -1.000000e+00 -1.000000e+00 8.000000e+02 4.142714e-01 -1.000000e+00 0.000000e+00 -1.000000e+00 0.000000e+00 -1.000000e+00 -1.000000e+00 1.067360e-01 2.000000e+03 -1.000000e+00 0.000000e+00 -9.990070e+05 3.000000e+00 -1.000000e+00 -1.000000e+00 2.184265e-01 0.000000e+00 0.000000e+00 -1.000000e+00 0.500000e+00 -1.000000e+00 -9.990070e+05 0.000000e+00 6.808580e-01 9.022403e-01 -1.000000e+00 -1.000000e+00 0.000000e+00 -1.000000e+00 9 0.000000e+00 0.000000e+00
