-1.000000e+00 -1.000000e+00 0.000000e+00 -1.000000e+00 -1.000000e+00 0.000000e+00 0.000000e+00 -1.000000e+00 0.000000e+00 -1.000000e+00 0.000000e+00 -1.000000e+00 -1.000000e+00 0.000000e+00 6.000000e+02 -1.000000e+00 0.000000e+00 -9.990070e+05 3.000000e+00 -1.000000e+00 -1.000000e+00 0.000000e+00 0.000000e+00 0.000000e+00 -1.000000e+00 0.500000e+00 -1.000000e+00 -9.990070e+05 0.000000e+00 0.000000e+00 0.000000e+00 -1.000000e+00 -1.000000e+00 0.000000e+00 -1.000000e+00 11 0.000000e+00 0.000000e+00
-1.000000e+00 -1.000000e+00 0.000000e+00 -1.000000e+00 -1.000000e+00 3.000000e+02 1.448490e-03 -1.000000e+00 0.000000e+00 -1.000000e+00 0.000000e+00 -1.000000e+00 -1.000000e+00 4.752393e-06 1.100000e+03 -1.000000e+00 0.000000e+00 -9.990070e+05 3.000000e+00 -1.000000e+00 -1.000000e+00 8.994491e-05 0.000000e+00 0.000000e+00 -1.000000e+00 2.301355e-02 -1.000000e+00 -9.990070e+05 2.301355e-02 1.717654e-02 1.207944e-01 -1.000000e+00 -1.000000e+00 0.000000e+00 -1.000000e+00 101 0.000000e+00 2.606554e-02
-1.000000e+00 -1.000000e+00 0.000000e+00 -1.000000e+00 -1.000000e+00 0.000000e+00 1.014306e-16 -1.000000e+00 0.000000e+00 -1.000000e+00 0.000000e+00 -1.000000e+00 -1.000000e+00 1.499497e-23 9.000000e+02 -1.000000e+00 0.000000e+00 -9.990070e+05 3.000000e+00 -1.000000e+00 -1.000000e+00 4.298978e-20 0.000000e+00 0.000000e+00 -1.000000e+00 0.500000e+00 -1.000000e+00 -9.990070e+05 0.000000e+00 1.671223e-13 1.492725e-10 -1.000000e+00 -1.000000e+00 0.000000e+00 -1.000000e+00 10 0.000000e+00 0.000000e+00
-1.000000e+00 -1.000000e+00 0.000000e+00 -1.000000e+00 -1.000000e+00 3.000000e+02 1.052904e-06 -1.000000e+00 0.000000e+00 -1.000000e+00 0.000000e+00 -1.000000e+00 -1.000000e+00 1.301799e-10 9.000000e+02 -1.000000e+00 0.000000e+00 -9.990070e+05 3.000000e+00 -1.000000e+00 -1.000000e+00 1.281408e-08 0.000000e+00 0.000000e+00 -1.000000e+00 3.275587e-06 -1.000000e+00 -9.990070e+05 3.275587e-06 6.169942e-05 2.025108e-03 -1.000000e+00 -1.000000e+00 0.000000e+00 -1.000000e+00 105 0.000000e+00 5.072998e-06
-1.000000e+00 -1.000000e+00 0.000000e+00 -1.000000e+00 -1.000000e+00 0.000000e+00 1.030807e-02 -1.000000e+00 0.000000e+00 -1.000000e+00 0.000000e+00 -1.000000e+00 -1.000000e+00 1.096110e-04 2.000000e+02 -1.000000e+00 0.000000e+00 -9.990070e+05 3.000000e+00 -1.000000e+00 -1.000000e+00 1.145289e-03 0.000000e+00 0.000000e+00 -1.000000e+00 0.500000e+00 -1.000000e+00 -9.990070e+05 0.000000e+00 6.983337e-02 2.925844e-01 -1.000000e+00 -1.000000e+00 0.000000e+00 -1.000000e+00 14 0.000000e+00 0.000000e+00
-1.000000e+00 -1.000000e+00 0.000000e+00 -1.000000e+00 -1.000000e+00 4.000000e+02 3.306377e-01 -1.000000e+00 0.000000e+00 -1.000000e+00 0.000000e+00 -1.000000e+00 -1.000000e+00 6.484966e-02 1.500000e+03 -1.000000e+00 0.000000e+00 -9.990070e+05 3.000000e+00 -1.000000e+00 -1.000000e+00 1.528941e-01 0.000000e+00 0.000000e+00 -1.000000e+00 4.658181e-01 -1.000000e+00 -9.990070e+05 4.658181e-01 6.071683e-01 8.675670e-01 -1.000000e+00 -1.000000e+00 0.000000e+00 -1.000000e+00 102 0.000000e+00 5.733341e-01
-1.000000e+00 -1.000000e+00 0.000000e+00 -1.000000e+00 -1.000000e+00 4.000000e+02 1.103591e-01 -1.000000e+00 0.000000e+00 -1.000000e+00 0.000000e+00 -1.000000e+00 -1.000000e+00 7.086264e-03 7.000000e+02 -1.000000e+00 0.000000e+00 -9.990070e+05 3.000000e+00 -1.000000e+00 -1.000000e+00 2.967334e-02 0.000000e+00 0.000000e+00 -1.000000e+00 1.465576e-01 -1.000000e+00 -9.990070e+05 1.465576e-01 3.273254e-01 6.719672e-01 -1.000000e+00 -1.000000e+00 0.000000e+00 -1.000000e+00 105 0.000000e+00 2.072319e-01
-1.000000e+00 -1.000000e+00 0.000000e+00 -1.000000e+00 -1.000000e+00 3.500000e+02 3.133311e-13 -1.000000e+00 0.000000e+00 -1.000000e+00 0.000000e+00 -1.000000e+00 -1.000000e+00 3.437752e-19 4.000000e+02 -1.000000e+00 0.000000e+00 -9.990070e+05 3.000000e+00 -1.000000e+00 -1.000000e+00 3.613075e-16 0.000000e+00 0.000000e+00 -1.000000e+00 0.500000e+00 -1.000000e+00 -9.990070e+05 0.000000e+00 1.904480e-10 6.308331e-08 -1.000000e+00 -1.000000e+00 0.000000e+00 -1.000000e+00 14 0.000000e+00 0.000000e+00
-1.000000e+00 -1.000000e+00 0.000000e+00 -1.000000e+00 -1.000000e+00 2.000000e+02 1.565156e-02 -1.000000e+00 0.000000e+00 -1.000000e+00 0.000000e+00 -1.000000e+00 -1.000000e+00 2.200154e-04 1.300000e+03 -1.000000e+00 0.000000e+00 -9.990070e+05 3.000000e+00 -1.000000e+00 -1.000000e+00 1.995806e-03 0.000000e+00 0.000000e+00 -1.000000e+00 5.782662e-02 -1.000000e+00 -9.990070e+05 5.782662e-02 9.300600e-02 3.462378e-01 -1.000000e+00 -1.000000e+00 0.000000e+00 -1.000000e+00 102 0.000000e+00 7.223184e-02
-1.000000e+00 -1.000000e+00 0.000000e+00 -1.000000e+00 -1.000000e+00 3.000000e+02 3.446248e-15 -1.000000e+00 0.000000e+00 -1.000000e+00 0.000000e+00 -1.000000e+00 -1.000000e+00 1.191052e-21 7.000000e+02 -1.000000e+00 0.000000e+00 -9.990070e+05 3.000000e+00 -1.000000e+00 -1.000000e+00 2.232169e-18 0.000000e+00 0.000000e+00 -1.000000e+00 0.500000e+00 -1.000000e+00 -9.990070e+05 0.000000e+00 3.720759e-12 2.182011e-09 -1.000000e+00 -1.000000e+00 0.000000e+00 -1.000000e+00 11 0.000000e+00 0.000000e+00
-1.000000e+00 -1.000000e+00 0.000000e+00 -1.000000e+00 -1.000000e+00 2.750000e+02 1.073814e-04 -1.000000e+00 0.000000e+00 -1.000000e+00 0.000000e+00 -1.000000e+00 -1.000000e+00 9.390323e-08 3.000000e+02 -1.000000e+00 0.000000e+00 -9.990070e+05 3.000000e+00 -1.000000e+00 -1.000000e+00 3.459130e-06 0.000000e+00 0.000000e+00 -1.000000e+00 3.172210e-04 -1.000000e+00 -9.990070e+05 3.172210e-04 2.414213e-03 3.122542e-02 -1.000000e+00 -1.000000e+00 0.000000e+00 -1.000000e+00 110 0.000000e+00 4.691897e-04
-1.000000e+00 -1.000000e+00 0.000000e+00 -1.000000e+00 -1.000000e+00 2.000000e+02 2.853432e-01 -1.000000e+00 0.000000e+00 -1.000000e+00 0.000000e+00 -1.000000e+00 -1.000000e+00 4.729935e-02 1.500000e+03 -1.000000e+00 0.000000e+00 -9.990070e+05 3.000000e+00 -1.000000e+00 -1.000000e+00 1.216571e-01 0.000000e+00 0.000000e+00 -1.000000e+00 4.271036e-01 -1.000000e+00 -9.990070e+05 4.271036e-01 5.618818e-01 8.434180e-01 -1.000000e+00 -1.000000e+00 0.000000e+00 -1.000000e+00 102 0.000000e+00 5.261033e-01
-1.000000e+00 -1.000000e+00 0.000000e+00 -1.000000e+00 -1.000000e+00 3.750000e+02 1.720295e-11 -1.000000e+00 0.000000e+00 -1.000000e+00 0.000000e+00 -1.000000e+00 -1.000000e+00 5.697805e-17 4.250000e+02 -1.000000e+00 0.000000e+00 -9.990070e+05 3.000000e+00 -1.000000e+00 -1.000000e+00 3.443404e-14 0.000000e+00 0.000000e+00 -1.000000e+00 1.258396e-11 -1.000000e+00 -9.990070e+05 1.258396e-11 6.039794e-09 1.160193e-06 -1.000000e+00 -1.000000e+00 0.000000e+00 -1.000000e+00 111 0.000000e+00 2.409938e-11
-1.000000e+00 -1.000000e+00 0.000000e+00 -1.000000e+00 -1.000000e+00 1.000000e+02 5.498540e-05 -1.000000e+00 0.000000e+00 -1.000000e+00 0.000000e+00 -1.000000e+00 -1.000000e+00 3.529365e-08 1.100000e+03 -1.000000e+00 0.000000e+00 -9.990070e+05 3.000000e+00 -1.000000e+00 -1.000000e+00 1.518896e-06 0.000000e+00 0.000000e+00 -1.000000e+00 0.500000e+00 -1.000000e+00 -9.990070e+05 0.000000e+00 1.437273e-03 2.149725e-02 -1.000000e+00 -1.000000e+00 0.000000e+00 -1.000000e+00 2 0.000000e+00 0.000000e+00
-1.000000e+00 -1.000000e+00 0.000000e+00 -1.000000e+00 -1.000000e+00 2.000000e+02 1.519668e-08 -1.000000e+00 0.000000e+00 -1.000000e+00 0.000000e+00 -1.000000e+00 -1.000000e+00 4.107852e-13 1.000000e+03 -1.000000e+00 0.000000e+00 -9.990070e+05 3.000000e+00 -1.000000e+00 -1.000000e+00 8.669181e-11 0.000000e+00 0.000000e+00 -1.000000e+00 0.500000e+00 -1.000000e+00 -9.990070e+05 0.000000e+00 1.885334e-06 1.293822e-04 -1.000000e+00 -1.000000e+00 0.000000e+00 -1.000000e+00 8 0.000000e+00 0.000000e+00
-1.000000e+00 -1.000000e+00 0.000000e+00 -1.000000e+00 -1.000000e+00 3.000000e+02 3.039345e-01 -1.000000e+00 0.000000e+00 -1.000000e+00 0.000000e+00 -1.000000e+00 -1.000000e+00 5.409894e-02 1.500000e+03 -1.000000e+00 0.000000e+00 -9.990070e+05 3.000000e+00 -1.000000e+00 -1.000000e+00 1.341176e-01 0.000000e+00 0.000000e+00 -1.000000e+00 4.436043e-01 -1.000000e+00 -9.990070e+05 4.436043e-01 5.809962e-01 8.538928e-01 -1.000000e+00 -1.000000e+00 0.000000e+00 -1.000000e+00 102 0.000000e+00 5.461467e-01
-1.000000e+00 -1.000000e+00 0.000000e+00 -1.000000e+00 -1.000000e+00 0.000000e+00 1.892135e-03 -1.000000e+00 0.000000e+00 -1.000000e+00 0.000000e+00 -1.000000e+00 -1.000000e+00 7.206592e-06 4.000000e+02 -1.000000e+00 0.000000e+00 -9.990070e+05 3.000000e+00 -1.000000e+00 -1.000000e+00 1.265071e-04 0.000000e+00 0.000000e+00 -1.000000e+00 2.937051e-03 -1.000000e+00 -9.990070e+05 2.937051e-03 2.088740e-02 1.373450e-01 -1.000000e+00 -1.000000e+00 0.000000e+00 -1.000000e+00 104 0.000000e+00 4.606736e-03
-1.000000e+00 -1.000000e+00 0.000000e+00 -1.000000e+00 -1.000000e+00 1.000000e+02 4.838335e-01 -1.000000e+00 0.000000e+00 -1.000000e+00 0.000000e+00 -1.000000e+00 -1.000000e+00 1.523248e-01 1.600000e+03 -1.000000e+00 0.000000e+00 -9.990070e+05 3.000000e+00 -1.000000e+00 -1.000000e+00 2.808059e-01 1.000000e+00 0.000000e+00 -1.000000e+00 5.000000e-01 -1.000000e+00 -9.990070e+05 5.000000e-01 7.343650e-01 9.241994e-01 -1.000000e+00 -1.000000e+00 0.000000e+00 -1.000000e+00 102 0.000000e+00 6.595582e-01
-1.000000e+00 -1.000000e+00 0.000000e+00 -1.000000e+00 -1.000000e+00 4.000000e+02 1.588560e-03 -1.000000e+00 0.000000e+00 -1.000000e+00 0.000000e+00 -1.000000e+00 -1.000000e+00 5.485742e-06 6.000000e+02 -1.000000e+00 0.000000e+00 -9.990070e+05 3.000000e+00 -1.000000e+00 -1.000000e+00 1.011776e-04 0.000000e+00 0.000000e+00 -1.000000e+00 0.500000e+00 -1.000000e+00 -9.990070e+05 0.000000e+00 1.838004e-02 1.263057e-01 -1.000000e+00 -1.000000e+00 0.000000e+00 -1.000000e+00 14 0.000000e+00 0.000000e+00
-1.000000e+00 -1.000000e+00 0.000000e+00 -1.000000e+00 -1.000000e+00 5.000000e+02 1.174084e-01 -1.000000e+00 0.000000e+00 -1.000000e+00 0.000000e+00 -1.000000e+00 -1.000000e+00 7.974117e-03 1.000000e+03 -1.000000e+00 0.000000e+00 -9.990070e+05 3.000000e+00 -1.000000e+00 -1.000000e+00 3.244600e-02 0.000000e+00 0.000000e+00 -1.000000e+00 1.549665e-01 -1.000000e+00 -9.990070e+05 1.549665e-01 3.396749e-01 6.834981e-01 -1.000000e+00 -1.000000e+00 0.000000e+00 -1.000000e+00 105 0.000000e+00 2.185794e-01
-1.000000e+00 -1.000000e+00 0.000000e+00 -1.000000e+00 -1.000000e+00 3.000000e+02 4.829844e-05 -1.000000e+00 0.000000e+00 -1.000000e+00 0.000000e+00 -1.000000e+00 -1.000000e+00 2.923397e-08 6.000000e+02 -1.000000e+00 0.000000e+00 -9.990070e+05 3.000000e+00 -1.000000e+00 -1.000000e+00 1.295800e-06 0.000000e+00 0.000000e+00 -1.000000e+00 5.761287e-05 -1.000000e+00 -9.990070e+05 5.761287e-05 1.299166e-03 1.997700e-02 -1.000000e+00 -1.000000e+00 0.000000e+00 -1.000000e+00 106 0.000000e+00 9.894924e-05
-1.000000e+00 -1.000000e+00 0.000000e+00 -1.000000e+00 -1.000000e+00 2.000000e+02 4.989717e-01 -1.000000e+00 0.000000e+00 -1.000000e+00 0.000000e+00 -1.000000e+00 -1.000000e+00 1.636968e-01 1.600000e+03 -1.000000e+00 0.000000e+00 -9.990070e+05 3.000000e+00 -1.000000e+00 -1.000000e+00 2.953476e-01 1.000000e+00 0.000000e+00 -1.000000e+00 5.000000e-01 -1.000000e+00 -9.990070e+05 5.000000e-01 7.452235e-01 9.283505e-01 -1.000000e+00 -1.000000e+00 0.000000e+00 -1.000000e+00 102 0.000000e+00 6.662099e-01
-1.000000e+00 -1.000000e+00 0.000000e+00 -1.000000e+00 -1.000000e+00 3.000000e+02 4.789370e-03 -1.000000e+00 0.000000e+00 -1.000000e+00 0.000000e+00 -1.000000e+00 -1.000000e+00 3.141387e-05 1.200000e+03 -1.000000e+00 0.000000e+00 -9.990070e+05 3.000000e+00 -1.000000e+00 -1.000000e+00 4.190913e-04 0.000000e+00 0.000000e+00 -1.000000e+00 2.323123e-02 -1.000000e+00 -9.990070e+05 2.323123e-02 4.078394e-02 2.106527e-01 -1.000000e+00 -1.000000e+00 0.000000e+00 -1.000000e+00 102 0.000000e+00 2.916129e-02
-1.000000e+00 -1.000000e+00 0.000000e+00 -1.000000e+00 -1.000000e+00 6.000000e+02 2.708484e-01 -1.000000e+00 0.000000e+00 -1.000000e+00 0.000000e+00 -1.000000e+00 -1.000000e+00 4.237252e-02 1.300000e+03 -1.000000e+00 0.000000e+00 -9.990070e+05 3.000000e+00 -1.000000e+00 -1.000000e+00 1.122914e-01 0.000000e+00 0.000000e+00 -1.000000e+00 0.500000e+00 -1.000000e+00 -9.990070e+05 0.000000e+00 5.464243e-01 8.346321e-01 -1.000000e+00 -1.000000e+00 0.000000e+00 -1.000000e+00 8 0.000000e+00 0.000000e+00
-1.000000e+00 -1.000000e+00 0.000000e+00 -1.000000e+00 -1.000000e+00 4.000000e+02 3.176935e-06 -1.000000e+00 0.000000e+00 -1.000000e+00 0.000000e+00 -1.000000e+00 -1.000000e+00 6.057750e-10 5.000000e+02 -1.000000e+00 0.000000e+00 -9.990070e+05 3.000000e+00 -1.000000e+00 -1.000000e+00 4.797369e-08 0.000000e+00 0.000000e+00 -1.000000e+00 0.500000e+00 -1.000000e+00 -9.990070e+05 0.000000e+00 1.504530e-04 4.009444e-03 -1.000000e+00 -1.000000e+00 0.000000e+00 -1.000000e+00 14 0.000000e+00 0.000000e+00
-1.000000e+00 -1.000000e+00 0.000000e+00 -1.000000e+00 -1.000000e+00 4.000000e+02 2.587696e-02 -1.000000e+00 0.000000e+00 -1.000000e+00 0.000000e+00 -1.000000e+00 -1.000000e+00 5.180672e-04 1.200000e+03 -1.000000e+00 0.000000e+00 -9.990070e+05 3.000000e+00 -1.000000e+00 -1.000000e+00 3.927879e-03 0.000000e+00 0.000000e+00 -1.000000e+00 0.500000e+00 -1.000000e+00 -9.990070e+05 0.000000e+00 1.304025e-01 4.193425e-01 -1.000000e+00 -1.000000e+00 0.000000e+00 -1.000000e+00 8 0.000000e+00 0.000000e+00
-1.000000e+00 -1.000000e+00 0.000000e+00 -1.000000e+00 -1.000000e+00 3.000000e+02 1.737597e-05 -1.000000e+00 0.000000e+00 -1.000000e+00 0.000000e+00 -1.000000e+00 -1.000000e+00 6.704424e-09 4.000000e+02 -1.000000e+00 0.000000e+00 -9.990070e+05 3.000000e+00 -1.000000e+00 -1.000000e+00 3.726466e-07 0.000000e+00 0.000000e+00 -1.000000e+00 1.102055e-05 -1.000000e+00 -9.990070e+05 1.102055e-05 5.824377e-04 1.108473e-02 -1.000000e+00 -1.000000e+00 0.000000e+00 -1.000000e+00 111 0.000000e+00 2.114650e-05
-1.000000e+00 -1.000000e+00 0.000000e+00 -1.000000e+00 -1.000000e+00 3.000000e+02 2.998195e-02 -1.000000e+00 0.000000e+00 -1.000000e+00 0.000000e+00 -1.000000e+00 -1.000000e+00 6.684810e-04 1.300000e+03 -1.000000e+00 0.000000e+00 -9.990070e+05 3.000000e+00 -1.000000e+00 -1.000000e+00 4.798662e-03 0.000000e+00 0.000000e+00 -1.000000e+00 9.348009e-02 -1.000000e+00 -9.990070e+05 9.348009e-02 1.437394e-01 4.424414e-01 -1.000000e+00 -1.000000e+00 0.000000e+00 -1.000000e+00 102 0.000000e+00 1.164813e-01
-1.000000e+00 -1.000000e+00 0.000000e+00 -1.000000e+00 -1.000000e+00 3.000000e+02 1.363152e-04 -1.000000e+00 0.000000e+00 -1.000000e+00 0.000000e+00 -1.000000e+00 -1.000000e+00 1.334516e-07 1.000000e+03 -1.000000e+00 0.000000e+00 -9.990070e+05 3.000000e+00 -1.000000e+00 -1.000000e+00 4.644558e-06 0.000000e+00 0.000000e+00 -1.000000e+00 4.705467e-04 -1.000000e+00 -9.990070e+05 4.705467e-04 2.900929e-03 3.559006e-02 -1.000000e+00 -1.000000e+00 0.000000e+00 -1.000000e+00 103 0.000000e+00 6.780314e-04
-1.000000e+00 -1.000000e+00 0.000000e+00 -1.000000e+00 -1.000000e+00 5.000000e+02 1.125952e-01 -1.000000e+00 0.000000e+00 -1.000000e+00 0.000000e+00 -1.000000e+00 -1.000000e+00 7.361977e-03 9.000000e+02 -1.000000e+00 0.000000e+00 -9.990070e+05 3.000000e+00 -1.000000e+00 -1.000000e+00 3.054359e-02 0.000000e+00 0.000000e+00 -1.000000e+00 1.489787e-01 -1.000000e+00 -9.990070e+05 1.489787e-01 3.312842e-01 6.757025e-01 -1.000000e+00 -1.000000e+00 0.000000e+00 -1.000000e+00 105 0.000000e+00 2.105996e-01
-1.000000e+00 -1.000000e+00 0.000000e+00 -1.000000e+00 -1.000000e+00 2.500000e+02 1.083777e-08 -1.000000e+00 0.000000e+00 -1.000000e+00 0.000000e+00 -1.000000e+00 -1.000000e+00 2.616161e-13 3.000000e+02 -1.000000e+00 0.000000e+00 -9.990070e+05 3.000000e+00 -1.000000e+00 -1.000000e+00 5.843401e-11 0.000000e+00 0.000000e+00 -1.000000e+00 0.500000e+00 -1.000000e+00 -9.990070e+05 0.000000e+00 1.421935e-06 1.031200e-04 -1.000000e+00 -1.000000e+00 0.000000e+00 -1.000000e+00 14 0.000000e+00 0.000000e+00
-1.000000e+00 -1.000000e+00 0.000000e+00 -1.000000e+00 -1.000000e+00 6.000000e+02 5.948084e-01 -1.000000e+00 0.000000e+00 -1.000000e+00 0.000000e+00 -1.000000e+00 -1.000000e+00 2.493447e-01 1.600000e+03 -1.000000e+00 0.000000e+00 -9.990070e+05 3.000000e+00 -1.000000e+00 -1.000000e+00 3.956749e-01 1.000000e+00 0.000000e+00 -1.000000e+00 5.000000e-01 -1.000000e+00 -9.990070e+05 5.000000e-01 8.084085e-01 9.505901e-01 -1.000000e+00 -1.000000e+00 0.000000e+00 -1.000000e+00 102 0.000000e+00 7.116467e-01
-1.000000e+00 -1.000000e+00 0.000000e+00 -1.000000e+00 -1.000000e+00 5.000000e+02 1.447385e-04 -1.000000e+00 0.000000e+00 -1.000000e+00 0.000000e+00 -1.000000e+00 -1.000000e+00 1.458094e-07 6.000000e+02 -1.000000e+00 0.000000e+00 -9.990070e+05 3.000000e+00 -1.000000e+00 -1.000000e+00 5.002141e-06 0.000000e+00 0.000000e+00 -1.000000e+00 1.000531e-04 -1.000000e+00 -9.990070e+05 1.000531e-04 3.037643e-03 3.677264e-02 -1.000000e+00 -1.000000e+00 0.000000e+00 -1.000000e+00 111 0.000000e+00 1.879648e-04
-1.000000e+00 -1.000000e+00 0.000000e+00 -1.000000e+00 -1.000000e+00 0.000000e+00 1.217030e-02 -1.000000e+00 0.000000e+00 -1.000000e+00 0.000000e+00 -1.000000e+00 -1.000000e+00 1.443919e-04 1.300000e+03 -1.000000e+00 0.000000e+00 -9.990070e+05 3.000000e+00 -1.000000e+00 -1.000000e+00 1.427320e-03 0.000000e+00 0.000000e+00 -1.000000e+00 4.778474e-02 -1.000000e+00 -9.990070e+05 4.778474e-02 7.830778e-02 3.131426e-01 -1.000000e+00 -1.000000e+00 0.000000e+00 -1.000000e+00 102 0.000000e+00 5.975554e-02
-1.000000e+00 -1.000000e+00 0.000000e+00 -1.000000e+00 -1.000000e+00 0.000000e+00 4.870895e-01 -1.000000e+00 0.000000e+00 -1.000000e+00 0.000000e+00 -1.000000e+00 -1.000000e+00 1.547248e-01 1.600000e+03 -1.000000e+00 0.000000e+00 -9.990070e+05 3.000000e+00 -1.000000e+00 -1.000000e+00 2.839042e-01 1.000000e+00 0.000000e+00 -1.000000e+00 5.000000e-01 -1.000000e+00 -9.990070e+05 5.000000e-01 7.367226e-01 9.251092e-01 -1.000000e+00 -1.000000e+00 0.000000e+00 -1.000000e+00 102 0.000000e+00 6.609776e-01
-1.000000e+00 -1.000000e+00 0.000000e+00 -1.000000e+00 -1.000000e+00 5.000000e+02 2.938962e-01 -1.000000e+00 0.000000e+00 -1.000000e+00 0.000000e+00 -1.000000e+00 -1.000000e+00 5.035941e-02 7.000000e+02 -1.000000e+00 0.000000e+00 -9.990070e+05 3.000000e+00 -1.000000e+00 -1.000000e+00 1.273271e-01 0.000000e+00 0.000000e+00 -1.000000e+00 1.681790e-01 -1.000000e+00 -9.990070e+05 1.681790e-01 5.707714e-01 8.483421e-01 -1.000000e+00 -1.000000e+00 0.000000e+00 -1.000000e+00 111 0.000000e+00 3.142642e-01
-1.000000e+00 -1.000000e+00 0.000000e+00 -1.000000e+00 -1.000000e+00 2.000000e+02 5.112990e-18 -1.000000e+00 0.000000e+00 -1.000000e+00 0.000000e+00 -1.000000e+00 -1.000000e+00 3.798495e-25 8.000000e+02 -1.000000e+00 0.000000e+00 -9.990070e+05 3.000000e+00 -1.000000e+00 -1.000000e+00 1.536771e-21 0.000000e+00 0.000000e+00 -1.000000e+00 3.854340e-17 -1.000000e+00 -9.990070e+05 3.854340e-17 1.186784e-14 1.491231e-11 -1.000000e+00 -1.000000e+00 0.000000e+00 -1.000000e+00 105 0.000000e+00 6.179877e-17
-1.000000e+00 -1.000000e+00 0.000000e+00 -1.000000e+00 -1.000000e+00 6.000000e+02 3.485937e-01 -1.000000e+00 0.000000e+00 -1.000000e+00 0.000000e+00 -1.000000e+00 -1.000000e+00 7.276040e-02 1.400000e+03 -1.000000e+00 0.000000e+00 -9.990070e+05 3.000000e+00 -1.000000e+00 -1.000000e+00 1.661028e-01 0.000000e+00 0.000000e+00 -1.000000e+00 4.808060e-01 -1.000000e+00 -9.990070e+05 4.808060e-01 6.239881e-01 8.759646e-01 -1.000000e+00 -1.000000e+00 0.000000e+00 -1.000000e+00 102 0.000000e+00 5.913613e-01
-1.000000e+00 -1.000000e+00 0.000000e+00 -1.000000e+00 -1.000000e+00 5.000000e+02 1.383749e-01 -1.000000e+00 0.000000e+00 -1.000000e+00 0.000000e+00 -1.000000e+00 -1.000000e+00 1.094335e-02 1.300000e+03 -1.000000e+00 0.000000e+00 -9.990070e+05 3.000000e+00 -1.000000e+00 -1.000000e+00 4.118834e-02 0.000000e+00 0.000000e+00 -1.000000e+00 2.705085e-01 -1.000000e+00 -9.990070e+05 2.705085e-01 3.743402e-01 7.140612e-01 -1.000000e+00 -1.000000e+00 0.000000e+00 -1.000000e+00 102 0.000000e+00 3.347827e-01
-1.000000e+00 -1.000000e+00 0.000000e+00 -1.000000e+00 -1.000000e+00 3.000000e+02 2.404594e-12 -1.000000e+00 0.000000e+00 -1.000000e+00 0.000000e+00 -1.000000e+00 -1.000000e+00 4.580664e-18 8.000000e+02 -1.000000e+00 0.000000e+00 -9.990070e+05 3.000000e+00 -1.000000e+00 -1.000000e+00 3.651997e-15 0.000000e+00 0.000000e+00 -1.000000e+00 4.033718e-12 -1.000000e+00 -9.990070e+05 4.033718e-12 1.111084e-09 2.803026e-07 -1.000000e+00 -1.000000e+00 0.000000e+00 -1.000000e+00 106 0.000000e+00 7.101032e-12
-1.000000e+00 -1.000000e+00 0.000000e+00 -1.000000e+00 -1.000000e+00 6.000000e+02 1.755829e-01 -1.000000e+00 0.000000e+00 -1.000000e+00 0.000000e+00 -1.000000e+00 -1.000000e+00 1.747549e-02 7.000000e+02 -1.000000e+00 0.000000e+00 -9.990070e+05 3.000000e+00 -1.000000e+00 -1.000000e+00 5.845561e-02 0.000000e+00 0.000000e+00 -1.000000e+00 0.500000e+00 -1.000000e+00 -9.990070e+05 0.000000e+00 4.296564e-01 7.579479e-01 -1.000000e+00 -1.000000e+00 0.000000e+00 -1.000000e+00 14 0.000000e+00 0.000000e+00
-1.000000e+00 -1.000000e+00 0.000000e+00 -1.000000e+00 -1.000000e+00 4.000000e+02 1.651083e-01 -1.000000e+00 0.000000e+00 -1.000000e+00 0.000000e+00 -1.000000e+00 -1.000000e+00 1.546805e-02 1.400000e+03 -1.000000e+00 0.000000e+00 -9.990070e+05 3.000000e+00 -1.000000e+00 -1.000000e+00 5.337355e-02 0.000000e+00 0.000000e+00 -1.000000e+00 3.035487e-01 -1.000000e+00 -9.990070e+05 3.035487e-01 4.147801e-01 7.466871e-01 -1.000000e+00 -1.000000e+00 0.000000e+00 -1.000000e+00 102 0.000000e+00 3.752581e-01
-1.000000e+00 -1.000000e+00 0.000000e+00 -1.000000e+00 -1.000000e+00 5.000000e+02 2.291636e-01 -1.000000e+00 0.000000e+00 -1.000000e+00 0.000000e+00 -1.000000e+00 -1.000000e+00 2.994107e-02 1.400000e+03 -1.000000e+00 0.000000e+00 -9.990070e+05 3.000000e+00 -1.000000e+00 -1.000000e+00 8.707202e-02 0.000000e+00 0.000000e+00 -1.000000e+00 3.734936e-01 -1.000000e+00 -9.990070e+05 3.734936e-01 4.989115e-01 8.057458e-01 -1.000000e+00 -1.000000e+00 0.000000e+00 -1.000000e+00 102 0.000000e+00 4.607939e-01
-1.000000e+00 -1.000000e+00 0.000000e+00 -1.000000e+00 -1.000000e+00 4.000000e+02 4.536525e-03 -1.000000e+00 0.000000e+00 -1.000000e+00 0.000000e+00 -1.000000e+00 -1.000000e+00 2.879194e-05 1.000000e+03 -1.000000e+00 0.000000e+00 -9.990070e+05 3.000000e+00 -1.000000e+00 -1.000000e+00 3.905547e-04 0.000000e+00 0.000000e+00 -1.000000e+00 6.587853e-03 -1.000000e+00 -9.990070e+05 6.587853e-03 3.924035e-02 2.056304e-01 -1.000000e+00 -1.000000e+00 0.000000e+00 -1.000000e+00 104 0.000000e+00 1.028882e-02
-1.000000e+00 -1.000000e+00 0.000000e+00 -1.000000e+00 -1.000000e+00 5.750000e+02 3.160861e-03 -1.000000e+00 0.000000e+00 -1.000000e+00 0.000000e+00 -1.000000e+00 -1.000000e+00 1.617326e-05 6.000000e+02 -1.000000e+00 0.000000e+00 -9.990070e+05 3.000000e+00 -1.000000e+00 -1.000000e+00 2.446052e-04 0.000000e+00 0.000000e+00 -1.000000e+00 2.602310e-03 -1.000000e+00 -9.990070e+05 2.602310e-03 3.029695e-02 1.746109e-01 -1.000000e+00 -1.000000e+00 0.000000e+00 -1.000000e+00 109 0.000000e+00 4.625533e-03
-1.000000e+00 -1.000000e+00 0.000000e+00 -1.000000e+00 -1.000000e+00 4.000000e+02 4.845464e-02 -1.000000e+00 0.000000e+00 -1.000000e+00 0.000000e+00 -1.000000e+00 -1.000000e+00 1.557486e-03 1.300000e+03 -1.000000e+00 0.000000e+00 -9.990070e+05 3.000000e+00 -1.000000e+00 -1.000000e+00 9.283001e-03 0.000000e+00 0.000000e+00 -1.000000e+00 1.319752e-01 -1.000000e+00 -9.990070e+05 1.319752e-01 1.963373e-01 5.225141e-01 -1.000000e+00 -1.000000e+00 0.000000e+00 -1.000000e+00 102 0.000000e+00 1.641336e-01
-1.000000e+00 -1.000000e+00 0.000000e+00 -1.000000e+00 -1.000000e+00 4.000000e+02 1.069383e-04 -1.000000e+00 0.000000e+00 -1.000000e+00 0.000000e+00 -1.000000e+00 -1.000000e+00 9.333417e-08 9.000000e+02 -1.000000e+00 0.000000e+00 -9.990070e+05 3.000000e+00 -1.000000e+00 -1.000000e+00 3.441531e-06 0.000000e+00 0.000000e+00 -1.000000e+00 1.201502e-04 -1.000000e+00 -9.990070e+05 1.201502e-04 2.406527e-03 3.115436e-02 -1.000000e+00 -1.000000e+00 0.000000e+00 -1.000000e+00 106 0.000000e+00 2.071542e-04
-1.000000e+00 -1.000000e+00 0.000000e+00 -1.000000e+00 -1.000000e+00 6.000000e+02 1.263553e-01 -1.000000e+00 0.000000e+00 -1.000000e+00 0.000000e+00 -1.000000e+00 -1.000000e+00 9.180413e-03 1.000000e+03 -1.000000e+00 0.000000e+00 -9.990070e+05 3.000000e+00 -1.000000e+00 -1.000000e+00 3.608690e-02 0.000000e+00 0.000000e+00 -1.000000e+00 0.500000e+00 -1.000000e+00 -9.990070e+05 0.000000e+00 3.548247e-01 6.971712e-01 -1.000000e+00 -1.000000e+00 0.000000e+00 -1.000000e+00 10 0.000000e+00 0.000000e+00
-1.000000e+00 -1.000000e+00 0.000000e+00 -1.000000e+00 -1.000000e+00 4.500000e+02 2.387029e-11 -1.000000e+00 0.000000e+00 -1.000000e+00 0.000000e+00 -1.000000e+00 -1.000000e+00 8.686940e-17 5.000000e+02 -1.000000e+00 0.000000e+00 -9.990070e+05 3.000000e+00 -1.000000e+00 -1.000000e+00 5.007911e-14 0.000000e+00 0.000000e+00 -1.000000e+00 1.893415e-11 -1.000000e+00 -9.990070e+05 1.893415e-11 7.997859e-09 1.466715e-06 -1.000000e+00 -1.000000e+00 0.000000e+00 -1.000000e+00 111 0.000000e+00 3.592196e-11
-1.000000e+00 -1.000000e+00 0.000000e+00 -1.000000e+00 -1.000000e+00 6.000000e+02 3.383386e-01 -1.000000e+00 0.000000e+00 -1.000000e+00 0.000000e+00 -1.000000e+00 -1.000000e+00 6.817364e-02 9.000000e+02 -1.000000e+00 0.000000e+00 -9.990070e+05 3.000000e+00 -1.000000e+00 -1.000000e+00 1.585016e-01 0.000000e+00 0.000000e+00 -1.000000e+00 0.500000e+00 -1.000000e+00 -9.990070e+05 0.000000e+00 6.144552e-01 8.712417e-01 -1.000000e+00 -1.000000e+00 0.000000e+00 -1.000000e+00 10 0.000000e+00 0.000000e+00
-1.000000e+00 -1.000000e+00 0.000000e+00 -1.000000e+00 -1.000000e+00 1.000000e+02 1.571378e-03 -1.000000e+00 0.000000e+00 -1.000000e+00 0.000000e+00 -1.000000e+00 -1.000000e+00 5.393678e-06 1.200000e+03 -1.000000e+00 0.000000e+00 -9.990070e+05 3.000000e+00 -1.000000e+00 -1.000000e+00 9.978365e-05 0.000000e+00 0.000000e+00 -1.000000e+00 0.500000e+00 -1.000000e+00 -9.990070e+05 0.000000e+00 1.823412e-02 1.256452e-01 -1.000000e+00 -1.000000e+00 0.000000e+00 -1.000000e+00 2 0.000000e+00 0.000000e+00
-1.000000e+00 -1.000000e+00 0.000000e+00 -1.000000e+00 -1.000000e+00 0.000000e+00 3.732100e-30 -1.000000e+00 0.000000e+00 -1.000000e+00 0.000000e+00 -1.000000e+00 -1.000000e+00 1.163043e-39 8.000000e+02 -1.000000e+00 0.000000e+00 -9.990070e+05 3.000000e+00 -1.000000e+00 -1.000000e+00 7.279178e-35 0.000000e+00 0.000000e+00 -1.000000e+00 0.500000e+00 -1.000000e+00 -9.990070e+05 0.000000e+00 1.328140e-25 2.541143e-21 -1.000000e+00 -1.000000e+00 0.000000e+00 -1.000000e+00 10 0.000000e+00 0.000000e+00
-1.000000e+00 -1.000000e+00 0.000000e+00 -1.000000e+00 -1.000000e+00 2.000000e+02 4.051428e-15 -1.000000e+00 0.000000e+00 -1.000000e+00 0.000000e+00 -1.000000e+00 -1.000000e+00 1.457391e-21 9.000000e+02 -1.000000e+00 0.000000e+00 -9.990070e+05 3.000000e+00 -1.000000e+00 -1.000000e+00 2.677130e-18 0.000000e+00 0.000000e+00 -1.000000e+00 0.500000e+00 -1.000000e+00 -9.990070e+05 0.000000e+00 4.287884e-12 2.465259e-09 -1.000000e+00 -1.000000e+00 0.000000e+00 -1.000000e+00 10 0.000000e+00 0.000000e+00
-1.000000e+00 -1.000000e+00 0.000000e+00 -1.000000e+00 -1.000000e+00 2.000000e+02 1.961919e-03 -1.000000e+00 0.000000e+00 -1.000000e+00 0.000000e+00 -1.000000e+00 -1.000000e+00 7.626769e-06 1.200000e+03 -1.000000e+00 0.000000e+00 -9.990070e+05 3.000000e+00 -1.000000e+00 -1.000000e+00 1.325086e-04 0.000000e+00 0.000000e+00 -1.000000e+00 1.150448e-02 -1.000000e+00 -9.990070e+05 1.150448e-02 2.144647e-02 1.397320e-01 -1.000000e+00 -1.000000e+00 0.000000e+00 -1.000000e+00 102 0.000000e+00 1.447747e-02
-1.000000e+00 -1.000000e+00 0.000000e+00 -1.000000e+00 -1.000000e+00 1.000000e+02 2.002476e-07 -1.000000e+00 0.000000e+00 -1.000000e+00 0.000000e+00 -1.000000e+00 -1.000000e+00 1.332034e-11 1.000000e+03 -1.000000e+00 0.000000e+00 -9.990070e+05 3.000000e+00 -1.000000e+00 -1.000000e+00 1.789547e-09 0.000000e+00 0.000000e+00 -1.000000e+00 1.170106e-06 -1.000000e+00 -9.990070e+05 1.170106e-06 1.592504e-05 7.053145e-04 -1.000000e+00 -1.000000e+00 0.000000e+00 -1.000000e+00 103 0.000000e+00 1.711914e-06
-1.000000e+00 -1.000000e+00 0.000000e+00 -1.000000e+00 -1.000000e+00 1.000000e+02 1.755802e-17 -1.000000e+00 0.000000e+00 -1.000000e+00 0.000000e+00 -1.000000e+00 -1.000000e+00 1.727440e-24 9.000000e+02 -1.000000e+00 0.000000e+00 -9.990070e+05 3.000000e+00 -1.000000e+00 -1.000000e+00 6.072154e-21 0.000000e+00 0.000000e+00 -1.000000e+00 0.500000e+00 -1.000000e+00 -9.990070e+05 0.000000e+00 3.543313e-14 3.873086e-11 -1.000000e+00 -1.000000e+00 0.000000e+00 -1.000000e+00 10 0.000000e+00 0.000000e+00
-1.000000e+00 -1.000000e+00 0.000000e+00 -1.000000e+00 -1.000000e+00 1.000000e+02 1.424248e-01 -1.000000e+00 0.000000e+00 -1.000000e+00 0.000000e+00 -1.000000e+00 -1.000000e+00 1.157472e-02 1.400000e+03 -1.000000e+00 0.000000e+00 -9.990070e+05 3.000000e+00 -1.000000e+00 -1.000000e+00 4.296061e-02 0.000000e+00 0.000000e+00 -1.000000e+00 0.500000e+00 -1.000000e+00 -9.990070e+05 0.000000e+00 3.807167e-01 7.194119e-01 -1.000000e+00 -1.000000e+00 0.000000e+00 -1.000000e+00 2 0.000000e+00 0.000000e+00
-1.000000e+00 -1.000000e+00 0.000000e+00 -1.000000e+00 -1.000000e+00 4.000000e+02 5.149492e-01 -1.000000e+00 0.000000e+00 -1.000000e+00 0.000000e+00 -1.000000e+00 -1.000000e+00 1.763024e-01 1.600000e+03 -1.000000e+00 0.000000e+00 -9.990070e+05 3.000000e+00 -1.000000e+00 -1.000000e+00 3.110764e-01 1.000000e+00 0.000000e+00 -1.000000e+00 5.000000e-01 -1.000000e+00 -9.990070e+05 5.000000e-01 7.564067e-01 9.325223e-01 -1.000000e+00 -1.000000e+00 0.000000e+00 -1.000000e+00 102 0.000000e+00 6.733776e-01
-1.000000e+00 -1.000000e+00 0.000000e+00 -1.000000e+00 -1.000000e+00 2.000000e+02 1.119998e-01 -1.000000e+00 0.000000e+00 -1.000000e+00 0.000000e+00 -1.000000e+00 -1.000000e+00 7.288033e-03 1.400000e+03 -1.000000e+00 0.000000e+00 -9.990070e+05 3.000000e+00 -1.000000e+00 -1.000000e+00 3.031104e-02 0.000000e+00 0.000000e+00 -1.000000e+00 2.352165e-01 -1.000000e+00 -9.990070e+05 2.352165e-01 3.302340e-01 6.747152e-01 -1.000000e+00 -1.000000e+00 0.000000e+00 -1.000000e+00 102 0.000000e+00 2.914110e-01
-1.000000e+00 -1.000000e+00 0.000000e+00 -1.000000e+00 -1.000000e+00 5.000000e+02 1.373365e-01 -1.000000e+00 0.000000e+00 -1.000000e+00 0.000000e+00 -1.000000e+00 -1.000000e+00 1.078453e-02 1.100000e+03 -1.000000e+00 0.000000e+00 -9.990070e+05 3.000000e+00 -1.000000e+00 -1.000000e+00 4.073826e-02 0.000000e+00 0.000000e+00 -1.000000e+00 2.009879e-01 -1.000000e+00 -9.990070e+05 2.009879e-01 3.726897e-01 7.126631e-01 -1.000000e+00 -1.000000e+00 0.000000e+00 -1.000000e+00 103 0.000000e+00 2.710903e-01
-1.000000e+00 -1.000000e+00 0.000000e+00 -1.000000e+00 -1.000000e+00 4.000000e+02 1.633293e-02 -1.000000e+00 0.000000e+00 -1.000000e+00 0.000000e+00 -1.000000e+00 -1.000000e+00 2.363936e-04 1.100000e+03 -1.000000e+00 0.000000e+00 -9.990070e+05 3.000000e+00 -1.000000e+00 -1.000000e+00 2.112888e-03 0.000000e+00 0.000000e+00 -1.000000e+00 3.378646e-02 -1.000000e+00 -9.990070e+05 3.378646e-02 9.573813e-02 3.520764e-01 -1.000000e+00 -1.000000e+00 0.000000e+00 -1.000000e+00 103 0.000000e+00 4.713104e-02
-1.000000e+00 -1.000000e+00 0.000000e+00 -1.000000e+00 -1.000000e+00 6.000000e+02 1.008316e-01 -1.000000e+00 0.000000e+00 -1.000000e+00 0.000000e+00 -1.000000e+00 -1.000000e+00 5.972605e-03 1.100000e+03 -1.000000e+00 0.000000e+00 -9.990070e+05 3.000000e+00 -1.000000e+00 -1.000000e+00 2.606341e-02 0.000000e+00 0.000000e+00 -1.000000e+00 0.500000e+00 -1.000000e+00 -9.990070e+05 0.000000e+00 3.099976e-01 6.551693e-01 -1.000000e+00 -1.000000e+00 0.000000e+00 -1.000000e+00 10 0.000000e+00 0.000000e+00
-1.000000e+00 -1.000000e+00 0.000000e+00 -1.000000e+00 -1.000000e+00 3.000000e+02 1.345365e-01 -1.000000e+00 0.000000e+00 -1.000000e+00 0.000000e+00 -1.000000e+00 -1.000000e+00 1.036242e-02 1.400000e+03 -1.000000e+00 0.000000e+00 -9.990070e+05 3.000000e+00 -1.000000e+00 -1.000000e+00 3.953332e-02 0.000000e+00 0.000000e+00 -1.000000e+00 2.656597e-01 -1.000000e+00 -9.990070e+05 2.656597e-01 3.682064e-01 7.088374e-01 -1.000000e+00 -1.000000e+00 0.000000e+00 -1.000000e+00 102 0.000000e+00 3.287971e-01
-1.000000e+00 -1.000000e+00 0.000000e+00 -1.000000e+00 -1.000000e+00 0.000000e+00 2.843953e-01 -1.000000e+00 0.000000e+00 -1.000000e+00 0.000000e+00 -1.000000e+00 -1.000000e+00 4.696726e-02 1.500000e+03 -1.000000e+00 0.000000e+00 -9.990070e+05 3.000000e+00 -1.000000e+00 -1.000000e+00 1.210352e-01 0.000000e+00 0.000000e+00 -1.000000e+00 4.262310e-01 -1.000000e+00 -9.990070e+05 4.262310e-01 5.608863e-01 8.428608e-01 -1.000000e+00 -1.000000e+00 0.000000e+00 -1.000000e+00 102 0.000000e+00 5.250494e-01
-1.000000e+00 -1.000000e+00 0.000000e+00 -1.000000e+00 -1.000000e+00 4.750000e+02 4.016313e-04 -1.000000e+00 0.000000e+00 -1.000000e+00 0.000000e+00 -1.000000e+00 -1.000000e+00 6.685390e-07 5.000000e+02 -1.000000e+00 0.000000e+00 -9.990070e+05 3.000000e+00 -1.000000e+00 -1.000000e+00 1.781191e-05 0.000000e+00 0.000000e+00 -1.000000e+00 0.500000e+00 -1.000000e+00 -9.990070e+05 0.000000e+00 6.606494e-03 6.334202e-02 -1.000000e+00 -1.000000e+00 0.000000e+00 -1.000000e+00 14 0.000000e+00 0.000000e+00
-1.000000e+00 -1.000000e+00 0.000000e+00 -1.000000e+00 -1.000000e+00 6.000000e+02 4.475721e-01 -1.000000e+00 0.000000e+00 -1.000000e+00 0.000000e+00 -1.000000e+00 -1.000000e+00 1.272419e-01 1.500000e+03 -1.000000e+00 0.000000e+00 -9.990070e+05 3.000000e+00 -1.000000e+00 -1.000000e+00 2.473851e-01 1.000000e+00 0.000000e+00 -1.000000e+00 5.000000e-01 -1.000000e+00 -9.990070e+05 5.000000e-01 7.072496e-01 9.133902e-01 -1.000000e+00 -1.000000e+00 0.000000e+00 -1.000000e+00 102 0.000000e+00 6.441523e-01
-1.000000e+00 -1.000000e+00 0.000000e+00 -1.000000e+00 -1.000000e+00 6.000000e+02 4.294077e-01 -1.000000e+00 0.000000e+00 -1.000000e+00 0.000000e+00 -1.000000e+00 -1.000000e+00 1.157676e-01 8.000000e+02 -1.000000e+00 0.000000e+00 -9.990070e+05 3.000000e+00 -1.000000e+00 -1.000000e+00 2.313849e-01 0.000000e+00 0.000000e+00 -1.000000e+00 4.109181e-02 -1.000000e+00 -9.990070e+05 4.109181e-02 6.930404e-01 9.074661e-01 -1.000000e+00 -1.000000e+00 0.000000e+00 -1.000000e+00 107 0.000000e+00 2.394938e-01
-1.000000e+00 -1.000000e+00 0.000000e+00 -1.000000e+00 -1.000000e+00 1.000000e+02 2.191282e-22 -1.000000e+00 0.000000e+00 -1.000000e+00 0.000000e+00 -1.000000e+00 -1.000000e+00 1.908766e-30 8.000000e+02 -1.000000e+00 0.000000e+00 -9.990070e+05 3.000000e+00 -1.000000e+00 -1.000000e+00 2.257328e-26 0.000000e+00 0.000000e+00 -1.000000e+00 2.046782e-21 -1.000000e+00 -9.990070e+05 2.046782e-21 1.480323e-18 5.395261e-15 -1.000000e+00 -1.000000e+00 0.000000e+00 -1.000000e+00 105 0.000000e+00 3.307690e-21
-1.000000e+00 -1.000000e+00 0.000000e+00 -1.000000e+00 -1.000000e+00 0.000000e+00 1.489768e-01 -1.000000e+00 0.000000e+00 -1.000000e+00 0.000000e+00 -1.000000e+00 -1.000000e+00 1.263663e-02 1.400000e+03 -1.000000e+00 0.000000e+00 -9.990070e+05 3.000000e+00 -1.000000e+00 -1.000000e+00 4.588403e-02 0.000000e+00 0.000000e+00 -1.000000e+00 0.500000e+00 -1.000000e+00 -9.990070e+05 0.000000e+00 3.908348e-01 7.277395e-01 -1.000000e+00 -1.000000e+00 0.000000e+00 -1.000000e+00 2 0.000000e+00 0.000000e+00
-1.000000e+00 -1.000000e+00 0.000000e+00 -1.000000e+00 -1.000000e+00 5.000000e+02 5.447367e-01 -1.000000e+00 0.000000e+00 -1.000000e+00 0.000000e+00 -1.000000e+00 -1.000000e+00 2.015283e-01 1.600000e+03 -1.000000e+00 0.000000e+00 -9.990070e+05 3.000000e+00 -1.000000e+00 -1.000000e+00 3.414553e-01 1.000000e+00 0.000000e+00 -1.000000e+00 5.000000e-01 -1.000000e+00 -9.990070e+05 5.000000e-01 7.765341e-01 9.397716e-01 -1.000000e+00 -1.000000e+00 0.000000e+00 -1.000000e+00 102 0.000000e+00 6.871609e-01
-1.000000e+00 -1.000000e+00 0.000000e+00 -1.000000e+00 -1.000000e+00 4.000000e+02 4.619350e-05 -1.000000e+00 0.000000e+00 -1.000000e+00 0.000000e+00 -1.000000e+00 -1.000000e+00 2.740389e-08 8.000000e+02 -1.000000e+00 0.000000e+00 -9.990070e+05 3.000000e+00 -1.000000e+00 -1.000000e+00 1.227010e-06 0.000000e+00 0.000000e+00 -1.000000e+00 5.336066e-05 -1.000000e+00 -9.990070e+05 5.336066e-05 1.254787e-03 1.947835e-02 -1.000000e+00 -1.000000e+00 0.000000e+00 -1.000000e+00 106 0.000000e+00 9.216126e-05
-1.000000e+00 -1.000000e+00 0.000000e+00 -1.000000e+00 -1.000000e+00 5.500000e+02 6.128673e-03 -1.000000e+00 0.000000e+00 -1.000000e+00 0.000000e+00 -1.000000e+00 -1.000000e+00 4.678186e-05 6.000000e+02 -1.000000e+00 0.000000e+00 -9.990070e+05 3.000000e+00 -1.000000e+00 -1.000000e+00 5.780566e-04 0.000000e+00 0.000000e+00 -1.000000e+00 0.500000e+00 -1.000000e+00 -9.990070e+05 0.000000e+00 4.856259e-02 2.347428e-01 -1.000000e+00 -1.000000e+00 0.000000e+00 -1.000000e+00 14 0.000000e+00 0.000000e+00
-1.000000e+00 -1.000000e+00 0.000000e+00 -1.000000e+00 -1.000000e+00 0.000000e+00 2.168626e-10 -1.000000e+00 0.000000e+00 -1.000000e+00 0.000000e+00 -1.000000e+00 -1.000000e+00 1.514337e-15 1.000000e+03 -1.000000e+00 0.000000e+00 -9.990070e+05 3.000000e+00 -1.000000e+00 -1.000000e+00 6.298165e-13 0.000000e+00 0.000000e+00 -1.000000e+00 0.500000e+00 -1.000000e+00 -9.990070e+05 0.000000e+00 5.258922e-08 7.000423e-06 -1.000000e+00 -1.000000e+00 0.000000e+00 -1.000000e+00 8 0.000000e+00 0.000000e+00
-1.000000e+00 -1.000000e+00 0.000000e+00 -1.000000e+00 -1.000000e+00 3.000000e+02 1.115848e-02 -1.000000e+00 0.000000e+00 -1.000000e+00 0.000000e+00 -1.000000e+00 -1.000000e+00 1.249930e-04 5.000000e+02 -1.000000e+00 0.000000e+00 -9.990070e+05 3.000000e+00 -1.000000e+00 -1.000000e+00 1.272048e-03 0.000000e+00 0.000000e+00 -1.000000e+00 6.914633e-03 -1.000000e+00 -9.990070e+05 6.914633e-03 7.376460e-02 3.022701e-01 -1.000000e+00 -1.000000e+00 0.000000e+00 -1.000000e+00 111 0.000000e+00 1.303906e-02
-1.000000e+00 -1.000000e+00 0.000000e+00 -1.000000e+00 -1.000000e+00 5.000000e+02 3.789197e-01 -1.000000e+00 0.000000e+00 -1.000000e+00 0.000000e+00 -1.000000e+00 -1.000000e+00 8.743154e-02 1.500000e+03 -1.000000e+00 0.000000e+00 -9.990070e+05 3.000000e+00 -1.000000e+00 -1.000000e+00 1.894777e-01 1.000000e+00 0.000000e+00 -1.000000e+00 5.000000e-01 -1.000000e+00 -9.990070e+05 5.000000e-01 6.511036e-01 8.888892e-01 -1.000000e+00 -1.000000e+00 0.000000e+00 -1.000000e+00 102 0.000000e+00 6.168726e-01
-1.000000e+00 -1.000000e+00 0.000000e+00 -1.000000e+00 -1.000000e+00 3.750000e+02 1.463997e-09 -1.000000e+00 0.000000e+00 -1.000000e+00 0.000000e+00 -1.000000e+00 -1.000000e+00 1.845378e-14 4.000000e+02 -1.000000e+00 0.000000e+00 -9.990070e+05 3.000000e+00 -1.000000e+00 -1.000000e+00 5.708666e-12 0.000000e+00 0.000000e+00 -1.000000e+00 2.279494e-08 -1.000000e+00 -9.990070e+05 2.279494e-08 2.649353e-07 2.639819e-05 -1.000000e+00 -1.000000e+00 0.000000e+00 -1.000000e+00 110 0.000000e+00 3.169324e-08
-1.000000e+00 -1.000000e+00 0.000000e+00 -1.000000e+00 -1.000000e+00 3.000000e+02 4.951495e-01 -1.000000e+00 0.000000e+00 -1.000000e+00 0.000000e+00 -1.000000e+00 -1.000000e+00 1.607738e-01 1.600000e+03 -1.000000e+00 0.000000e+00 -9.990070e+05 3.000000e+00 -1.000000e+00 -1.000000e+00 2.916430e-01 1.000000e+00 0.000000e+00 -1.000000e+00 5.000000e-01 -1.000000e+00 -9.990070e+05 5.000000e-01 7.425064e-01 9.273212e-01 -1.000000e+00 -1.000000e+00 0.000000e+00 -1.000000e+00 102 0.000000e+00 6.645178e-01
-1.000000e+00 -1.000000e+00 0.000000e+00 -1.000000e+00 -1.000000e+00 1.000000e+02 2.793202e-01 -1.000000e+00 0.000000e+00 -1.000000e+00 0.000000e+00 -1.000000e+00 -1.000000e+00 4.521294e-02 1.500000e+03 -1.000000e+00 0.000000e+00 -9.990070e+05 3.000000e+00 -1.000000e+00 -1.000000e+00 1.177282e-01 0.000000e+00 0.000000e+00 -1.000000e+00 4.216188e-01 -1.000000e+00 -9.990070e+05 4.216188e-01 5.555201e-01 8.398368e-01 -1.000000e+00 -1.000000e+00 0.000000e+00 -1.000000e+00 102 0.000000e+00 5.194414e-01
-1.000000e+00 -1.000000e+00 0.000000e+00 -1.000000e+00 -1.000000e+00 5.000000e+02 3.078808e-01 -1.000000e+00 0.000000e+00 -1.000000e+00 0.000000e+00 -1.000000e+00 -1.000000e+00 5.561350e-02 8.000000e+02 -1.000000e+00 0.000000e+00 -9.990070e+05 3.000000e+00 -1.000000e+00 -1.000000e+00 1.368272e-01 0.000000e+00 0.000000e+00 -1.000000e+00 2.430231e-01 -1.000000e+00 -9.990070e+05 2.430231e-01 5.849562e-01 8.560106e-01 -1.000000e+00 -1.000000e+00 0.000000e+00 -1.000000e+00 106 0.000000e+00 3.877958e-01
-1.000000e+00 -1.000000e+00 0.000000e+00 -1.000000e+00 -1.000000e+00 0.000000e+00 1.551112e-03 -1.000000e+00 0.000000e+00 -1.000000e+00 0.000000e+00 -1.000000e+00 -1.000000e+00 5.285838e-06 1.200000e+03 -1.000000e+00 0.000000e+00 -9.990070e+05 3.000000e+00 -1.000000e+00 -1.000000e+00 9.814514e-05 0.000000e+00 0.000000e+00 -1.000000e+00 0.500000e+00 -1.000000e+00 -9.990070e+05 0.000000e+00 1.806141e-02 1.248608e-01 -1.000000e+00 -1.000000e+00 0.000000e+00 -1.000000e+00 2 0.000000e+00 0.000000e+00
-1.000000e+00 -1.000000e+00 0.000000e+00 -1.000000e+00 -1.000000e+00 0.000000e+00 2.904528e-05 -1.000000e+00 0.000000e+00 -1.000000e+00 0.000000e+00 -1.000000e+00 -1.000000e+00 1.401471e-08 1.100000e+03 -1.000000e+00 0.000000e+00 -9.990070e+05 3.000000e+00 -1.000000e+00 -1.000000e+00 6.961829e-07 0.000000e+00 0.000000e+00 -1.000000e+00 1.184947e-03 -1.000000e+00 -9.990070e+05 1.184947e-03 8.727462e-04 1.493801e-02 -1.000000e+00 -1.000000e+00 0.000000e+00 -1.000000e+00 101 0.000000e+00 1.357113e-03
-1.000000e+00 -1.000000e+00 0.000000e+00 -1.000000e+00 -1.000000e+00 5.000000e+02 1.140370e-01 -1.000000e+00 0.000000e+00 -1.000000e+00 0.000000e+00 -1.000000e+00 -1.000000e+00 7.542657e-03 1.200000e+03 -1.000000e+00 0.000000e+00 -9.990070e+05 3.000000e+00 -1.000000e+00 -1.000000e+00 3.110927e-02 0.000000e+00 0.000000e+00 -1.000000e+00 3.909184e-01 -1.000000e+00 -9.990070e+05 3.909184e-01 3.338160e-01 6.780720e-01 -1.000000e+00 -1.000000e+00 0.000000e+00 -1.000000e+00 101 0.000000e+00 4.325384e-01
-1.000000e+00 -1.000000e+00 0.000000e+00 -1.000000e+00 -1.000000e+00 6.000000e+02 1.544502e-01 -1.000000e+00 0.000000e+00 -1.000000e+00 0.000000e+00 -1.000000e+00 -1.000000e+00 1.356245e-02 1.200000e+03 -1.000000e+00 0.000000e+00 -9.990070e+05 3.000000e+00 -1.000000e+00 -1.000000e+00 4.837894e-02 0.000000e+00 0.000000e+00 -1.000000e+00 0.500000e+00 -1.000000e+00 -9.990070e+05 0.000000e+00 3.991082e-01 7.344045e-01 -1.000000e+00 -1.000000e+00 0.000000e+00 -1.000000e+00 8 0.000000e+00 0.000000e+00
-1.000000e+00 -1.000000e+00 0.000000e+00 -1.000000e+00 -1.000000e+00 1.000000e+02 1.288522e-02 -1.000000e+00 0.000000e+00 -1.000000e+00 0.000000e+00 -1.000000e+00 -1.000000e+00 1.588083e-04 1.300000e+03 -1.000000e+00 0.000000e+00 -9.990070e+05 3.000000e+00 -1.000000e+00 -1.000000e+00 1.539838e-03 0.000000e+00 0.000000e+00 -1.000000e+00 4.996133e-02 -1.000000e+00 -9.990070e+05 4.996133e-02 8.143772e-02 3.204456e-01 -1.000000e+00 -1.000000e+00 0.000000e+00 -1.000000e+00 102 0.000000e+00 6.245000e-02
-1.000000e+00 -1.000000e+00 0.000000e+00 -1.000000e+00 -1.000000e+00 2.000000e+02 1.044328e-04 -1.000000e+00 0.000000e+00 -1.000000e+00 0.000000e+00 -1.000000e+00 -1.000000e+00 9.013795e-08 1.100000e+03 -1.000000e+00 0.000000e+00 -9.990070e+05 3.000000e+00 -1.000000e+00 -1.000000e+00 3.342349e-06 0.000000e+00 0.000000e+00 -1.000000e+00 3.223761e-03 -1.000000e+00 -9.990070e+05 3.223761e-03 2.362918e-03 3.074985e-02 -1.000000e+00 -1.000000e+00 0.000000e+00 -1.000000e+00 101 0.000000e+00 3.679469e-03
