-1.000000e+00 -1.000000e+00 0.000000e+00 -1.000000e+00 -1.000000e+00 0.000000e+00 0.000000e+00 -1.000000e+00 0.000000e+00 -1.000000e+00 0.000000e+00 -1.000000e+00 -1.000000e+00 0.000000e+00 6.000000e+02 -1.000000e+00 0.000000e+00 -9.990070e+05 3.000000e+00 -1.000000e+00 -1.000000e+00 0.000000e+00 0.000000e+00 0.000000e+00 -1.000000e+00 0.500000e+00 -1.000000e+00 -9.990070e+05 0.000000e+00 0.000000e+00 0.000000e+00 -1.000000e+00 -1.000000e+00 0.000000e+00 -1.000000e+00 11 0.000000e+00 0.000000e+00
-1.000000e+00 -1.000000e+00 0.000000e+00 -1.000000e+00 -1.000000e+00 3.000000e+02 3.397840e-04 -1.000000e+00 0.000000e+00 -1.000000e+00 0.000000e+00 -1.000000e+00 -1.000000e+00 5.198284e-07 1.100000e+03 -1.000000e+00 0.000000e+00 -9.990070e+05 3.000000e+00 -1.000000e+00 -1.000000e+00 1.445093e-05 0.000000e+00 0.000000e+00 -1.000000e+00 0.500000e+00 -1.000000e+00 -9.990070e+05 0.000000e+00 5.822231e-03 5.804111e-02 -1.000000e+00 -1.000000e+00 0.000000e+00 -1.000000e+00 8 0.000000e+00 0.000000e+00
-1.000000e+00 -1.000000e+00 0.000000e+00 -1.000000e+00 -1.000000e+00 0.000000e+00 1.014306e-16 -1.000000e+00 0.000000e+00 -1.000000e+00 0.000000e+00 -1.000000e+00 -1.000000e+00 1.499497e-23 9.000000e+02 -1.000000e+00 0.000000e+00 -9.990070e+05 3.000000e+00 -1.000000e+00 -1.000000e+00 4.298978e-20 0.000000e+00 0.000000e+00 -1.000000e+00 0.500000e+00 -1.000000e+00 -9.990070e+05 0.000000e+00 1.671223e-13 1.492725e-10 -1.000000e+00 -1.000000e+00 0.000000e+00 -1.000000e+00 10 0.000000e+00 0.000000e+00
-1.000000e+00 -1.000000e+00 0.000000e+00 -1.000000e+00 -1.000000e+00 3.000000e+02 1.353091e-11 -1.000000e+00 0.000000e+00 -1.000000e+00 0.000000e+00 -1.000000e+00 -1.000000e+00 4.184270e-17 9.000000e+02 -1.000000e+00 0.000000e+00 -9.990070e+05 3.000000e+00 -1.000000e+00 -1.000000e+00 2.617180e-14 0.000000e+00 0.000000e+00 -1.000000e+00 0.500000e+00 -1.000000e+00 -9.990070e+05 0.000000e+00 4.915246e-09 9.766366e-07 -1.000000e+00 -1.000000e+00 0.000000e+00 -1.000000e+00 10 0.000000e+00 0.000000e+00
-1.000000e+00 -1.000000e+00 0.000000e+00 -1.000000e+00 -1.000000e+00 0.000000e+00 1.030807e-02 -1.000000e+00 0.000000e+00 -1.000000e+00 0.000000e+00 -1.000000e+00 -1.000000e+00 1.096110e-04 2.000000e+02 -1.000000e+00 0.000000e+00 -9.990070e+05 3.000000e+00 -1.000000e+00 -1.000000e+00 1.145289e-03 0.000000e+00 0.000000e+00 -1.000000e+00 0.500000e+00 -1.000000e+00 -9.990070e+05 0.000000e+00 6.983337e-02 2.925844e-01 -1.000000e+00 -1.000000e+00 0.000000e+00 -1.000000e+00 14 0.000000e+00 0.000000e+00
-1.000000e+00 -1.000000e+00 0.000000e+00 -1.000000e+00 -1.000000e+00 4.000000e+02 4.044920e-01 -1.000000e+00 0.000000e+00 -1.000000e+00 0.000000e+00 -1.000000e+00 -1.000000e+00 1.011494e-01 1.500000e+03 -1.000000e+00 0.000000e+00 -9.990070e+05 3.000000e+00 -1.000000e+00 -1.000000e+00 2.102344e-01 0.000000e+00 0.000000e+00 -1.000000e+00 0.500000e+00 -1.000000e+00 -9.990070e+05 0.000000e+00 6.728144e-01 8.987143e-01 -1.000000e+00 -1.000000e+00 0.000000e+00 -1.000000e+00 2 0.000000e+00 0.000000e+00
-1.000000e+00 -1.000000e+00 0.000000e+00 -1.000000e+00 -1.000000e+00 4.000000e+02 2.345985e-04 -1.000000e+00 0.000000e+00 -1.000000e+00 0.000000e+00 -1.000000e+00 -1.000000e+00 2.986167e-07 7.000000e+02 -1.000000e+00 0.000000e+00 -9.990070e+05 3.000000e+00 -1.000000e+00 -1.000000e+00 9.106666e-06 0.000000e+00 0.000000e+00 -1.000000e+00 0.500000e+00 -1.000000e+00 -9.990070e+05 0.000000e+00 4.394753e-03 4.770897e-02 -1.000000e+00 -1.000000e+00 0.000000e+00 -1.000000e+00 11 0.000000e+00 0.000000e+00
-1.000000e+00 -1.000000e+00 0.000000e+00 -1.000000e+00 -1.000000e+00 3.500000e+02 3.133311e-13 -1.000000e+00 0.000000e+00 -1.000000e+00 0.000000e+00 -1.000000e+00 -1.000000e+00 3.437752e-19 4.000000e+02 -1.000000e+00 0.000000e+00 -9.990070e+05 3.000000e+00 -1.000000e+00 -1.000000e+00 3.613075e-16 0.000000e+00 0.000000e+00 -1.000000e+00 0.500000e+00 -1.000000e+00 -9.990070e+05 0.000000e+00 1.904480e-10 6.308331e-08 -1.000000e+00 -1.000000e+00 0.000000e+00 -1.000000e+00 14 0.000000e+00 0.000000e+00
-1.000000e+00 -1.000000e+00 0.000000e+00 -1.000000e+00 -1.000000e+00 2.000000e+02 3.064833e-02 -1.000000e+00 0.000000e+00 -1.000000e+00 0.000000e+00 -1.000000e+00 -1.000000e+00 6.945304e-04 1.300000e+03 -1.000000e+00 0.000000e+00 -9.990070e+05 3.000000e+00 -1.000000e+00 -1.000000e+00 4.944687e-03 0.000000e+00 0.000000e+00 -1.000000e+00 0.500000e+00 -1.000000e+00 -9.990070e+05 0.000000e+00 1.458346e-01 4.459524e-01 -1.000000e+00 -1.000000e+00 0.000000e+00 -1.000000e+00 2 0.000000e+00 0.000000e+00
-1.000000e+00 -1.000000e+00 0.000000e+00 -1.000000e+00 -1.000000e+00 3.000000e+02 3.446248e-15 -1.000000e+00 0.000000e+00 -1.000000e+00 0.000000e+00 -1.000000e+00 -1.000000e+00 1.191052e-21 7.000000e+02 -1.000000e+00 0.000000e+00 -9.990070e+05 3.000000e+00 -1.000000e+00 -1.000000e+00 2.232169e-18 0.000000e+00 0.000000e+00 -1.000000e+00 0.500000e+00 -1.000000e+00 -9.990070e+05 0.000000e+00 3.720759e-12 2.182011e-09 -1.000000e+00 -1.000000e+00 0.000000e+00 -1.000000e+00 11 0.000000e+00 0.000000e+00
-1.000000e+00 -1.000000e+00 0.000000e+00 -1.000000e+00 -1.000000e+00 2.750000e+02 3.642013e-05 -1.000000e+00 0.000000e+00 -1.000000e+00 0.000000e+00 -1.000000e+00 -1.000000e+00 1.942471e-08 3.000000e+02 -1.000000e+00 0.000000e+00 -9.990070e+05 3.000000e+00 -1.000000e+00 -1.000000e+00 9.175416e-07 0.000000e+00 0.000000e+00 -1.000000e+00 0.500000e+00 -1.000000e+00 -9.990070e+05 0.000000e+00 1.042072e-03 1.701038e-02 -1.000000e+00 -1.000000e+00 0.000000e+00 -1.000000e+00 14 0.000000e+00 0.000000e+00
-1.000000e+00 -1.000000e+00 0.000000e+00 -1.000000e+00 -1.000000e+00 2.000000e+02 3.786297e-01 -1.000000e+00 0.000000e+00 -1.000000e+00 0.000000e+00 -1.000000e+00 -1.000000e+00 8.728317e-02 1.500000e+03 -1.000000e+00 0.000000e+00 -9.990070e+05 3.000000e+00 -1.000000e+00 -1.000000e+00 1.892478e-01 0.000000e+00 0.000000e+00 -1.000000e+00 0.500000e+00 -1.000000e+00 -9.990070e+05 0.000000e+00 6.508515e-01 8.887724e-01 -1.000000e+00 -1.000000e+00 0.000000e+00 -1.000000e+00 2 0.000000e+00 0.000000e+00
-1.000000e+00 -1.000000e+00 0.000000e+00 -1.000000e+00 -1.000000e+00 3.750000e+02 8.008389e-13 -1.000000e+00 0.000000e+00 -1.000000e+00 0.000000e+00 -1.000000e+00 -1.000000e+00 1.129951e-18 4.250000e+02 -1.000000e+00 0.000000e+00 -9.990070e+05 3.000000e+00 -1.000000e+00 -1.000000e+00 1.047020e-15 0.000000e+00 0.000000e+00 -1.000000e+00 0.500000e+00 -1.000000e+00 -9.990070e+05 0.000000e+00 4.295606e-10 1.256685e-07 -1.000000e+00 -1.000000e+00 0.000000e+00 -1.000000e+00 14 0.000000e+00 0.000000e+00
-1.000000e+00 -1.000000e+00 0.000000e+00 -1.000000e+00 -1.000000e+00 1.000000e+02 5.498540e-05 -1.000000e+00 0.000000e+00 -1.000000e+00 0.000000e+00 -1.000000e+00 -1.000000e+00 3.529365e-08 1.100000e+03 -1.000000e+00 0.000000e+00 -9.990070e+05 3.000000e+00 -1.000000e+00 -1.000000e+00 1.518896e-06 0.000000e+00 0.000000e+00 -1.000000e+00 0.500000e+00 -1.000000e+00 -9.990070e+05 0.000000e+00 1.437273e-03 2.149725e-02 -1.000000e+00 -1.000000e+00 0.000000e+00 -1.000000e+00 2 0.000000e+00 0.000000e+00
-1.000000e+00 -1.000000e+00 0.000000e+00 -1.000000e+00 -1.000000e+00 2.000000e+02 1.519668e-08 -1.000000e+00 0.000000e+00 -1.000000e+00 0.000000e+00 -1.000000e+00 -1.000000e+00 4.107852e-13 1.000000e+03 -1.000000e+00 0.000000e+00 -9.990070e+05 3.000000e+00 -1.000000e+00 -1.000000e+00 8.669181e-11 0.000000e+00 0.000000e+00 -1.000000e+00 0.500000e+00 -1.000000e+00 -9.990070e+05 0.000000e+00 1.885334e-06 1.293822e-04 -1.000000e+00 -1.000000e+00 0.000000e+00 -1.000000e+00 8 0.000000e+00 0.000000e+00
-1.000000e+00 -1.000000e+00 0.000000e+00 -1.000000e+00 -1.000000e+00 3.000000e+02 3.832978e-01 -1.000000e+00 0.000000e+00 -1.000000e+00 0.000000e+00 -1.000000e+00 -1.000000e+00 8.969062e-02 1.500000e+03 -1.000000e+00 0.000000e+00 -9.990070e+05 3.000000e+00 -1.000000e+00 -1.000000e+00 1.929633e-01 0.000000e+00 0.000000e+00 -1.000000e+00 0.500000e+00 -1.000000e+00 -9.990070e+05 0.000000e+00 6.548926e-01 8.906367e-01 -1.000000e+00 -1.000000e+00 0.000000e+00 -1.000000e+00 2 0.000000e+00 0.000000e+00
-1.000000e+00 -1.000000e+00 0.000000e+00 -1.000000e+00 -1.000000e+00 0.000000e+00 5.388781e-31 -1.000000e+00 0.000000e+00 -1.000000e+00 0.000000e+00 -1.000000e+00 -1.000000e+00 1.204668e-40 4.000000e+02 -1.000000e+00 0.000000e+00 -9.990070e+05 3.000000e+00 -1.000000e+00 -1.000000e+00 8.902689e-36 0.000000e+00 0.000000e+00 -1.000000e+00 0.500000e+00 -1.000000e+00 -9.990070e+05 0.000000e+00 2.263555e-26 5.110606e-22 -1.000000e+00 -1.000000e+00 0.000000e+00 -1.000000e+00 11 0.000000e+00 0.000000e+00
-1.000000e+00 -1.000000e+00 0.000000e+00 -1.000000e+00 -1.000000e+00 1.000000e+02 5.716842e-01 -1.000000e+00 0.000000e+00 -1.000000e+00 0.000000e+00 -1.000000e+00 -1.000000e+00 2.263846e-01 1.600000e+03 -1.000000e+00 0.000000e+00 -9.990070e+05 3.000000e+00 -1.000000e+00 -1.000000e+00 3.701379e-01 0.000000e+00 0.000000e+00 -1.000000e+00 0.500000e+00 -1.000000e+00 -9.990070e+05 0.000000e+00 7.939799e-01 9.457917e-01 -1.000000e+00 -1.000000e+00 0.000000e+00 -1.000000e+00 2 0.000000e+00 0.000000e+00
-1.000000e+00 -1.000000e+00 0.000000e+00 -1.000000e+00 -1.000000e+00 4.000000e+02 1.588560e-03 -1.000000e+00 0.000000e+00 -1.000000e+00 0.000000e+00 -1.000000e+00 -1.000000e+00 5.485742e-06 6.000000e+02 -1.000000e+00 0.000000e+00 -9.990070e+05 3.000000e+00 -1.000000e+00 -1.000000e+00 1.011776e-04 0.000000e+00 0.000000e+00 -1.000000e+00 0.500000e+00 -1.000000e+00 -9.990070e+05 0.000000e+00 1.838004e-02 1.263057e-01 -1.000000e+00 -1.000000e+00 0.000000e+00 -1.000000e+00 14 0.000000e+00 0.000000e+00
-1.000000e+00 -1.000000e+00 0.000000e+00 -1.000000e+00 -1.000000e+00 5.000000e+02 3.759461e-03 -1.000000e+00 0.000000e+00 -1.000000e+00 0.000000e+00 -1.000000e+00 -1.000000e+00 2.131412e-05 1.000000e+03 -1.000000e+00 0.000000e+00 -9.990070e+05 3.000000e+00 -1.000000e+00 -1.000000e+00 3.060809e-04 0.000000e+00 0.000000e+00 -1.000000e+00 0.500000e+00 -1.000000e+00 -9.990070e+05 0.000000e+00 3.431387e-02 1.889801e-01 -1.000000e+00 -1.000000e+00 0.000000e+00 -1.000000e+00 10 0.000000e+00 0.000000e+00
-1.000000e+00 -1.000000e+00 0.000000e+00 -1.000000e+00 -1.000000e+00 3.000000e+02 4.887067e-12 -1.000000e+00 0.000000e+00 -1.000000e+00 0.000000e+00 -1.000000e+00 -1.000000e+00 1.133604e-17 6.000000e+02 -1.000000e+00 0.000000e+00 -9.990070e+05 3.000000e+00 -1.000000e+00 -1.000000e+00 8.188923e-15 0.000000e+00 0.000000e+00 -1.000000e+00 0.500000e+00 -1.000000e+00 -9.990070e+05 0.000000e+00 2.047734e-09 4.687989e-07 -1.000000e+00 -1.000000e+00 0.000000e+00 -1.000000e+00 11 0.000000e+00 0.000000e+00
-1.000000e+00 -1.000000e+00 0.000000e+00 -1.000000e+00 -1.000000e+00 2.000000e+02 7.342083e-01 -1.000000e+00 0.000000e+00 -1.000000e+00 0.000000e+00 -1.000000e+00 -1.000000e+00 4.243464e-01 1.600000e+03 -1.000000e+00 0.000000e+00 -9.990070e+05 3.000000e+00 -1.000000e+00 -1.000000e+00 5.685197e-01 0.000000e+00 0.000000e+00 -1.000000e+00 0.500000e+00 -1.000000e+00 -9.990070e+05 0.000000e+00 8.861088e-01 9.737425e-01 -1.000000e+00 -1.000000e+00 0.000000e+00 -1.000000e+00 8 0.000000e+00 0.000000e+00
-1.000000e+00 -1.000000e+00 0.000000e+00 -1.000000e+00 -1.000000e+00 3.000000e+02 6.335042e-03 -1.000000e+00 0.000000e+00 -1.000000e+00 0.000000e+00 -1.000000e+00 -1.000000e+00 4.936510e-05 1.200000e+03 -1.000000e+00 0.000000e+00 -9.990070e+05 3.000000e+00 -1.000000e+00 -1.000000e+00 6.036467e-04 0.000000e+00 0.000000e+00 -1.000000e+00 0.500000e+00 -1.000000e+00 -9.990070e+05 0.000000e+00 4.970926e-02 2.381384e-01 -1.000000e+00 -1.000000e+00 0.000000e+00 -1.000000e+00 2 0.000000e+00 0.000000e+00
-1.000000e+00 -1.000000e+00 0.000000e+00 -1.000000e+00 -1.000000e+00 6.000000e+02 2.708484e-01 -1.000000e+00 0.000000e+00 -1.000000e+00 0.000000e+00 -1.000000e+00 -1.000000e+00 4.237252e-02 1.300000e+03 -1.000000e+00 0.000000e+00 -9.990070e+05 3.000000e+00 -1.000000e+00 -1.000000e+00 1.122914e-01 0.000000e+00 0.000000e+00 -1.000000e+00 0.500000e+00 -1.000000e+00 -9.990070e+05 0.000000e+00 5.464243e-01 8.346321e-01 -1.000000e+00 -1.000000e+00 0.000000e+00 -1.000000e+00 8 0.000000e+00 0.000000e+00
-1.000000e+00 -1.000000e+00 0.000000e+00 -1.000000e+00 -1.000000e+00 4.000000e+02 3.176935e-06 -1.000000e+00 0.000000e+00 -1.000000e+00 0.000000e+00 -1.000000e+00 -1.000000e+00 6.057750e-10 5.000000e+02 -1.000000e+00 0.000000e+00 -9.990070e+05 3.000000e+00 -1.000000e+00 -1.000000e+00 4.797369e-08 0.000000e+00 0.000000e+00 -1.000000e+00 0.500000e+00 -1.000000e+00 -9.990070e+05 0.000000e+00 1.504530e-04 4.009444e-03 -1.000000e+00 -1.000000e+00 0.000000e+00 -1.000000e+00 14 0.000000e+00 0.000000e+00
-1.000000e+00 -1.000000e+00 0.000000e+00 -1.000000e+00 -1.000000e+00 4.000000e+02 2.587696e-02 -1.000000e+00 0.000000e+00 -1.000000e+00 0.000000e+00 -1.000000e+00 -1.000000e+00 5.180672e-04 1.200000e+03 -1.000000e+00 0.000000e+00 -9.990070e+05 3.000000e+00 -1.000000e+00 -1.000000e+00 3.927879e-03 0.000000e+00 0.000000e+00 -1.000000e+00 0.500000e+00 -1.000000e+00 -9.990070e+05 0.000000e+00 1.304025e-01 4.193425e-01 -1.000000e+00 -1.000000e+00 0.000000e+00 -1.000000e+00 8 0.000000e+00 0.000000e+00
-1.000000e+00 -1.000000e+00 0.000000e+00 -1.000000e+00 -1.000000e+00 3.000000e+02 4.208319e-10 -1.000000e+00 0.000000e+00 -1.000000e+00 0.000000e+00 -1.000000e+00 -1.000000e+00 3.596679e-15 4.000000e+02 -1.000000e+00 0.000000e+00 -9.990070e+05 3.000000e+00 -1.000000e+00 -1.000000e+00 1.351825e-12 0.000000e+00 0.000000e+00 -1.000000e+00 0.500000e+00 -1.000000e+00 -9.990070e+05 0.000000e+00 9.232475e-08 1.112945e-05 -1.000000e+00 -1.000000e+00 0.000000e+00 -1.000000e+00 14 0.000000e+00 0.000000e+00
-1.000000e+00 -1.000000e+00 0.000000e+00 -1.000000e+00 -1.000000e+00 3.000000e+02 5.573405e-02 -1.000000e+00 0.000000e+00 -1.000000e+00 0.000000e+00 -1.000000e+00 -1.000000e+00 2.002521e-03 1.300000e+03 -1.000000e+00 0.000000e+00 -9.990070e+05 3.000000e+00 -1.000000e+00 -1.000000e+00 1.127757e-02 0.000000e+00 0.000000e+00 -1.000000e+00 0.500000e+00 -1.000000e+00 -9.990070e+05 0.000000e+00 2.146475e-01 5.470666e-01 -1.000000e+00 -1.000000e+00 0.000000e+00 -1.000000e+00 2 0.000000e+00 0.000000e+00
-1.000000e+00 -1.000000e+00 0.000000e+00 -1.000000e+00 -1.000000e+00 3.000000e+02 2.506882e-06 -1.000000e+00 0.000000e+00 -1.000000e+00 0.000000e+00 -1.000000e+00 -1.000000e+00 4.349274e-10 1.000000e+03 -1.000000e+00 0.000000e+00 -9.990070e+05 3.000000e+00 -1.000000e+00 -1.000000e+00 3.611637e-08 0.000000e+00 0.000000e+00 -1.000000e+00 0.500000e+00 -1.000000e+00 -9.990070e+05 0.000000e+00 1.243594e-04 3.467790e-03 -1.000000e+00 -1.000000e+00 0.000000e+00 -1.000000e+00 8 0.000000e+00 0.000000e+00
-1.000000e+00 -1.000000e+00 0.000000e+00 -1.000000e+00 -1.000000e+00 5.000000e+02 7.915643e-03 -1.000000e+00 0.000000e+00 -1.000000e+00 0.000000e+00 -1.000000e+00 -1.000000e+00 7.098089e-05 9.000000e+02 -1.000000e+00 0.000000e+00 -9.990070e+05 3.000000e+00 -1.000000e+00 -1.000000e+00 8.084641e-04 0.000000e+00 0.000000e+00 -1.000000e+00 0.500000e+00 -1.000000e+00 -9.990070e+05 0.000000e+00 5.811727e-02 2.619859e-01 -1.000000e+00 -1.000000e+00 0.000000e+00 -1.000000e+00 10 0.000000e+00 0.000000e+00
-1.000000e+00 -1.000000e+00 0.000000e+00 -1.000000e+00 -1.000000e+00 2.500000e+02 1.083777e-08 -1.000000e+00 0.000000e+00 -1.000000e+00 0.000000e+00 -1.000000e+00 -1.000000e+00 2.616161e-13 3.000000e+02 -1.000000e+00 0.000000e+00 -9.990070e+05 3.000000e+00 -1.000000e+00 -1.000000e+00 5.843401e-11 0.000000e+00 0.000000e+00 -1.000000e+00 0.500000e+00 -1.000000e+00 -9.990070e+05 0.000000e+00 1.421935e-06 1.031200e-04 -1.000000e+00 -1.000000e+00 0.000000e+00 -1.000000e+00 14 0.000000e+00 0.000000e+00
-1.000000e+00 -1.000000e+00 0.000000e+00 -1.000000e+00 -1.000000e+00 6.000000e+02 7.592723e-01 -1.000000e+00 0.000000e+00 -1.000000e+00 0.000000e+00 -1.000000e+00 -1.000000e+00 4.634315e-01 1.600000e+03 -1.000000e+00 0.000000e+00 -9.990070e+05 3.000000e+00 -1.000000e+00 -1.000000e+00 6.032078e-01 0.000000e+00 0.000000e+00 -1.000000e+00 0.500000e+00 -1.000000e+00 -9.990070e+05 0.000000e+00 8.985877e-01 9.770540e-01 -1.000000e+00 -1.000000e+00 0.000000e+00 -1.000000e+00 8 0.000000e+00 0.000000e+00
-1.000000e+00 -1.000000e+00 0.000000e+00 -1.000000e+00 -1.000000e+00 5.000000e+02 7.532596e-04 -1.000000e+00 0.000000e+00 -1.000000e+00 0.000000e+00 -1.000000e+00 -1.000000e+00 1.736019e-06 6.000000e+02 -1.000000e+00 0.000000e+00 -9.990070e+05 3.000000e+00 -1.000000e+00 -1.000000e+00 3.925988e-05 0.000000e+00 0.000000e+00 -1.000000e+00 0.500000e+00 -1.000000e+00 -9.990070e+05 0.000000e+00 1.058776e-02 8.742255e-02 -1.000000e+00 -1.000000e+00 0.000000e+00 -1.000000e+00 14 0.000000e+00 0.000000e+00
-1.000000e+00 -1.000000e+00 0.000000e+00 -1.000000e+00 -1.000000e+00 0.000000e+00 2.605031e-02 -1.000000e+00 0.000000e+00 -1.000000e+00 0.000000e+00 -1.000000e+00 -1.000000e+00 5.240677e-04 1.300000e+03 -1.000000e+00 0.000000e+00 -9.990070e+05 3.000000e+00 -1.000000e+00 -1.000000e+00 3.963626e-03 0.000000e+00 0.000000e+00 -1.000000e+00 0.500000e+00 -1.000000e+00 -9.990070e+05 0.000000e+00 1.309817e-01 4.203739e-01 -1.000000e+00 -1.000000e+00 0.000000e+00 -1.000000e+00 2 0.000000e+00 0.000000e+00
-1.000000e+00 -1.000000e+00 0.000000e+00 -1.000000e+00 -1.000000e+00 0.000000e+00 5.781710e-01 -1.000000e+00 0.000000e+00 -1.000000e+00 0.000000e+00 -1.000000e+00 -1.000000e+00 2.326699e-01 1.600000e+03 -1.000000e+00 0.000000e+00 -9.990070e+05 3.000000e+00 -1.000000e+00 -1.000000e+00 3.772149e-01 0.000000e+00 0.000000e+00 -1.000000e+00 0.500000e+00 -1.000000e+00 -9.990070e+05 0.000000e+00 7.980767e-01 9.471706e-01 -1.000000e+00 -1.000000e+00 0.000000e+00 -1.000000e+00 2 0.000000e+00 0.000000e+00
-1.000000e+00 -1.000000e+00 0.000000e+00 -1.000000e+00 -1.000000e+00 5.000000e+02 7.153160e-02 -1.000000e+00 0.000000e+00 -1.000000e+00 0.000000e+00 -1.000000e+00 -1.000000e+00 3.153430e-03 7.000000e+02 -1.000000e+00 0.000000e+00 -9.990070e+05 3.000000e+00 -1.000000e+00 -1.000000e+00 1.600107e-02 0.000000e+00 0.000000e+00 -1.000000e+00 0.500000e+00 -1.000000e+00 -9.990070e+05 0.000000e+00 2.510875e-01 5.919092e-01 -1.000000e+00 -1.000000e+00 0.000000e+00 -1.000000e+00 5 0.000000e+00 0.000000e+00
-1.000000e+00 -1.000000e+00 0.000000e+00 -1.000000e+00 -1.000000e+00 2.000000e+02 7.774319e-26 -1.000000e+00 0.000000e+00 -1.000000e+00 0.000000e+00 -1.000000e+00 -1.000000e+00 1.447775e-34 8.000000e+02 -1.000000e+00 0.000000e+00 -9.990070e+05 3.000000e+00 -1.000000e+00 -1.000000e+00 3.704904e-30 0.000000e+00 0.000000e+00 -1.000000e+00 0.500000e+00 -1.000000e+00 -9.990070e+05 0.000000e+00 1.133738e-21 8.903748e-18 -1.000000e+00 -1.000000e+00 0.000000e+00 -1.000000e+00 10 0.000000e+00 0.000000e+00
-1.000000e+00 -1.000000e+00 0.000000e+00 -1.000000e+00 -1.000000e+00 6.000000e+02 3.749340e-01 -1.000000e+00 0.000000e+00 -1.000000e+00 0.000000e+00 -1.000000e+00 -1.000000e+00 8.540645e-02 1.400000e+03 -1.000000e+00 0.000000e+00 -9.990070e+05 3.000000e+00 -1.000000e+00 -1.000000e+00 1.863289e-01 0.000000e+00 0.000000e+00 -1.000000e+00 0.500000e+00 -1.000000e+00 -9.990070e+05 0.000000e+00 6.476275e-01 8.872736e-01 -1.000000e+00 -1.000000e+00 0.000000e+00 -1.000000e+00 2 0.000000e+00 0.000000e+00
-1.000000e+00 -1.000000e+00 0.000000e+00 -1.000000e+00 -1.000000e+00 5.000000e+02 1.545819e-01 -1.000000e+00 0.000000e+00 -1.000000e+00 0.000000e+00 -1.000000e+00 -1.000000e+00 1.358518e-02 1.300000e+03 -1.000000e+00 0.000000e+00 -9.990070e+05 3.000000e+00 -1.000000e+00 -1.000000e+00 4.843958e-02 0.000000e+00 0.000000e+00 -1.000000e+00 0.500000e+00 -1.000000e+00 -9.990070e+05 0.000000e+00 3.993054e-01 7.345619e-01 -1.000000e+00 -1.000000e+00 0.000000e+00 -1.000000e+00 2 0.000000e+00 0.000000e+00
-1.000000e+00 -1.000000e+00 0.000000e+00 -1.000000e+00 -1.000000e+00 3.000000e+02 4.320261e-15 -1.000000e+00 0.000000e+00 -1.000000e+00 0.000000e+00 -1.000000e+00 -1.000000e+00 1.579039e-21 8.000000e+02 -1.000000e+00 0.000000e+00 -9.990070e+05 3.000000e+00 -1.000000e+00 -1.000000e+00 2.877560e-18 0.000000e+00 0.000000e+00 -1.000000e+00 0.500000e+00 -1.000000e+00 -9.990070e+05 0.000000e+00 4.536324e-12 2.587619e-09 -1.000000e+00 -1.000000e+00 0.000000e+00 -1.000000e+00 10 0.000000e+00 0.000000e+00
-1.000000e+00 -1.000000e+00 0.000000e+00 -1.000000e+00 -1.000000e+00 6.000000e+02 1.755829e-01 -1.000000e+00 0.000000e+00 -1.000000e+00 0.000000e+00 -1.000000e+00 -1.000000e+00 1.747549e-02 7.000000e+02 -1.000000e+00 0.000000e+00 -9.990070e+05 3.000000e+00 -1.000000e+00 -1.000000e+00 5.845561e-02 0.000000e+00 0.000000e+00 -1.000000e+00 0.500000e+00 -1.000000e+00 -9.990070e+05 0.000000e+00 4.296564e-01 7.579479e-01 -1.000000e+00 -1.000000e+00 0.000000e+00 -1.000000e+00 14 0.000000e+00 0.000000e+00
-1.000000e+00 -1.000000e+00 0.000000e+00 -1.000000e+00 -1.000000e+00 4.000000e+02 2.216699e-01 -1.000000e+00 0.000000e+00 -1.000000e+00 0.000000e+00 -1.000000e+00 -1.000000e+00 2.796792e-02 1.400000e+03 -1.000000e+00 0.000000e+00 -9.990070e+05 3.000000e+00 -1.000000e+00 -1.000000e+00 8.281023e-02 0.000000e+00 0.000000e+00 -1.000000e+00 0.500000e+00 -1.000000e+00 -9.990070e+05 0.000000e+00 4.898326e-01 7.998835e-01 -1.000000e+00 -1.000000e+00 0.000000e+00 -1.000000e+00 2 0.000000e+00 0.000000e+00
-1.000000e+00 -1.000000e+00 0.000000e+00 -1.000000e+00 -1.000000e+00 5.000000e+02 2.773899e-01 -1.000000e+00 0.000000e+00 -1.000000e+00 0.000000e+00 -1.000000e+00 -1.000000e+00 4.455609e-02 1.400000e+03 -1.000000e+00 0.000000e+00 -9.990070e+05 3.000000e+00 -1.000000e+00 -1.000000e+00 1.164801e-01 0.000000e+00 0.000000e+00 -1.000000e+00 0.500000e+00 -1.000000e+00 -9.990070e+05 0.000000e+00 5.534629e-01 8.386685e-01 -1.000000e+00 -1.000000e+00 0.000000e+00 -1.000000e+00 2 0.000000e+00 0.000000e+00
-1.000000e+00 -1.000000e+00 0.000000e+00 -1.000000e+00 -1.000000e+00 4.000000e+02 5.535577e-05 -1.000000e+00 0.000000e+00 -1.000000e+00 0.000000e+00 -1.000000e+00 -1.000000e+00 3.563990e-08 1.000000e+03 -1.000000e+00 0.000000e+00 -9.990070e+05 3.000000e+00 -1.000000e+00 -1.000000e+00 1.531447e-06 0.000000e+00 0.000000e+00 -1.000000e+00 0.500000e+00 -1.000000e+00 -9.990070e+05 0.000000e+00 1.444803e-03 2.157884e-02 -1.000000e+00 -1.000000e+00 0.000000e+00 -1.000000e+00 10 0.000000e+00 0.000000e+00
-1.000000e+00 -1.000000e+00 0.000000e+00 -1.000000e+00 -1.000000e+00 5.750000e+02 9.127882e-02 -1.000000e+00 0.000000e+00 -1.000000e+00 0.000000e+00 -1.000000e+00 -1.000000e+00 4.954071e-03 6.000000e+02 -1.000000e+00 0.000000e+00 -9.990070e+05 3.000000e+00 -1.000000e+00 -1.000000e+00 2.260655e-02 0.000000e+00 0.000000e+00 -1.000000e+00 0.500000e+00 -1.000000e+00 -9.990070e+05 0.000000e+00 2.918056e-01 6.367025e-01 -1.000000e+00 -1.000000e+00 0.000000e+00 -1.000000e+00 14 0.000000e+00 0.000000e+00
-1.000000e+00 -1.000000e+00 0.000000e+00 -1.000000e+00 -1.000000e+00 4.000000e+02 6.730264e-02 -1.000000e+00 0.000000e+00 -1.000000e+00 0.000000e+00 -1.000000e+00 -1.000000e+00 2.820354e-03 1.300000e+03 -1.000000e+00 0.000000e+00 -9.990070e+05 3.000000e+00 -1.000000e+00 -1.000000e+00 1.468571e-02 0.000000e+00 0.000000e+00 -1.000000e+00 0.500000e+00 -1.000000e+00 -9.990070e+05 0.000000e+00 2.417190e-01 5.808479e-01 -1.000000e+00 -1.000000e+00 0.000000e+00 -1.000000e+00 2 0.000000e+00 0.000000e+00
-1.000000e+00 -1.000000e+00 0.000000e+00 -1.000000e+00 -1.000000e+00 4.000000e+02 2.596225e-07 -1.000000e+00 0.000000e+00 -1.000000e+00 0.000000e+00 -1.000000e+00 -1.000000e+00 1.898558e-11 9.000000e+02 -1.000000e+00 0.000000e+00 -9.990070e+05 3.000000e+00 -1.000000e+00 -1.000000e+00 2.432290e-09 0.000000e+00 0.000000e+00 -1.000000e+00 0.500000e+00 -1.000000e+00 -9.990070e+05 0.000000e+00 1.970484e-05 8.335769e-04 -1.000000e+00 -1.000000e+00 0.000000e+00 -1.000000e+00 10 0.000000e+00 0.000000e+00
-1.000000e+00 -1.000000e+00 0.000000e+00 -1.000000e+00 -1.000000e+00 6.000000e+02 1.263553e-01 -1.000000e+00 0.000000e+00 -1.000000e+00 0.000000e+00 -1.000000e+00 -1.000000e+00 9.180413e-03 1.000000e+03 -1.000000e+00 0.000000e+00 -9.990070e+05 3.000000e+00 -1.000000e+00 -1.000000e+00 3.608690e-02 0.000000e+00 0.000000e+00 -1.000000e+00 0.500000e+00 -1.000000e+00 -9.990070e+05 0.000000e+00 3.548247e-01 6.971712e-01 -1.000000e+00 -1.000000e+00 0.000000e+00 -1.000000e+00 10 0.000000e+00 0.000000e+00
-1.000000e+00 -1.000000e+00 0.000000e+00 -1.000000e+00 -1.000000e+00 4.500000e+02 4.098549e-06 -1.000000e+00 0.000000e+00 -1.000000e+00 0.000000e+00 -1.000000e+00 -1.000000e+00 8.659010e-10 5.000000e+02 -1.000000e+00 0.000000e+00 -9.990070e+05 3.000000e+00 -1.000000e+00 -1.000000e+00 6.513245e-08 0.000000e+00 0.000000e+00 -1.000000e+00 0.500000e+00 -1.000000e+00 -9.990070e+05 0.000000e+00 1.845667e-04 4.682557e-03 -1.000000e+00 -1.000000e+00 0.000000e+00 -1.000000e+00 14 0.000000e+00 0.000000e+00
-1.000000e+00 -1.000000e+00 0.000000e+00 -1.000000e+00 -1.000000e+00 6.000000e+02 3.383386e-01 -1.000000e+00 0.000000e+00 -1.000000e+00 0.000000e+00 -1.000000e+00 -1.000000e+00 6.817364e-02 9.000000e+02 -1.000000e+00 0.000000e+00 -9.990070e+05 3.000000e+00 -1.000000e+00 -1.000000e+00 1.585016e-01 0.000000e+00 0.000000e+00 -1.000000e+00 0.500000e+00 -1.000000e+00 -9.990070e+05 0.000000e+00 6.144552e-01 8.712417e-01 -1.000000e+00 -1.000000e+00 0.000000e+00 -1.000000e+00 10 0.000000e+00 0.000000e+00
-1.000000e+00 -1.000000e+00 0.000000e+00 -1.000000e+00 -1.000000e+00 1.000000e+02 1.571378e-03 -1.000000e+00 0.000000e+00 -1.000000e+00 0.000000e+00 -1.000000e+00 -1.000000e+00 5.393678e-06 1.200000e+03 -1.000000e+00 0.000000e+00 -9.990070e+05 3.000000e+00 -1.000000e+00 -1.000000e+00 9.978365e-05 0.000000e+00 0.000000e+00 -1.000000e+00 0.500000e+00 -1.000000e+00 -9.990070e+05 0.000000e+00 1.823412e-02 1.256452e-01 -1.000000e+00 -1.000000e+00 0.000000e+00 -1.000000e+00 2 0.000000e+00 0.000000e+00
-1.000000e+00 -1.000000e+00 0.000000e+00 -1.000000e+00 -1.000000e+00 0.000000e+00 3.732100e-30 -1.000000e+00 0.000000e+00 -1.000000e+00 0.000000e+00 -1.000000e+00 -1.000000e+00 1.163043e-39 8.000000e+02 -1.000000e+00 0.000000e+00 -9.990070e+05 3.000000e+00 -1.000000e+00 -1.000000e+00 7.279178e-35 0.000000e+00 0.000000e+00 -1.000000e+00 0.500000e+00 -1.000000e+00 -9.990070e+05 0.000000e+00 1.328140e-25 2.541143e-21 -1.000000e+00 -1.000000e+00 0.000000e+00 -1.000000e+00 10 0.000000e+00 0.000000e+00
-1.000000e+00 -1.000000e+00 0.000000e+00 -1.000000e+00 -1.000000e+00 2.000000e+02 4.051428e-15 -1.000000e+00 0.000000e+00 -1.000000e+00 0.000000e+00 -1.000000e+00 -1.000000e+00 1.457391e-21 9.000000e+02 -1.000000e+00 0.000000e+00 -9.990070e+05 3.000000e+00 -1.000000e+00 -1.000000e+00 2.677130e-18 0.000000e+00 0.000000e+00 -1.000000e+00 0.500000e+00 -1.000000e+00 -9.990070e+05 0.000000e+00 4.287884e-12 2.465259e-09 -1.000000e+00 -1.000000e+00 0.000000e+00 -1.000000e+00 10 0.000000e+00 0.000000e+00
-1.000000e+00 -1.000000e+00 0.000000e+00 -1.000000e+00 -1.000000e+00 2.000000e+02 4.177487e-03 -1.000000e+00 0.000000e+00 -1.000000e+00 0.000000e+00 -1.000000e+00 -1.000000e+00 2.522665e-05 1.200000e+03 -1.000000e+00 0.000000e+00 -9.990070e+05 3.000000e+00 -1.000000e+00 -1.000000e+00 3.509018e-04 0.000000e+00 0.000000e+00 -1.000000e+00 0.500000e+00 -1.000000e+00 -9.990070e+05 0.000000e+00 3.700034e-02 1.981821e-01 -1.000000e+00 -1.000000e+00 0.000000e+00 -1.000000e+00 2 0.000000e+00 0.000000e+00
-1.000000e+00 -1.000000e+00 0.000000e+00 -1.000000e+00 -1.000000e+00 1.000000e+02 4.977688e-09 -1.000000e+00 0.000000e+00 -1.000000e+00 0.000000e+00 -1.000000e+00 -1.000000e+00 9.296788e-14 1.000000e+03 -1.000000e+00 0.000000e+00 -9.990070e+05 3.000000e+00 -1.000000e+00 -1.000000e+00 2.361516e-11 0.000000e+00 0.000000e+00 -1.000000e+00 0.500000e+00 -1.000000e+00 -9.990070e+05 0.000000e+00 7.414619e-07 6.094998e-05 -1.000000e+00 -1.000000e+00 0.000000e+00 -1.000000e+00 8 0.000000e+00 0.000000e+00
-1.000000e+00 -1.000000e+00 0.000000e+00 -1.000000e+00 -1.000000e+00 1.000000e+02 1.755802e-17 -1.000000e+00 0.000000e+00 -1.000000e+00 0.000000e+00 -1.000000e+00 -1.000000e+00 1.727440e-24 9.000000e+02 -1.000000e+00 0.000000e+00 -9.990070e+05 3.000000e+00 -1.000000e+00 -1.000000e+00 6.072154e-21 0.000000e+00 0.000000e+00 -1.000000e+00 0.500000e+00 -1.000000e+00 -9.990070e+05 0.000000e+00 3.543313e-14 3.873086e-11 -1.000000e+00 -1.000000e+00 0.000000e+00 -1.000000e+00 10 0.000000e+00 0.000000e+00
-1.000000e+00 -1.000000e+00 0.000000e+00 -1.000000e+00 -1.000000e+00 1.000000e+02 1.424248e-01 -1.000000e+00 0.000000e+00 -1.000000e+00 0.000000e+00 -1.000000e+00 -1.000000e+00 1.157472e-02 1.400000e+03 -1.000000e+00 0.000000e+00 -9.990070e+05 3.000000e+00 -1.000000e+00 -1.000000e+00 4.296061e-02 0.000000e+00 0.000000e+00 -1.000000e+00 0.500000e+00 -1.000000e+00 -9.990070e+05 0.000000e+00 3.807167e-01 7.194119e-01 -1.000000e+00 -1.000000e+00 0.000000e+00 -1.000000e+00 2 0.000000e+00 0.000000e+00
-1.000000e+00 -1.000000e+00 0.000000e+00 -1.000000e+00 -1.000000e+00 4.000000e+02 5.854718e-01 -1.000000e+00 0.000000e+00 -1.000000e+00 0.000000e+00 -1.000000e+00 -1.000000e+00 2.398879e-01 1.600000e+03 -1.000000e+00 0.000000e+00 -9.990070e+05 3.000000e+00 -1.000000e+00 -1.000000e+00 3.852605e-01 0.000000e+00 0.000000e+00 -1.000000e+00 0.500000e+00 -1.000000e+00 -9.990070e+05 0.000000e+00 8.026413e-01 9.486915e-01 -1.000000e+00 -1.000000e+00 0.000000e+00 -1.000000e+00 2 0.000000e+00 0.000000e+00
-1.000000e+00 -1.000000e+00 0.000000e+00 -1.000000e+00 -1.000000e+00 2.000000e+02 1.650586e-01 -1.000000e+00 0.000000e+00 -1.000000e+00 0.000000e+00 -1.000000e+00 -1.000000e+00 1.545884e-02 1.400000e+03 -1.000000e+00 0.000000e+00 -9.990070e+05 3.000000e+00 -1.000000e+00 -1.000000e+00 5.334983e-02 0.000000e+00 0.000000e+00 -1.000000e+00 0.500000e+00 -1.000000e+00 -9.990070e+05 0.000000e+00 4.147083e-01 7.466318e-01 -1.000000e+00 -1.000000e+00 0.000000e+00 -1.000000e+00 2 0.000000e+00 0.000000e+00
-1.000000e+00 -1.000000e+00 0.000000e+00 -1.000000e+00 -1.000000e+00 5.000000e+02 2.870306e-02 -1.000000e+00 0.000000e+00 -1.000000e+00 0.000000e+00 -1.000000e+00 -1.000000e+00 6.197616e-04 1.100000e+03 -1.000000e+00 0.000000e+00 -9.990070e+05 3.000000e+00 -1.000000e+00 -1.000000e+00 4.522011e-03 0.000000e+00 0.000000e+00 -1.000000e+00 0.500000e+00 -1.000000e+00 -9.990070e+05 0.000000e+00 1.396659e-01 4.355265e-01 -1.000000e+00 -1.000000e+00 0.000000e+00 -1.000000e+00 8 0.000000e+00 0.000000e+00
-1.000000e+00 -1.000000e+00 0.000000e+00 -1.000000e+00 -1.000000e+00 4.000000e+02 2.317312e-03 -1.000000e+00 0.000000e+00 -1.000000e+00 0.000000e+00 -1.000000e+00 -1.000000e+00 9.903571e-06 1.100000e+03 -1.000000e+00 0.000000e+00 -9.990070e+05 3.000000e+00 -1.000000e+00 -1.000000e+00 1.640327e-04 0.000000e+00 0.000000e+00 -1.000000e+00 0.500000e+00 -1.000000e+00 -9.990070e+05 0.000000e+00 2.420758e-02 1.511667e-01 -1.000000e+00 -1.000000e+00 0.000000e+00 -1.000000e+00 8 0.000000e+00 0.000000e+00
-1.000000e+00 -1.000000e+00 0.000000e+00 -1.000000e+00 -1.000000e+00 6.000000e+02 1.008316e-01 -1.000000e+00 0.000000e+00 -1.000000e+00 0.000000e+00 -1.000000e+00 -1.000000e+00 5.972605e-03 1.100000e+03 -1.000000e+00 0.000000e+00 -9.990070e+05 3.000000e+00 -1.000000e+00 -1.000000e+00 2.606341e-02 0.000000e+00 0.000000e+00 -1.000000e+00 0.500000e+00 -1.000000e+00 -9.990070e+05 0.000000e+00 3.099976e-01 6.551693e-01 -1.000000e+00 -1.000000e+00 0.000000e+00 -1.000000e+00 10 0.000000e+00 0.000000e+00
-1.000000e+00 -1.000000e+00 0.000000e+00 -1.000000e+00 -1.000000e+00 3.000000e+02 1.778975e-01 -1.000000e+00 0.000000e+00 -1.000000e+00 0.000000e+00 -1.000000e+00 -1.000000e+00 1.793737e-02 1.400000e+03 -1.000000e+00 0.000000e+00 -9.990070e+05 3.000000e+00 -1.000000e+00 -1.000000e+00 5.960156e-02 0.000000e+00 0.000000e+00 -1.000000e+00 0.500000e+00 -1.000000e+00 -9.990070e+05 0.000000e+00 4.328774e-01 7.603368e-01 -1.000000e+00 -1.000000e+00 0.000000e+00 -1.000000e+00 2 0.000000e+00 0.000000e+00
-1.000000e+00 -1.000000e+00 0.000000e+00 -1.000000e+00 -1.000000e+00 0.000000e+00 3.822964e-01 -1.000000e+00 0.000000e+00 -1.000000e+00 0.000000e+00 -1.000000e+00 -1.000000e+00 8.917070e-02 1.500000e+03 -1.000000e+00 0.000000e+00 -9.990070e+05 3.000000e+00 -1.000000e+00 -1.000000e+00 1.921636e-01 0.000000e+00 0.000000e+00 -1.000000e+00 0.500000e+00 -1.000000e+00 -9.990070e+05 0.000000e+00 6.540286e-01 8.902395e-01 -1.000000e+00 -1.000000e+00 0.000000e+00 -1.000000e+00 2 0.000000e+00 0.000000e+00
-1.000000e+00 -1.000000e+00 0.000000e+00 -1.000000e+00 -1.000000e+00 4.750000e+02 4.016313e-04 -1.000000e+00 0.000000e+00 -1.000000e+00 0.000000e+00 -1.000000e+00 -1.000000e+00 6.685390e-07 5.000000e+02 -1.000000e+00 0.000000e+00 -9.990070e+05 3.000000e+00 -1.000000e+00 -1.000000e+00 1.781191e-05 0.000000e+00 0.000000e+00 -1.000000e+00 0.500000e+00 -1.000000e+00 -9.990070e+05 0.000000e+00 6.606494e-03 6.334202e-02 -1.000000e+00 -1.000000e+00 0.000000e+00 -1.000000e+00 14 0.000000e+00 0.000000e+00
-1.000000e+00 -1.000000e+00 0.000000e+00 -1.000000e+00 -1.000000e+00 6.000000e+02 5.027817e-01 -1.000000e+00 0.000000e+00 -1.000000e+00 0.000000e+00 -1.000000e+00 -1.000000e+00 1.666459e-01 1.500000e+03 -1.000000e+00 0.000000e+00 -9.990070e+05 3.000000e+00 -1.000000e+00 -1.000000e+00 2.990628e-01 0.000000e+00 0.000000e+00 -1.000000e+00 0.500000e+00 -1.000000e+00 -9.990070e+05 0.000000e+00 7.479157e-01 9.293644e-01 -1.000000e+00 -1.000000e+00 0.000000e+00 -1.000000e+00 2 0.000000e+00 0.000000e+00
-1.000000e+00 -1.000000e+00 0.000000e+00 -1.000000e+00 -1.000000e+00 6.000000e+02 4.487234e-01 -1.000000e+00 0.000000e+00 -1.000000e+00 0.000000e+00 -1.000000e+00 -1.000000e+00 1.279931e-01 8.000000e+02 -1.000000e+00 0.000000e+00 -9.990070e+05 3.000000e+00 -1.000000e+00 -1.000000e+00 2.484158e-01 0.000000e+00 0.000000e+00 -1.000000e+00 0.500000e+00 -1.000000e+00 -9.990070e+05 0.000000e+00 7.081356e-01 9.137536e-01 -1.000000e+00 -1.000000e+00 0.000000e+00 -1.000000e+00 5 0.000000e+00 0.000000e+00
-1.000000e+00 -1.000000e+00 0.000000e+00 -1.000000e+00 -1.000000e+00 1.000000e+02 9.578058e-31 -1.000000e+00 0.000000e+00 -1.000000e+00 0.000000e+00 -1.000000e+00 -1.000000e+00 2.362197e-40 8.000000e+02 -1.000000e+00 0.000000e+00 -9.990070e+05 3.000000e+00 -1.000000e+00 -1.000000e+00 1.661995e-35 0.000000e+00 0.000000e+00 -1.000000e+00 0.500000e+00 -1.000000e+00 -9.990070e+05 0.000000e+00 3.830736e-26 8.235708e-22 -1.000000e+00 -1.000000e+00 0.000000e+00 -1.000000e+00 10 0.000000e+00 0.000000e+00
-1.000000e+00 -1.000000e+00 0.000000e+00 -1.000000e+00 -1.000000e+00 0.000000e+00 1.489768e-01 -1.000000e+00 0.000000e+00 -1.000000e+00 0.000000e+00 -1.000000e+00 -1.000000e+00 1.263663e-02 1.400000e+03 -1.000000e+00 0.000000e+00 -9.990070e+05 3.000000e+00 -1.000000e+00 -1.000000e+00 4.588403e-02 0.000000e+00 0.000000e+00 -1.000000e+00 0.500000e+00 -1.000000e+00 -9.990070e+05 0.000000e+00 3.908348e-01 7.277395e-01 -1.000000e+00 -1.000000e+00 0.000000e+00 -1.000000e+00 2 0.000000e+00 0.000000e+00
-1.000000e+00 -1.000000e+00 0.000000e+00 -1.000000e+00 -1.000000e+00 5.000000e+02 6.155375e-01 -1.000000e+00 0.000000e+00 -1.000000e+00 0.000000e+00 -1.000000e+00 -1.000000e+00 2.712720e-01 1.600000e+03 -1.000000e+00 0.000000e+00 -9.990070e+05 3.000000e+00 -1.000000e+00 -1.000000e+00 4.193034e-01 0.000000e+00 0.000000e+00 -1.000000e+00 0.500000e+00 -1.000000e+00 -9.990070e+05 0.000000e+00 8.209392e-01 9.546273e-01 -1.000000e+00 -1.000000e+00 0.000000e+00 -1.000000e+00 2 0.000000e+00 0.000000e+00
-1.000000e+00 -1.000000e+00 0.000000e+00 -1.000000e+00 -1.000000e+00 4.000000e+02 9.470338e-06 -1.000000e+00 0.000000e+00 -1.000000e+00 0.000000e+00 -1.000000e+00 -1.000000e+00 2.824344e-09 8.000000e+02 -1.000000e+00 0.000000e+00 -9.990070e+05 3.000000e+00 -1.000000e+00 -1.000000e+00 1.786707e-07 0.000000e+00 0.000000e+00 -1.000000e+00 0.500000e+00 -1.000000e+00 -9.990070e+05 0.000000e+00 3.601223e-04 7.748075e-03 -1.000000e+00 -1.000000e+00 0.000000e+00 -1.000000e+00 10 0.000000e+00 0.000000e+00
-1.000000e+00 -1.000000e+00 0.000000e+00 -1.000000e+00 -1.000000e+00 5.500000e+02 6.128673e-03 -1.000000e+00 0.000000e+00 -1.000000e+00 0.000000e+00 -1.000000e+00 -1.000000e+00 4.678186e-05 6.000000e+02 -1.000000e+00 0.000000e+00 -9.990070e+05 3.000000e+00 -1.000000e+00 -1.000000e+00 5.780566e-04 0.000000e+00 0.000000e+00 -1.000000e+00 0.500000e+00 -1.000000e+00 -9.990070e+05 0.000000e+00 4.856259e-02 2.347428e-01 -1.000000e+00 -1.000000e+00 0.000000e+00 -1.000000e+00 14 0.000000e+00 0.000000e+00
-1.000000e+00 -1.000000e+00 0.000000e+00 -1.000000e+00 -1.000000e+00 0.000000e+00 2.168626e-10 -1.000000e+00 0.000000e+00 -1.000000e+00 0.000000e+00 -1.000000e+00 -1.000000e+00 1.514337e-15 1.000000e+03 -1.000000e+00 0.000000e+00 -9.990070e+05 3.000000e+00 -1.000000e+00 -1.000000e+00 6.298165e-13 0.000000e+00 0.000000e+00 -1.000000e+00 0.500000e+00 -1.000000e+00 -9.990070e+05 0.000000e+00 5.258922e-08 7.000423e-06 -1.000000e+00 -1.000000e+00 0.000000e+00 -1.000000e+00 8 0.000000e+00 0.000000e+00
-1.000000e+00 -1.000000e+00 0.000000e+00 -1.000000e+00 -1.000000e+00 3.000000e+02 1.748646e-06 -1.000000e+00 0.000000e+00 -1.000000e+00 0.000000e+00 -1.000000e+00 -1.000000e+00 2.632190e-10 5.000000e+02 -1.000000e+00 0.000000e+00 -9.990070e+05 3.000000e+00 -1.000000e+00 -1.000000e+00 2.347272e-08 0.000000e+00 0.000000e+00 -1.000000e+00 0.500000e+00 -1.000000e+00 -9.990070e+05 0.000000e+00 9.301612e-05 2.776987e-03 -1.000000e+00 -1.000000e+00 0.000000e+00 -1.000000e+00 14 0.000000e+00 0.000000e+00
-1.000000e+00 -1.000000e+00 0.000000e+00 -1.000000e+00 -1.000000e+00 5.000000e+02 4.436472e-01 -1.000000e+00 0.000000e+00 -1.000000e+00 0.000000e+00 -1.000000e+00 -1.000000e+00 1.247026e-01 1.500000e+03 -1.000000e+00 0.000000e+00 -9.990070e+05 3.000000e+00 -1.000000e+00 -1.000000e+00 2.438862e-01 0.000000e+00 0.000000e+00 -1.000000e+00 0.500000e+00 -1.000000e+00 -9.990070e+05 0.000000e+00 7.042161e-01 9.121408e-01 -1.000000e+00 -1.000000e+00 0.000000e+00 -1.000000e+00 2 0.000000e+00 0.000000e+00
-1.000000e+00 -1.000000e+00 0.000000e+00 -1.000000e+00 -1.000000e+00 3.750000e+02 3.221458e-07 -1.000000e+00 0.000000e+00 -1.000000e+00 0.000000e+00 -1.000000e+00 -1.000000e+00 2.550239e-11 4.000000e+02 -1.000000e+00 0.000000e+00 -9.990070e+05 3.000000e+00 -1.000000e+00 -1.000000e+00 3.139712e-09 0.000000e+00 0.000000e+00 -1.000000e+00 0.500000e+00 -1.000000e+00 -9.990070e+05 0.000000e+00 2.351272e-05 9.571887e-04 -1.000000e+00 -1.000000e+00 0.000000e+00 -1.000000e+00 14 0.000000e+00 0.000000e+00
-1.000000e+00 -1.000000e+00 0.000000e+00 -1.000000e+00 -1.000000e+00 3.000000e+02 5.871136e-01 -1.000000e+00 0.000000e+00 -1.000000e+00 0.000000e+00 -1.000000e+00 -1.000000e+00 2.415323e-01 1.600000e+03 -1.000000e+00 0.000000e+00 -9.990070e+05 3.000000e+00 -1.000000e+00 -1.000000e+00 3.870817e-01 0.000000e+00 0.000000e+00 -1.000000e+00 0.500000e+00 -1.000000e+00 -9.990070e+05 0.000000e+00 8.036611e-01 9.490291e-01 -1.000000e+00 -1.000000e+00 0.000000e+00 -1.000000e+00 2 0.000000e+00 0.000000e+00
-1.000000e+00 -1.000000e+00 0.000000e+00 -1.000000e+00 -1.000000e+00 1.000000e+02 3.703015e-01 -1.000000e+00 0.000000e+00 -1.000000e+00 0.000000e+00 -1.000000e+00 -1.000000e+00 8.309011e-02 1.500000e+03 -1.000000e+00 0.000000e+00 -9.990070e+05 3.000000e+00 -1.000000e+00 -1.000000e+00 1.826983e-01 0.000000e+00 0.000000e+00 -1.000000e+00 0.500000e+00 -1.000000e+00 -9.990070e+05 0.000000e+00 6.435549e-01 8.853654e-01 -1.000000e+00 -1.000000e+00 0.000000e+00 -1.000000e+00 2 0.000000e+00 0.000000e+00
-1.000000e+00 -1.000000e+00 0.000000e+00 -1.000000e+00 -1.000000e+00 5.000000e+02 8.134443e-02 -1.000000e+00 0.000000e+00 -1.000000e+00 0.000000e+00 -1.000000e+00 -1.000000e+00 3.997363e-03 8.000000e+02 -1.000000e+00 0.000000e+00 -9.990070e+05 3.000000e+00 -1.000000e+00 -1.000000e+00 1.919009e-02 0.000000e+00 0.000000e+00 -1.000000e+00 0.500000e+00 -1.000000e+00 -9.990070e+05 0.000000e+00 2.718976e-01 6.154358e-01 -1.000000e+00 -1.000000e+00 0.000000e+00 -1.000000e+00 10 0.000000e+00 0.000000e+00
-1.000000e+00 -1.000000e+00 0.000000e+00 -1.000000e+00 -1.000000e+00 0.000000e+00 1.551112e-03 -1.000000e+00 0.000000e+00 -1.000000e+00 0.000000e+00 -1.000000e+00 -1.000000e+00 5.285838e-06 1.200000e+03 -1.000000e+00 0.000000e+00 -9.990070e+05 3.000000e+00 -1.000000e+00 -1.000000e+00 9.814514e-05 0.000000e+00 0.000000e+00 -1.000000e+00 0.500000e+00 -1.000000e+00 -9.990070e+05 0.000000e+00 1.806141e-02 1.248608e-01 -1.000000e+00 -1.000000e+00 0.000000e+00 -1.000000e+00 2 0.000000e+00 0.000000e+00
-1.000000e+00 -1.000000e+00 0.000000e+00 -1.000000e+00 -1.000000e+00 0.000000e+00 3.656118e-05 -1.000000e+00 0.000000e+00 -1.000000e+00 0.000000e+00 -1.000000e+00 -1.000000e+00 1.953352e-08 1.100000e+03 -1.000000e+00 0.000000e+00 -9.990070e+05 3.000000e+00 -1.000000e+00 -1.000000e+00 9.218837e-07 0.000000e+00 0.000000e+00 -1.000000e+00 0.500000e+00 -1.000000e+00 -9.990070e+05 0.000000e+00 1.045229e-03 1.704804e-02 -1.000000e+00 -1.000000e+00 0.000000e+00 -1.000000e+00 2 0.000000e+00 0.000000e+00
-1.000000e+00 -1.000000e+00 0.000000e+00 -1.000000e+00 -1.000000e+00 5.000000e+02 6.237060e-02 -1.000000e+00 0.000000e+00 -1.000000e+00 0.000000e+00 -1.000000e+00 -1.000000e+00 2.455027e-03 1.200000e+03 -1.000000e+00 0.000000e+00 -9.990070e+05 3.000000e+00 -1.000000e+00 -1.000000e+00 1.319805e-02 0.000000e+00 0.000000e+00 -1.000000e+00 0.500000e+00 -1.000000e+00 -9.990070e+05 0.000000e+00 2.304520e-01 5.671292e-01 -1.000000e+00 -1.000000e+00 0.000000e+00 -1.000000e+00 8 0.000000e+00 0.000000e+00
-1.000000e+00 -1.000000e+00 0.000000e+00 -1.000000e+00 -1.000000e+00 6.000000e+02 1.544502e-01 -1.000000e+00 0.000000e+00 -1.000000e+00 0.000000e+00 -1.000000e+00 -1.000000e+00 1.356245e-02 1.200000e+03 -1.000000e+00 0.000000e+00 -9.990070e+05 3.000000e+00 -1.000000e+00 -1.000000e+00 4.837894e-02 0.000000e+00 0.000000e+00 -1.000000e+00 0.500000e+00 -1.000000e+00 -9.990070e+05 0.000000e+00 3.991082e-01 7.344045e-01 -1.000000e+00 -1.000000e+00 0.000000e+00 -1.000000e+00 8 0.000000e+00 0.000000e+00
-1.000000e+00 -1.000000e+00 0.000000e+00 -1.000000e+00 -1.000000e+00 1.000000e+02 2.959112e-02 -1.000000e+00 0.000000e+00 -1.000000e+00 0.000000e+00 -1.000000e+00 -1.000000e+00 6.534142e-04 1.300000e+03 -1.000000e+00 0.000000e+00 -9.990070e+05 3.000000e+00 -1.000000e+00 -1.000000e+00 4.713611e-03 0.000000e+00 0.000000e+00 -1.000000e+00 0.500000e+00 -1.000000e+00 -9.990070e+05 0.000000e+00 1.425019e-01 4.403533e-01 -1.000000e+00 -1.000000e+00 0.000000e+00 -1.000000e+00 2 0.000000e+00 0.000000e+00
-1.000000e+00 -1.000000e+00 0.000000e+00 -1.000000e+00 -1.000000e+00 2.000000e+02 5.850835e-05 -1.000000e+00 0.000000e+00 -1.000000e+00 0.000000e+00 -1.000000e+00 -1.000000e+00 3.863096e-08 1.100000e+03 -1.000000e+00 0.000000e+00 -9.990070e+05 3.000000e+00 -1.000000e+00 -1.000000e+00 1.639072e-06 0.000000e+00 0.000000e+00 -1.000000e+00 0.500000e+00 -1.000000e+00 -9.990070e+05 0.000000e+00 1.508431e-03 2.226323e-02 -1.000000e+00 -1.000000e+00 0.000000e+00 -1.000000e+00 8 0.000000e+00 0.000000e+00
