-1.000000e+00 -1.000000e+00 0.000000e+00 -1.000000e+00 -1.000000e+00 0.000000e+00 1.266779e-04 -1.000000e+00 0.000000e+00 -1.000000e+00 0.000000e+00 -1.000000e+00 -1.000000e+00 1.197693e-07 1.600000e+03 -1.000000e+00 0.000000e+00 -9.990070e+05 3.000000e+00 -1.000000e+00 -1.000000e+00 4.242101e-06 0.000000e+00 0.000000e+00 -1.000000e+00 2.401807e-03 -1.000000e+00 -9.990070e+05 2.401807e-03 2.741922e-03 3.419186e-02 -1.000000e+00 -1.000000e+00 0.000000e+00 -1.000000e+00 12 0.000000e+00 2.844230e-03
-1.000000e+00 -1.000000e+00 0.000000e+00 -1.000000e+00 -1.000000e+00 6.000000e+02 4.279848e-01 -1.000000e+00 0.000000e+00 -1.000000e+00 0.000000e+00 -1.000000e+00 -1.000000e+00 1.148984e-01 2.000000e+03 -1.000000e+00 0.000000e+00 -9.990070e+05 3.000000e+00 -1.000000e+00 -1.000000e+00 2.301523e-01 1.000000e+00 0.000000e+00 -1.000000e+00 5.000000e-01 -1.000000e+00 -9.990070e+05 5.000000e-01 6.919088e-01 9.069864e-01 -1.000000e+00 -1.000000e+00 0.000000e+00 -1.000000e+00 12 0.000000e+00 6.361262e-01
-1.000000e+00 -1.000000e+00 0.000000e+00 -1.000000e+00 -1.000000e+00 4.500000e+02 2.576669e-21 -1.000000e+00 0.000000e+00 -1.000000e+00 0.000000e+00 -1.000000e+00 -1.000000e+00 3.713270e-29 1.150000e+03 -1.000000e+00 0.000000e+00 -9.990070e+05 3.000000e+00 -1.000000e+00 -1.000000e+00 3.413443e-25 0.000000e+00 0.000000e+00 -1.000000e+00 2.484001e-17 -1.000000e+00 -9.990070e+05 2.484001e-17 1.354259e-17 3.842766e-14 -1.000000e+00 -1.000000e+00 0.000000e+00 -1.000000e+00 15 0.000000e+00 2.880331e-17
-1.000000e+00 -1.000000e+00 0.000000e+00 -1.000000e+00 -1.000000e+00 7.000000e+02 1.053383e-05 -1.000000e+00 0.000000e+00 -1.000000e+00 0.000000e+00 -1.000000e+00 -1.000000e+00 3.285043e-09 1.300000e+03 -1.000000e+00 0.000000e+00 -9.990070e+05 3.000000e+00 -1.000000e+00 -1.000000e+00 2.032029e-07 0.000000e+00 0.000000e+00 -1.000000e+00 1.011008e-03 -1.000000e+00 -9.990070e+05 1.011008e-03 3.918889e-04 8.253786e-03 -1.000000e+00 -1.000000e+00 0.000000e+00 -1.000000e+00 15 0.000000e+00 1.115404e-03
-1.000000e+00 -1.000000e+00 0.000000e+00 -1.000000e+00 -1.000000e+00 1.000000e+02 1.954932e-01 -1.000000e+00 0.000000e+00 -1.000000e+00 0.000000e+00 -1.000000e+00 -1.000000e+00 2.166963e-02 1.900000e+03 -1.000000e+00 0.000000e+00 -9.990070e+05 3.000000e+00 -1.000000e+00 -1.000000e+00 6.858224e-02 0.000000e+00 0.000000e+00 -1.000000e+00 4.880730e-01 -1.000000e+00 -9.990070e+05 4.880730e-01 4.566361e-01 7.774376e-01 -1.000000e+00 -1.000000e+00 0.000000e+00 -1.000000e+00 12 0.000000e+00 5.441217e-01
-1.000000e+00 -1.000000e+00 0.000000e+00 -1.000000e+00 -1.000000e+00 5.000000e+01 1.830588e-28 -1.000000e+00 0.000000e+00 -1.000000e+00 0.000000e+00 -1.000000e+00 -1.000000e+00 1.129413e-37 1.150000e+03 -1.000000e+00 0.000000e+00 -9.990070e+05 3.000000e+00 -1.000000e+00 -1.000000e+00 5.022890e-33 0.000000e+00 0.000000e+00 -1.000000e+00 6.601553e-24 -1.000000e+00 -9.990070e+05 6.601553e-24 4.632767e-24 6.307209e-20 -1.000000e+00 -1.000000e+00 0.000000e+00 -1.000000e+00 15 0.000000e+00 7.733830e-24
-1.000000e+00 -1.000000e+00 0.000000e+00 -1.000000e+00 -1.000000e+00 5.000000e+02 1.709828e-10 -1.000000e+00 0.000000e+00 -1.000000e+00 0.000000e+00 -1.000000e+00 -1.000000e+00 1.111338e-15 7.000000e+02 -1.000000e+00 0.000000e+00 -9.990070e+05 3.000000e+00 -1.000000e+00 -1.000000e+00 4.791183e-13 0.000000e+00 0.000000e+00 -1.000000e+00 1.338005e-10 -1.000000e+00 -9.990070e+05 1.338005e-10 4.296426e-08 5.924198e-06 -1.000000e+00 -1.000000e+00 0.000000e+00 -1.000000e+00 11 0.000000e+00 2.536672e-10
-1.000000e+00 -1.000000e+00 0.000000e+00 -1.000000e+00 -1.000000e+00 7.500000e+02 3.795432e-03 -1.000000e+00 0.000000e+00 -1.000000e+00 0.000000e+00 -1.000000e+00 -1.000000e+00 2.164053e-05 1.050000e+03 -1.000000e+00 0.000000e+00 -9.990070e+05 3.000000e+00 -1.000000e+00 -1.000000e+00 3.098787e-04 0.000000e+00 0.000000e+00 -1.000000e+00 1.886232e-03 -1.000000e+00 -9.990070e+05 1.886232e-03 3.454861e-02 1.897965e-01 -1.000000e+00 -1.000000e+00 0.000000e+00 -1.000000e+00 17 0.000000e+00 3.778206e-03
-1.000000e+00 -1.000000e+00 0.000000e+00 -1.000000e+00 -1.000000e+00 5.000000e+02 5.533986e-21 -1.000000e+00 0.000000e+00 -1.000000e+00 0.000000e+00 -1.000000e+00 -1.000000e+00 9.347724e-29 9.000000e+02 -1.000000e+00 0.000000e+00 -9.990070e+05 3.000000e+00 -1.000000e+00 -1.000000e+00 7.936504e-25 0.000000e+00 0.000000e+00 -1.000000e+00 2.752891e-21 -1.000000e+00 -9.990070e+05 2.752891e-21 2.687185e-17 7.046223e-14 -1.000000e+00 -1.000000e+00 0.000000e+00 -1.000000e+00 17 0.000000e+00 5.508144e-21
-1.000000e+00 -1.000000e+00 0.000000e+00 -1.000000e+00 -1.000000e+00 6.000000e+02 7.182772e-03 -1.000000e+00 0.000000e+00 -1.000000e+00 0.000000e+00 -1.000000e+00 -1.000000e+00 6.056053e-05 1.600000e+03 -1.000000e+00 0.000000e+00 -9.990070e+05 3.000000e+00 -1.000000e+00 -1.000000e+00 7.116128e-04 0.000000e+00 0.000000e+00 -1.000000e+00 5.044644e-02 -1.000000e+00 -9.990070e+05 5.044644e-02 5.429603e-02 2.513665e-01 -1.000000e+00 -1.000000e+00 0.000000e+00 -1.000000e+00 14 0.000000e+00 5.916682e-02
-1.000000e+00 -1.000000e+00 0.000000e+00 -1.000000e+00 -1.000000e+00 8.500000e+02 4.509947e-01 -1.000000e+00 0.000000e+00 -1.000000e+00 0.000000e+00 -1.000000e+00 -1.000000e+00 1.294836e-01 1.950000e+03 -1.000000e+00 0.000000e+00 -9.990070e+05 3.000000e+00 -1.000000e+00 -1.000000e+00 2.504551e-01 1.000000e+00 0.000000e+00 -1.000000e+00 5.000000e-01 -1.000000e+00 -9.990070e+05 5.000000e-01 7.098786e-01 9.144665e-01 -1.000000e+00 -1.000000e+00 0.000000e+00 -1.000000e+00 12 0.000000e+00 6.455756e-01
-1.000000e+00 -1.000000e+00 0.000000e+00 -1.000000e+00 -1.000000e+00 9.000000e+02 3.108080e-01 -1.000000e+00 0.000000e+00 -1.000000e+00 0.000000e+00 -1.000000e+00 -1.000000e+00 5.675334e-02 1.100000e+03 -1.000000e+00 0.000000e+00 -9.990070e+05 3.000000e+00 -1.000000e+00 -1.000000e+00 1.388517e-01 0.000000e+00 0.000000e+00 -1.000000e+00 2.555217e-02 -1.000000e+00 -9.990070e+05 2.555217e-02 5.878723e-01 8.575588e-01 -1.000000e+00 -1.000000e+00 0.000000e+00 -1.000000e+00 7 0.000000e+00 1.465483e-01
-1.000000e+00 -1.000000e+00 0.000000e+00 -1.000000e+00 -1.000000e+00 0.000000e+00 5.290450e-02 -1.000000e+00 0.000000e+00 -1.000000e+00 0.000000e+00 -1.000000e+00 -1.000000e+00 1.823169e-03 1.800000e+03 -1.000000e+00 0.000000e+00 -9.990070e+05 3.000000e+00 -1.000000e+00 -1.000000e+00 1.048804e-02 0.000000e+00 0.000000e+00 -1.000000e+00 2.242400e-01 -1.000000e+00 -9.990070e+05 2.242400e-01 2.076603e-01 5.378711e-01 -1.000000e+00 -1.000000e+00 0.000000e+00 -1.000000e+00 12 0.000000e+00 2.546586e-01
-1.000000e+00 -1.000000e+00 0.000000e+00 -1.000000e+00 -1.000000e+00 5.500000e+02 9.095984e-12 -1.000000e+00 0.000000e+00 -1.000000e+00 0.000000e+00 -1.000000e+00 -1.000000e+00 2.512724e-17 1.250000e+03 -1.000000e+00 0.000000e+00 -9.990070e+05 3.000000e+00 -1.000000e+00 -1.000000e+00 1.663037e-14 0.000000e+00 0.000000e+00 -1.000000e+00 9.947615e-09 -1.000000e+00 -9.990070e+05 9.947615e-09 3.494573e-09 7.340324e-07 -1.000000e+00 -1.000000e+00 0.000000e+00 -1.000000e+00 15 0.000000e+00 1.122343e-08
-1.000000e+00 -1.000000e+00 0.000000e+00 -1.000000e+00 -1.000000e+00 8.000000e+02 1.095916e-01 -1.000000e+00 0.000000e+00 -1.000000e+00 0.000000e+00 -1.000000e+00 -1.000000e+00 6.992895e-03 1.000000e+03 -1.000000e+00 0.000000e+00 -9.990070e+05 3.000000e+00 -1.000000e+00 -1.000000e+00 2.937665e-02 0.000000e+00 0.000000e+00 -1.000000e+00 6.418881e-02 -1.000000e+00 -9.990070e+05 6.418881e-02 3.259575e-01 6.706679e-01 -1.000000e+00 -1.000000e+00 0.000000e+00 -1.000000e+00 8 0.000000e+00 1.207276e-01
-1.000000e+00 -1.000000e+00 0.000000e+00 -1.000000e+00 -1.000000e+00 5.750000e+02 2.905286e-15 -1.000000e+00 0.000000e+00 -1.000000e+00 0.000000e+00 -1.000000e+00 -1.000000e+00 9.626569e-22 6.250000e+02 -1.000000e+00 0.000000e+00 -9.990070e+05 3.000000e+00 -1.000000e+00 -1.000000e+00 1.842597e-18 0.000000e+00 0.000000e+00 -1.000000e+00 2.306896e-13 -1.000000e+00 -9.990070e+05 2.306896e-13 3.203178e-12 1.918084e-09 -1.000000e+00 -1.000000e+00 0.000000e+00 -1.000000e+00 10 0.000000e+00 3.096698e-13
-1.000000e+00 -1.000000e+00 0.000000e+00 -1.000000e+00 -1.000000e+00 4.000000e+02 7.392751e-04 -1.000000e+00 0.000000e+00 -1.000000e+00 0.000000e+00 -1.000000e+00 -1.000000e+00 1.687022e-06 1.600000e+03 -1.000000e+00 0.000000e+00 -9.990070e+05 3.000000e+00 -1.000000e+00 -1.000000e+00 3.834244e-05 0.000000e+00 0.000000e+00 -1.000000e+00 9.870946e-03 -1.000000e+00 -9.990070e+05 9.870946e-03 1.044088e-02 8.660049e-02 -1.000000e+00 -1.000000e+00 0.000000e+00 -1.000000e+00 12 0.000000e+00 1.159092e-02
-1.000000e+00 -1.000000e+00 0.000000e+00 -1.000000e+00 -1.000000e+00 8.000000e+02 2.623419e-01 -1.000000e+00 0.000000e+00 -1.000000e+00 0.000000e+00 -1.000000e+00 -1.000000e+00 3.962960e-02 1.800000e+03 -1.000000e+00 0.000000e+00 -9.990070e+05 3.000000e+00 -1.000000e+00 -1.000000e+00 1.069378e-01 1.000000e+00 0.000000e+00 -1.000000e+00 5.000000e-01 -1.000000e+00 -9.990070e+05 5.000000e-01 5.371113e-01 8.291981e-01 -1.000000e+00 -1.000000e+00 0.000000e+00 -1.000000e+00 14 0.000000e+00 5.754872e-01
-1.000000e+00 -1.000000e+00 0.000000e+00 -1.000000e+00 -1.000000e+00 4.000000e+02 3.927911e-01 -1.000000e+00 0.000000e+00 -1.000000e+00 0.000000e+00 -1.000000e+00 -1.000000e+00 9.471501e-02 2.000000e+03 -1.000000e+00 0.000000e+00 -9.990070e+05 3.000000e+00 -1.000000e+00 -1.000000e+00 2.006178e-01 1.000000e+00 0.000000e+00 -1.000000e+00 5.000000e-01 -1.000000e+00 -9.990070e+05 5.000000e-01 6.630048e-01 8.943313e-01 -1.000000e+00 -1.000000e+00 0.000000e+00 -1.000000e+00 12 0.000000e+00 6.221966e-01
-1.000000e+00 -1.000000e+00 0.000000e+00 -1.000000e+00 -1.000000e+00 6.000000e+02 7.189576e-04 -1.000000e+00 0.000000e+00 -1.000000e+00 0.000000e+00 -1.000000e+00 -1.000000e+00 1.616742e-06 8.000000e+02 -1.000000e+00 0.000000e+00 -9.990070e+05 3.000000e+00 -1.000000e+00 -1.000000e+00 3.701804e-05 0.000000e+00 0.000000e+00 -1.000000e+00 4.800441e-04 -1.000000e+00 -9.990070e+05 4.800441e-04 1.022613e-02 8.539076e-02 -1.000000e+00 -1.000000e+00 0.000000e+00 -1.000000e+00 11 0.000000e+00 9.023528e-04
-1.000000e+00 -1.000000e+00 0.000000e+00 -1.000000e+00 -1.000000e+00 2.500000e+02 4.867259e-11 -1.000000e+00 0.000000e+00 -1.000000e+00 0.000000e+00 -1.000000e+00 -1.000000e+00 2.178843e-16 1.350000e+03 -1.000000e+00 0.000000e+00 -9.990070e+05 3.000000e+00 -1.000000e+00 -1.000000e+00 1.132304e-13 0.000000e+00 0.000000e+00 -1.000000e+00 4.764940e-09 -1.000000e+00 -9.990070e+05 4.764940e-09 1.471539e-08 2.437223e-06 -1.000000e+00 -1.000000e+00 0.000000e+00 -1.000000e+00 14 0.000000e+00 5.967838e-09
-1.000000e+00 -1.000000e+00 0.000000e+00 -1.000000e+00 -1.000000e+00 5.500000e+02 1.060781e-17 -1.000000e+00 0.000000e+00 -1.000000e+00 0.000000e+00 -1.000000e+00 -1.000000e+00 9.300196e-25 6.500000e+02 -1.000000e+00 0.000000e+00 -9.990070e+05 3.000000e+00 -1.000000e+00 -1.000000e+00 3.463287e-21 0.000000e+00 0.000000e+00 -1.000000e+00 8.948408e-18 -1.000000e+00 -9.990070e+05 8.948408e-18 2.267220e-14 2.624075e-11 -1.000000e+00 -1.000000e+00 0.000000e+00 -1.000000e+00 11 0.000000e+00 1.707370e-17
-1.000000e+00 -1.000000e+00 0.000000e+00 -1.000000e+00 -1.000000e+00 8.500000e+02 4.793215e-03 -1.000000e+00 0.000000e+00 -1.000000e+00 0.000000e+00 -1.000000e+00 -1.000000e+00 3.145444e-05 9.500000e+02 -1.000000e+00 0.000000e+00 -9.990070e+05 3.000000e+00 -1.000000e+00 -1.000000e+00 4.195291e-04 0.000000e+00 0.000000e+00 -1.000000e+00 3.087804e-03 -1.000000e+00 -9.990070e+05 3.087804e-03 4.080721e-02 2.107278e-01 -1.000000e+00 -1.000000e+00 0.000000e+00 -1.000000e+00 11 0.000000e+00 5.795459e-03
-1.000000e+00 -1.000000e+00 0.000000e+00 -1.000000e+00 -1.000000e+00 2.000000e+02 3.878721e-01 -1.000000e+00 0.000000e+00 -1.000000e+00 0.000000e+00 -1.000000e+00 -1.000000e+00 9.208994e-02 2.000000e+03 -1.000000e+00 0.000000e+00 -9.990070e+05 3.000000e+00 -1.000000e+00 -1.000000e+00 1.966351e-01 1.000000e+00 0.000000e+00 -1.000000e+00 5.000000e-01 -1.000000e+00 -9.990070e+05 5.000000e-01 6.588189e-01 8.924329e-01 -1.000000e+00 -1.000000e+00 0.000000e+00 -1.000000e+00 12 0.000000e+00 6.202982e-01
-1.000000e+00 -1.000000e+00 0.000000e+00 -1.000000e+00 -1.000000e+00 5.000000e+02 1.064364e-04 -1.000000e+00 0.000000e+00 -1.000000e+00 0.000000e+00 -1.000000e+00 -1.000000e+00 9.269097e-08 1.500000e+03 -1.000000e+00 0.000000e+00 -9.990070e+05 3.000000e+00 -1.000000e+00 -1.000000e+00 3.421617e-06 0.000000e+00 0.000000e+00 -1.000000e+00 1.827997e-03 -1.000000e+00 -9.990070e+05 1.827997e-03 2.397811e-03 3.107370e-02 -1.000000e+00 -1.000000e+00 0.000000e+00 -1.000000e+00 14 0.000000e+00 2.192548e-03
-1.000000e+00 -1.000000e+00 0.000000e+00 -1.000000e+00 -1.000000e+00 5.000000e+02 1.819295e-02 -1.000000e+00 0.000000e+00 -1.000000e+00 0.000000e+00 -1.000000e+00 -1.000000e+00 2.836796e-04 1.700000e+03 -1.000000e+00 0.000000e+00 -9.990070e+05 3.000000e+00 -1.000000e+00 -1.000000e+00 2.441563e-03 0.000000e+00 0.000000e+00 -1.000000e+00 1.093496e-01 -1.000000e+00 -9.990070e+05 1.093496e-01 1.029916e-01 3.671531e-01 -1.000000e+00 -1.000000e+00 0.000000e+00 -1.000000e+00 12 0.000000e+00 1.255284e-01
-1.000000e+00 -1.000000e+00 4.000000e+03 -1.000000e+00 -1.000000e+00 7.500000e+01 3.812653e-01 -1.000000e+00 1.000000e+00 -1.000000e+00 0.000000e+00 -1.000000e+00 -1.000000e+00 8.863733e-02 1.250000e+02 -1.000000e+00 1.000000e+00 -9.990070e+05 3.000000e+00 -1.000000e+00 -1.000000e+00 1.913417e-01 0.000000e+00 0.000000e+00 -1.000000e+00 2.379555e-01 -1.000000e+00 -9.990070e+05 2.379555e-01 6.531373e-01 8.898290e-01 -1.000000e+00 -1.000000e+00 0.000000e+00 -1.000000e+00 17 0.000000e+00 4.214496e-01
-1.000000e+00 -1.000000e+00 0.000000e+00 -1.000000e+00 -1.000000e+00 1.000000e+02 3.026067e-07 -1.000000e+00 0.000000e+00 -1.000000e+00 0.000000e+00 -1.000000e+00 -1.000000e+00 2.340953e-11 1.500000e+03 -1.000000e+00 0.000000e+00 -9.990070e+05 3.000000e+00 -1.000000e+00 -1.000000e+00 2.915588e-09 0.000000e+00 0.000000e+00 -1.000000e+00 1.364044e-05 -1.000000e+00 -9.990070e+05 1.364044e-05 2.233906e-05 9.196168e-04 -1.000000e+00 -1.000000e+00 0.000000e+00 -1.000000e+00 12 0.000000e+00 1.657453e-05
-1.000000e+00 -1.000000e+00 0.000000e+00 -1.000000e+00 -1.000000e+00 1.000000e+02 7.487449e-36 -1.000000e+00 0.000000e+00 -1.000000e+00 0.000000e+00 -1.000000e+00 -1.000000e+00 2.671842e-46 1.100000e+03 -1.000000e+00 0.000000e+00 -9.990070e+05 3.000000e+00 -1.000000e+00 -1.000000e+00 4.944076e-41 0.000000e+00 0.000000e+00 -1.000000e+00 7.454699e-31 -1.000000e+00 -9.990070e+05 7.454699e-31 7.861145e-31 4.430678e-26 -1.000000e+00 -1.000000e+00 0.000000e+00 -1.000000e+00 15 0.000000e+00 8.834337e-31
-1.000000e+00 -1.000000e+00 0.000000e+00 -1.000000e+00 -1.000000e+00 4.500000e+02 7.178110e-27 -1.000000e+00 0.000000e+00 -1.000000e+00 0.000000e+00 -1.000000e+00 -1.000000e+00 8.595727e-36 9.500000e+02 -1.000000e+00 0.000000e+00 -9.990070e+05 3.000000e+00 -1.000000e+00 -1.000000e+00 2.743459e-31 0.000000e+00 0.000000e+00 -1.000000e+00 3.540120e-27 -1.000000e+00 -9.990070e+05 3.540120e-27 1.304788e-22 1.276690e-18 -1.000000e+00 -1.000000e+00 0.000000e+00 -1.000000e+00 17 0.000000e+00 7.087412e-27
-1.000000e+00 -1.000000e+00 0.000000e+00 -1.000000e+00 -1.000000e+00 5.500000e+02 9.084222e-14 -1.000000e+00 0.000000e+00 -1.000000e+00 0.000000e+00 -1.000000e+00 -1.000000e+00 7.196487e-20 1.050000e+03 -1.000000e+00 0.000000e+00 -9.990070e+05 3.000000e+00 -1.000000e+00 -1.000000e+00 8.903233e-17 0.000000e+00 0.000000e+00 -1.000000e+00 4.502045e-14 -1.000000e+00 -9.990070e+05 4.502045e-14 6.491970e-11 2.525775e-08 -1.000000e+00 -1.000000e+00 0.000000e+00 -1.000000e+00 17 0.000000e+00 9.012491e-14
-1.000000e+00 -1.000000e+00 0.000000e+00 -1.000000e+00 -1.000000e+00 2.500000e+02 6.530886e-30 -1.000000e+00 0.000000e+00 -1.000000e+00 0.000000e+00 -1.000000e+00 -1.000000e+00 2.242406e-39 1.150000e+03 -1.000000e+00 0.000000e+00 -9.990070e+05 3.000000e+00 -1.000000e+00 -1.000000e+00 1.337028e-34 0.000000e+00 0.000000e+00 -1.000000e+00 2.927432e-25 -1.000000e+00 -9.990070e+05 2.927432e-25 2.214367e-25 4.036977e-21 -1.000000e+00 -1.000000e+00 0.000000e+00 -1.000000e+00 15 0.000000e+00 3.437577e-25
-1.000000e+00 -1.000000e+00 0.000000e+00 -1.000000e+00 -1.000000e+00 8.500000e+02 6.852219e-02 -1.000000e+00 0.000000e+00 -1.000000e+00 0.000000e+00 -1.000000e+00 -1.000000e+00 2.914524e-03 1.550000e+03 -1.000000e+00 0.000000e+00 -9.990070e+05 3.000000e+00 -1.000000e+00 -1.000000e+00 1.506130e-02 0.000000e+00 0.000000e+00 -1.000000e+00 3.750440e-01 -1.000000e+00 -9.990070e+05 3.750440e-01 2.444473e-01 5.841007e-01 -1.000000e+00 -1.000000e+00 0.000000e+00 -1.000000e+00 15 0.000000e+00 4.017246e-01
-1.000000e+00 -1.000000e+00 0.000000e+00 -1.000000e+00 -1.000000e+00 7.000000e+02 7.431962e-02 -1.000000e+00 0.000000e+00 -1.000000e+00 0.000000e+00 -1.000000e+00 -1.000000e+00 3.383075e-03 1.700000e+03 -1.000000e+00 0.000000e+00 -9.990070e+05 3.000000e+00 -1.000000e+00 -1.000000e+00 1.688790e-02 0.000000e+00 0.000000e+00 -1.000000e+00 2.777874e-01 -1.000000e+00 -9.990070e+05 2.777874e-01 2.571266e-01 5.988810e-01 -1.000000e+00 -1.000000e+00 0.000000e+00 -1.000000e+00 12 0.000000e+00 3.142398e-01
-1.000000e+00 -1.000000e+00 0.000000e+00 -1.000000e+00 -1.000000e+00 0.000000e+00 1.983682e-02 -1.000000e+00 0.000000e+00 -1.000000e+00 0.000000e+00 -1.000000e+00 -1.000000e+00 3.285750e-04 2.000000e+02 -1.000000e+00 0.000000e+00 -9.990070e+05 3.000000e+00 -1.000000e+00 -1.000000e+00 2.742645e-03 0.000000e+00 0.000000e+00 -1.000000e+00 1.769012e-02 -1.000000e+00 -9.990070e+05 1.769012e-02 1.091761e-01 3.795540e-01 -1.000000e+00 -1.000000e+00 0.000000e+00 -1.000000e+00 15 0.000000e+00 3.002490e-02
-1.000000e+00 -1.000000e+00 0.000000e+00 -1.000000e+00 -1.000000e+00 6.500000e+02 5.371260e-03 -1.000000e+00 0.000000e+00 -1.000000e+00 0.000000e+00 -1.000000e+00 -1.000000e+00 3.778919e-05 1.550000e+03 -1.000000e+00 0.000000e+00 -9.990070e+05 3.000000e+00 -1.000000e+00 -1.000000e+00 4.865933e-04 0.000000e+00 0.000000e+00 -1.000000e+00 4.049475e-02 -1.000000e+00 -9.990070e+05 4.049475e-02 4.424041e-02 2.215961e-01 -1.000000e+00 -1.000000e+00 0.000000e+00 -1.000000e+00 14 0.000000e+00 4.760860e-02
-1.000000e+00 -1.000000e+00 0.000000e+00 -1.000000e+00 -1.000000e+00 5.000000e+01 2.199386e-05 -1.000000e+00 0.000000e+00 -1.000000e+00 0.000000e+00 -1.000000e+00 -1.000000e+00 9.396576e-09 1.550000e+03 -1.000000e+00 0.000000e+00 -9.990070e+05 3.000000e+00 -1.000000e+00 -1.000000e+00 4.962104e-07 0.000000e+00 0.000000e+00 -1.000000e+00 5.531763e-04 -1.000000e+00 -9.990070e+05 5.531763e-04 7.013734e-04 1.271763e-02 -1.000000e+00 -1.000000e+00 0.000000e+00 -1.000000e+00 12 0.000000e+00 6.610131e-04
-1.000000e+00 -1.000000e+00 0.000000e+00 -1.000000e+00 -1.000000e+00 7.870000e+02 1.696908e-02 -1.000000e+00 0.000000e+00 -1.000000e+00 0.000000e+00 -1.000000e+00 -1.000000e+00 2.521432e-04 8.120000e+02 -1.000000e+00 0.000000e+00 -9.990070e+05 3.000000e+00 -1.000000e+00 -1.000000e+00 2.223826e-03 0.000000e+00 0.000000e+00 -1.000000e+00 5.322397e-02 -1.000000e+00 -9.990070e+05 5.322397e-02 9.825153e-02 3.573687e-01 -1.000000e+00 -1.000000e+00 0.000000e+00 -1.000000e+00 10 0.000000e+00 6.821471e-02
-1.000000e+00 -1.000000e+00 0.000000e+00 -1.000000e+00 -1.000000e+00 3.000000e+02 4.876376e-13 -1.000000e+00 0.000000e+00 -1.000000e+00 0.000000e+00 -1.000000e+00 -1.000000e+00 6.020516e-19 1.300000e+03 -1.000000e+00 0.000000e+00 -9.990070e+05 3.000000e+00 -1.000000e+00 -1.000000e+00 5.964359e-16 0.000000e+00 0.000000e+00 -1.000000e+00 6.820624e-11 -1.000000e+00 -9.990070e+05 6.820624e-11 2.795049e-10 8.733983e-08 -1.000000e+00 -1.000000e+00 0.000000e+00 -1.000000e+00 14 0.000000e+00 8.626051e-11
-1.000000e+00 -1.000000e+00 0.000000e+00 -1.000000e+00 -1.000000e+00 0.000000e+00 6.720975e-21 -1.000000e+00 0.000000e+00 -1.000000e+00 0.000000e+00 -1.000000e+00 -1.000000e+00 1.182290e-28 4.000000e+02 -1.000000e+00 0.000000e+00 -9.990070e+05 3.000000e+00 -1.000000e+00 -1.000000e+00 9.836218e-25 0.000000e+00 0.000000e+00 -1.000000e+00 3.769499e-21 -1.000000e+00 -9.990070e+05 3.769499e-21 3.198205e-17 8.218747e-14 -1.000000e+00 -1.000000e+00 0.000000e+00 -1.000000e+00 17 0.000000e+00 7.466792e-21
-1.000000e+00 -1.000000e+00 0.000000e+00 -1.000000e+00 -1.000000e+00 8.000000e+02 5.035473e-03 -1.000000e+00 0.000000e+00 -1.000000e+00 0.000000e+00 -1.000000e+00 -1.000000e+00 3.405268e-05 1.400000e+03 -1.000000e+00 0.000000e+00 -9.990070e+05 3.000000e+00 -1.000000e+00 -1.000000e+00 4.473354e-04 0.000000e+00 0.000000e+00 -1.000000e+00 8.400916e-02 -1.000000e+00 -9.990070e+05 8.400916e-02 4.226147e-02 2.153803e-01 -1.000000e+00 -1.000000e+00 0.000000e+00 -1.000000e+00 15 0.000000e+00 9.100879e-02
-1.000000e+00 -1.000000e+00 0.000000e+00 -1.000000e+00 -1.000000e+00 2.000000e+02 4.542264e-09 -1.000000e+00 0.000000e+00 -1.000000e+00 0.000000e+00 -1.000000e+00 -1.000000e+00 8.234158e-14 1.400000e+03 -1.000000e+00 0.000000e+00 -9.990070e+05 3.000000e+00 -1.000000e+00 -1.000000e+00 2.123112e-11 0.000000e+00 0.000000e+00 -1.000000e+00 3.240880e-07 -1.000000e+00 -9.990070e+05 3.240880e-07 6.866673e-07 5.727506e-05 -1.000000e+00 -1.000000e+00 0.000000e+00 -1.000000e+00 12 0.000000e+00 3.989170e-07
-1.000000e+00 -1.000000e+00 0.000000e+00 -1.000000e+00 -1.000000e+00 1.500000e+02 3.780745e-08 -1.000000e+00 0.000000e+00 -1.000000e+00 0.000000e+00 -1.000000e+00 -1.000000e+00 1.394060e-12 1.450000e+03 -1.000000e+00 0.000000e+00 -9.990070e+05 3.000000e+00 -1.000000e+00 -1.000000e+00 2.517870e-10 0.000000e+00 0.000000e+00 -1.000000e+00 2.118776e-06 -1.000000e+00 -9.990070e+05 2.118776e-06 4.023237e-06 2.373323e-04 -1.000000e+00 -1.000000e+00 0.000000e+00 -1.000000e+00 12 0.000000e+00 2.595529e-06
-1.000000e+00 -1.000000e+00 0.000000e+00 -1.000000e+00 -1.000000e+00 2.500000e+02 2.118620e-02 -1.000000e+00 0.000000e+00 -1.000000e+00 0.000000e+00 -1.000000e+00 -1.000000e+00 3.675807e-04 1.750000e+03 -1.000000e+00 0.000000e+00 -9.990070e+05 3.000000e+00 -1.000000e+00 -1.000000e+00 2.996913e-03 0.000000e+00 0.000000e+00 -1.000000e+00 1.217627e-01 -1.000000e+00 -9.990070e+05 1.217627e-01 1.141103e-01 3.891702e-01 -1.000000e+00 -1.000000e+00 0.000000e+00 -1.000000e+00 12 0.000000e+00 1.395514e-01
-1.000000e+00 -1.000000e+00 0.000000e+00 -1.000000e+00 -1.000000e+00 7.750000e+02 2.704098e-03 -1.000000e+00 0.000000e+00 -1.000000e+00 0.000000e+00 -1.000000e+00 -1.000000e+00 1.263173e-05 8.250000e+02 -1.000000e+00 0.000000e+00 -9.990070e+05 3.000000e+00 -1.000000e+00 -1.000000e+00 2.000325e-04 0.000000e+00 0.000000e+00 -1.000000e+00 1.301468e-02 -1.000000e+00 -9.990070e+05 1.301468e-02 2.707134e-02 1.624688e-01 -1.000000e+00 -1.000000e+00 0.000000e+00 -1.000000e+00 10 0.000000e+00 1.667569e-02
-1.000000e+00 -1.000000e+00 0.000000e+00 -1.000000e+00 -1.000000e+00 3.500000e+02 1.130790e-01 -1.000000e+00 0.000000e+00 -1.000000e+00 0.000000e+00 -1.000000e+00 -1.000000e+00 7.422349e-03 1.850000e+03 -1.000000e+00 0.000000e+00 -9.990070e+05 3.000000e+00 -1.000000e+00 -1.000000e+00 3.073301e-02 0.000000e+00 0.000000e+00 -1.000000e+00 3.580666e-01 -1.000000e+00 -9.990070e+05 3.580666e-01 3.321356e-01 6.765009e-01 -1.000000e+00 -1.000000e+00 0.000000e+00 -1.000000e+00 12 0.000000e+00 4.028050e-01
-1.000000e+00 -1.000000e+00 0.000000e+00 -1.000000e+00 -1.000000e+00 6.870000e+02 6.677500e-04 -1.000000e+00 0.000000e+00 -1.000000e+00 0.000000e+00 -1.000000e+00 -1.000000e+00 1.444440e-06 7.120000e+02 -1.000000e+00 0.000000e+00 -9.990070e+05 3.000000e+00 -1.000000e+00 -1.000000e+00 3.372593e-05 0.000000e+00 0.000000e+00 -1.000000e+00 4.353345e-03 -1.000000e+00 -9.990070e+05 4.353345e-03 9.677315e-03 8.225594e-02 -1.000000e+00 -1.000000e+00 0.000000e+00 -1.000000e+00 10 0.000000e+00 5.566597e-03
-1.000000e+00 -1.000000e+00 0.000000e+00 -1.000000e+00 -1.000000e+00 0.000000e+00 5.811820e-07 -1.000000e+00 0.000000e+00 -1.000000e+00 0.000000e+00 -1.000000e+00 -1.000000e+00 5.732192e-11 1.500000e+03 -1.000000e+00 0.000000e+00 -9.990070e+05 3.000000e+00 -1.000000e+00 -1.000000e+00 6.320046e-09 0.000000e+00 0.000000e+00 -1.000000e+00 2.399092e-05 -1.000000e+00 -9.990070e+05 2.399092e-05 3.806453e-05 1.393308e-03 -1.000000e+00 -1.000000e+00 0.000000e+00 -1.000000e+00 12 0.000000e+00 2.910237e-05
-1.000000e+00 -1.000000e+00 0.000000e+00 -1.000000e+00 -1.000000e+00 3.000000e+02 2.068540e-06 -1.000000e+00 0.000000e+00 -1.000000e+00 0.000000e+00 -1.000000e+00 -1.000000e+00 3.326114e-10 1.500000e+03 -1.000000e+00 0.000000e+00 -9.990070e+05 3.000000e+00 -1.000000e+00 -1.000000e+00 2.869437e-08 0.000000e+00 0.000000e+00 -1.000000e+00 7.227868e-05 -1.000000e+00 -9.990070e+05 7.227868e-05 1.065201e-04 3.080821e-03 -1.000000e+00 -1.000000e+00 0.000000e+00 -1.000000e+00 12 0.000000e+00 8.729091e-05
-1.000000e+00 -1.000000e+00 0.000000e+00 -1.000000e+00 -1.000000e+00 9.000000e+02 8.465752e-02 -1.000000e+00 0.000000e+00 -1.000000e+00 0.000000e+00 -1.000000e+00 -1.000000e+00 4.304905e-03 1.500000e+03 -1.000000e+00 0.000000e+00 -9.990070e+05 3.000000e+00 -1.000000e+00 -1.000000e+00 2.030884e-02 0.000000e+00 0.000000e+00 -1.000000e+00 4.141711e-01 -1.000000e+00 -9.990070e+05 4.141711e-01 2.786578e-01 6.227874e-01 -1.000000e+00 -1.000000e+00 0.000000e+00 -1.000000e+00 15 0.000000e+00 4.433657e-01
-1.000000e+00 -1.000000e+00 0.000000e+00 -1.000000e+00 -1.000000e+00 9.000000e+02 2.125243e-01 -1.000000e+00 0.000000e+00 -1.000000e+00 0.000000e+00 -1.000000e+00 -1.000000e+00 2.566363e-02 1.700000e+03 -1.000000e+00 0.000000e+00 -9.990070e+05 3.000000e+00 -1.000000e+00 -1.000000e+00 7.772241e-02 0.000000e+00 0.000000e+00 -1.000000e+00 4.694985e-01 -1.000000e+00 -9.990070e+05 4.694985e-01 4.785053e-01 7.924063e-01 -1.000000e+00 -1.000000e+00 0.000000e+00 -1.000000e+00 14 0.000000e+00 5.341132e-01
-1.000000e+00 -1.000000e+00 0.000000e+00 -1.000000e+00 -1.000000e+00 3.870000e+02 3.978198e-04 -1.000000e+00 0.000000e+00 -1.000000e+00 0.000000e+00 -1.000000e+00 -1.000000e+00 6.590011e-07 4.120000e+02 -1.000000e+00 0.000000e+00 -9.990070e+05 3.000000e+00 -1.000000e+00 -1.000000e+00 1.760059e-05 0.000000e+00 0.000000e+00 -1.000000e+00 8.838030e-04 -1.000000e+00 -9.990070e+05 8.838030e-04 6.559129e-03 6.302833e-02 -1.000000e+00 -1.000000e+00 0.000000e+00 -1.000000e+00 10 0.000000e+00 1.337366e-03
-1.000000e+00 -1.000000e+00 0.000000e+00 -1.000000e+00 -1.000000e+00 5.000000e+01 3.006971e-01 -1.000000e+00 0.000000e+00 -1.000000e+00 0.000000e+00 -1.000000e+00 -1.000000e+00 5.287525e-02 1.950000e+03 -1.000000e+00 0.000000e+00 -9.990070e+05 3.000000e+00 -1.000000e+00 -1.000000e+00 1.319116e-01 1.000000e+00 0.000000e+00 -1.000000e+00 5.000000e-01 -1.000000e+00 -9.990070e+05 5.000000e-01 5.777226e-01 8.521287e-01 -1.000000e+00 -1.000000e+00 0.000000e+00 -1.000000e+00 12 0.000000e+00 5.884766e-01
-1.000000e+00 -1.000000e+00 0.000000e+00 -1.000000e+00 -1.000000e+00 3.500000e+02 4.077417e-07 -1.000000e+00 0.000000e+00 -1.000000e+00 0.000000e+00 -1.000000e+00 -1.000000e+00 3.522194e-11 1.450000e+03 -1.000000e+00 0.000000e+00 -9.990070e+05 3.000000e+00 -1.000000e+00 -1.000000e+00 4.150554e-09 0.000000e+00 0.000000e+00 -1.000000e+00 1.737117e-05 -1.000000e+00 -9.990070e+05 1.737117e-05 2.850745e-05 1.112542e-03 -1.000000e+00 -1.000000e+00 0.000000e+00 -1.000000e+00 12 0.000000e+00 2.111695e-05
-1.000000e+00 -1.000000e+00 0.000000e+00 -1.000000e+00 -1.000000e+00 2.500000e+02 3.051298e-01 -1.000000e+00 0.000000e+00 -1.000000e+00 0.000000e+00 -1.000000e+00 -1.000000e+00 5.455499e-02 1.950000e+03 -1.000000e+00 0.000000e+00 -9.990070e+05 3.000000e+00 -1.000000e+00 -1.000000e+00 1.349359e-01 1.000000e+00 0.000000e+00 -1.000000e+00 5.000000e-01 -1.000000e+00 -9.990070e+05 5.000000e-01 5.821991e-01 8.545380e-01 -1.000000e+00 -1.000000e+00 0.000000e+00 -1.000000e+00 12 0.000000e+00 5.900157e-01
-1.000000e+00 -1.000000e+00 0.000000e+00 -1.000000e+00 -1.000000e+00 4.500000e+02 3.323556e-02 -1.000000e+00 0.000000e+00 -1.000000e+00 0.000000e+00 -1.000000e+00 -1.000000e+00 7.999652e-04 1.750000e+03 -1.000000e+00 0.000000e+00 -9.990070e+05 3.000000e+00 -1.000000e+00 -1.000000e+00 5.523529e-03 0.000000e+00 0.000000e+00 -1.000000e+00 1.653636e-01 -1.000000e+00 -9.990070e+05 1.653636e-01 1.538029e-01 4.590324e-01 -1.000000e+00 -1.000000e+00 0.000000e+00 -1.000000e+00 12 0.000000e+00 1.887115e-01
-1.000000e+00 -1.000000e+00 0.000000e+00 -1.000000e+00 -1.000000e+00 5.000000e+01 1.980455e-02 -1.000000e+00 0.000000e+00 -1.000000e+00 0.000000e+00 -1.000000e+00 -1.000000e+00 3.276659e-04 1.750000e+03 -1.000000e+00 0.000000e+00 -9.990070e+05 3.000000e+00 -1.000000e+00 -1.000000e+00 2.736642e-03 0.000000e+00 0.000000e+00 -1.000000e+00 1.162159e-01 -1.000000e+00 -9.990070e+05 1.162159e-01 1.090565e-01 3.793181e-01 -1.000000e+00 -1.000000e+00 0.000000e+00 -1.000000e+00 12 0.000000e+00 1.332746e-01
-1.000000e+00 -1.000000e+00 0.000000e+00 -1.000000e+00 -1.000000e+00 1.500000e+02 1.890013e-17 -1.000000e+00 0.000000e+00 -1.000000e+00 0.000000e+00 -1.000000e+00 -1.000000e+00 1.891198e-24 1.250000e+03 -1.000000e+00 0.000000e+00 -9.990070e+05 3.000000e+00 -1.000000e+00 -1.000000e+00 6.591747e-21 0.000000e+00 0.000000e+00 -1.000000e+00 5.184046e-15 -1.000000e+00 -9.990070e+05 5.184046e-15 3.782166e-14 4.099630e-11 -1.000000e+00 -1.000000e+00 0.000000e+00 -1.000000e+00 14 0.000000e+00 6.662670e-15
-1.000000e+00 -1.000000e+00 0.000000e+00 -1.000000e+00 -1.000000e+00 5.000000e+01 3.678075e-12 -1.000000e+00 0.000000e+00 -1.000000e+00 0.000000e+00 -1.000000e+00 -1.000000e+00 7.881737e-18 1.350000e+03 -1.000000e+00 0.000000e+00 -9.990070e+05 3.000000e+00 -1.000000e+00 -1.000000e+00 5.924109e-15 0.000000e+00 0.000000e+00 -1.000000e+00 4.663632e-10 -1.000000e+00 -9.990070e+05 4.663632e-10 1.603011e-09 3.816036e-07 -1.000000e+00 -1.000000e+00 0.000000e+00 -1.000000e+00 12 0.000000e+00 5.856553e-10
-1.000000e+00 -1.000000e+00 0.000000e+00 -1.000000e+00 -1.000000e+00 9.000000e+02 4.378920e-01 -1.000000e+00 0.000000e+00 -1.000000e+00 0.000000e+00 -1.000000e+00 -1.000000e+00 1.210393e-01 1.900000e+03 -1.000000e+00 0.000000e+00 -9.990070e+05 3.000000e+00 -1.000000e+00 -1.000000e+00 2.387971e-01 1.000000e+00 0.000000e+00 -1.000000e+00 5.000000e-01 -1.000000e+00 -9.990070e+05 5.000000e-01 6.997317e-01 9.102785e-01 -1.000000e+00 -1.000000e+00 0.000000e+00 -1.000000e+00 12 0.000000e+00 6.401606e-01
-1.000000e+00 -1.000000e+00 0.000000e+00 -1.000000e+00 -1.000000e+00 3.000000e+02 4.250535e-35 -1.000000e+00 0.000000e+00 -1.000000e+00 0.000000e+00 -1.000000e+00 -1.000000e+00 1.999093e-45 1.100000e+03 -1.000000e+00 0.000000e+00 -9.990070e+05 3.000000e+00 -1.000000e+00 -1.000000e+00 3.222016e-40 0.000000e+00 0.000000e+00 -1.000000e+00 3.122041e-30 -1.000000e+00 -9.990070e+05 3.122041e-30 3.887956e-30 1.909440e-25 -1.000000e+00 -1.000000e+00 0.000000e+00 -1.000000e+00 15 0.000000e+00 3.715136e-30
-1.000000e+00 -1.000000e+00 0.000000e+00 -1.000000e+00 -1.000000e+00 4.500000e+02 5.577635e-18 -1.000000e+00 0.000000e+00 -1.000000e+00 0.000000e+00 -1.000000e+00 -1.000000e+00 4.225952e-25 7.500000e+02 -1.000000e+00 0.000000e+00 -9.990070e+05 3.000000e+00 -1.000000e+00 -1.000000e+00 1.692969e-21 0.000000e+00 0.000000e+00 -1.000000e+00 2.779824e-18 -1.000000e+00 -9.990070e+05 2.779824e-18 1.282018e-14 1.595256e-11 -1.000000e+00 -1.000000e+00 0.000000e+00 -1.000000e+00 17 0.000000e+00 5.561285e-18
-1.000000e+00 -1.000000e+00 0.000000e+00 -1.000000e+00 -1.000000e+00 0.000000e+00 1.905562e-53 -1.000000e+00 0.000000e+00 -1.000000e+00 0.000000e+00 -1.000000e+00 -1.000000e+00 2.152909e-66 1.000000e+03 -1.000000e+00 0.000000e+00 -9.990070e+05 3.000000e+00 -1.000000e+00 -1.000000e+00 7.086012e-60 0.000000e+00 0.000000e+00 -1.000000e+00 7.396440e-48 -1.000000e+00 -9.990070e+05 7.396440e-48 3.545306e-47 3.531877e-41 -1.000000e+00 -1.000000e+00 0.000000e+00 -1.000000e+00 15 0.000000e+00 9.053509e-48
-1.000000e+00 -1.000000e+00 0.000000e+00 -1.000000e+00 -1.000000e+00 8.750000e+02 3.882607e-02 -1.000000e+00 0.000000e+00 -1.000000e+00 0.000000e+00 -1.000000e+00 -1.000000e+00 1.051020e-03 9.250000e+02 -1.000000e+00 0.000000e+00 -9.990070e+05 3.000000e+00 -1.000000e+00 -1.000000e+00 6.836357e-03 0.000000e+00 0.000000e+00 -1.000000e+00 1.073678e-01 -1.000000e+00 -9.990070e+05 1.073678e-01 1.702109e-01 4.847059e-01 -1.000000e+00 -1.000000e+00 0.000000e+00 -1.000000e+00 10 0.000000e+00 1.349824e-01
-1.000000e+00 -1.000000e+00 0.000000e+00 -1.000000e+00 -1.000000e+00 5.500000e+02 8.877651e-03 -1.000000e+00 0.000000e+00 -1.000000e+00 0.000000e+00 -1.000000e+00 -1.000000e+00 8.567725e-05 1.650000e+03 -1.000000e+00 0.000000e+00 -9.990070e+05 3.000000e+00 -1.000000e+00 -1.000000e+00 9.402403e-04 0.000000e+00 0.000000e+00 -1.000000e+00 6.541486e-02 -1.000000e+00 -9.990070e+05 6.541486e-02 6.295669e-02 2.749618e-01 -1.000000e+00 -1.000000e+00 0.000000e+00 -1.000000e+00 12 0.000000e+00 7.557053e-02
-1.000000e+00 -1.000000e+00 0.000000e+00 -1.000000e+00 -1.000000e+00 8.500000e+02 2.145601e-01 -1.000000e+00 0.000000e+00 -1.000000e+00 0.000000e+00 -1.000000e+00 -1.000000e+00 2.616677e-02 1.750000e+03 -1.000000e+00 0.000000e+00 -9.990070e+05 3.000000e+00 -1.000000e+00 -1.000000e+00 7.884411e-02 0.000000e+00 0.000000e+00 -1.000000e+00 4.726209e-01 -1.000000e+00 -9.990070e+05 4.726209e-01 4.810509e-01 7.941027e-01 -1.000000e+00 -1.000000e+00 0.000000e+00 -1.000000e+00 14 0.000000e+00 5.373807e-01
-1.000000e+00 -1.000000e+00 0.000000e+00 -1.000000e+00 -1.000000e+00 7.000000e+02 2.329319e-02 -1.000000e+00 0.000000e+00 -1.000000e+00 0.000000e+00 -1.000000e+00 -1.000000e+00 4.323299e-04 9.000000e+02 -1.000000e+00 0.000000e+00 -9.990070e+05 3.000000e+00 -1.000000e+00 -1.000000e+00 3.406262e-03 0.000000e+00 0.000000e+00 -1.000000e+00 1.443113e-02 -1.000000e+00 -9.990070e+05 1.443113e-02 1.215832e-01 4.032971e-01 -1.000000e+00 -1.000000e+00 0.000000e+00 -1.000000e+00 11 0.000000e+00 2.706690e-02
-1.000000e+00 -1.000000e+00 0.000000e+00 -1.000000e+00 -1.000000e+00 6.000000e+02 4.464160e-11 -1.000000e+00 0.000000e+00 -1.000000e+00 0.000000e+00 -1.000000e+00 -1.000000e+00 1.948488e-16 1.200000e+03 -1.000000e+00 0.000000e+00 -9.990070e+05 3.000000e+00 -1.000000e+00 -1.000000e+00 1.025504e-13 0.000000e+00 0.000000e+00 -1.000000e+00 3.414794e-08 -1.000000e+00 -9.990070e+05 3.414794e-08 1.366711e-08 2.291937e-06 -1.000000e+00 -1.000000e+00 0.000000e+00 -1.000000e+00 15 0.000000e+00 3.865481e-08
-1.000000e+00 -1.000000e+00 0.000000e+00 -1.000000e+00 -1.000000e+00 5.870000e+02 7.282180e-07 -1.000000e+00 0.000000e+00 -1.000000e+00 0.000000e+00 -1.000000e+00 -1.000000e+00 7.821290e-11 6.120000e+02 -1.000000e+00 0.000000e+00 -9.990070e+05 3.000000e+00 -1.000000e+00 -1.000000e+00 8.262392e-09 0.000000e+00 0.000000e+00 -1.000000e+00 9.484695e-06 -1.000000e+00 -9.990070e+05 9.484695e-06 4.573473e-05 1.606582e-03 -1.000000e+00 -1.000000e+00 0.000000e+00 -1.000000e+00 10 0.000000e+00 1.263287e-05
-1.000000e+00 -1.000000e+00 0.000000e+00 -1.000000e+00 -1.000000e+00 0.000000e+00 4.384201e-10 -1.000000e+00 0.000000e+00 -1.000000e+00 0.000000e+00 -1.000000e+00 -1.000000e+00 3.794434e-15 1.400000e+03 -1.000000e+00 0.000000e+00 -9.990070e+05 3.000000e+00 -1.000000e+00 -1.000000e+00 1.417190e-12 0.000000e+00 0.000000e+00 -1.000000e+00 3.882549e-08 -1.000000e+00 -9.990070e+05 3.882549e-08 9.558550e-08 1.145162e-05 -1.000000e+00 -1.000000e+00 0.000000e+00 -1.000000e+00 12 0.000000e+00 4.810601e-08
-1.000000e+00 -1.000000e+00 0.000000e+00 -1.000000e+00 -1.000000e+00 4.500000e+02 3.028504e-01 -1.000000e+00 0.000000e+00 -1.000000e+00 0.000000e+00 -1.000000e+00 -1.000000e+00 5.368728e-02 1.950000e+03 -1.000000e+00 0.000000e+00 -9.990070e+05 3.000000e+00 -1.000000e+00 -1.000000e+00 1.333772e-01 1.000000e+00 0.000000e+00 -1.000000e+00 5.000000e-01 -1.000000e+00 -9.990070e+05 5.000000e-01 5.799025e-01 8.533048e-01 -1.000000e+00 -1.000000e+00 0.000000e+00 -1.000000e+00 12 0.000000e+00 5.892232e-01
-1.000000e+00 -1.000000e+00 0.000000e+00 -1.000000e+00 -1.000000e+00 7.500000e+02 1.272533e-06 -1.000000e+00 0.000000e+00 -1.000000e+00 0.000000e+00 -1.000000e+00 -1.000000e+00 1.692603e-10 8.500000e+02 -1.000000e+00 0.000000e+00 -9.990070e+05 3.000000e+00 -1.000000e+00 -1.000000e+00 1.606097e-08 0.000000e+00 0.000000e+00 -1.000000e+00 9.328069e-07 -1.000000e+00 -9.990070e+05 9.328069e-07 7.193650e-05 2.279435e-03 -1.000000e+00 -1.000000e+00 0.000000e+00 -1.000000e+00 11 0.000000e+00 1.758344e-06
-1.000000e+00 -1.000000e+00 0.000000e+00 -1.000000e+00 -1.000000e+00 7.000000e+02 6.028617e-03 -1.000000e+00 0.000000e+00 -1.000000e+00 0.000000e+00 -1.000000e+00 -1.000000e+00 4.554972e-05 1.500000e+03 -1.000000e+00 0.000000e+00 -9.990070e+05 3.000000e+00 -1.000000e+00 -1.000000e+00 5.657505e-04 0.000000e+00 0.000000e+00 -1.000000e+00 4.395234e-02 -1.000000e+00 -9.990070e+05 4.395234e-02 4.800207e-02 2.330694e-01 -1.000000e+00 -1.000000e+00 0.000000e+00 -1.000000e+00 14 0.000000e+00 5.166291e-02
-1.000000e+00 -1.000000e+00 0.000000e+00 -1.000000e+00 -1.000000e+00 0.000000e+00 3.300548e-115 -1.000000e+00 0.000000e+00 -1.000000e+00 0.000000e+00 -1.000000e+00 -1.000000e+00 1.378137e-134 6.000000e+02 -1.000000e+00 0.000000e+00 -9.990070e+05 3.000000e+00 -1.000000e+00 -1.000000e+00 7.468438e-125 0.000000e+00 0.000000e+00 -1.000000e+00 1.624423e-115 -1.000000e+00 -9.990070e+05 1.624423e-115 1.006897e-105 1.640454e-96 -1.000000e+00 -1.000000e+00 0.000000e+00 -1.000000e+00 17 0.000000e+00 3.250638e-115
-1.000000e+00 -1.000000e+00 0.000000e+00 -1.000000e+00 -1.000000e+00 4.500000e+02 1.414382e-08 -1.000000e+00 0.000000e+00 -1.000000e+00 0.000000e+00 -1.000000e+00 -1.000000e+00 3.732133e-13 1.350000e+03 -1.000000e+00 0.000000e+00 -9.990070e+05 3.000000e+00 -1.000000e+00 -1.000000e+00 7.972100e-11 0.000000e+00 0.000000e+00 -1.000000e+00 7.943133e-07 -1.000000e+00 -9.990070e+05 7.943133e-07 1.775768e-06 1.233054e-04 -1.000000e+00 -1.000000e+00 0.000000e+00 -1.000000e+00 14 0.000000e+00 9.826172e-07
-1.000000e+00 -1.000000e+00 0.000000e+00 -1.000000e+00 -1.000000e+00 7.500000e+02 2.821025e-04 -1.000000e+00 0.000000e+00 -1.000000e+00 0.000000e+00 -1.000000e+00 -1.000000e+00 3.933083e-07 1.250000e+03 -1.000000e+00 0.000000e+00 -9.990070e+05 3.000000e+00 -1.000000e+00 -1.000000e+00 1.145711e-05 0.000000e+00 0.000000e+00 -1.000000e+00 1.136772e-02 -1.000000e+00 -9.990070e+05 1.136772e-02 5.056372e-03 5.262081e-02 -1.000000e+00 -1.000000e+00 0.000000e+00 -1.000000e+00 15 0.000000e+00 1.246421e-02
-1.000000e+00 -1.000000e+00 0.000000e+00 -1.000000e+00 -1.000000e+00 1.870000e+02 8.181550e-02 -1.000000e+00 0.000000e+00 -1.000000e+00 0.000000e+00 -1.000000e+00 -1.000000e+00 4.040391e-03 2.120000e+02 -1.000000e+00 0.000000e+00 -9.990070e+05 3.000000e+00 -1.000000e+00 -1.000000e+00 1.934788e-02 0.000000e+00 0.000000e+00 -1.000000e+00 4.232509e-02 -1.000000e+00 -9.990070e+05 4.232509e-02 2.728665e-01 6.164979e-01 -1.000000e+00 -1.000000e+00 0.000000e+00 -1.000000e+00 11 0.000000e+00 8.358790e-02
-1.000000e+00 -1.000000e+00 0.000000e+00 -1.000000e+00 -1.000000e+00 0.000000e+00 4.084334e-70 -1.000000e+00 0.000000e+00 -1.000000e+00 0.000000e+00 -1.000000e+00 -1.000000e+00 4.602380e-85 8.000000e+02 -1.000000e+00 0.000000e+00 -9.990070e+05 3.000000e+00 -1.000000e+00 -1.000000e+00 1.517436e-77 0.000000e+00 0.000000e+00 -1.000000e+00 2.517757e-64 -1.000000e+00 -9.990070e+05 2.517757e-64 7.598213e-63 7.559735e-56 -1.000000e+00 -1.000000e+00 0.000000e+00 -1.000000e+00 15 0.000000e+00 3.185058e-64
-1.000000e+00 -1.000000e+00 0.000000e+00 -1.000000e+00 -1.000000e+00 2.000000e+02 1.713496e-04 -1.000000e+00 0.000000e+00 -1.000000e+00 0.000000e+00 -1.000000e+00 -1.000000e+00 1.871856e-07 1.600000e+03 -1.000000e+00 0.000000e+00 -9.990070e+05 3.000000e+00 -1.000000e+00 -1.000000e+00 6.165047e-06 0.000000e+00 0.000000e+00 -1.000000e+00 3.053684e-03 -1.000000e+00 -9.990070e+05 3.053684e-03 3.457269e-03 4.029962e-02 -1.000000e+00 -1.000000e+00 0.000000e+00 -1.000000e+00 12 0.000000e+00 3.613103e-03
-1.000000e+00 -1.000000e+00 0.000000e+00 -1.000000e+00 -1.000000e+00 1.000000e+02 5.698594e-03 -1.000000e+00 0.000000e+00 -1.000000e+00 0.000000e+00 -1.000000e+00 -1.000000e+00 4.158057e-05 1.700000e+03 -1.000000e+00 0.000000e+00 -9.990070e+05 3.000000e+00 -1.000000e+00 -1.000000e+00 5.256375e-04 0.000000e+00 0.000000e+00 -1.000000e+00 4.740699e-02 -1.000000e+00 -9.990070e+05 4.740699e-02 4.613125e-02 2.274172e-01 -1.000000e+00 -1.000000e+00 0.000000e+00 -1.000000e+00 12 0.000000e+00 5.492987e-02
-1.000000e+00 -1.000000e+00 0.000000e+00 -1.000000e+00 -1.000000e+00 3.750000e+02 1.004041e-06 -1.000000e+00 0.000000e+00 -1.000000e+00 0.000000e+00 -1.000000e+00 -1.000000e+00 1.218939e-10 4.250000e+02 -1.000000e+00 0.000000e+00 -9.990070e+05 3.000000e+00 -1.000000e+00 -1.000000e+00 1.210885e-08 0.000000e+00 0.000000e+00 -1.000000e+00 4.920790e-06 -1.000000e+00 -9.990070e+05 4.920790e-06 5.936677e-05 1.965761e-03 -1.000000e+00 -1.000000e+00 0.000000e+00 -1.000000e+00 10 0.000000e+00 7.226881e-06
-1.000000e+00 -1.000000e+00 0.000000e+00 -1.000000e+00 -1.000000e+00 2.000000e+02 5.311746e-02 -1.000000e+00 0.000000e+00 -1.000000e+00 0.000000e+00 -1.000000e+00 -1.000000e+00 1.836386e-03 1.800000e+03 -1.000000e+00 0.000000e+00 -9.990070e+05 3.000000e+00 -1.000000e+00 -1.000000e+00 1.054684e-02 0.000000e+00 0.000000e+00 -1.000000e+00 2.249258e-01 -1.000000e+00 -9.990070e+05 2.249258e-01 2.081918e-01 5.385778e-01 -1.000000e+00 -1.000000e+00 0.000000e+00 -1.000000e+00 12 0.000000e+00 2.554054e-01
-1.000000e+00 -1.000000e+00 0.000000e+00 -1.000000e+00 -1.000000e+00 9.000000e+02 9.380048e-02 -1.000000e+00 0.000000e+00 -1.000000e+00 0.000000e+00 -1.000000e+00 -1.000000e+00 5.213481e-03 1.300000e+03 -1.000000e+00 0.000000e+00 -9.990070e+05 3.000000e+00 -1.000000e+00 -1.000000e+00 2.350296e-02 0.000000e+00 0.000000e+00 -1.000000e+00 4.664232e-02 -1.000000e+00 -9.990070e+05 4.664232e-02 2.966932e-01 6.417512e-01 -1.000000e+00 -1.000000e+00 0.000000e+00 -1.000000e+00 17 0.000000e+00 9.348140e-02
-1.000000e+00 -1.000000e+00 0.000000e+00 -1.000000e+00 -1.000000e+00 8.500000e+02 3.034533e-02 -1.000000e+00 0.000000e+00 -1.000000e+00 0.000000e+00 -1.000000e+00 -1.000000e+00 6.826293e-04 1.350000e+03 -1.000000e+00 0.000000e+00 -9.990070e+05 3.000000e+00 -1.000000e+00 -1.000000e+00 4.878131e-03 0.000000e+00 0.000000e+00 -1.000000e+00 2.432160e-01 -1.000000e+00 -9.990070e+05 2.432160e-01 1.448841e-01 4.443635e-01 -1.000000e+00 -1.000000e+00 0.000000e+00 -1.000000e+00 15 0.000000e+00 2.617592e-01
-1.000000e+00 -1.000000e+00 0.000000e+00 -1.000000e+00 -1.000000e+00 3.500000e+02 2.976522e-16 -1.000000e+00 0.000000e+00 -1.000000e+00 0.000000e+00 -1.000000e+00 -1.000000e+00 5.677297e-23 1.250000e+03 -1.000000e+00 0.000000e+00 -9.990070e+05 3.000000e+00 -1.000000e+00 -1.000000e+00 1.432750e-19 0.000000e+00 0.000000e+00 -1.000000e+00 1.187677e-12 -1.000000e+00 -9.990070e+05 1.187677e-12 4.319976e-13 3.400773e-10 -1.000000e+00 -1.000000e+00 0.000000e+00 -1.000000e+00 15 0.000000e+00 1.353092e-12
-1.000000e+00 -1.000000e+00 0.000000e+00 -1.000000e+00 -1.000000e+00 6.000000e+02 3.852627e-12 -1.000000e+00 0.000000e+00 -1.000000e+00 0.000000e+00 -1.000000e+00 -1.000000e+00 8.362953e-18 1.000000e+03 -1.000000e+00 0.000000e+00 -9.990070e+05 3.000000e+00 -1.000000e+00 -1.000000e+00 6.245328e-15 0.000000e+00 0.000000e+00 -1.000000e+00 1.908988e-12 -1.000000e+00 -9.990070e+05 1.908988e-12 1.668364e-09 3.946440e-07 -1.000000e+00 -1.000000e+00 0.000000e+00 -1.000000e+00 17 0.000000e+00 3.821867e-12
-1.000000e+00 -1.000000e+00 0.000000e+00 -1.000000e+00 -1.000000e+00 6.500000e+02 2.983629e-07 -1.000000e+00 0.000000e+00 -1.000000e+00 0.000000e+00 -1.000000e+00 -1.000000e+00 2.296157e-11 1.150000e+03 -1.000000e+00 0.000000e+00 -9.990070e+05 3.000000e+00 -1.000000e+00 -1.000000e+00 2.867263e-09 0.000000e+00 0.000000e+00 -1.000000e+00 5.255104e-05 -1.000000e+00 -9.990070e+05 5.255104e-05 2.208228e-05 9.113366e-04 -1.000000e+00 -1.000000e+00 0.000000e+00 -1.000000e+00 15 0.000000e+00 5.880734e-05
-1.000000e+00 -1.000000e+00 0.000000e+00 -1.000000e+00 -1.000000e+00 2.000000e+02 2.925731e-23 -1.000000e+00 0.000000e+00 -1.000000e+00 0.000000e+00 -1.000000e+00 -1.000000e+00 1.704768e-31 1.200000e+03 -1.000000e+00 0.000000e+00 -9.990070e+05 3.000000e+00 -1.000000e+00 -1.000000e+00 2.465372e-27 0.000000e+00 0.000000e+00 -1.000000e+00 4.707862e-19 -1.000000e+00 -9.990070e+05 4.707862e-19 2.415320e-19 1.075199e-15 -1.000000e+00 -1.000000e+00 0.000000e+00 -1.000000e+00 15 0.000000e+00 5.455963e-19
-1.000000e+00 -1.000000e+00 0.000000e+00 -1.000000e+00 -1.000000e+00 1.500000e+02 9.725621e-04 -1.000000e+00 0.000000e+00 -1.000000e+00 0.000000e+00 -1.000000e+00 -1.000000e+00 2.568257e-06 1.650000e+03 -1.000000e+00 0.000000e+00 -9.990070e+05 3.000000e+00 -1.000000e+00 -1.000000e+00 5.422997e-05 0.000000e+00 0.000000e+00 -1.000000e+00 1.225337e-02 -1.000000e+00 -9.990070e+05 1.225337e-02 1.280219e-02 9.934433e-02 -1.000000e+00 -1.000000e+00 0.000000e+00 -1.000000e+00 12 0.000000e+00 1.436554e-02
-1.000000e+00 -1.000000e+00 0.000000e+00 -1.000000e+00 -1.000000e+00 4.000000e+02 2.504692e-19 -1.000000e+00 0.000000e+00 -1.000000e+00 0.000000e+00 -1.000000e+00 -1.000000e+00 9.532833e-27 1.200000e+03 -1.000000e+00 0.000000e+00 -9.990070e+05 3.000000e+00 -1.000000e+00 -1.000000e+00 5.390057e-23 0.000000e+00 0.000000e+00 -1.000000e+00 1.849794e-15 -1.000000e+00 -9.990070e+05 1.849794e-15 8.112821e-16 1.420841e-12 -1.000000e+00 -1.000000e+00 0.000000e+00 -1.000000e+00 15 0.000000e+00 2.127510e-15
-1.000000e+00 -1.000000e+00 0.000000e+00 -1.000000e+00 -1.000000e+00 8.000000e+02 6.632237e-02 -1.000000e+00 0.000000e+00 -1.000000e+00 0.000000e+00 -1.000000e+00 -1.000000e+00 2.745764e-03 1.600000e+03 -1.000000e+00 0.000000e+00 -9.990070e+05 3.000000e+00 -1.000000e+00 -1.000000e+00 1.438601e-02 0.000000e+00 0.000000e+00 -1.000000e+00 2.349089e-01 -1.000000e+00 -9.990070e+05 2.349089e-01 2.395098e-01 5.781945e-01 -1.000000e+00 -1.000000e+00 0.000000e+00 -1.000000e+00 14 0.000000e+00 2.708679e-01
-1.000000e+00 -1.000000e+00 4.000000e+03 -1.000000e+00 -1.000000e+00 8.700000e+01 3.113432e-01 -1.000000e+00 1.000000e+00 -1.000000e+00 0.000000e+00 -1.000000e+00 -1.000000e+00 5.696325e-02 1.120000e+02 -1.000000e+00 1.000000e+00 -9.990070e+05 2.000000e+00 -1.000000e+00 -1.000000e+00 1.392232e-01 0.000000e+00 0.000000e+00 -1.000000e+00 1.579306e-01 -1.000000e+00 -9.990070e+05 1.579306e-01 5.884035e-01 8.578398e-01 -1.000000e+00 -1.000000e+00 0.000000e+00 -1.000000e+00 11 1.000000e+00 3.135079e-01
-1.000000e+00 -1.000000e+00 4.000000e+03 -1.000000e+00 -1.000000e+00 5.000000e+01 3.119904e-01 -1.000000e+00 1.000000e+00 -1.000000e+00 0.000000e+00 -1.000000e+00 -1.000000e+00 5.721774e-02 1.500000e+02 -1.000000e+00 1.000000e+00 -9.990070e+05 2.000000e+00 -1.000000e+00 -1.000000e+00 1.396730e-01 0.000000e+00 0.000000e+00 -1.000000e+00 1.669874e-01 -1.000000e+00 -9.990070e+05 1.669874e-01 5.890451e-01 8.581788e-01 -1.000000e+00 -1.000000e+00 0.000000e+00 -1.000000e+00 12 1.000000e+00 3.224239e-01
-1.000000e+00 -1.000000e+00 0.000000e+00 -1.000000e+00 -1.000000e+00 1.500000e+02 1.054811e-01 -1.000000e+00 0.000000e+00 -1.000000e+00 0.000000e+00 -1.000000e+00 -1.000000e+00 6.503767e-03 1.850000e+03 -1.000000e+00 0.000000e+00 -9.990070e+05 3.000000e+00 -1.000000e+00 -1.000000e+00 2.780512e-02 0.000000e+00 0.000000e+00 -1.000000e+00 3.440152e-01 -1.000000e+00 -9.990070e+05 3.440152e-01 3.185495e-01 6.635525e-01 -1.000000e+00 -1.000000e+00 0.000000e+00 -1.000000e+00 12 0.000000e+00 3.872922e-01
-1.000000e+00 -1.000000e+00 0.000000e+00 -1.000000e+00 -1.000000e+00 7.000000e+02 2.802381e-01 -1.000000e+00 0.000000e+00 -1.000000e+00 0.000000e+00 -1.000000e+00 -1.000000e+00 4.552730e-02 1.900000e+03 -1.000000e+00 0.000000e+00 -9.990070e+05 3.000000e+00 -1.000000e+00 -1.000000e+00 1.183235e-01 1.000000e+00 0.000000e+00 -1.000000e+00 5.000000e-01 -1.000000e+00 -9.990070e+05 5.000000e-01 5.564952e-01 8.403889e-01 -1.000000e+00 -1.000000e+00 0.000000e+00 -1.000000e+00 12 0.000000e+00 5.814759e-01
-1.000000e+00 -1.000000e+00 0.000000e+00 -1.000000e+00 -1.000000e+00 1.000000e+02 3.993650e-14 -1.000000e+00 0.000000e+00 -1.000000e+00 0.000000e+00 -1.000000e+00 -1.000000e+00 2.558187e-20 1.300000e+03 -1.000000e+00 0.000000e+00 -9.990070e+05 3.000000e+00 -1.000000e+00 -1.000000e+00 3.520146e-17 0.000000e+00 0.000000e+00 -1.000000e+00 6.794231e-12 -1.000000e+00 -9.990070e+05 6.794231e-12 3.172075e-11 1.370809e-08 -1.000000e+00 -1.000000e+00 0.000000e+00 -1.000000e+00 14 0.000000e+00 8.623799e-12
-1.000000e+00 -1.000000e+00 0.000000e+00 -1.000000e+00 -1.000000e+00 5.000000e+02 2.202034e-11 -1.000000e+00 0.000000e+00 -1.000000e+00 0.000000e+00 -1.000000e+00 -1.000000e+00 7.829500e-17 1.300000e+03 -1.000000e+00 0.000000e+00 -9.990070e+05 3.000000e+00 -1.000000e+00 -1.000000e+00 4.566494e-14 0.000000e+00 0.000000e+00 -1.000000e+00 2.141053e-08 -1.000000e+00 -9.990070e+05 2.141053e-08 7.463671e-09 1.384508e-06 -1.000000e+00 -1.000000e+00 0.000000e+00 -1.000000e+00 15 0.000000e+00 2.412551e-08
-1.000000e+00 -1.000000e+00 0.000000e+00 -1.000000e+00 -1.000000e+00 8.500000e+02 8.208719e-02 -1.000000e+00 0.000000e+00 -1.000000e+00 0.000000e+00 -1.000000e+00 -1.000000e+00 4.065313e-03 1.150000e+03 -1.000000e+00 0.000000e+00 -9.990070e+05 3.000000e+00 -1.000000e+00 -1.000000e+00 1.943908e-02 0.000000e+00 0.000000e+00 -1.000000e+00 4.081368e-02 -1.000000e+00 -9.990070e+05 4.081368e-02 2.734242e-01 6.171079e-01 -1.000000e+00 -1.000000e+00 0.000000e+00 -1.000000e+00 17 0.000000e+00 8.179828e-02
-1.000000e+00 -1.000000e+00 0.000000e+00 -1.000000e+00 -1.000000e+00 5.500000e+02 1.486779e-09 -1.000000e+00 0.000000e+00 -1.000000e+00 0.000000e+00 -1.000000e+00 -1.000000e+00 1.883274e-14 8.500000e+02 -1.000000e+00 0.000000e+00 -9.990070e+05 3.000000e+00 -1.000000e+00 -1.000000e+00 5.811646e-12 0.000000e+00 0.000000e+00 -1.000000e+00 7.353200e-10 -1.000000e+00 -9.990070e+05 7.353200e-10 2.684076e-07 2.668025e-05 -1.000000e+00 -1.000000e+00 0.000000e+00 -1.000000e+00 17 0.000000e+00 1.472707e-09
-1.000000e+00 -1.000000e+00 0.000000e+00 -1.000000e+00 -1.000000e+00 5.500000e+02 3.015890e-05 -1.000000e+00 0.000000e+00 -1.000000e+00 0.000000e+00 -1.000000e+00 -1.000000e+00 1.479537e-08 1.450000e+03 -1.000000e+00 0.000000e+00 -9.990070e+05 3.000000e+00 -1.000000e+00 -1.000000e+00 7.288619e-07 0.000000e+00 0.000000e+00 -1.000000e+00 6.367275e-04 -1.000000e+00 -9.990070e+05 6.367275e-04 8.988936e-04 1.526519e-02 -1.000000e+00 -1.000000e+00 0.000000e+00 -1.000000e+00 14 0.000000e+00 7.680324e-04
-1.000000e+00 -1.000000e+00 4.000000e+03 -1.000000e+00 -1.000000e+00 1.750000e+02 2.915448e-01 -1.000000e+00 1.000000e+00 -1.000000e+00 0.000000e+00 -1.000000e+00 -1.000000e+00 4.950665e-02 2.250000e+02 -1.000000e+00 1.000000e+00 -9.990070e+05 2.000000e+00 -1.000000e+00 -1.000000e+00 1.257577e-01 1.000000e+00 0.000000e+00 -1.000000e+00 5.000000e-01 -1.000000e+00 -9.990070e+05 5.000000e-01 5.683440e-01 8.470067e-01 -1.000000e+00 -1.000000e+00 0.000000e+00 -1.000000e+00 9 1.000000e+00 5.853241e-01
-1.000000e+00 -1.000000e+00 0.000000e+00 -1.000000e+00 -1.000000e+00 7.500000e+02 2.407871e-01 -1.000000e+00 0.000000e+00 -1.000000e+00 0.000000e+00 -1.000000e+00 -1.000000e+00 3.315613e-02 1.850000e+03 -1.000000e+00 0.000000e+00 -9.990070e+05 3.000000e+00 -1.000000e+00 -1.000000e+00 9.384714e-02 1.000000e+00 0.000000e+00 -1.000000e+00 5.000000e-01 -1.000000e+00 -9.990070e+05 5.000000e-01 5.126521e-01 8.144031e-01 -1.000000e+00 -1.000000e+00 0.000000e+00 -1.000000e+00 12 0.000000e+00 5.684360e-01
-1.000000e+00 -1.000000e+00 0.000000e+00 -1.000000e+00 -1.000000e+00 8.000000e+02 3.109814e-03 -1.000000e+00 0.000000e+00 -1.000000e+00 0.000000e+00 -1.000000e+00 -1.000000e+00 1.576076e-05 1.200000e+03 -1.000000e+00 0.000000e+00 -9.990070e+05 3.000000e+00 -1.000000e+00 -1.000000e+00 2.395194e-04 0.000000e+00 0.000000e+00 -1.000000e+00 1.544143e-03 -1.000000e+00 -9.990070e+05 1.544143e-03 2.994394e-02 1.733099e-01 -1.000000e+00 -1.000000e+00 0.000000e+00 -1.000000e+00 17 0.000000e+00 3.093571e-03
-1.000000e+00 -1.000000e+00 0.000000e+00 -1.000000e+00 -1.000000e+00 0.000000e+00 3.987254e-01 -1.000000e+00 0.000000e+00 -1.000000e+00 0.000000e+00 -1.000000e+00 -1.000000e+00 9.794462e-02 2.000000e+03 -1.000000e+00 0.000000e+00 -9.990070e+05 3.000000e+00 -1.000000e+00 -1.000000e+00 2.054699e-01 1.000000e+00 0.000000e+00 -1.000000e+00 5.000000e-01 -1.000000e+00 -9.990070e+05 5.000000e-01 6.680056e-01 8.965772e-01 -1.000000e+00 -1.000000e+00 0.000000e+00 -1.000000e+00 12 0.000000e+00 6.245025e-01
-1.000000e+00 -1.000000e+00 0.000000e+00 -1.000000e+00 -1.000000e+00 4.500000e+02 2.938015e-04 -1.000000e+00 0.000000e+00 -1.000000e+00 0.000000e+00 -1.000000e+00 -1.000000e+00 4.179754e-07 1.550000e+03 -1.000000e+00 0.000000e+00 -9.990070e+05 3.000000e+00 -1.000000e+00 -1.000000e+00 1.205250e-05 0.000000e+00 0.000000e+00 -1.000000e+00 4.609224e-03 -1.000000e+00 -9.990070e+05 4.609224e-03 5.214758e-03 5.376360e-02 -1.000000e+00 -1.000000e+00 0.000000e+00 -1.000000e+00 12 0.000000e+00 5.452187e-03
-1.000000e+00 -1.000000e+00 0.000000e+00 -1.000000e+00 -1.000000e+00 7.000000e+02 2.097178e-05 -1.000000e+00 0.000000e+00 -1.000000e+00 0.000000e+00 -1.000000e+00 -1.000000e+00 8.776664e-09 1.100000e+03 -1.000000e+00 0.000000e+00 -9.990070e+05 3.000000e+00 -1.000000e+00 -1.000000e+00 4.683123e-07 0.000000e+00 0.000000e+00 -1.000000e+00 1.040743e-05 -1.000000e+00 -9.990070e+05 1.040743e-05 6.755737e-04 1.237055e-02 -1.000000e+00 -1.000000e+00 0.000000e+00 -1.000000e+00 17 0.000000e+00 2.084280e-05
-1.000000e+00 -1.000000e+00 0.000000e+00 -1.000000e+00 -1.000000e+00 6.500000e+02 1.314702e-09 -1.000000e+00 0.000000e+00 -1.000000e+00 0.000000e+00 -1.000000e+00 -1.000000e+00 1.601817e-14 7.500000e+02 -1.000000e+00 0.000000e+00 -9.990070e+05 3.000000e+00 -1.000000e+00 -1.000000e+00 5.040334e-12 0.000000e+00 0.000000e+00 -1.000000e+00 1.026234e-09 -1.000000e+00 -9.990070e+05 1.026234e-09 2.419564e-07 2.451324e-05 -1.000000e+00 -1.000000e+00 0.000000e+00 -1.000000e+00 11 0.000000e+00 1.941069e-09
-1.000000e+00 -1.000000e+00 0.000000e+00 -1.000000e+00 -1.000000e+00 0.000000e+00 1.700607e-20 -1.000000e+00 0.000000e+00 -1.000000e+00 0.000000e+00 -1.000000e+00 -1.000000e+00 3.635837e-28 1.200000e+03 -1.000000e+00 0.000000e+00 -9.990070e+05 3.000000e+00 -1.000000e+00 -1.000000e+00 2.743589e-24 0.000000e+00 0.000000e+00 -1.000000e+00 6.858705e-18 -1.000000e+00 -9.990070e+05 6.858705e-18 7.342635e-17 1.712589e-13 -1.000000e+00 -1.000000e+00 0.000000e+00 -1.000000e+00 14 0.000000e+00 8.895839e-18
-1.000000e+00 -1.000000e+00 0.000000e+00 -1.000000e+00 -1.000000e+00 7.500000e+02 5.712056e-02 -1.000000e+00 0.000000e+00 -1.000000e+00 0.000000e+00 -1.000000e+00 -1.000000e+00 2.093365e-03 1.650000e+03 -1.000000e+00 0.000000e+00 -9.990070e+05 3.000000e+00 -1.000000e+00 -1.000000e+00 1.167092e-02 0.000000e+00 0.000000e+00 -1.000000e+00 2.140479e-01 -1.000000e+00 -9.990070e+05 2.140479e-01 2.180148e-01 5.514251e-01 -1.000000e+00 -1.000000e+00 0.000000e+00 -1.000000e+00 14 0.000000e+00 2.470298e-01
-1.000000e+00 -1.000000e+00 0.000000e+00 -1.000000e+00 -1.000000e+00 2.500000e+02 1.708155e-05 -1.000000e+00 0.000000e+00 -1.000000e+00 0.000000e+00 -1.000000e+00 -1.000000e+00 6.542578e-09 1.550000e+03 -1.000000e+00 0.000000e+00 -9.990070e+05 3.000000e+00 -1.000000e+00 -1.000000e+00 3.649958e-07 0.000000e+00 0.000000e+00 -1.000000e+00 4.453140e-04 -1.000000e+00 -9.990070e+05 4.453140e-04 5.746313e-04 1.097442e-02 -1.000000e+00 -1.000000e+00 0.000000e+00 -1.000000e+00 12 0.000000e+00 5.328533e-04
-1.000000e+00 -1.000000e+00 4.000000e+03 -1.000000e+00 -1.000000e+00 1.500000e+02 3.208938e-02 -1.000000e+00 1.000000e+00 -1.000000e+00 0.000000e+00 -1.000000e+00 -1.000000e+00 7.524141e-04 2.500000e+02 -1.000000e+00 1.000000e+00 -9.990070e+05 2.000000e+00 -1.000000e+00 -1.000000e+00 5.264783e-03 0.000000e+00 0.000000e+00 -1.000000e+00 1.665224e-02 -1.000000e+00 -9.990070e+05 1.665224e-02 1.503046e-01 4.533420e-01 -1.000000e+00 -1.000000e+00 0.000000e+00 -1.000000e+00 17 1.000000e+00 3.291315e-02
-1.000000e+00 -1.000000e+00 0.000000e+00 -1.000000e+00 -1.000000e+00 3.500000e+02 2.123045e-03 -1.000000e+00 0.000000e+00 -1.000000e+00 0.000000e+00 -1.000000e+00 -1.000000e+00 8.630983e-06 1.650000e+03 -1.000000e+00 0.000000e+00 -9.990070e+05 3.000000e+00 -1.000000e+00 -1.000000e+00 1.466066e-04 0.000000e+00 0.000000e+00 -1.000000e+00 2.239358e-02 -1.000000e+00 -9.990070e+05 2.239358e-02 2.271533e-02 1.450575e-01 -1.000000e+00 -1.000000e+00 0.000000e+00 -1.000000e+00 12 0.000000e+00 2.613798e-02
-1.000000e+00 -1.000000e+00 0.000000e+00 -1.000000e+00 -1.000000e+00 6.500000e+02 1.057387e-06 -1.000000e+00 0.000000e+00 -1.000000e+00 0.000000e+00 -1.000000e+00 -1.000000e+00 1.309479e-10 9.500000e+02 -1.000000e+00 0.000000e+00 -9.990070e+05 3.000000e+00 -1.000000e+00 -1.000000e+00 1.287911e-08 0.000000e+00 0.000000e+00 -1.000000e+00 5.232124e-07 -1.000000e+00 -9.990070e+05 5.232124e-07 6.191235e-05 2.030498e-03 -1.000000e+00 -1.000000e+00 0.000000e+00 -1.000000e+00 17 0.000000e+00 1.048143e-06
-1.000000e+00 -1.000000e+00 0.000000e+00 -1.000000e+00 -1.000000e+00 6.500000e+02 3.338212e-01 -1.000000e+00 0.000000e+00 -1.000000e+00 0.000000e+00 -1.000000e+00 -1.000000e+00 6.621139e-02 1.950000e+03 -1.000000e+00 0.000000e+00 -9.990070e+05 3.000000e+00 -1.000000e+00 -1.000000e+00 1.552018e-01 1.000000e+00 0.000000e+00 -1.000000e+00 5.000000e-01 -1.000000e+00 -9.990070e+05 5.000000e-01 6.101942e-01 8.690999e-01 -1.000000e+00 -1.000000e+00 0.000000e+00 -1.000000e+00 12 0.000000e+00 6.001757e-01
-1.000000e+00 -1.000000e+00 0.000000e+00 -1.000000e+00 -1.000000e+00 4.000000e+02 5.811598e-08 -1.000000e+00 0.000000e+00 -1.000000e+00 0.000000e+00 -1.000000e+00 -1.000000e+00 2.487987e-12 1.400000e+03 -1.000000e+00 0.000000e+00 -9.990070e+05 3.000000e+00 -1.000000e+00 -1.000000e+00 4.169448e-10 0.000000e+00 0.000000e+00 -1.000000e+00 2.828189e-06 -1.000000e+00 -9.990070e+05 2.828189e-06 5.744643e-06 3.151317e-04 -1.000000e+00 -1.000000e+00 0.000000e+00 -1.000000e+00 14 0.000000e+00 3.482563e-06
-1.000000e+00 -1.000000e+00 0.000000e+00 -1.000000e+00 -1.000000e+00 7.500000e+02 2.025631e-03 -1.000000e+00 0.000000e+00 -1.000000e+00 0.000000e+00 -1.000000e+00 -1.000000e+00 8.018217e-06 1.450000e+03 -1.000000e+00 0.000000e+00 -9.990070e+05 3.000000e+00 -1.000000e+00 -1.000000e+00 1.380436e-04 0.000000e+00 0.000000e+00 -1.000000e+00 4.733850e-02 -1.000000e+00 -9.990070e+05 4.733850e-02 2.195178e-02 1.418678e-01 -1.000000e+00 -1.000000e+00 0.000000e+00 -1.000000e+00 15 0.000000e+00 5.137122e-02
-1.000000e+00 -1.000000e+00 0.000000e+00 -1.000000e+00 -1.000000e+00 3.000000e+02 1.904909e-01 -1.000000e+00 0.000000e+00 -1.000000e+00 0.000000e+00 -1.000000e+00 -1.000000e+00 2.056844e-02 1.900000e+03 -1.000000e+00 0.000000e+00 -9.990070e+05 3.000000e+00 -1.000000e+00 -1.000000e+00 6.598100e-02 0.000000e+00 0.000000e+00 -1.000000e+00 4.808716e-01 -1.000000e+00 -9.990070e+05 4.808716e-01 4.500081e-01 7.727573e-01 -1.000000e+00 -1.000000e+00 0.000000e+00 -1.000000e+00 12 0.000000e+00 5.364627e-01
-1.000000e+00 -1.000000e+00 0.000000e+00 -1.000000e+00 -1.000000e+00 6.750000e+02 1.057757e-08 -1.000000e+00 0.000000e+00 -1.000000e+00 0.000000e+00 -1.000000e+00 -1.000000e+00 2.532768e-13 7.250000e+02 -1.000000e+00 0.000000e+00 -9.990070e+05 3.000000e+00 -1.000000e+00 -1.000000e+00 5.680139e-11 0.000000e+00 0.000000e+00 -1.000000e+00 2.785803e-07 -1.000000e+00 -9.990070e+05 2.785803e-07 1.393364e-06 1.014480e-04 -1.000000e+00 -1.000000e+00 0.000000e+00 -1.000000e+00 10 0.000000e+00 3.651549e-07
-1.000000e+00 -1.000000e+00 0.000000e+00 -1.000000e+00 -1.000000e+00 3.000000e+02 6.255088e-03 -1.000000e+00 0.000000e+00 -1.000000e+00 0.000000e+00 -1.000000e+00 -1.000000e+00 4.835759e-05 1.700000e+03 -1.000000e+00 0.000000e+00 -9.990070e+05 3.000000e+00 -1.000000e+00 -1.000000e+00 5.936992e-04 0.000000e+00 0.000000e+00 -1.000000e+00 5.069717e-02 -1.000000e+00 -9.990070e+05 5.069717e-02 4.926648e-02 2.368316e-01 -1.000000e+00 -1.000000e+00 0.000000e+00 -1.000000e+00 12 0.000000e+00 5.871438e-02
-1.000000e+00 -1.000000e+00 0.000000e+00 -1.000000e+00 -1.000000e+00 5.000000e+02 1.674936e-19 -1.000000e+00 0.000000e+00 -1.000000e+00 0.000000e+00 -1.000000e+00 -1.000000e+00 5.841208e-27 1.100000e+03 -1.000000e+00 0.000000e+00 -9.990070e+05 3.000000e+00 -1.000000e+00 -1.000000e+00 3.450427e-23 0.000000e+00 0.000000e+00 -1.000000e+00 1.116165e-15 -1.000000e+00 -9.990070e+05 1.116165e-15 5.666751e-16 1.036483e-12 -1.000000e+00 -1.000000e+00 0.000000e+00 -1.000000e+00 15 0.000000e+00 1.289740e-15
-1.000000e+00 -1.000000e+00 0.000000e+00 -1.000000e+00 -1.000000e+00 5.500000e+02 1.502329e-01 -1.000000e+00 0.000000e+00 -1.000000e+00 0.000000e+00 -1.000000e+00 -1.000000e+00 1.284596e-02 1.850000e+03 -1.000000e+00 0.000000e+00 -9.990070e+05 3.000000e+00 -1.000000e+00 -1.000000e+00 4.645235e-02 0.000000e+00 0.000000e+00 -1.000000e+00 4.213141e-01 -1.000000e+00 -9.990070e+05 4.213141e-01 3.927476e-01 7.292918e-01 -1.000000e+00 -1.000000e+00 0.000000e+00 -1.000000e+00 12 0.000000e+00 4.720368e-01
-1.000000e+00 -1.000000e+00 0.000000e+00 -1.000000e+00 -1.000000e+00 6.000000e+02 1.060435e-01 -1.000000e+00 0.000000e+00 -1.000000e+00 0.000000e+00 -1.000000e+00 -1.000000e+00 6.569607e-03 1.800000e+03 -1.000000e+00 0.000000e+00 -9.990070e+05 3.000000e+00 -1.000000e+00 -1.000000e+00 2.801839e-02 0.000000e+00 0.000000e+00 -1.000000e+00 3.443762e-01 -1.000000e+00 -9.990070e+05 3.443762e-01 3.195713e-01 6.645420e-01 -1.000000e+00 -1.000000e+00 0.000000e+00 -1.000000e+00 12 0.000000e+00 3.878338e-01
-1.000000e+00 -1.000000e+00 0.000000e+00 -1.000000e+00 -1.000000e+00 4.500000e+02 5.407829e-06 -1.000000e+00 0.000000e+00 -1.000000e+00 0.000000e+00 -1.000000e+00 -1.000000e+00 1.278929e-09 5.500000e+02 -1.000000e+00 0.000000e+00 -9.990070e+05 3.000000e+00 -1.000000e+00 -1.000000e+00 9.090250e-08 0.000000e+00 0.000000e+00 -1.000000e+00 3.990234e-05 -1.000000e+00 -9.990070e+05 3.990234e-05 2.304114e-04 5.538300e-03 -1.000000e+00 -1.000000e+00 0.000000e+00 -1.000000e+00 10 0.000000e+00 5.489735e-05
-1.000000e+00 -1.000000e+00 0.000000e+00 -1.000000e+00 -1.000000e+00 6.500000e+02 3.380073e-06 -1.000000e+00 0.000000e+00 -1.000000e+00 0.000000e+00 -1.000000e+00 -1.000000e+00 6.607313e-10 1.350000e+03 -1.000000e+00 0.000000e+00 -9.990070e+05 3.000000e+00 -1.000000e+00 -1.000000e+00 5.167683e-08 0.000000e+00 0.000000e+00 -1.000000e+00 4.364276e-04 -1.000000e+00 -9.990070e+05 4.364276e-04 1.581308e-04 4.164098e-03 -1.000000e+00 -1.000000e+00 0.000000e+00 -1.000000e+00 15 0.000000e+00 4.816060e-04
-1.000000e+00 -1.000000e+00 0.000000e+00 -1.000000e+00 -1.000000e+00 4.000000e+02 6.449399e-02 -1.000000e+00 0.000000e+00 -1.000000e+00 0.000000e+00 -1.000000e+00 -1.000000e+00 2.609267e-03 1.800000e+03 -1.000000e+00 0.000000e+00 -9.990070e+05 3.000000e+00 -1.000000e+00 -1.000000e+00 1.383233e-02 0.000000e+00 0.000000e+00 -1.000000e+00 2.542447e-01 -1.000000e+00 -9.990070e+05 2.542447e-01 2.353498e-01 5.731502e-01 -1.000000e+00 -1.000000e+00 0.000000e+00 -1.000000e+00 12 0.000000e+00 2.880973e-01
-1.000000e+00 -1.000000e+00 0.000000e+00 -1.000000e+00 -1.000000e+00 8.870000e+02 2.480315e-01 -1.000000e+00 0.000000e+00 -1.000000e+00 0.000000e+00 -1.000000e+00 -1.000000e+00 3.525671e-02 9.120000e+02 -1.000000e+00 0.000000e+00 -9.990070e+05 3.000000e+00 -1.000000e+00 -1.000000e+00 9.817064e-02 0.000000e+00 0.000000e+00 -1.000000e+00 3.876225e-01 -1.000000e+00 -9.990070e+05 3.876225e-01 5.210158e-01 8.195493e-01 -1.000000e+00 -1.000000e+00 0.000000e+00 -1.000000e+00 10 0.000000e+00 4.798812e-01
-1.000000e+00 -1.000000e+00 0.000000e+00 -1.000000e+00 -1.000000e+00 6.000000e+02 2.278519e-05 -1.000000e+00 0.000000e+00 -1.000000e+00 0.000000e+00 -1.000000e+00 -1.000000e+00 9.885520e-09 1.400000e+03 -1.000000e+00 0.000000e+00 -9.990070e+05 3.000000e+00 -1.000000e+00 -1.000000e+00 5.180115e-07 0.000000e+00 0.000000e+00 -1.000000e+00 1.943193e-03 -1.000000e+00 -9.990070e+05 1.943193e-03 7.211639e-04 1.298140e-02 -1.000000e+00 -1.000000e+00 0.000000e+00 -1.000000e+00 15 0.000000e+00 2.132464e-03
-1.000000e+00 -1.000000e+00 0.000000e+00 -1.000000e+00 -1.000000e+00 6.500000e+02 7.377709e-02 -1.000000e+00 0.000000e+00 -1.000000e+00 0.000000e+00 -1.000000e+00 -1.000000e+00 3.337760e-03 1.750000e+03 -1.000000e+00 0.000000e+00 -9.990070e+05 3.000000e+00 -1.000000e+00 -1.000000e+00 1.671412e-02 0.000000e+00 0.000000e+00 -1.000000e+00 2.759365e-01 -1.000000e+00 -9.990070e+05 2.759365e-01 2.559597e-01 5.975433e-01 -1.000000e+00 -1.000000e+00 0.000000e+00 -1.000000e+00 12 0.000000e+00 3.122963e-01
-1.000000e+00 -1.000000e+00 0.000000e+00 -1.000000e+00 -1.000000e+00 8.000000e+02 4.919439e-01 -1.000000e+00 0.000000e+00 -1.000000e+00 0.000000e+00 -1.000000e+00 -1.000000e+00 1.583494e-01 2.000000e+03 -1.000000e+00 0.000000e+00 -9.990070e+05 3.000000e+00 -1.000000e+00 -1.000000e+00 2.885533e-01 1.000000e+00 0.000000e+00 -1.000000e+00 5.000000e-01 -1.000000e+00 -9.990070e+05 5.000000e-01 7.402150e-01 9.264482e-01 -1.000000e+00 -1.000000e+00 0.000000e+00 -1.000000e+00 12 0.000000e+00 6.631053e-01
-1.000000e+00 -1.000000e+00 0.000000e+00 -1.000000e+00 -1.000000e+00 5.000000e+02 2.189926e-01 -1.000000e+00 0.000000e+00 -1.000000e+00 0.000000e+00 -1.000000e+00 -1.000000e+00 2.728162e-02 1.900000e+03 -1.000000e+00 0.000000e+00 -9.990070e+05 3.000000e+00 -1.000000e+00 -1.000000e+00 8.130788e-02 1.000000e+00 0.000000e+00 -1.000000e+00 5.000000e-01 -1.000000e+00 -9.990070e+05 5.000000e-01 4.865453e-01 7.977324e-01 -1.000000e+00 -1.000000e+00 0.000000e+00 -1.000000e+00 12 0.000000e+00 5.614800e-01
